#!ascii label  , from subject sub-v2s3x28799_ses-1 vox2ras=TkReg
652
54517  41.193  18.834  9.118 0.0000000000
75475  43.400  23.870  6.239 0.0000000000
54461  47.478  18.137  12.208 0.0000000000
53840  37.831  16.830  13.064 0.0000000000
53515  40.644  15.300  13.138 0.0000000000
55535  42.598  20.228  3.252 0.0000000000
56769  37.918  24.753  7.952 0.0000000000
66447  38.190  27.078  5.069 0.0000000000
53797  46.994  16.488  15.475 0.0000000000
52584  45.295  12.353  13.606 0.0000000000
55156  45.742  19.550  5.955 0.0000000000
76048  44.423  18.628  10.308 0.0000000000
55484  46.661  20.652  9.682 0.0000000000
55454  45.380  21.248  12.731 0.0000000000
74050  39.534  28.525  2.057 0.0000000000
56535  45.247  24.375  2.146 0.0000000000
53209  43.463  14.295  12.312 0.0000000000
54150  39.169  17.331  11.212 0.0000000000
80377  39.284  16.209  12.942 0.0000000000
53864  40.947  17.121  10.819 0.0000000000
82467  41.923  20.301  6.412 0.0000000000
54519  39.686  18.892  8.689 0.0000000000
57036  35.169  25.774  6.825 0.0000000000
53467  45.184  15.439  18.027 0.0000000000
52857  47.899  13.555  17.650 0.0000000000
52553  46.033  12.426  19.509 0.0000000000
57371  40.503  27.988  -4.078 0.0000000000
55861  45.245  21.311  6.050 0.0000000000
55493  46.300  20.213  7.035 0.0000000000
55843  44.655  22.586  7.862 0.0000000000
80202  41.004  22.325  11.676 0.0000000000
55479  44.130  21.767  11.820 0.0000000000
55456  43.143  21.187  12.970 0.0000000000
54751  43.776  19.337  14.206 0.0000000000
56509  41.546  25.266  5.346 0.0000000000
57049  42.524  25.969  3.133 0.0000000000
84309  43.295  24.123  4.259 0.0000000000
55878  45.295  21.761  3.687 0.0000000000
54474  47.027  18.323  10.908 0.0000000000
53848  43.986  16.463  11.719 0.0000000000
53836  45.755  16.333  12.718 0.0000000000
80440  39.267  14.671  15.188 0.0000000000
68988  40.328  13.677  14.905 0.0000000000
55586  43.524  21.275  -0.355 0.0000000000
71168  41.106  21.363  3.052 0.0000000000
56504  40.775  25.041  7.509 0.0000000000
56207  43.001  24.198  8.524 0.0000000000
58119  35.895  30.659  9.829 0.0000000000
57865  34.624  29.894  6.491 0.0000000000
57034  37.968  25.615  6.474 0.0000000000
54120  47.012  17.913  13.523 0.0000000000
83150  46.890  15.507  13.417 0.0000000000
53181  47.982  14.284  14.940 0.0000000000
52281  46.991  11.677  15.450 0.0000000000
54834  43.184  19.989  7.654 0.0000000000
54503  42.674  18.750  9.646 0.0000000000
73687  45.371  19.830  7.925 0.0000000000
54803  47.231  19.432  9.221 0.0000000000
55123  49.263  20.864  11.178 0.0000000000
67375  44.311  22.806  9.833 0.0000000000
66432  45.606  23.203  11.960 0.0000000000
55093  47.815  20.227  14.687 0.0000000000
54439  45.480  18.741  14.389 0.0000000000
54098  44.502  17.945  15.809 0.0000000000
58157  37.962  29.920  0.958 0.0000000000
57081  41.435  26.712  -0.673 0.0000000000
72945  42.567  26.531  0.848 0.0000000000
56572  45.427  24.101  -1.150 0.0000000000
74247  45.032  21.242  1.777 0.0000000000
55180  44.213  20.009  4.236 0.0000000000
53850  42.249  16.665  11.287 0.0000000000
53528  42.091  15.202  12.363 0.0000000000
52900  41.325  12.409  12.901 0.0000000000
52595  44.355  13.257  12.643 0.0000000000
54179  40.036  18.208  10.109 0.0000000000
54149  40.104  16.969  11.012 0.0000000000
54165  40.470  17.698  10.448 0.0000000000
54835  41.884  19.831  7.535 0.0000000000
54819  40.203  19.093  8.164 0.0000000000
54518  40.438  18.831  8.952 0.0000000000
54493  39.278  18.465  10.086 0.0000000000
53455  44.742  14.747  18.750 0.0000000000
53142  45.555  14.173  19.096 0.0000000000
53134  44.869  14.022  19.232 0.0000000000
65966  38.416  11.460  14.333 0.0000000000
56212  44.059  23.251  6.372 0.0000000000
55850  44.988  22.034  6.946 0.0000000000
77564  44.419  23.118  7.146 0.0000000000
55474  41.354  21.777  13.064 0.0000000000
55473  42.115  21.765  12.639 0.0000000000
79607  41.944  24.926  6.221 0.0000000000
56515  42.648  24.598  4.483 0.0000000000
56507  43.167  24.097  5.212 0.0000000000
56218  44.638  22.602  5.037 0.0000000000
54144  47.297  17.786  11.652 0.0000000000
54146  45.798  17.435  11.815 0.0000000000
54131  46.387  16.968  12.339 0.0000000000
53810  37.053  15.975  14.461 0.0000000000
53516  39.710  15.678  13.430 0.0000000000
53501  39.271  15.351  14.446 0.0000000000
53184  40.142  14.538  14.882 0.0000000000
68132  39.625  13.182  15.224 0.0000000000
52882  40.978  14.147  14.395 0.0000000000
55566  42.981  20.711  1.397 0.0000000000
55567  41.599  20.881  1.209 0.0000000000
55536  41.751  21.154  3.642 0.0000000000
54152  37.521  17.840  11.798 0.0000000000
54121  37.059  16.942  13.367 0.0000000000
56776  39.179  25.134  7.430 0.0000000000
56499  40.974  24.727  8.366 0.0000000000
56500  39.266  24.678  8.925 0.0000000000
56779  35.946  24.799  7.023 0.0000000000
72551  36.189  25.696  6.738 0.0000000000
56778  37.479  24.845  7.037 0.0000000000
66442  39.921  25.342  6.996 0.0000000000
71810  46.504  17.348  15.168 0.0000000000
53796  47.548  15.680  14.800 0.0000000000
53477  47.769  14.918  15.260 0.0000000000
52258  47.605  11.602  18.219 0.0000000000
52577  47.710  12.604  16.198 0.0000000000
51981  46.527  10.750  16.684 0.0000000000
55145  45.353  19.587  6.387 0.0000000000
54833  44.598  19.849  7.324 0.0000000000
81030  45.671  19.634  6.832 0.0000000000
55490  46.141  20.710  8.024 0.0000000000
55131  46.926  19.977  8.255 0.0000000000
55127  47.384  19.998  9.019 0.0000000000
54802  47.419  19.644  9.895 0.0000000000
68914  47.024  20.384  10.329 0.0000000000
56203  42.514  23.758  9.264 0.0000000000
56202  43.435  23.522  9.036 0.0000000000
77566  43.624  23.000  10.525 0.0000000000
55470  44.788  21.357  12.040 0.0000000000
55478  44.923  21.673  11.542 0.0000000000
55469  45.438  22.904  12.644 0.0000000000
67442  47.370  22.972  12.610 0.0000000000
55436  46.521  21.362  14.400 0.0000000000
54764  46.232  19.476  13.863 0.0000000000
55108  46.014  20.538  13.604 0.0000000000
54428  43.538  18.726  14.928 0.0000000000
54427  44.186  18.313  15.185 0.0000000000
57886  38.351  29.098  2.227 0.0000000000
57641  39.997  27.964  -0.122 0.0000000000
57342  40.708  27.692  0.436 0.0000000000
66446  36.508  26.847  4.745 0.0000000000
66450  37.075  28.478  4.874 0.0000000000
80759  39.038  27.473  4.464 0.0000000000
56797  43.910  25.335  2.517 0.0000000000
57055  42.554  26.439  2.324 0.0000000000
81327  44.032  26.042  1.014 0.0000000000
56830  43.954  25.190  -0.130 0.0000000000
56552  45.714  24.637  -0.103 0.0000000000
55914  46.377  23.103  -0.573 0.0000000000
55883  45.923  22.763  1.215 0.0000000000
55513  45.400  20.642  5.117 0.0000000000
55192  44.683  20.058  3.759 0.0000000000
83052  44.863  20.010  5.021 0.0000000000
55158  43.316  20.560  6.193 0.0000000000
54490  43.489  18.541  10.132 0.0000000000
54491  42.562  18.074  10.278 0.0000000000
54163  43.170  17.883  10.680 0.0000000000
53526  43.613  15.075  11.843 0.0000000000
53527  42.956  15.003  11.924 0.0000000000
53210  42.803  14.192  12.526 0.0000000000
52888  41.459  13.503  13.549 0.0000000000
52899  42.012  12.957  12.532 0.0000000000
53194  45.578  14.016  14.098 0.0000000000
53195  44.882  14.101  13.235 0.0000000000
52886  45.123  13.162  13.339 0.0000000000
54133  38.036  17.227  12.262 0.0000000000
53839  38.649  16.620  12.661 0.0000000000
53854  38.814  16.911  11.864 0.0000000000
53838  39.426  16.432  12.261 0.0000000000
74224  40.339  16.344  11.899 0.0000000000
55514  42.057  20.942  5.032 0.0000000000
54167  38.606  18.090  10.736 0.0000000000
53478  45.758  15.869  17.237 0.0000000000
53466  46.830  15.367  16.950 0.0000000000
53152  46.702  14.748  17.897 0.0000000000
52848  47.003  13.543  19.019 0.0000000000
55512  46.001  20.084  5.775 0.0000000000
55502  46.154  19.771  6.368 0.0000000000
55503  45.642  20.764  6.614 0.0000000000
55494  45.412  21.390  7.498 0.0000000000
77567  45.083  21.961  8.447 0.0000000000
55831  41.792  22.431  11.352 0.0000000000
78946  43.280  22.737  11.269 0.0000000000
55822  42.397  22.008  11.993 0.0000000000
55471  43.674  21.459  12.289 0.0000000000
55455  44.268  20.890  12.622 0.0000000000
55109  44.797  20.286  13.088 0.0000000000
55110  43.590  20.514  13.312 0.0000000000
55095  43.120  19.997  13.936 0.0000000000
54740  41.994  19.047  15.142 0.0000000000
57878  37.131  29.533  4.121 0.0000000000
70138  40.241  26.178  5.451 0.0000000000
57046  40.517  26.568  4.506 0.0000000000
56785  41.619  25.541  4.411 0.0000000000
56788  42.355  25.232  3.865 0.0000000000
56525  43.963  24.018  3.587 0.0000000000
74602  45.209  22.531  2.867 0.0000000000
56225  44.734  22.959  3.647 0.0000000000
55870  45.199  21.653  4.610 0.0000000000
54488  46.341  18.629  10.325 0.0000000000
54162  43.987  18.154  10.859 0.0000000000
54476  44.699  17.658  11.547 0.0000000000
53837  44.584  15.996  12.221 0.0000000000
53525  44.167  15.045  12.174 0.0000000000
65940  44.945  11.031  13.850 0.0000000000
52294  44.210  11.746  13.094 0.0000000000
78317  38.157  13.761  16.563 0.0000000000
53517  38.024  15.763  14.423 0.0000000000
53185  38.769  14.195  15.775 0.0000000000
78315  38.833  13.385  16.385 0.0000000000
74216  39.060  12.761  15.720 0.0000000000
77837  39.360  12.452  15.008 0.0000000000
65971  39.032  11.945  14.114 0.0000000000
55587  42.528  21.072  -0.578 0.0000000000
55568  40.749  21.721  1.773 0.0000000000
77563  42.389  24.672  7.133 0.0000000000
66439  43.165  24.321  7.666 0.0000000000
66440  41.755  24.920  7.852 0.0000000000
56488  41.135  24.370  9.053 0.0000000000
56205  40.698  23.955  9.592 0.0000000000
56197  40.257  23.504  10.299 0.0000000000
56182  39.827  23.059  11.002 0.0000000000
58131  34.344  30.697  7.432 0.0000000000
57594  35.039  28.736  6.667 0.0000000000
57306  36.337  27.259  5.636 0.0000000000
69076  37.853  26.559  5.737 0.0000000000
70429  39.617  25.933  6.222 0.0000000000
66443  41.168  25.309  6.201 0.0000000000
54448  47.294  17.362  12.786 0.0000000000
53834  47.537  16.286  12.790 0.0000000000
53822  47.740  16.067  13.296 0.0000000000
53182  47.394  14.516  14.590 0.0000000000
81873  46.594  13.142  14.956 0.0000000000
53168  47.954  14.262  15.829 0.0000000000
52578  47.211  12.845  15.367 0.0000000000
52286  46.402  11.412  14.539 0.0000000000
54818  42.457  19.578  8.411 0.0000000000
54516  42.018  19.127  9.163 0.0000000000
54807  42.821  19.348  9.067 0.0000000000
54806  43.548  19.209  9.387 0.0000000000
76041  44.484  19.052  9.639 0.0000000000
74988  46.195  19.792  7.048 0.0000000000
54816  46.527  19.862  8.138 0.0000000000
54501  46.734  19.107  9.362 0.0000000000
54487  47.208  18.943  9.901 0.0000000000
54486  47.380  18.967  10.523 0.0000000000
54785  49.016  19.637  11.888 0.0000000000
66438  43.876  23.621  8.066 0.0000000000
66437  44.249  22.904  8.884 0.0000000000
68070  45.128  22.218  10.043 0.0000000000
69029  44.074  22.530  11.422 0.0000000000
66436  44.951  22.068  11.058 0.0000000000
78696  46.297  21.343  10.693 0.0000000000
77735  47.734  22.472  11.402 0.0000000000
55468  48.782  20.836  12.689 0.0000000000
54775  47.483  19.321  13.146 0.0000000000
54449  46.811  18.713  13.295 0.0000000000
54438  46.400  18.630  14.148 0.0000000000
54111  45.953  18.150  14.890 0.0000000000
54750  44.978  19.443  13.750 0.0000000000
54426  44.985  18.231  15.048 0.0000000000
53798  45.977  17.028  16.026 0.0000000000
53784  45.339  16.552  16.706 0.0000000000
57642  39.593  28.629  -0.573 0.0000000000
84342  41.327  26.971  -2.441 0.0000000000
56846  42.420  25.396  -2.661 0.0000000000
57051  40.922  27.015  3.684 0.0000000000
57333  40.761  27.832  1.372 0.0000000000
57072  42.329  26.276  -0.022 0.0000000000
56839  43.275  24.981  -0.969 0.0000000000
56276  43.518  23.182  -1.750 0.0000000000
55923  44.617  22.934  -0.694 0.0000000000
55564  44.993  21.289  0.887 0.0000000000
55194  43.639  19.676  2.835 0.0000000000
72568  45.130  21.403  2.695 0.0000000000
55205  44.489  19.776  3.157 0.0000000000
55181  43.311  19.739  3.721 0.0000000000
55170  42.597  20.662  5.559 0.0000000000
55147  42.807  20.289  6.980 0.0000000000
54164  41.256  17.768  10.330 0.0000000000
81819  41.286  16.840  11.094 0.0000000000
53543  41.388  16.091  11.902 0.0000000000
53849  43.003  16.522  11.380 0.0000000000
53542  42.374  15.955  11.726 0.0000000000
53211  41.594  15.071  12.988 0.0000000000
53196  41.404  14.536  13.635 0.0000000000
77838  40.689  12.637  13.615 0.0000000000
81265  46.495  15.770  13.128 0.0000000000
53514  44.627  14.911  13.113 0.0000000000
52897  43.728  13.274  12.253 0.0000000000
52298  43.770  12.192  12.312 0.0000000000
52598  42.630  12.515  12.120 0.0000000000
52259  44.915  12.008  18.688 0.0000000000
78363  45.838  10.641  19.677 0.0000000000
54178  40.801  18.322  9.802 0.0000000000
75924  41.485  19.356  8.449 0.0000000000
82601  40.795  19.130  8.510 0.0000000000
67372  43.711  23.833  7.102 0.0000000000
77513  42.681  24.400  6.186 0.0000000000
56219  43.868  23.294  5.502 0.0000000000
54130  47.185  17.040  12.363 0.0000000000
53825  37.543  16.413  13.821 0.0000000000
53530  40.042  15.959  12.687 0.0000000000
53197  40.521  14.975  14.109 0.0000000000
55550  42.574  20.491  2.339 0.0000000000
54134  37.079  17.492  12.637 0.0000000000
53826  36.624  16.570  13.940 0.0000000000
56768  38.831  25.048  8.151 0.0000000000
56770  36.935  24.988  7.942 0.0000000000
56777  38.388  24.929  7.219 0.0000000000
51980  47.359  11.039  17.088 0.0000000000
55489  46.536  20.688  8.866 0.0000000000
56195  42.024  23.134  9.877 0.0000000000
56194  42.948  23.216  9.778 0.0000000000
55453  45.816  22.227  13.795 0.0000000000
55794  46.425  22.104  14.249 0.0000000000
54429  42.667  18.562  15.262 0.0000000000
57887  37.726  29.404  2.735 0.0000000000
58144  37.103  29.717  3.267 0.0000000000
57623  39.504  28.471  1.299 0.0000000000
72674  37.267  26.796  4.831 0.0000000000
66448  37.012  27.426  4.680 0.0000000000
56806  44.760  25.230  1.926 0.0000000000
56807  44.032  25.783  1.612 0.0000000000
56818  44.676  25.390  0.904 0.0000000000
56542  45.300  24.589  1.128 0.0000000000
56245  46.295  23.334  0.510 0.0000000000
76194  45.736  23.752  1.288 0.0000000000
55167  45.562  19.836  5.507 0.0000000000
55179  45.025  20.196  4.656 0.0000000000
55157  44.864  19.721  5.803 0.0000000000
81959  42.592  13.317  12.397 0.0000000000
52881  45.808  12.957  14.365 0.0000000000
53853  39.555  16.765  11.631 0.0000000000
83945  41.681  20.517  5.636 0.0000000000
54852  40.937  19.727  6.868 0.0000000000
54836  40.053  19.252  7.197 0.0000000000
54151  38.328  17.584  11.508 0.0000000000
81200  46.016  15.266  17.718 0.0000000000
52849  46.208  13.685  19.237 0.0000000000
53141  46.459  14.209  18.730 0.0000000000
52840  46.511  13.005  19.473 0.0000000000
52551  47.254  12.722  19.173 0.0000000000
83066  46.440  11.584  19.591 0.0000000000
57646  39.554  28.867  -1.539 0.0000000000
57653  39.336  28.444  -2.475 0.0000000000
55457  42.277  21.472  13.113 0.0000000000
55472  42.812  21.659  12.519 0.0000000000
55096  42.251  20.082  14.199 0.0000000000
54739  42.701  19.381  14.675 0.0000000000
57043  41.029  25.953  4.929 0.0000000000
56526  43.113  24.653  3.740 0.0000000000
74397  43.704  24.817  3.184 0.0000000000
56226  43.952  23.284  4.449 0.0000000000
81674  44.408  22.740  5.768 0.0000000000
76595  44.896  21.903  5.491 0.0000000000
54475  46.016  17.974  11.178 0.0000000000
54132  45.120  16.913  12.193 0.0000000000
67840  37.975  13.289  17.692 0.0000000000
53170  37.697  14.576  15.684 0.0000000000
53824  38.632  16.223  13.604 0.0000000000
53186  38.366  15.047  15.108 0.0000000000
65982  39.225  13.498  15.749 0.0000000000
67523  39.983  12.753  14.416 0.0000000000
55585  43.897  21.909  -0.949 0.0000000000
73599  43.260  21.180  -1.447 0.0000000000
55551  41.503  21.154  2.235 0.0000000000
70877  40.608  21.762  2.486 0.0000000000
55537  40.174  21.503  3.178 0.0000000000
66444  41.473  25.037  6.959 0.0000000000
56204  41.591  23.828  9.425 0.0000000000
56181  40.817  22.792  10.926 0.0000000000
58126  36.494  30.762  8.746 0.0000000000
58127  34.861  30.746  8.447 0.0000000000
57866  34.335  29.416  7.232 0.0000000000
57035  37.048  25.755  6.724 0.0000000000
57040  37.285  26.292  6.240 0.0000000000
69077  38.784  26.196  6.077 0.0000000000
70618  40.733  25.254  6.770 0.0000000000
54119  47.467  16.828  13.268 0.0000000000
53499  47.684  15.034  14.480 0.0000000000
52880  47.531  13.738  14.977 0.0000000000
53151  47.625  14.422  17.087 0.0000000000
80404  47.552  14.948  16.194 0.0000000000
52866  48.009  13.566  16.553 0.0000000000
52583  46.551  12.245  14.747 0.0000000000
51997  45.946  10.996  14.065 0.0000000000
51992  46.443  11.010  14.753 0.0000000000
54817  43.708  19.743  8.468 0.0000000000
75699  44.520  19.579  8.973 0.0000000000
55144  46.203  19.828  6.779 0.0000000000
55132  46.464  19.917  7.448 0.0000000000
54815  47.040  19.672  8.650 0.0000000000
54804  46.873  19.471  8.747 0.0000000000
54805  45.826  19.486  8.960 0.0000000000
55124  47.683  20.334  11.245 0.0000000000
54795  47.397  19.235  9.884 0.0000000000
54794  47.492  19.604  10.747 0.0000000000
54472  47.650  19.623  11.368 0.0000000000
54793  48.603  20.000  11.330 0.0000000000
69177  43.752  23.225  9.635 0.0000000000
81955  44.799  22.336  9.261 0.0000000000
68190  45.474  21.860  11.258 0.0000000000
77301  45.624  21.838  10.580 0.0000000000
69978  46.568  23.042  11.489 0.0000000000
66435  47.311  21.590  11.165 0.0000000000
55423  47.589  21.634  14.233 0.0000000000
77676  48.022  22.045  12.860 0.0000000000
55092  48.318  20.478  14.212 0.0000000000
54774  48.856  19.533  13.065 0.0000000000
54762  48.250  19.634  14.126 0.0000000000
54763  47.261  19.709  14.305 0.0000000000
54765  44.028  19.895  13.626 0.0000000000
54440  44.476  18.741  14.535 0.0000000000
54097  45.464  17.737  15.606 0.0000000000
54086  44.914  17.310  16.283 0.0000000000
58150  37.168  30.004  2.396 0.0000000000
58387  36.041  30.917  2.686 0.0000000000
58151  36.647  30.607  2.148 0.0000000000
57909  38.522  29.488  0.412 0.0000000000
57348  40.681  27.480  -0.686 0.0000000000
57354  41.006  27.196  -1.841 0.0000000000
57091  41.546  26.572  -1.880 0.0000000000
57090  42.100  26.089  -2.307 0.0000000000
57045  41.261  26.265  4.058 0.0000000000
57313  40.095  27.271  4.117 0.0000000000
82469  42.459  26.653  1.624 0.0000000000
57056  41.943  26.990  2.222 0.0000000000
57323  41.349  27.423  1.841 0.0000000000
57064  41.909  26.963  1.311 0.0000000000
57073  41.827  26.843  0.415 0.0000000000
56563  45.340  24.673  -0.654 0.0000000000
56564  44.239  24.467  -0.606 0.0000000000
56573  43.518  24.050  -1.314 0.0000000000
56275  45.108  23.621  -0.894 0.0000000000
55891  45.690  22.005  1.149 0.0000000000
55904  45.391  22.369  0.361 0.0000000000
55565  44.258  20.631  1.480 0.0000000000
55548  44.499  20.231  2.412 0.0000000000
55193  44.167  19.639  3.457 0.0000000000
55169  43.021  20.166  4.601 0.0000000000
55168  43.832  20.428  5.233 0.0000000000
55146  44.057  20.033  6.774 0.0000000000
54504  41.708  18.330  9.841 0.0000000000
54148  42.567  17.297  10.873 0.0000000000
53863  41.690  17.111  10.875 0.0000000000
53851  41.642  16.538  11.377 0.0000000000
54147  43.512  17.360  11.235 0.0000000000
52887  42.262  14.117  13.030 0.0000000000
67826  39.739  11.981  13.508 0.0000000000
53823  47.443  15.792  13.164 0.0000000000
53835  47.061  16.261  12.684 0.0000000000
53208  44.167  14.141  12.583 0.0000000000
68474  43.467  11.465  12.668 0.0000000000
54166  39.614  17.793  10.590 0.0000000000
75912  40.839  19.483  7.805 0.0000000000
54505  39.892  18.589  9.473 0.0000000000
79810  45.747  14.795  18.422 0.0000000000
52841  45.530  13.367  19.410 0.0000000000
56211  44.618  22.444  6.337 0.0000000000
55824  40.702  22.115  12.356 0.0000000000
55823  41.567  22.031  12.197 0.0000000000
56508  42.313  24.704  5.361 0.0000000000
54145  46.830  17.524  11.652 0.0000000000
53169  39.709  14.022  15.495 0.0000000000
55580  43.908  21.020  0.598 0.0000000000
55581  42.661  20.888  0.391 0.0000000000
82827  42.088  20.757  1.808 0.0000000000
53811  36.175  16.035  14.547 0.0000000000
56767  39.886  24.984  8.071 0.0000000000
80735  36.679  24.955  6.863 0.0000000000
56781  38.950  25.365  6.650 0.0000000000
54110  46.850  17.614  14.252 0.0000000000
53809  47.406  16.504  14.254 0.0000000000
73395  47.945  12.920  17.964 0.0000000000
71877  47.978  12.849  17.158 0.0000000000
52571  47.810  12.132  16.950 0.0000000000
52273  47.515  11.629  16.532 0.0000000000
51988  46.494  10.893  15.601 0.0000000000
80050  46.256  23.412  12.427 0.0000000000
79959  46.753  22.638  13.533 0.0000000000
69141  47.172  21.794  14.338 0.0000000000
55435  47.095  21.118  14.748 0.0000000000
55094  46.941  20.393  14.777 0.0000000000
74225  36.515  30.286  2.953 0.0000000000
57899  37.748  29.615  1.830 0.0000000000
57897  38.836  28.768  0.828 0.0000000000
57593  35.767  28.218  5.728 0.0000000000
66451  35.399  29.397  5.870 0.0000000000
70657  36.336  27.700  4.979 0.0000000000
57050  41.774  26.609  3.157 0.0000000000
56798  43.254  25.891  2.359 0.0000000000
57063  43.223  26.249  1.421 0.0000000000
57062  43.327  25.961  0.504 0.0000000000
56819  44.129  25.582  0.540 0.0000000000
56829  44.755  25.141  0.087 0.0000000000
56571  46.746  24.265  -1.282 0.0000000000
56273  47.258  23.702  -1.340 0.0000000000
56255  46.821  23.662  -0.545 0.0000000000
55903  46.237  22.865  0.390 0.0000000000
55884  45.468  22.141  1.982 0.0000000000
55521  45.245  20.707  4.201 0.0000000000
82058  43.952  15.533  11.773 0.0000000000
53541  43.353  15.689  11.644 0.0000000000
53193  46.363  14.586  14.311 0.0000000000
53513  45.631  15.131  13.847 0.0000000000
55522  42.394  20.710  4.163 0.0000000000
55159  40.873  19.891  5.836 0.0000000000
57030  34.324  25.619  7.220 0.0000000000
53783  46.443  16.234  16.424 0.0000000000
53140  47.393  14.050  18.264 0.0000000000
52847  47.663  13.264  18.539 0.0000000000
52557  47.657  12.446  18.510 0.0000000000
51966  47.328  11.052  18.756 0.0000000000
54851  45.965  19.600  5.973 0.0000000000
78568  45.549  21.577  9.049 0.0000000000
55837  41.629  22.834  10.560 0.0000000000
55836  42.541  22.844  10.684 0.0000000000
55830  42.701  22.470  11.467 0.0000000000
55821  43.293  22.097  11.818 0.0000000000
57877  37.698  29.175  3.614 0.0000000000
70481  38.825  26.761  5.326 0.0000000000
57047  39.692  26.779  4.902 0.0000000000
56789  41.872  25.904  3.719 0.0000000000
56784  42.090  25.070  4.694 0.0000000000
56787  43.157  25.353  3.163 0.0000000000
56524  44.442  24.643  2.763 0.0000000000
56233  44.921  23.708  2.950 0.0000000000
81982  44.890  22.444  4.292 0.0000000000
54489  45.085  18.388  10.776 0.0000000000
52293  45.092  11.689  13.607 0.0000000000
80299  44.603  11.373  13.511 0.0000000000
67362  38.628  13.225  17.395 0.0000000000
77930  38.736  12.564  16.741 0.0000000000
65975  38.826  11.879  15.354 0.0000000000
55582  41.523  21.104  0.152 0.0000000000
55523  41.421  21.151  4.455 0.0000000000
81248  43.098  24.279  6.892 0.0000000000
66441  42.524  24.637  8.029 0.0000000000
56208  41.979  24.474  8.703 0.0000000000
56196  41.153  23.333  10.131 0.0000000000
69702  34.129  30.470  6.946 0.0000000000
80633  34.357  30.376  8.100 0.0000000000
57305  36.857  26.597  5.421 0.0000000000
57299  35.873  26.740  6.812 0.0000000000
81989  36.146  27.131  6.494 0.0000000000
66445  39.431  26.380  5.584 0.0000000000
83679  40.891  25.684  5.645 0.0000000000
68434  40.408  25.591  6.206 0.0000000000
81275  47.422  16.738  12.733 0.0000000000
53512  47.620  15.660  13.854 0.0000000000
53500  47.143  15.263  13.925 0.0000000000
53183  46.504  13.840  14.657 0.0000000000
53487  47.315  15.667  15.871 0.0000000000
52874  47.815  13.597  15.547 0.0000000000
52292  45.971  11.792  14.035 0.0000000000
54832  46.014  19.627  6.325 0.0000000000
54502  45.477  18.863  9.887 0.0000000000
54473  47.375  18.636  11.383 0.0000000000
54460  47.799  19.342  12.105 0.0000000000
78695  46.025  21.439  9.771 0.0000000000
78393  44.393  22.595  10.612 0.0000000000
66434  48.624  21.519  11.201 0.0000000000
67470  47.943  22.499  11.828 0.0000000000
69197  48.837  21.466  11.861 0.0000000000
66430  49.265  20.882  11.487 0.0000000000
54773  49.296  19.857  12.267 0.0000000000
83240  46.481  19.192  13.820 0.0000000000
53773  44.753  16.080  17.424 0.0000000000
57652  40.027  28.191  -2.102 0.0000000000
57355  40.489  27.767  -1.664 0.0000000000
57360  41.036  27.364  -3.046 0.0000000000
57102  42.224  26.199  -3.493 0.0000000000
56850  42.287  25.174  -3.669 0.0000000000
56582  42.615  24.393  -3.090 0.0000000000
57606  38.383  28.915  3.154 0.0000000000
57615  39.821  28.176  2.764 0.0000000000
57614  40.126  28.241  1.796 0.0000000000
57341  41.237  27.235  0.098 0.0000000000
57080  41.953  25.960  -1.096 0.0000000000
56831  42.842  25.621  -0.470 0.0000000000
56840  42.558  25.503  -1.570 0.0000000000
56574  42.857  24.703  -2.003 0.0000000000
82470  43.124  23.723  -2.610 0.0000000000
56283  43.264  22.866  -3.289 0.0000000000
55930  43.454  22.227  -2.833 0.0000000000
55922  46.163  23.254  -1.121 0.0000000000
55915  45.064  22.660  -0.381 0.0000000000
55579  44.440  21.761  0.064 0.0000000000
55549  43.649  20.114  2.027 0.0000000000
56238  45.367  23.227  2.104 0.0000000000
55534  44.984  20.530  3.325 0.0000000000
84534  41.260  18.158  10.026 0.0000000000
54492  41.954  17.681  10.421 0.0000000000
53852  40.947  16.624  11.328 0.0000000000
53529  40.985  15.683  12.492 0.0000000000
78072  40.796  13.390  14.279 0.0000000000
53524  45.052  15.617  13.012 0.0000000000
52898  43.126  13.247  12.183 0.0000000000
52589  44.454  12.473  12.953 0.0000000000
52596  43.959  12.697  12.242 0.0000000000
68199  43.063  12.004  12.110 0.0000000000
52597  43.423  12.583  12.039 0.0000000000
52850  44.578  13.308  19.040 0.0000000000
52554  45.285  12.650  19.297 0.0000000000
67420  45.631  10.952  19.566 0.0000000000
70498  45.738  11.729  19.311 0.0000000000
52253  47.307  11.811  19.047 0.0000000000
52268  47.679  11.517  17.354 0.0000000000
52274  47.039  11.176  16.233 0.0000000000
52552  46.765  12.094  19.485 0.0000000000
52563  47.794  12.235  17.674 0.0000000000
54749  48.490  19.792  13.997 0.0000000000
55107  48.883  19.982  13.153 0.0000000000
55116  49.345  20.467  12.052 0.0000000000
55119  49.260  20.479  11.482 0.0000000000
55122  49.252  20.757  11.533 0.0000000000
55433  47.941  21.456  13.901 0.0000000000
55434  47.682  21.089  14.550 0.0000000000
55451  48.128  21.529  13.381 0.0000000000
55452  48.395  20.947  13.476 0.0000000000
55804  48.386  21.409  12.889 0.0000000000
56265  47.231  23.972  -1.203 0.0000000000
56266  47.098  23.638  -1.306 0.0000000000
56274  46.781  23.898  -1.569 0.0000000000
56541  46.265  24.063  0.291 0.0000000000
56551  46.835  24.231  -0.766 0.0000000000
57037  34.320  26.523  7.207 0.0000000000
57103  41.616  26.779  -3.062 0.0000000000
57316  41.243  27.328  2.796 0.0000000000
57332  41.350  27.389  0.916 0.0000000000
57361  40.470  27.654  -2.671 0.0000000000
57370  40.993  27.433  -4.041 0.0000000000
57600  38.020  27.700  4.713 0.0000000000
57616  39.056  28.694  2.609 0.0000000000
57624  38.942  28.797  1.739 0.0000000000
57632  40.136  28.164  0.882 0.0000000000
57633  39.433  28.415  0.365 0.0000000000
57645  40.127  28.237  -1.113 0.0000000000
57898  38.361  29.249  1.332 0.0000000000
57908  39.022  29.002  -0.088 0.0000000000
66431  45.904  22.977  13.522 0.0000000000
66433  49.156  21.076  11.214 0.0000000000
67725  47.534  22.175  13.662 0.0000000000
67903  48.249  21.604  11.226 0.0000000000
74373  41.892  20.890  2.906 0.0000000000
77362  47.209  23.181  11.808 0.0000000000
82446  42.523  21.122  -1.388 0.0000000000
