#!ascii label  , from subject sub-v2s3x28805_ses-1 vox2ras=TkReg
1230
65221  -17.382  -1.528  -16.427 0.5555555820
66092  -17.934  -0.835  -16.862 0.6666666865
67033  -18.371  0.369  -17.525 0.7777777910
67049  -18.827  0.951  -17.808 0.7777777910
69000  -18.932  2.249  -18.415 0.8888888955
69016  -21.715  2.503  -19.336 0.8888888955
64264  -16.386  -2.432  -15.527 0.5555555820
65220  -16.466  -1.422  -16.291 0.5555555820
66105  -17.073  -0.339  -17.246 0.6666666865
67032  -16.693  0.376  -17.709 0.8888888955
68011  -19.275  1.493  -18.132 0.8888888955
69984  -19.566  2.861  -18.652 0.8888888955
70920  -21.342  4.079  -19.541 1.0000000000
70013  -22.527  2.916  -20.196 0.8888888955
70938  -23.195  3.888  -20.961 1.0000000000
66089  -15.659  -0.419  -16.733 0.7777777910
68008  -16.173  1.582  -18.538 1.0000000000
69013  -16.479  2.877  -19.345 1.0000000000
69999  -17.952  3.233  -19.209 1.0000000000
70918  -19.578  4.454  -19.385 1.0000000000
136493  -17.453  3.414  -19.555 1.0000000000
71878  -21.079  5.064  -19.774 1.0000000000
71876  -18.885  5.099  -19.703 1.0000000000
71877  -19.899  5.308  -19.715 1.0000000000
71891  -21.934  5.645  -20.225 1.0000000000
71892  -23.244  4.880  -21.218 1.0000000000
71902  -22.784  5.755  -20.798 1.0000000000
71913  -23.571  5.894  -22.519 1.0000000000
72878  -23.324  6.646  -23.167 1.0000000000
72889  -23.572  6.423  -23.988 0.7777777910
69997  -16.209  3.596  -19.706 0.8888888955
69998  -16.959  3.584  -19.851 1.0000000000
133278  -20.644  6.030  -20.037 1.0000000000
70916  -17.229  4.444  -20.213 1.0000000000
71890  -19.579  6.039  -20.000 1.0000000000
73853  -22.484  7.367  -20.941 1.0000000000
73859  -23.024  7.281  -21.602 1.0000000000
73860  -23.225  7.256  -22.476 1.0000000000
126683  -23.230  6.904  -24.052 1.0000000000
72896  -23.521  6.847  -24.800 0.8888888955
123872  -23.788  7.654  -25.142 1.0000000000
73882  -24.128  7.128  -25.537 0.7777777910
131212  -25.845  7.647  -26.749 0.7777777910
71875  -15.451  5.287  -20.170 0.5555555820
73849  -17.969  8.000  -20.612 0.7777777910
72854  -17.934  7.203  -20.528 0.8888888955
73852  -21.599  7.392  -20.497 1.0000000000
72856  -20.649  6.953  -20.255 1.0000000000
73851  -20.506  7.772  -20.340 0.8888888955
74794  -22.138  8.302  -20.741 1.0000000000
74800  -22.851  8.028  -21.321 1.0000000000
74813  -23.500  8.209  -23.546 1.0000000000
120411  -24.102  8.652  -25.350 1.0000000000
123698  -24.502  8.854  -26.108 0.8888888955
75774  -25.654  9.371  -28.002 0.7777777910
74843  -27.128  8.747  -28.024 0.6666666865
74844  -27.063  9.200  -28.488 0.6666666865
73845  -15.383  7.858  -20.569 0.4444444478
73847  -16.800  7.696  -20.593 0.7777777910
119449  -16.672  8.531  -20.553 0.6666666865
75736  -20.219  9.395  -20.163 0.7777777910
75737  -21.353  9.078  -20.426 0.8888888955
75738  -22.339  9.228  -20.824 0.8888888955
74801  -23.296  8.609  -21.815 1.0000000000
76647  -23.178  10.051  -21.844 1.0000000000
75753  -23.714  9.281  -23.682 1.0000000000
75759  -24.010  9.239  -24.570 1.0000000000
75766  -24.738  9.871  -25.882 0.8888888955
133244  -25.254  10.416  -26.588 0.7777777910
75781  -27.296  9.156  -28.161 0.5555555820
76681  -25.869  10.097  -28.855 0.7777777910
76682  -26.866  10.549  -28.957 0.6666666865
75735  -17.763  9.438  -20.450 0.6666666865
114407  -16.863  9.061  -20.520 0.6666666865
114919  -19.014  9.653  -20.156 0.7777777910
128492  -21.953  9.905  -20.556 0.8888888955
76646  -22.706  10.712  -21.552 1.0000000000
76653  -23.159  10.783  -22.528 1.0000000000
76659  -23.562  10.340  -23.487 1.0000000000
76665  -24.090  10.044  -24.312 0.8888888955
77532  -24.828  11.324  -26.112 0.8888888955
77538  -25.460  11.136  -26.886 0.8888888955
76676  -25.340  9.983  -27.873 0.7777777910
77537  -24.751  11.698  -26.946 0.7777777910
77545  -25.497  11.327  -29.327 0.7777777910
127119  -26.128  10.982  -29.485 0.7777777910
77554  -26.434  11.521  -29.407 0.6666666865
113246  -17.257  9.906  -20.477 0.6666666865
74788  -16.297  9.183  -20.548 0.5555555820
113178  -18.303  10.114  -20.179 0.7777777910
76639  -20.480  10.339  -19.997 0.8888888955
76645  -22.169  11.388  -21.040 0.8888888955
77514  -22.663  11.631  -22.922 1.0000000000
113673  -22.637  11.332  -22.006 1.0000000000
114643  -24.384  11.285  -25.301 1.0000000000
77525  -23.715  10.866  -24.315 0.8888888955
78413  -24.619  12.101  -28.361 0.7777777910
78429  -24.785  12.869  -30.439 0.7777777910
78430  -25.972  12.635  -30.078 0.6666666865
79401  -26.403  13.125  -28.632 0.5555555820
78414  -26.687  12.327  -28.434 0.5555555820
77493  -17.768  10.553  -20.151 0.6666666865
113130  -20.512  11.147  -19.833 0.8888888955
77513  -22.228  11.936  -22.062 1.0000000000
78373  -22.130  12.277  -22.847 1.0000000000
78396  -22.428  12.203  -25.473 0.8888888955
136269  -23.459  11.837  -25.525 0.8888888955
119085  -22.400  12.630  -26.405 0.8888888955
77531  -24.159  11.835  -26.114 0.8888888955
78421  -24.060  12.675  -29.739 0.7777777910
78428  -23.543  13.484  -30.541 0.7777777910
79420  -24.034  13.714  -30.685 0.7777777910
79410  -25.379  13.402  -30.036 0.5555555820
79408  -21.721  13.301  -29.176 0.7777777910
80430  -23.651  13.988  -30.892 0.5555555820
79399  -24.878  13.926  -29.284 0.5555555820
80429  -23.160  14.078  -30.843 0.6666666865
128594  -14.947  11.529  -20.662 0.4444444478
78345  -17.866  11.495  -19.789 0.5555555820
78347  -20.366  12.658  -19.653 0.7777777910
78360  -21.505  12.620  -21.127 1.0000000000
78359  -21.234  12.699  -20.171 0.8888888955
78381  -21.648  12.710  -23.293 1.0000000000
78389  -21.629  12.683  -24.224 0.8888888955
78395  -21.641  12.624  -25.115 0.8888888955
115605  -21.724  12.801  -26.077 0.8888888955
78411  -22.490  12.869  -28.521 0.8888888955
78427  -22.679  13.784  -30.625 0.6666666865
80410  -23.219  14.473  -28.511 0.5555555820
80335  -19.620  14.802  -20.670 0.6666666865
119359  -20.114  13.562  -19.793 0.6666666865
79333  -20.255  14.424  -21.169 0.7777777910
79363  -21.143  13.236  -23.776 0.8888888955
79348  -20.772  13.753  -23.144 0.7777777910
79362  -20.607  13.900  -24.178 0.7777777910
79371  -21.097  13.218  -24.694 0.8888888955
79370  -20.578  13.776  -25.198 0.7777777910
79378  -20.487  13.677  -26.217 0.7777777910
79389  -21.120  13.339  -26.799 0.7777777910
79398  -21.025  13.468  -28.274 0.6666666865
80398  -19.833  14.003  -26.754 0.6666666865
79397  -20.378  13.823  -28.724 0.6666666865
79407  -20.957  13.727  -29.414 0.6666666865
118851  -21.888  13.707  -30.050 0.5555555820
80417  -19.815  14.704  -28.394 0.6666666865
80418  -20.380  14.346  -28.885 0.5555555820
81402  -20.966  14.463  -29.123 0.5555555820
80409  -22.389  14.486  -28.792 0.4444444478
81390  -20.410  15.028  -28.639 0.5555555820
81315  -17.357  16.041  -19.952 0.3333333433
81316  -18.138  15.559  -20.174 0.3333333433
81317  -19.039  15.446  -20.604 0.5555555820
81331  -19.441  15.570  -21.249 0.5555555820
80347  -19.935  14.917  -21.701 0.7777777910
125487  -20.140  14.500  -24.097 0.7777777910
120006  -19.543  15.501  -23.762 0.6666666865
80378  -20.109  14.377  -24.841 0.6666666865
80377  -19.720  14.924  -24.403 0.6666666865
80389  -19.963  14.149  -25.753 0.6666666865
122957  -19.413  14.397  -26.301 0.6666666865
80407  -18.873  14.973  -27.276 0.6666666865
80416  -19.135  15.192  -27.847 0.6666666865
80428  -20.115  14.786  -28.614 0.5555555820
82337  -19.448  16.391  -28.012 0.5555555820
82354  -19.002  15.891  -28.386 0.6666666865
82267  -17.955  16.367  -20.196 0.4444444478
81314  -16.410  16.011  -20.090 0.4444444478
81330  -18.793  16.239  -20.802 0.4444444478
82275  -18.120  16.997  -20.536 0.5555555820
82277  -19.383  16.319  -21.791 0.5555555820
82286  -19.540  16.136  -22.894 0.6666666865
81356  -19.841  15.407  -23.081 0.6666666865
80388  -19.439  14.794  -25.427 0.6666666865
133087  -18.847  15.493  -25.641 0.6666666865
81376  -18.521  15.559  -26.467 0.6666666865
82347  -17.915  16.323  -28.239 0.6666666865
114723  -18.233  16.591  -28.347 0.5555555820
83185  -18.640  16.678  -28.285 0.6666666865
83133  -18.198  17.715  -21.123 0.4444444478
83143  -19.298  16.830  -23.123 0.6666666865
82294  -18.842  16.848  -24.187 0.6666666865
82304  -19.235  15.533  -24.663 0.6666666865
82295  -19.160  16.259  -23.878 0.6666666865
81388  -17.744  15.975  -27.577 0.6666666865
68010  -18.405  1.601  -18.228 0.8888888955
67047  -16.379  0.970  -18.138 1.0000000000
68999  -17.914  2.389  -18.718 1.0000000000
134137  -19.121  3.345  -18.869 1.0000000000
70936  -22.008  4.577  -19.966 1.0000000000
115360  -15.525  8.592  -20.606 0.5555555820
76666  -24.509  10.559  -25.049 0.8888888955
113247  -16.402  10.008  -20.590 0.5555555820
128278  -15.408  11.795  -20.611 0.5555555820
125888  -19.938  11.548  -19.703 0.7777777910
78412  -23.493  12.577  -28.412 0.8888888955
77489  -14.477  11.811  -20.634 0.2222222239
79418  -22.576  13.718  -30.258 0.6666666865
80419  -21.727  14.178  -29.787 0.4444444478
82285  -19.247  16.994  -22.370 0.6666666865
83142  -19.109  17.645  -22.969 0.6666666865
74787  -15.844  8.997  -20.588 0.4444444478
75732  -15.766  9.613  -20.598 0.4444444478
83178  -19.144  17.344  -27.661 0.5555555820
83179  -19.862  16.965  -27.183 0.5555555820
82266  -15.793  16.670  -20.410 0.2222222239
121324  -17.187  16.762  -20.158 0.3333333433
64265  -17.731  -2.936  -15.784 0.5555555820
64273  -17.684  -2.231  -16.141 0.5555555820
125663  -18.661  -0.334  -17.258 0.5555555820
66107  -19.535  -0.569  -17.378 0.5555555820
68013  -21.444  1.814  -18.929 0.7777777910
63356  -16.779  -3.151  -15.376 0.5555555820
67034  -19.191  0.232  -17.569 0.6666666865
67050  -19.660  0.812  -17.882 0.6666666865
68012  -20.647  1.498  -18.464 0.8888888955
69017  -22.428  2.199  -19.871 0.7777777910
70014  -23.122  2.769  -20.823 0.7777777910
70950  -23.718  3.885  -21.680 0.8888888955
64250  -15.794  -2.830  -14.851 0.4444444478
66078  -15.357  -0.946  -15.940 0.5555555820
67022  -15.231  0.255  -16.853 0.2222222239
67030  -15.461  0.709  -17.533 0.6666666865
71914  -24.078  5.331  -22.977 0.8888888955
71927  -24.759  5.874  -24.685 0.6666666865
72903  -24.828  6.732  -25.645 0.7777777910
72904  -25.887  6.593  -25.895 0.6666666865
135382  -15.656  2.408  -18.729 0.5555555820
73903  -26.740  7.728  -27.053 0.6666666865
69995  -14.817  4.049  -18.872 0.4444444478
130965  -27.099  8.236  -27.423 0.5555555820
76677  -27.362  10.590  -26.807 0.5555555820
71873  -13.897  5.710  -18.828 0.2222222239
77548  -27.285  11.030  -27.809 0.5555555820
73844  -14.967  8.499  -20.623 0.4444444478
77539  -26.996  12.103  -27.201 0.5555555820
75724  -13.227  9.460  -20.134 0.3333333433
79392  -26.553  12.967  -27.308 0.5555555820
77491  -15.662  10.808  -20.625 0.4444444478
79380  -25.225  13.865  -26.516 0.4444444478
80411  -24.234  14.335  -28.190 0.5555555820
80399  -22.617  14.959  -27.472 0.4444444478
122752  -16.910  15.324  -19.829 0.3333333433
80332  -16.217  14.500  -19.956 0.3333333433
80333  -17.559  14.637  -19.833 0.4444444478
81391  -21.072  15.218  -27.994 0.4444444478
82338  -20.356  15.933  -27.653 0.4444444478
83172  -19.481  17.907  -26.775 0.2222222239
83124  -16.663  17.401  -20.440 0.3333333433
83134  -18.820  17.764  -22.010 0.6666666865
83149  -18.813  17.544  -23.871 0.6666666865
82303  -18.733  16.334  -24.917 0.6666666865
83164  -18.271  16.946  -25.577 0.6666666865
83163  -17.806  17.467  -26.213 0.6666666865
83175  -17.372  17.853  -27.263 0.6666666865
82335  -17.571  17.096  -27.631 0.6666666865
83183  -17.934  17.403  -28.072 0.6666666865
83177  -18.444  17.719  -27.843 0.4444444478
84006  -18.862  18.335  -27.255 0.3333333433
83975  -18.642  18.451  -22.552 0.5555555820
132806  -16.238  -1.891  -15.783 0.5555555820
66091  -17.062  -0.962  -16.688 0.6666666865
64272  -16.852  -2.035  -16.018 0.5555555820
65231  -18.962  -1.100  -16.903 0.6666666865
66106  -17.932  -0.132  -17.262 0.7777777910
127926  -17.544  0.368  -17.597 0.7777777910
125141  -17.978  0.980  -17.886 0.8888888955
123398  -18.684  2.991  -18.800 1.0000000000
68009  -17.495  1.543  -18.392 1.0000000000
70002  -21.171  3.296  -19.188 1.0000000000
69015  -21.086  2.679  -18.898 0.8888888955
69985  -20.515  2.363  -18.623 0.8888888955
118813  -17.060  -2.582  -15.804 0.5555555820
64263  -15.711  -2.065  -15.331 0.4444444478
65208  -15.765  -1.511  -15.843 0.5555555820
65219  -15.856  -1.065  -16.365 0.6666666865
66090  -16.376  -0.733  -16.764 0.6666666865
66104  -16.196  -0.127  -17.353 0.8888888955
67048  -17.125  0.904  -18.081 0.8888888955
69001  -19.823  1.974  -18.370 0.8888888955
70001  -20.403  3.177  -18.858 1.0000000000
70921  -22.104  3.761  -19.872 1.0000000000
70919  -20.434  3.912  -19.204 1.0000000000
121527  -20.481  4.584  -19.493 1.0000000000
70937  -22.602  3.841  -20.353 1.0000000000
131267  -22.670  4.819  -20.545 1.0000000000
66088  -15.047  -0.208  -16.068 0.5555555820
67031  -15.990  0.513  -17.743 0.8888888955
123708  -16.766  1.402  -18.433 1.0000000000
117152  -16.049  2.263  -18.880 0.8888888955
69014  -17.210  2.901  -19.341 1.0000000000
70000  -18.693  3.684  -19.192 1.0000000000
121296  -18.671  4.368  -19.519 1.0000000000
70917  -18.020  4.830  -19.977 1.0000000000
121884  -19.018  5.747  -19.922 1.0000000000
70957  -23.756  4.887  -22.134 0.8888888955
71903  -23.293  5.794  -21.554 1.0000000000
72858  -22.258  6.559  -20.616 1.0000000000
72857  -21.478  6.524  -20.320 1.0000000000
72868  -23.290  6.594  -22.001 1.0000000000
71920  -23.693  6.004  -23.309 0.8888888955
72890  -23.923  6.284  -24.565 0.7777777910
70915  -16.550  4.262  -20.173 1.0000000000
70914  -15.888  4.290  -19.968 0.5555555820
68997  -15.758  2.942  -19.122 0.6666666865
69983  -15.186  3.360  -18.814 0.5555555820
71889  -18.257  5.659  -20.188 1.0000000000
71888  -17.395  5.420  -20.449 0.8888888955
72855  -19.685  6.696  -20.156 1.0000000000
123870  -23.412  8.018  -22.605 1.0000000000
73873  -23.388  7.439  -24.318 1.0000000000
74827  -24.407  7.954  -25.990 0.8888888955
73901  -25.177  8.052  -26.666 0.7777777910
113475  -15.178  4.627  -19.623 0.5555555820
71886  -15.948  5.939  -20.580 0.6666666865
70934  -16.145  4.961  -20.400 0.7777777910
71887  -16.679  5.704  -20.611 0.7777777910
120193  -17.238  7.070  -20.595 0.7777777910
74790  -18.186  8.550  -20.546 0.6666666865
73850  -18.813  7.413  -20.382 0.8888888955
120296  -19.299  8.108  -20.400 0.8888888955
72853  -17.732  6.342  -20.493 0.8888888955
122293  -19.799  7.381  -20.276 1.0000000000
74793  -21.213  8.230  -20.445 0.8888888955
135765  -22.742  8.705  -21.188 1.0000000000
134212  -24.364  9.173  -25.660 0.8888888955
75773  -25.155  9.343  -26.904 0.8888888955
74837  -25.472  8.704  -27.209 0.7777777910
74841  -26.068  8.888  -27.931 0.7777777910
75782  -26.528  10.004  -29.024 0.6666666865
75775  -27.369  9.560  -26.896 0.5555555820
76686  -27.041  9.682  -28.692 0.6666666865
73846  -16.107  7.987  -20.592 0.5555555820
73840  -14.295  7.195  -19.992 0.3333333433
72850  -14.984  7.027  -20.354 0.3333333433
72851  -15.718  6.967  -20.556 0.4444444478
72852  -16.549  6.816  -20.626 0.6666666865
114405  -18.201  9.071  -20.468 0.6666666865
74791  -19.183  8.898  -20.338 0.7777777910
117112  -22.616  9.988  -21.122 0.8888888955
75744  -23.405  9.359  -22.045 1.0000000000
136533  -25.823  10.691  -29.205 0.7777777910
77547  -26.905  11.484  -28.460 0.5555555820
76640  -21.650  10.600  -20.368 0.8888888955
77520  -23.236  11.066  -23.402 1.0000000000
78422  -25.000  12.183  -29.827 0.7777777910
77557  -26.046  11.967  -30.061 0.7777777910
78423  -26.319  12.469  -29.547 0.6666666865
74786  -15.198  9.154  -20.653 0.4444444478
77496  -21.369  11.281  -20.142 0.8888888955
77530  -23.075  11.582  -24.853 0.8888888955
78406  -23.944  12.288  -27.074 0.7777777910
79421  -24.973  13.156  -30.526 0.6666666865
79400  -25.739  13.569  -28.854 0.5555555820
79391  -25.900  13.496  -27.503 0.5555555820
77492  -16.760  10.735  -20.395 0.5555555820
124818  -19.201  11.917  -19.652 0.6666666865
77506  -21.616  12.044  -20.508 0.8888888955
78390  -22.261  12.134  -24.579 1.0000000000
78420  -22.722  13.148  -29.845 0.8888888955
79409  -24.441  13.672  -30.421 0.6666666865
78404  -21.898  13.006  -27.471 0.8888888955
78344  -16.574  11.617  -20.240 0.5555555820
79326  -20.780  13.405  -20.239 0.7777777910
78346  -18.895  12.883  -19.634 0.7777777910
79349  -21.225  13.182  -22.791 0.7777777910
80400  -23.553  14.626  -27.132 0.5555555820
124639  -18.246  14.065  -19.718 0.5555555820
134446  -18.636  13.600  -19.639 0.5555555820
80334  -18.762  14.814  -20.179 0.4444444478
79325  -20.237  14.077  -20.386 0.6666666865
128469  -17.421  12.310  -19.775 0.7777777910
79323  -17.740  13.184  -19.721 0.6666666865
80354  -20.450  14.246  -22.263 0.7777777910
120785  -20.876  13.607  -22.282 0.7777777910
79379  -21.111  13.228  -25.632 0.7777777910
79388  -20.425  13.705  -27.441 0.6666666865
80397  -19.294  14.355  -27.048 0.6666666865
79387  -19.873  14.034  -27.830 0.6666666865
79406  -20.557  13.942  -29.218 0.5555555820
79417  -21.133  13.971  -29.624 0.5555555820
81392  -21.762  14.780  -28.391 0.4444444478
82350  -20.046  15.547  -28.059 0.5555555820
81343  -19.754  15.547  -22.246 0.6666666865
80365  -19.968  14.933  -23.613 0.7777777910
81389  -18.298  15.638  -27.732 0.6666666865
82348  -18.514  16.083  -28.498 0.6666666865
82276  -18.782  17.026  -21.417 0.5555555820
82315  -18.452  16.175  -26.007 0.6666666865
136168  -17.569  16.969  -26.802 0.6666666865
76637  -15.150  10.191  -20.653 0.4444444478
79322  -16.253  12.664  -20.167 0.3333333433
121155  -14.200  8.162  -20.314 0.4444444478
121085  -14.807  9.832  -20.658 0.4444444478
114702  -22.191  1.711  -19.505 0.6666666865
63346  -16.267  -3.613  -14.739 0.5555555820
70958  -24.517  4.427  -22.722 0.7777777910
65207  -15.226  -1.484  -15.265 0.4444444478
72898  -25.337  6.188  -25.323 0.6666666865
68007  -15.523  1.863  -18.420 0.7777777910
71885  -15.200  6.164  -20.269 0.3333333433
71874  -14.651  5.598  -19.633 0.3333333433
71865  -13.691  5.091  -18.177 0.1111111119
72844  -14.096  6.403  -19.421 0.1111111119
74780  -13.690  8.831  -20.266 0.4444444478
75731  -14.090  9.683  -20.561 0.3333333433
133749  -14.702  10.507  -20.621 0.3333333433
120086  -16.841  13.721  -19.750 0.3333333433
83182  -17.369  18.147  -27.391 0.6666666865
84012  -18.072  18.063  -27.941 0.4444444478
64285  -21.729  -2.356  -17.746 0.4444444478
65224  -22.721  -1.734  -16.918 0.2222222239
135724  -18.946  -3.387  -16.164 0.4444444478
63367  -19.617  -3.511  -16.531 0.4444444478
65223  -19.164  -1.882  -16.698 0.4444444478
134751  -21.011  -1.785  -17.980 0.4444444478
65240  -21.681  -1.453  -18.324 0.4444444478
66120  -22.931  -0.305  -18.554 0.2222222239
66108  -20.399  -0.796  -17.726 0.4444444478
66117  -21.217  -0.897  -18.230 0.4444444478
67054  -23.930  0.855  -18.737 0.1111111119
122006  -21.403  -0.080  -18.459 0.4444444478
67053  -22.735  0.115  -19.103 0.3333333433
67035  -20.025  0.062  -17.721 0.4444444478
123824  -20.701  -0.185  -18.036 0.4444444478
67052  -22.261  0.079  -19.014 0.3333333433
67068  -22.835  0.570  -19.541 0.3333333433
67051  -21.452  0.808  -18.734 0.4444444478
116228  -20.554  0.627  -18.192 0.5555555820
68048  -24.070  1.142  -21.113 0.2222222239
68049  -25.114  1.581  -20.985 0.1111111119
69032  -25.843  1.641  -22.039 0.1111111119
68047  -23.578  1.211  -20.708 0.3333333433
123538  -24.014  1.162  -21.304 0.3333333433
69029  -23.173  1.703  -20.639 0.4444444478
70024  -23.731  2.705  -21.468 0.5555555820
70025  -24.384  2.923  -22.030 0.6666666865
69049  -26.216  2.149  -22.965 0.4444444478
70951  -24.250  3.937  -22.200 0.6666666865
127342  -28.150  3.798  -24.251 0.3333333433
70967  -25.901  4.489  -23.930 0.5555555820
70966  -24.844  4.856  -23.471 0.6666666865
71922  -25.281  5.208  -24.238 0.5555555820
70975  -27.155  5.343  -24.979 0.5555555820
70968  -27.278  4.330  -24.395 0.4444444478
72899  -27.201  6.042  -25.403 0.3333333433
73894  -27.350  7.274  -26.141 0.4444444478
73904  -27.245  7.727  -26.867 0.5555555820
72905  -26.901  6.535  -25.962 0.4444444478
120928  -27.437  8.822  -26.389 0.4444444478
83158  -18.491  17.234  -24.661 0.5555555820
83988  -18.429  18.124  -24.357 0.5555555820
83157  -18.073  17.760  -25.242 0.5555555820
83994  -17.743  18.208  -25.782 0.5555555820
83998  -17.273  18.479  -26.889 0.5555555820
84788  -16.760  19.249  -27.620 0.5555555820
63379  -20.942  -3.212  -17.339 0.4444444478
132856  -22.514  -1.598  -17.656 0.2222222239
65222  -18.319  -1.694  -16.542 0.4444444478
67069  -23.134  0.573  -19.485 0.2222222239
68030  -23.685  1.202  -19.977 0.2222222239
117697  -24.576  1.560  -20.181 0.1111111119
130092  -24.466  1.610  -21.747 0.4444444478
122867  -25.227  1.643  -22.076 0.3333333433
69030  -23.706  1.585  -21.256 0.4444444478
70031  -24.921  3.310  -22.631 0.6666666865
70032  -25.834  2.846  -23.071 0.4444444478
72900  -27.415  6.238  -25.132 0.3333333433
74820  -27.418  7.937  -25.362 0.4444444478
77540  -27.299  11.482  -26.451 0.4444444478
83987  -17.927  18.756  -25.029 0.5555555820
84768  -17.933  19.723  -24.479 0.5555555820
70033  -26.885  2.672  -23.471 0.2222222239
84010  -16.851  18.779  -28.029 0.5555555820
117848  -19.733  -5.008  -15.936 0.4444444478
63368  -20.498  -3.864  -16.665 0.4444444478
63369  -21.227  -3.456  -16.938 0.4444444478
64276  -22.380  -2.418  -16.683 0.2222222239
64277  -22.939  -1.879  -16.058 0.2222222239
65225  -23.315  -1.151  -16.346 0.1111111119
63357  -17.593  -3.645  -15.484 0.4444444478
62462  -19.034  -3.993  -16.077 0.4444444478
66110  -23.272  -0.472  -17.754 0.1111111119
67036  -24.544  0.694  -17.445 0.1111111119
67055  -25.088  1.377  -18.101 0.1111111119
68014  -24.746  1.557  -19.136 0.1111111119
69018  -26.414  2.044  -20.610 0.1111111119
69033  -27.402  1.866  -21.633 0.1111111119
69044  -27.241  1.848  -22.810 0.1111111119
70034  -28.106  2.552  -23.735 0.2222222239
70976  -27.787  4.624  -24.385 0.1111111119
70041  -27.694  3.323  -24.044 0.2222222239
73874  -27.429  6.976  -24.291 0.2222222239
73883  -27.428  7.041  -25.284 0.3333333433
75767  -27.428  9.576  -25.701 0.4444444478
124211  -27.399  11.021  -25.884 0.3333333433
77533  -27.412  11.648  -25.385 0.3333333433
78399  -27.192  12.255  -25.830 0.3333333433
79390  -25.119  13.967  -27.816 0.4444444478
112689  -21.783  15.428  -27.247 0.3333333433
119542  -16.934  19.228  -28.260 0.5555555820
84769  -18.395  19.054  -23.975 0.5555555820
123280  -17.421  18.880  -25.951 0.5555555820
84775  -17.038  19.576  -26.125 0.5555555820
84787  -17.005  19.948  -26.804 0.5555555820
84762  -18.066  19.783  -23.573 0.5555555820
63358  -18.390  -3.455  -15.873 0.4444444478
132687  -18.719  -2.671  -16.287 0.4444444478
71928  -25.931  5.547  -24.956 0.5555555820
71932  -26.557  6.032  -25.495 0.5555555820
73893  -27.094  7.133  -26.386 0.4444444478
117161  -26.767  12.836  -26.152 0.4444444478
82327  -21.142  15.935  -27.037 0.3333333433
68046  -22.928  1.185  -20.002 0.3333333433
67067  -22.270  0.923  -19.361 0.3333333433
64284  -21.237  -2.466  -17.708 0.4444444478
64294  -22.107  -1.834  -18.115 0.4444444478
64286  -22.221  -2.188  -17.499 0.3333333433
64293  -21.701  -1.919  -18.138 0.4444444478
63380  -21.346  -2.864  -17.419 0.4444444478
65233  -23.002  -1.073  -17.278 0.1111111119
64274  -19.753  -2.561  -16.814 0.4444444478
63378  -20.389  -3.247  -17.011 0.4444444478
65232  -19.947  -1.576  -17.206 0.4444444478
64283  -20.626  -2.596  -17.437 0.4444444478
65241  -22.052  -1.371  -18.417 0.4444444478
66119  -22.365  -0.502  -18.640 0.4444444478
66118  -21.913  -0.799  -18.605 0.4444444478
66109  -22.562  -1.046  -18.139 0.2222222239
66121  -23.596  0.180  -18.128 0.1111111119
117679  -23.191  0.229  -18.896 0.2222222239
68029  -23.201  1.024  -19.931 0.3333333433
69031  -24.611  1.484  -21.627 0.2222222239
69043  -26.111  1.884  -22.582 0.1111111119
136235  -23.685  1.207  -21.077 0.3333333433
70026  -25.327  2.101  -22.449 0.4444444478
70040  -26.495  3.584  -23.732 0.4444444478
70959  -25.400  3.967  -23.206 0.5555555820
71929  -27.425  5.488  -24.823 0.3333333433
120766  -27.405  8.809  -25.474 0.4444444478
83993  -17.060  18.940  -26.730 0.5555555820
68031  -25.695  1.993  -19.613 0.1111111119
85554  -17.763  20.490  -24.063 0.5555555820
69050  -27.159  2.079  -23.187 0.2222222239
62464  -20.273  -4.685  -16.105 0.4444444478
62463  -19.742  -4.396  -16.301 0.4444444478
63370  -21.960  -3.055  -16.427 0.4444444478
64275  -21.809  -2.770  -17.183 0.4444444478
62452  -18.276  -4.321  -15.590 0.4444444478
62451  -17.416  -4.323  -15.160 0.4444444478
66111  -23.867  0.088  -17.263 0.1111111119
66093  -23.650  -0.451  -16.770 0.1111111119
68015  -25.601  1.692  -18.640 0.1111111119
59207  -21.376  -7.435  -9.539 0.1111111119
59259  -18.770  -7.094  -12.060 0.3333333433
60330  -19.903  -6.962  -10.932 0.2222222239
60331  -20.685  -6.690  -10.522 0.2222222239
59228  -21.328  -6.720  -9.906 0.1111111119
129389  -21.397  -6.311  -10.537 0.1111111119
60363  -16.318  -6.869  -12.972 0.3333333433
59257  -16.817  -7.336  -12.357 0.3333333433
59247  -18.217  -7.609  -11.568 0.3333333433
60366  -19.345  -6.624  -12.580 0.3333333433
60367  -20.190  -6.337  -12.301 0.3333333433
60351  -20.417  -6.463  -11.451 0.2222222239
61440  -20.890  -5.931  -12.014 0.2222222239
60352  -21.136  -6.156  -11.235 0.2222222239
61458  -15.746  -6.071  -13.006 0.2222222239
60377  -16.420  -6.244  -13.582 0.2222222239
60364  -17.401  -6.982  -13.021 0.3333333433
60365  -18.406  -6.840  -12.846 0.3333333433
61460  -21.397  -5.459  -12.539 0.1111111119
62435  -15.674  -4.769  -13.552 0.2222222239
61482  -16.553  -5.127  -14.371 0.3333333433
61471  -17.012  -5.900  -14.332 0.3333333433
121574  -17.242  -5.033  -14.768 0.3333333433
61483  -17.869  -5.741  -15.003 0.3333333433
60378  -17.177  -6.602  -13.767 0.3333333433
61484  -18.686  -6.054  -15.105 0.3333333433
135199  -20.013  -5.906  -14.477 0.3333333433
61485  -19.560  -5.958  -14.997 0.3333333433
61473  -20.431  -5.752  -13.819 0.3333333433
62444  -20.447  -5.479  -14.808 0.3333333433
61486  -21.028  -5.292  -14.120 0.3333333433
61474  -21.201  -5.374  -13.366 0.1111111119
119539  -21.605  -4.852  -13.840 0.2222222239
130678  -15.619  -4.152  -13.791 0.2222222239
62442  -15.981  -4.688  -14.150 0.2222222239
62443  -16.620  -4.351  -14.645 0.3333333433
61493  -17.839  -4.968  -15.262 0.3333333433
62454  -20.022  -5.403  -15.624 0.3333333433
62445  -21.229  -4.856  -14.695 0.3333333433
62446  -21.979  -4.207  -14.399 0.1111111119
63334  -15.379  -3.590  -13.450 0.3333333433
132809  -15.947  -4.067  -14.335 0.3333333433
62453  -19.107  -4.773  -15.854 0.3333333433
119518  -20.701  -4.854  -15.532 0.3333333433
62465  -20.922  -4.210  -16.213 0.3333333433
63359  -21.600  -3.630  -15.963 0.3333333433
123239  -27.377  8.867  -24.445 0.2222222239
133923  -27.465  10.248  -25.105 0.2222222239
127798  -27.465  9.689  -24.739 0.2222222239
79381  -26.088  13.388  -26.169 0.3333333433
79382  -26.556  13.131  -25.435 0.2222222239
60350  -19.623  -6.756  -11.731 0.3333333433
61441  -21.567  -5.600  -11.736 0.1111111119
61470  -16.060  -5.470  -13.750 0.3333333433
118894  -19.042  -6.502  -13.499 0.3333333433
61472  -19.641  -6.151  -14.082 0.3333333433
60380  -19.939  -6.251  -13.181 0.3333333433
62455  -21.415  -4.261  -15.353 0.3333333433
129171  -20.663  -8.234  -9.471 0.1111111119
59246  -17.254  -7.703  -11.724 0.3333333433
59225  -18.641  -7.889  -10.820 0.3333333433
59226  -19.488  -7.568  -10.526 0.3333333433
59227  -20.137  -7.255  -10.297 0.3333333433
112975  -22.236  -7.647  -9.437 0.1111111119
60318  -22.060  -6.768  -9.620 0.1111111119
60332  -22.024  -6.162  -10.155 0.1111111119
126636  -22.187  -5.368  -11.444 0.1111111119
61469  -15.492  -5.188  -13.018 0.2222222239
62436  -21.851  -4.967  -13.023 0.1111111119
62437  -22.244  -4.391  -13.455 0.1111111119
63360  -22.191  -3.191  -15.675 0.1111111119
114045  -15.270  -3.178  -13.236 0.1111111119
126322  -27.489  10.944  -25.128 0.2222222239
79372  -25.241  13.732  -25.405 0.2222222239
79373  -25.960  13.379  -25.037 0.2222222239
64249  -15.244  -2.076  -14.679 0.2222222239
67992  -15.166  1.354  -17.794 0.5555555820
63347  -16.938  -3.804  -15.092 0.4444444478
63345  -15.600  -3.515  -14.209 0.2222222239
78392  -27.401  12.277  -24.821 0.2222222239
59206  -20.656  -7.303  -9.810 0.1111111119
59258  -17.795  -7.323  -12.303 0.3333333433
59248  -19.128  -7.332  -11.283 0.3333333433
60348  -15.641  -6.515  -12.140 0.2222222239
60349  -16.144  -7.110  -12.156 0.2222222239
61459  -20.687  -5.828  -12.850 0.2222222239
60391  -17.968  -6.323  -14.476 0.3333333433
61494  -18.514  -5.293  -15.417 0.3333333433
60392  -18.814  -6.334  -14.434 0.3333333433
60379  -18.121  -6.672  -13.738 0.3333333433
61495  -19.297  -5.498  -15.527 0.3333333433
62434  -15.365  -4.368  -13.100 0.2222222239
62456  -22.086  -3.648  -15.146 0.1111111119
59205  -19.943  -7.814  -9.839 0.2222222239
58146  -17.691  -8.177  -11.158 0.3333333433
58145  -16.766  -8.139  -11.233 0.2222222239
58132  -18.254  -8.610  -10.549 0.3333333433
59244  -15.934  -7.113  -11.458 0.2222222239
76667  -27.745  10.703  -24.325 0.1111111119
75754  -27.751  9.888  -23.684 0.1111111119
77509  -28.655  11.159  -22.123 0.1111111119
76660  -28.237  11.001  -23.380 0.1111111119
78376  -27.736  12.147  -23.201 0.1111111119
77515  -27.434  11.868  -22.225 0.1111111119
78398  -27.011  12.779  -25.194 0.1111111119
78375  -26.732  12.467  -22.928 0.1111111119
79374  -26.612  13.055  -24.678 0.1111111119
78384  -26.627  12.822  -23.831 0.1111111119
79365  -25.908  13.221  -24.109 0.1111111119
81384  -22.229  15.463  -26.383 0.1111111119
136480  -21.167  16.240  -26.445 0.1111111119
81385  -22.970  15.012  -26.280 0.1111111119
82305  -21.550  16.498  -24.937 0.1111111119
83981  -18.704  18.371  -23.437 0.4444444478
82326  -20.659  16.607  -26.558 0.1111111119
84737  -17.564  19.743  -22.016 0.4444444478
84750  -18.425  19.132  -23.094 0.4444444478
83173  -20.132  17.605  -26.117 0.1111111119
84776  -17.485  19.591  -25.379 0.4444444478
84795  -17.499  19.708  -28.034 0.3333333433
84005  -18.152  18.866  -27.677 0.2222222239
84000  -19.325  18.867  -26.524 0.1111111119
84001  -19.737  18.441  -26.107 0.1111111119
84783  -19.820  19.386  -25.836 0.1111111119
85571  -17.618  20.437  -24.957 0.4444444478
85553  -17.448  21.180  -24.528 0.4444444478
86346  -16.778  21.780  -25.380 0.4444444478
85584  -16.826  20.257  -25.974 0.4444444478
86360  -16.397  21.521  -26.208 0.4444444478
85593  -16.927  20.726  -26.548 0.4444444478
85601  -17.045  21.048  -26.910 0.4444444478
86385  -17.204  21.263  -27.601 0.4444444478
85603  -17.416  20.835  -27.822 0.2222222239
131118  -18.124  21.048  -27.666 0.2222222239
85604  -18.168  20.513  -27.638 0.2222222239
85594  -18.844  20.811  -27.238 0.2222222239
121785  -19.114  20.319  -26.828 0.2222222239
88844  -19.729  24.407  -24.868 0.1111111119
127636  -20.253  23.398  -26.708 0.1111111119
86388  -20.284  21.757  -27.806 0.1111111119
85526  -17.025  20.407  -21.984 0.4444444478
85540  -17.024  20.960  -22.677 0.4444444478
131008  -17.612  20.387  -23.189 0.4444444478
85541  -17.329  21.124  -23.625 0.3333333433
86339  -17.025  21.857  -24.849 0.4444444478
87183  -15.677  22.772  -25.549 0.4444444478
87191  -15.591  22.681  -25.958 0.4444444478
124735  -16.162  21.849  -26.536 0.4444444478
86373  -16.441  21.586  -26.552 0.4444444478
87211  -16.984  21.801  -27.569 0.4444444478
88880  -15.344  24.029  -26.201 0.3333333433
87202  -17.128  22.394  -27.228 0.3333333433
88053  -18.395  22.982  -27.157 0.1111111119
87213  -18.471  22.232  -27.590 0.1111111119
87214  -19.439  22.213  -27.755 0.1111111119
86400  -18.861  21.624  -27.684 0.2222222239
87223  -19.754  21.926  -27.909 0.1111111119
88066  -19.994  22.758  -27.729 0.1111111119
85529  -16.532  21.091  -21.989 0.2222222239
87179  -16.622  22.340  -24.398 0.3333333433
87177  -15.680  23.305  -25.014 0.3333333433
88045  -14.683  23.554  -26.103 0.3333333433
88051  -16.372  22.868  -27.127 0.4444444478
88881  -16.234  24.147  -26.324 0.2222222239
88893  -16.711  23.688  -26.546 0.2222222239
88052  -17.396  23.217  -27.095 0.2222222239
88894  -18.359  23.565  -26.492 0.1111111119
89651  -17.431  24.983  -25.781 0.1111111119
88882  -17.117  24.375  -26.188 0.1111111119
89652  -18.203  24.691  -25.393 0.1111111119
88895  -19.415  23.524  -26.312 0.1111111119
89634  -17.704  25.433  -25.131 0.1111111119
88864  -18.932  24.455  -25.095 0.1111111119
88883  -18.745  24.010  -25.717 0.1111111119
123406  -16.622  21.692  -23.218 0.3333333433
87172  -16.375  22.347  -23.676 0.3333333433
88027  -15.739  23.267  -22.839 0.3333333433
88030  -15.614  23.576  -23.638 0.3333333433
88034  -14.768  23.604  -25.232 0.3333333433
88040  -14.285  23.735  -26.001 0.3333333433
128326  -15.075  24.769  -26.233 0.2222222239
89650  -16.482  25.144  -26.085 0.2222222239
89633  -16.921  25.776  -25.587 0.1111111119
89635  -18.404  25.090  -24.781 0.1111111119
89611  -19.711  25.539  -23.382 0.1111111119
88019  -16.549  23.185  -21.114 0.1111111119
88024  -16.359  23.545  -21.880 0.1111111119
129163  -15.952  24.319  -22.769 0.2222222239
118789  -15.677  24.727  -23.270 0.2222222239
88827  -15.265  24.317  -23.983 0.3333333433
89598  -16.019  25.556  -23.264 0.2222222239
88863  -14.583  24.368  -25.365 0.3333333433
89610  -15.269  25.256  -23.830 0.3333333433
90313  -15.524  26.543  -24.147 0.2222222239
90330  -15.275  26.957  -24.877 0.1111111119
90997  -15.925  27.347  -24.683 0.1111111119
90998  -16.429  27.316  -24.909 0.1111111119
90999  -16.898  27.127  -24.738 0.1111111119
90334  -17.956  25.850  -24.492 0.1111111119
90324  -18.304  26.311  -23.951 0.1111111119
89636  -19.013  24.833  -24.577 0.1111111119
88845  -20.249  24.579  -24.340 0.1111111119
88865  -20.750  24.176  -25.077 0.1111111119
88782  -17.184  24.143  -21.425 0.1111111119
88783  -17.942  24.368  -20.605 0.1111111119
88810  -16.538  24.311  -22.229 0.1111111119
88794  -17.794  25.235  -21.160 0.1111111119
90293  -17.266  27.587  -21.626 0.1111111119
90305  -16.964  26.839  -22.460 0.1111111119
90314  -16.217  26.664  -23.685 0.2222222239
90973  -16.764  28.300  -22.619 0.1111111119
90985  -16.660  27.341  -23.615 0.1111111119
92390  -16.499  29.569  -22.778 0.1111111119
91656  -17.341  28.386  -23.617 0.1111111119
92395  -17.212  29.222  -23.650 0.1111111119
90992  -17.366  27.511  -24.115 0.1111111119
88784  -18.421  25.587  -20.394 0.1111111119
134728  -18.703  25.261  -19.875 0.1111111119
90285  -18.384  27.273  -20.295 0.1111111119
90284  -17.869  27.894  -20.402 0.1111111119
90956  -17.924  28.522  -20.664 0.1111111119
90963  -17.681  28.231  -20.730 0.1111111119
91627  -17.941  28.704  -20.845 0.1111111119
93151  -16.895  29.806  -21.938 0.1111111119
90275  -18.805  27.685  -20.038 0.1111111119
116077  -19.569  26.823  -19.711 0.1111111119
134342  -28.295  10.392  -22.904 0.1111111119
77521  -28.046  11.751  -23.568 0.1111111119
77516  -28.279  11.535  -22.723 0.1111111119
129019  -28.313  11.418  -22.006 0.1111111119
80380  -24.638  13.989  -24.761 0.1111111119
79364  -25.165  13.578  -24.437 0.1111111119
80391  -24.431  14.248  -25.588 0.1111111119
82317  -21.227  16.473  -25.844 0.1111111119
84749  -17.927  19.749  -22.744 0.4444444478
121289  -17.088  19.961  -28.272 0.4444444478
84798  -17.604  20.290  -27.852 0.3333333433
84789  -18.405  19.933  -27.362 0.2222222239
84790  -18.831  19.372  -26.939 0.1111111119
84782  -19.445  19.819  -26.415 0.1111111119
83995  -20.159  18.580  -25.540 0.1111111119
85569  -16.682  21.155  -25.882 0.4444444478
86401  -19.411  21.722  -27.739 0.2222222239
127328  -19.005  23.212  -26.893 0.1111111119
88054  -19.743  23.161  -27.127 0.1111111119
88067  -20.669  22.674  -28.269 0.1111111119
133114  -14.889  23.248  -25.531 0.3333333433
127859  -19.567  23.961  -25.524 0.1111111119
123383  -16.682  25.951  -22.822 0.2222222239
90984  -15.707  27.113  -24.504 0.1111111119
89577  -18.058  26.582  -20.861 0.1111111119
91626  -17.406  28.933  -21.429 0.1111111119
93170  -17.137  29.836  -23.567 0.1111111119
90943  -18.931  28.447  -20.133 0.1111111119
90944  -19.165  27.908  -19.942 0.1111111119
76648  -28.095  10.953  -20.865 0.1111111119
76649  -28.634  10.977  -21.519 0.1111111119
82316  -20.692  17.107  -25.739 0.1111111119
83974  -18.112  19.124  -22.231 0.4444444478
86344  -15.787  22.316  -26.007 0.4444444478
87184  -16.464  22.587  -25.045 0.4444444478
87201  -16.425  22.167  -27.095 0.4444444478
130267  -18.540  24.041  -19.474 0.1111111119
89568  -19.534  25.690  -19.344 0.1111111119
90274  -18.236  27.997  -20.141 0.1111111119
75740  -28.542  10.302  -20.737 0.1111111119
125019  -27.529  8.847  -23.456 0.1111111119
121902  -28.018  9.637  -22.754 0.1111111119
76655  -28.792  10.828  -21.962 0.1111111119
76629  -26.805  10.813  -19.684 0.1111111119
76642  -27.695  10.613  -20.185 0.1111111119
133564  -26.234  11.653  -20.622 0.1111111119
78362  -26.319  12.273  -21.910 0.1111111119
78361  -25.483  12.713  -21.536 0.1111111119
78383  -25.837  12.931  -23.243 0.1111111119
80379  -23.979  14.379  -24.581 0.1111111119
130351  -24.403  13.974  -23.833 0.1111111119
119534  -25.108  13.408  -23.519 0.1111111119
81367  -22.512  15.678  -24.174 0.1111111119
82296  -21.672  16.823  -24.172 0.1111111119
83967  -18.201  18.437  -21.684 0.4444444478
83159  -21.232  17.459  -24.436 0.1111111119
83165  -20.617  17.862  -25.130 0.1111111119
122859  -19.865  20.288  -25.948 0.1111111119
83989  -20.547  18.919  -24.827 0.1111111119
84736  -16.952  19.784  -21.442 0.4444444478
133890  -17.457  20.236  -22.505 0.4444444478
86362  -20.846  21.640  -26.639 0.1111111119
86402  -20.991  21.911  -28.467 0.1111111119
86332  -16.281  21.768  -22.372 0.3333333433
87164  -15.931  22.569  -22.425 0.2222222239
88068  -21.297  23.182  -28.515 0.1111111119
87156  -16.031  22.439  -20.772 0.1111111119
88023  -15.924  23.051  -22.162 0.2222222239
119535  -21.014  23.984  -25.805 0.1111111119
114455  -21.646  24.267  -25.674 0.1111111119
87152  -16.632  22.365  -19.621 0.1111111119
88774  -18.046  23.700  -19.944 0.1111111119
88014  -18.295  23.382  -19.288 0.1111111119
88828  -20.775  24.672  -23.750 0.1111111119
88007  -18.640  23.124  -18.596 0.1111111119
88008  -19.410  23.416  -18.264 0.1111111119
92396  -17.467  29.721  -23.549 0.1111111119
91650  -19.177  28.149  -22.899 0.1111111119
90306  -19.820  26.759  -22.463 0.1111111119
90307  -20.552  26.398  -22.180 0.1111111119
88776  -19.669  24.853  -18.952 0.1111111119
123018  -19.950  25.715  -18.827 0.1111111119
92356  -18.358  28.959  -20.927 0.1111111119
93928  -18.615  30.949  -21.855 0.1111111119
91606  -19.154  28.761  -20.269 0.1111111119
80401  -24.424  14.322  -26.816 0.1111111119
85602  -17.100  20.333  -27.992 0.4444444478
78385  -27.695  12.267  -23.982 0.1111111119
130540  -21.557  15.879  -26.385 0.2222222239
132900  -27.275  12.469  -23.676 0.1111111119
77507  -26.726  11.727  -21.309 0.1111111119
78374  -25.746  12.741  -22.393 0.1111111119
81378  -23.126  14.990  -25.386 0.1111111119
82306  -22.160  15.828  -24.928 0.1111111119
116213  -22.688  15.366  -24.896 0.1111111119
84777  -20.387  20.294  -25.395 0.1111111119
87212  -17.539  21.966  -27.724 0.2222222239
86399  -18.033  21.613  -27.724 0.2222222239
87222  -18.903  21.869  -27.769 0.1111111119
86387  -19.487  21.540  -27.499 0.2222222239
86375  -19.608  21.232  -26.893 0.1111111119
120845  -20.289  24.000  -25.432 0.1111111119
89619  -19.451  25.043  -24.097 0.1111111119
88055  -20.612  23.284  -27.625 0.1111111119
88884  -20.317  23.685  -26.002 0.1111111119
116606  -21.105  23.661  -26.648 0.1111111119
86389  -21.226  21.732  -28.217 0.1111111119
86376  -20.489  21.664  -27.305 0.1111111119
114847  -20.155  21.869  -28.057 0.2222222239
88046  -15.769  23.236  -26.306 0.3333333433
87215  -20.160  22.256  -28.061 0.2222222239
88035  -15.323  23.708  -24.516 0.3333333433
127841  -17.556  23.907  -26.524 0.2222222239
87165  -16.078  22.227  -22.960 0.3333333433
87171  -15.815  22.837  -23.224 0.3333333433
88809  -15.623  23.962  -23.158 0.3333333433
122620  -14.759  24.023  -24.855 0.3333333433
89617  -14.647  25.425  -25.000 0.2222222239
89632  -15.572  25.801  -25.443 0.1111111119
90332  -16.585  26.532  -25.195 0.1111111119
90333  -17.250  26.320  -25.005 0.1111111119
89618  -18.671  25.488  -24.233 0.1111111119
90325  -18.970  25.880  -23.639 0.1111111119
89620  -20.105  24.967  -23.736 0.1111111119
90316  -19.340  26.318  -23.004 0.1111111119
88012  -16.750  22.693  -20.357 0.1111111119
87160  -16.140  22.898  -21.521 0.1111111119
88028  -15.938  23.698  -22.523 0.1111111119
89599  -16.473  25.125  -22.679 0.1111111119
88826  -14.826  24.859  -24.547 0.3333333433
90322  -15.037  26.471  -24.689 0.2222222239
90331  -15.955  26.569  -25.164 0.1111111119
90991  -16.759  27.775  -23.712 0.1111111119
91661  -16.959  27.604  -24.255 0.1111111119
90323  -17.598  26.710  -24.311 0.1111111119
90315  -18.682  26.750  -23.366 0.1111111119
90993  -18.052  27.163  -23.760 0.1111111119
88020  -17.358  23.449  -20.543 0.1111111119
118564  -17.263  25.107  -21.973 0.1111111119
89587  -17.130  26.236  -22.102 0.1111111119
131153  -17.598  26.043  -21.503 0.1111111119
90962  -17.393  28.515  -21.343 0.1111111119
91636  -16.717  29.060  -22.275 0.1111111119
91647  -16.599  28.612  -22.944 0.1111111119
92394  -16.955  29.436  -23.570 0.1111111119
93161  -17.217  30.236  -23.098 0.1111111119
91657  -17.296  28.297  -23.815 0.1111111119
91649  -18.525  28.614  -23.287 0.1111111119
91658  -17.911  28.033  -23.616 0.1111111119
113637  -18.432  24.563  -19.908 0.1111111119
88775  -19.010  24.867  -19.465 0.1111111119
89567  -18.970  26.209  -19.909 0.1111111119
91620  -18.111  28.685  -20.755 0.1111111119
93137  -17.393  29.700  -21.509 0.1111111119
93938  -17.252  30.245  -21.989 0.1111111119
75745  -28.418  9.546  -21.889 0.1111111119
77508  -27.768  11.383  -21.415 0.1111111119
133366  -23.673  14.607  -25.189 0.1111111119
85585  -19.707  20.707  -26.394 0.1111111119
87224  -20.724  22.100  -28.454 0.1111111119
88079  -21.073  22.592  -28.998 0.1111111119
93162  -17.846  30.347  -23.245 0.1111111119
92344  -19.155  28.986  -20.374 0.1111111119
76641  -27.019  11.187  -20.591 0.1111111119
88769  -19.062  23.955  -18.928 0.1111111119
81368  -23.219  14.943  -24.498 0.1111111119
125637  -22.002  16.255  -24.385 0.1111111119
85586  -20.383  21.105  -25.955 0.1111111119
87225  -21.335  22.163  -29.024 0.1111111119
88896  -21.382  23.590  -27.607 0.1111111119
87155  -15.426  22.158  -19.942 0.1111111119
127128  -21.691  24.170  -26.236 0.1111111119
92391  -19.211  29.149  -23.086 0.1111111119
90988  -19.170  27.211  -22.831 0.1111111119
93138  -17.920  29.942  -21.270 0.1111111119
93140  -19.212  30.499  -21.179 0.1111111119
93945  -17.890  30.953  -22.977 0.1111111119
68960  -14.303  2.409  -17.315 0.2222222239
69982  -14.538  3.420  -18.174 0.2222222239
66077  -14.844  -0.722  -15.227 0.3333333433
68996  -15.174  2.646  -18.470 0.4444444478
117730  -17.538  18.337  -20.958 0.3333333433
83953  -16.748  18.083  -20.639 0.2222222239
84727  -16.107  19.793  -21.068 0.1111111119
85525  -16.229  20.626  -21.465 0.1111111119
120290  -15.541  13.715  -20.425 0.2222222239
79321  -15.004  13.109  -20.662 0.1111111119
67029  -14.907  0.951  -17.076 0.2222222239
79320  -14.279  13.603  -21.178 0.1111111119
81313  -15.161  15.629  -20.754 0.1111111119
82265  -14.756  15.985  -20.828 0.1111111119
83952  -15.829  18.424  -20.644 0.1111111119
84726  -15.304  19.788  -20.579 0.1111111119
85520  -15.653  20.428  -20.884 0.1111111119
85524  -15.587  21.233  -20.810 0.1111111119
83125  -17.478  17.577  -20.559 0.2222222239
65192  -14.874  -1.403  -14.658 0.2222222239
67021  -14.719  0.564  -16.241 0.2222222239
135067  -13.880  7.594  -19.867 0.2222222239
73834  -13.684  7.118  -19.430 0.1111111119
73839  -13.411  7.926  -19.627 0.3333333433
83966  -17.560  19.078  -21.489 0.3333333433
83965  -16.728  18.985  -20.905 0.3333333433
67991  -14.600  1.676  -17.248 0.2222222239
83123  -15.859  17.593  -20.523 0.1111111119
134542  -15.755  19.160  -20.715 0.1111111119
82264  -14.511  15.704  -20.974 0.1111111119
125389  -15.054  17.894  -20.361 0.1111111119
121581  -14.211  17.702  -20.214 0.1111111119
83951  -14.729  18.823  -20.298 0.1111111119
69051  -28.486  2.106  -23.410 0.1111111119
57004  -18.022  -9.376  -10.348 0.1111111119
58133  -19.161  -8.254  -10.191 0.1111111119
58110  -19.713  -8.686  -9.661 0.1111111119
57002  -16.427  -9.578  -10.477 0.1111111119
123161  -17.102  -8.902  -10.797 0.1111111119
58131  -16.420  -8.401  -10.832 0.1111111119
59245  -16.458  -7.528  -11.639 0.1111111119
133905  -14.792  -1.373  -14.446 0.1111111119
131433  -13.469  3.412  -17.026 0.1111111119
68980  -14.027  3.089  -17.443 0.1111111119
68006  -14.867  2.054  -17.928 0.1111111119
75730  -13.627  10.271  -20.458 0.2222222239
76636  -14.396  11.118  -20.614 0.2222222239
76634  -13.162  10.838  -20.375 0.2222222239
69981  -14.136  4.309  -18.183 0.1111111119
123299  -16.693  -10.279  -10.467 0.1111111119
56982  -18.612  -9.722  -9.888 0.1111111119
58130  -15.969  -8.693  -10.471 0.1111111119
59224  -16.086  -7.819  -10.868 0.1111111119
60329  -15.666  -6.382  -10.981 0.1111111119
61457  -15.390  -5.594  -12.306 0.1111111119
65165  -15.281  -1.590  -13.321 0.1111111119
66061  -14.654  -0.740  -14.648 0.1111111119
67979  -14.428  1.364  -16.420 0.1111111119
68959  -13.605  2.811  -16.734 0.1111111119
116074  -12.749  10.062  -19.944 0.2222222239
77475  -12.641  11.414  -19.949 0.2222222239
125147  -13.854  12.381  -20.709 0.1111111119
55893  -18.023  -10.230  -10.237 0.1111111119
77488  -14.096  11.784  -20.675 0.2222222239
78343  -14.564  12.487  -20.700 0.1111111119
71866  -14.387  4.881  -18.899 0.1111111119
62422  -15.328  -4.700  -12.375 0.1111111119
64236  -15.207  -2.583  -13.861 0.1111111119
65181  -15.037  -1.970  -14.301 0.1111111119
58109  -18.839  -9.025  -9.938 0.1111111119
131035  -14.102  2.119  -16.609 0.1111111119
67978  -13.965  1.902  -15.884 0.1111111119
57003  -17.275  -9.850  -10.509 0.1111111119
132315  -14.746  -1.173  -13.793 0.1111111119
76628  -12.292  10.703  -19.618 0.1111111119
112705  -15.618  -7.917  -10.132 0.1111111119
59223  -15.810  -7.203  -10.712 0.1111111119
114730  -14.604  -0.123  -14.842 0.1111111119
127412  -12.046  11.974  -19.322 0.1111111119
131384  -13.602  12.816  -20.674 0.1111111119
80331  -15.060  14.611  -21.395 0.1111111119
74774  -12.256  8.596  -18.765 0.1111111119
120291  -14.790  14.043  -21.827 0.1111111119
122999  -15.902  15.185  -20.165 0.1111111119
65166  -15.762  -1.248  -12.692 0.1111111119
66103  -15.703  0.154  -17.318 0.8888888955
67046  -15.751  1.130  -18.097 0.8888888955
68981  -14.593  2.716  -17.877 0.2222222239
68998  -16.827  2.102  -18.867 1.0000000000
69967  -13.793  3.808  -17.532 0.1111111119
69996  -15.507  3.780  -19.405 0.5555555820
70003  -21.896  3.157  -19.639 0.8888888955
70935  -16.800  4.912  -20.454 0.8888888955
70974  -26.325  4.976  -24.514 0.5555555820
71921  -24.230  5.700  -23.890 0.6666666865
72838  -13.467  6.517  -18.764 0.1111111119
72845  -14.620  6.437  -19.943 0.3333333433
72867  -22.865  6.571  -21.189 1.0000000000
72897  -24.210  6.511  -25.158 0.7777777910
72906  -27.238  6.627  -25.780 0.4444444478
72907  -26.367  7.090  -26.427 0.6666666865
73848  -17.328  7.888  -20.598 0.7777777910
73865  -23.247  7.337  -23.434 1.0000000000
73892  -25.128  7.275  -26.182 0.7777777910
73902  -25.956  8.232  -27.264 0.6666666865
73905  -26.670  8.503  -27.711 0.7777777910
74785  -14.552  9.088  -20.607 0.4444444478
74789  -17.399  8.551  -20.562 0.6666666865
74792  -20.299  8.583  -20.295 0.8888888955
74807  -23.539  8.893  -22.687 1.0000000000
74819  -23.731  8.391  -24.459 1.0000000000
74828  -27.468  8.017  -26.400 0.4444444478
74836  -24.903  8.525  -26.549 0.7777777910
74838  -27.313  8.452  -27.326 0.5555555820
74842  -26.700  9.050  -28.352 0.6666666865
75733  -16.329  9.562  -20.562 0.4444444478
75734  -16.985  9.444  -20.522 0.6666666865
75739  -28.237  10.119  -19.949 0.1111111119
75743  -22.987  9.345  -21.425 0.8888888955
75746  -28.694  10.293  -21.545 0.1111111119
75749  -23.489  9.804  -22.682 1.0000000000
75750  -28.614  10.335  -22.220 0.1111111119
75760  -24.376  9.687  -25.048 1.0000000000
75780  -26.249  9.476  -28.589 0.6666666865
75783  -26.757  9.509  -28.701 0.6666666865
76635  -13.927  11.062  -20.617 0.2222222239
76638  -19.487  10.583  -19.862 0.8888888955
76654  -28.583  10.935  -22.503 0.1111111119
76671  -25.057  10.938  -25.849 0.8888888955
76672  -27.420  10.329  -25.873 0.3333333433
76683  -27.392  10.010  -28.156 0.5555555820
77487  -13.538  11.608  -20.559 0.2222222239
77490  -15.074  10.865  -20.666 0.4444444478
77494  -18.747  10.973  -19.786 0.6666666865
77495  -21.021  11.975  -19.805 0.8888888955
77519  -22.838  11.556  -23.975 1.0000000000
77526  -27.732  11.647  -24.404 0.2222222239
77546  -25.516  10.704  -28.530 0.7777777910
77553  -25.610  11.971  -30.023 0.7777777910
77556  -25.541  12.618  -30.194 0.6666666865
78332  -12.893  12.236  -20.241 0.1111111119
78372  -21.667  12.566  -22.215 1.0000000000
78382  -22.225  12.221  -23.647 1.0000000000
78391  -27.168  12.642  -24.357 0.1111111119
78397  -23.261  12.327  -26.222 0.8888888955
78405  -22.974  12.671  -27.228 0.8888888955
79324  -19.411  14.122  -19.830 0.5555555820
79334  -20.756  13.748  -21.278 0.7777777910
79335  -21.225  13.149  -21.757 0.7777777910
79396  -20.134  14.145  -28.653 0.5555555820
79411  -26.049  13.102  -29.687 0.5555555820
79419  -23.215  13.991  -30.902 0.7777777910
79422  -25.644  12.988  -30.225 0.6666666865
80353  -20.114  14.924  -22.730 0.7777777910
80366  -20.358  14.379  -23.366 0.7777777910
80390  -23.698  14.613  -26.017 0.1111111119
80396  -18.868  14.893  -26.502 0.6666666865
80408  -19.572  14.567  -27.833 0.6666666865
80420  -22.712  14.205  -29.974 0.4444444478
80421  -23.778  14.158  -29.873 0.5555555820
80426  -19.286  15.235  -27.888 0.6666666865
80427  -19.819  14.911  -28.378 0.6666666865
81377  -22.500  15.424  -25.562 0.1111111119
81383  -18.333  15.501  -27.119 0.6666666865
81399  -17.762  15.941  -28.055 0.6666666865
81400  -18.425  15.821  -28.331 0.6666666865
81401  -20.209  14.790  -28.733 0.5555555820
81407  -19.096  15.622  -28.186 0.6666666865
81408  -19.582  15.209  -28.205 0.5555555820
82314  -17.936  16.667  -26.487 0.6666666865
82318  -21.837  15.881  -25.639 0.1111111119
82325  -18.055  16.034  -26.949 0.6666666865
82336  -17.594  16.342  -27.712 0.6666666865
82349  -19.026  16.084  -28.438 0.6666666865
83150  -19.094  17.030  -23.588 0.6666666865
83166  -20.992  17.044  -25.183 0.1111111119
83171  -17.416  17.467  -26.937 0.6666666865
83176  -17.490  16.986  -27.359 0.6666666865
83184  -18.202  17.232  -28.167 0.6666666865
83999  -17.463  18.231  -26.490 0.5555555820
84004  -16.910  18.699  -27.579 0.5555555820
84011  -17.703  18.557  -27.924 0.6666666865
84781  -16.965  19.571  -26.695 0.5555555820
84793  -17.001  20.039  -27.419 0.5555555820
84794  -16.872  19.517  -28.134 0.4444444478
85570  -17.192  21.034  -25.351 0.4444444478
85583  -16.852  20.451  -26.190 0.4444444478
85605  -18.789  21.265  -27.537 0.2222222239
86336  -16.986  21.792  -24.064 0.4444444478
86345  -16.362  22.107  -25.665 0.4444444478
86359  -16.052  22.132  -26.103 0.4444444478
86361  -20.144  21.347  -26.585 0.1111111119
86374  -16.690  21.617  -27.054 0.4444444478
86386  -17.341  21.519  -27.694 0.4444444478
87178  -15.999  23.036  -24.248 0.3333333433
87190  -15.120  22.847  -25.987 0.3333333433
87200  -15.803  22.420  -26.832 0.4444444478
87203  -17.828  22.546  -27.293 0.1111111119
88033  -14.569  23.782  -25.267 0.3333333433
88041  -14.537  23.498  -25.663 0.3333333433
88065  -19.186  22.742  -27.329 0.1111111119
88843  -14.639  24.357  -24.953 0.3333333433
88879  -14.764  24.146  -26.047 0.2222222239
89609  -15.016  25.843  -24.367 0.3333333433
89631  -14.934  25.126  -25.818 0.2222222239
89649  -15.604  25.377  -26.100 0.2222222239
90294  -17.661  27.154  -21.221 0.1111111119
90304  -16.496  26.335  -23.243 0.2222222239
90338  -16.172  26.008  -26.019 0.1111111119
90942  -18.361  28.821  -20.691 0.1111111119
90974  -16.971  27.964  -22.071 0.1111111119
90986  -16.888  27.199  -23.025 0.1111111119
90987  -18.577  27.655  -23.281 0.1111111119
91619  -17.907  28.864  -21.197 0.1111111119
91635  -16.495  29.317  -22.668 0.1111111119
91637  -16.949  28.868  -21.941 0.1111111119
91646  -16.481  29.015  -23.040 0.1111111119
91648  -17.780  28.949  -23.503 0.1111111119
91655  -16.884  28.641  -23.468 0.1111111119
91660  -16.898  27.662  -24.100 0.1111111119
92355  -18.013  29.140  -21.215 0.1111111119
92368  -17.423  29.349  -21.480 0.1111111119
92376  -16.562  29.541  -22.459 0.1111111119
92377  -16.839  29.456  -22.003 0.1111111119
92393  -16.618  29.531  -23.206 0.1111111119
93122  -18.378  29.419  -21.089 0.1111111119
93139  -18.504  30.003  -21.157 0.1111111119
93159  -16.595  29.783  -22.517 0.1111111119
93160  -16.656  30.030  -22.863 0.1111111119
93168  -16.565  29.949  -23.132 0.1111111119
93169  -16.750  29.825  -23.301 0.1111111119
93927  -17.943  30.425  -21.689 0.1111111119
93939  -17.856  30.754  -22.480 0.1111111119
93940  -18.418  31.155  -22.668 0.1111111119
93944  -17.184  30.435  -22.694 0.1111111119
112921  -14.330  10.451  -20.612 0.2222222239
113248  -15.700  10.136  -20.624 0.4444444478
113627  -15.067  26.186  -25.063 0.1111111119
113666  -21.130  9.864  -20.277 0.8888888955
114406  -17.507  9.004  -20.527 0.6666666865
115019  -20.568  14.379  -29.055 0.5555555820
116174  -15.348  9.574  -20.626 0.4444444478
117869  -17.118  6.265  -20.643 0.7777777910
118153  -19.561  3.675  -19.026 1.0000000000
118993  -16.828  18.948  -27.326 0.5555555820
119092  -17.831  3.941  -19.677 1.0000000000
119119  -25.165  11.435  -27.934 0.7777777910
119806  -18.672  6.439  -20.246 0.8888888955
120104  -14.040  12.451  -20.749 0.1111111119
121913  -16.725  19.038  -28.043 0.5555555820
121937  -21.870  12.113  -21.369 1.0000000000
122953  -17.919  24.262  -26.036 0.1111111119
124575  -18.388  29.705  -23.313 0.1111111119
124759  -17.599  16.555  -27.236 0.6666666865
125565  -23.253  7.850  -21.906 1.0000000000
127548  -20.285  19.422  -25.266 0.1111111119
128463  -22.285  10.555  -20.853 1.0000000000
129105  -15.766  24.695  -26.332 0.3333333433
131065  -18.754  28.880  -20.511 0.1111111119
131263  -16.776  30.088  -22.463 0.1111111119
132023  -15.602  26.081  -23.788 0.2222222239
132771  -21.172  13.139  -20.836 0.7777777910
133118  -15.668  4.752  -20.084 0.5555555820
133596  -15.966  11.136  -20.571 0.5555555820
133701  -14.311  14.136  -22.142 0.1111111119
133705  -14.761  7.748  -20.429 0.4444444478
134031  -14.739  10.898  -20.623 0.2222222239
134458  -18.456  8.072  -20.549 0.7777777910
134557  -19.125  4.064  -19.271 1.0000000000
134743  -17.149  20.172  -25.610 0.4444444478
135071  -17.523  18.903  -28.033 0.4444444478
135074  -19.999  1.302  -18.172 0.8888888955
135257  -11.907  11.303  -19.280 0.2222222239
135797  -27.998  11.347  -23.887 0.1111111119
135998  -18.259  30.991  -23.217 0.1111111119
