#!ascii label  , from subject sub-v2s3x28795_ses-1 vox2ras=TkReg
1876
134084  -44.048  -85.844  3.850 0.1000000015
8996  -43.592  -86.125  2.381 0.1000000015
138065  -44.466  -88.745  1.346 0.1000000015
8281  -43.442  -87.112  1.236 0.1000000015
8291  -43.592  -87.340  0.429 0.1000000015
140062  -44.331  -85.714  0.836 0.1000000015
8323  -44.415  -87.671  -1.477 0.1000000015
9041  -44.962  -86.608  -1.233 0.1000000015
9844  -46.211  -85.843  -1.231 0.1000000015
8324  -44.984  -87.329  -2.098 0.1000000015
9052  -45.795  -86.457  -1.923 0.1000000015
9834  -46.890  -85.474  -0.625 0.1000000015
9061  -46.570  -86.195  -2.404 0.1000000015
9070  -46.411  -86.562  -3.249 0.1000000015
9857  -47.410  -85.635  -1.922 0.1000000015
10590  -47.983  -84.826  -1.296 0.1000000015
9870  -48.357  -85.216  -3.243 0.1000000015
9062  -47.536  -85.756  -2.851 0.1000000015
11242  -45.268  -83.426  4.385 0.1000000015
9781  -44.102  -85.027  3.501 0.1000000015
11255  -44.763  -83.913  3.837 0.1000000015
143448  -43.785  -85.631  2.237 0.1000000015
11256  -45.645  -83.655  3.526 0.1000000015
10538  -44.750  -84.478  2.605 0.1000000015
9804  -44.251  -85.344  1.681 0.1000000015
10539  -45.605  -84.406  2.191 0.1000000015
144437  -44.558  -86.026  0.163 0.1000000015
10540  -47.035  -84.688  1.680 0.1000000015
9823  -46.318  -85.318  0.045 0.1000000015
9845  -47.258  -85.526  -1.260 0.1000000015
15959  -48.735  -77.298  1.642 0.1000000015
15121  -48.292  -78.903  3.375 0.1000000015
14293  -48.945  -79.638  3.316 0.1000000015
12683  -48.616  -81.114  3.286 0.1000000015
11977  -47.932  -82.576  2.029 0.1000000015
146441  -47.904  -84.283  0.019 0.1000000015
11304  -48.396  -84.455  0.767 0.1000000015
10581  -47.820  -85.162  -0.252 0.1000000015
9847  -48.097  -85.070  -1.985 0.1000000015
9846  -47.714  -85.352  -1.525 0.1000000015
11939  -46.552  -82.455  5.511 0.1000000015
11941  -49.373  -82.874  5.069 0.2000000030
11952  -48.478  -82.930  4.891 0.2000000030
11950  -45.929  -82.892  4.906 0.1000000015
11953  -50.124  -83.393  4.679 0.1000000015
11245  -48.450  -83.518  4.223 0.1000000015
11951  -47.332  -82.962  4.684 0.1000000015
11246  -49.970  -83.986  4.029 0.1000000015
11244  -47.627  -83.622  3.789 0.1000000015
17760  -51.835  -75.698  -7.274 0.1000000015
17739  -50.887  -75.928  -5.959 0.1000000015
11258  -48.600  -84.139  3.491 0.1000000015
10525  -48.016  -84.320  2.973 0.1000000015
10560  -45.956  -84.712  1.416 0.1000000015
17720  -50.474  -75.872  -5.210 0.1000000015
16892  -50.649  -76.932  -3.990 0.1000000015
16039  -50.238  -77.552  -2.432 0.1000000015
16018  -50.683  -78.354  -2.450 0.1000000015
16001  -49.734  -77.825  -0.716 0.1000000015
10526  -48.932  -84.718  2.682 0.1000000015
126686  -48.219  -85.071  1.708 0.1000000015
16866  -50.371  -77.217  -3.179 0.1000000015
139931  -49.659  -77.104  -1.853 0.1000000015
125682  -49.695  -78.294  0.668 0.1000000015
15146  -50.057  -78.974  1.309 0.1000000015
14328  -50.637  -80.067  1.372 0.1000000015
13476  -50.190  -81.327  2.597 0.1000000015
10561  -48.275  -85.208  1.189 0.1000000015
9824  -47.573  -85.287  -0.105 0.1000000015
16827  -49.187  -76.999  -0.231 0.1000000015
15979  -49.307  -77.634  0.995 0.1000000015
15960  -49.385  -78.078  1.643 0.1000000015
14327  -50.073  -79.515  2.193 0.1000000015
11979  -49.771  -83.241  2.128 0.1000000015
11998  -48.671  -83.759  1.468 0.1000000015
15136  -49.424  -78.718  2.474 0.1000000015
14311  -49.610  -79.685  2.857 0.1000000015
13462  -49.473  -80.390  3.111 0.1000000015
11978  -48.834  -82.933  2.203 0.1000000015
11324  -48.166  -85.144  0.320 0.1000000015
9835  -47.605  -85.278  -0.776 0.1000000015
11942  -50.253  -82.729  5.238 0.1000000015
12672  -49.430  -82.204  5.538 0.2000000030
12671  -47.918  -81.855  5.895 0.1000000015
12664  -47.317  -81.390  6.375 0.2000000030
12663  -46.517  -81.410  6.774 0.2000000030
139787  -51.852  -82.767  5.014 0.1000000015
147018  -51.641  -83.110  4.586 0.1000000015
17770  -52.722  -75.141  -9.585 0.1000000015
132320  -52.336  -75.588  -8.335 0.1000000015
11247  -50.668  -83.808  4.056 0.1000000015
11259  -49.889  -84.478  3.282 0.1000000015
10528  -50.324  -84.493  2.651 0.1000000015
16934  -51.545  -76.148  -5.320 0.1000000015
16059  -51.152  -77.812  -3.623 0.1000000015
10527  -49.742  -84.829  2.348 0.1000000015
15206  -51.580  -78.448  -3.337 0.1000000015
15182  -50.845  -78.943  -2.090 0.1000000015
15171  -50.753  -79.552  -0.696 0.1000000015
13514  -51.368  -80.926  0.304 0.1000000015
13477  -51.199  -81.908  1.618 0.1000000015
11281  -50.326  -84.341  1.977 0.1000000015
10562  -48.861  -85.167  1.589 0.1000000015
11280  -49.641  -84.298  1.659 0.1000000015
10572  -48.654  -85.080  1.224 0.1000000015
13449  -53.512  -80.469  4.014 0.1000000015
13448  -53.261  -80.525  4.447 0.1000000015
12677  -53.133  -81.195  3.762 0.1000000015
146704  -53.294  -81.040  4.294 0.1000000015
12675  -52.280  -81.511  5.390 0.1000000015
12674  -51.182  -81.578  5.633 0.2000000030
13443  -50.215  -81.269  5.829 0.2000000030
12673  -50.271  -81.954  5.619 0.2000000030
13440  -49.641  -80.642  6.142 0.2000000030
134276  -48.762  -80.592  6.396 0.2000000030
11955  -52.030  -82.909  4.329 0.1000000015
12685  -52.601  -82.051  3.195 0.1000000015
11964  -52.215  -82.843  2.555 0.1000000015
145392  -52.750  -74.918  -8.609 0.1000000015
18549  -53.167  -74.385  -8.166 0.1000000015
17741  -52.039  -75.297  -5.767 0.1000000015
11248  -51.442  -83.511  3.836 0.1000000015
11980  -51.820  -83.201  2.068 0.1000000015
18573  -52.789  -74.713  -9.772 0.1000000015
133116  -52.918  -73.954  -9.581 0.1000000015
124315  -52.308  -75.170  -7.235 0.1000000015
16935  -51.956  -76.173  -5.042 0.1000000015
16075  -51.918  -77.319  -4.308 0.1000000015
16060  -51.870  -78.110  -3.689 0.1000000015
14368  -51.649  -79.616  -2.301 0.1000000015
13533  -52.009  -81.094  -1.115 0.1000000015
13492  -51.850  -82.107  0.394 0.1000000015
12712  -52.054  -82.443  0.675 0.1000000015
135136  -51.112  -83.430  2.084 0.1000000015
18572  -52.458  -74.804  -9.762 0.1000000015
124362  -51.191  -79.593  -1.625 0.1000000015
13532  -51.509  -80.690  -0.651 0.1000000015
145553  -51.862  -82.709  1.025 0.1000000015
18571  -51.093  -74.863  -9.066 0.1000000015
17781  -50.673  -75.515  -9.552 0.1000000015
18570  -49.714  -74.844  -8.698 0.1000000015
15961  -51.274  -77.812  1.905 0.1000000015
14313  -52.339  -79.286  2.409 0.1000000015
15980  -51.015  -77.431  0.932 0.1000000015
15981  -51.566  -78.449  0.790 0.1000000015
14277  -53.587  -79.690  3.813 0.1000000015
13446  -52.543  -80.524  5.207 0.1000000015
13445  -51.571  -80.757  5.630 0.2000000030
139321  -51.023  -77.127  0.054 0.1000000015
14330  -52.439  -80.115  1.288 0.1000000015
133530  -52.582  -80.239  2.312 0.1000000015
16829  -51.510  -77.409  -0.935 0.1000000015
14345  -52.224  -79.549  0.407 0.1000000015
20140  -51.114  -72.474  -6.792 0.1000000015
20148  -51.949  -72.900  -7.836 0.1000000015
19351  -52.811  -73.285  -9.035 0.1000000015
19359  -53.587  -73.334  -9.243 0.1000000015
18561  -53.652  -73.643  -9.165 0.1000000015
18536  -52.541  -74.497  -6.598 0.1000000015
146567  -51.320  -76.621  -1.265 0.1000000015
140951  -52.014  -78.446  -1.092 0.1000000015
145310  -52.546  -80.725  1.518 0.1000000015
12700  -52.327  -82.581  1.926 0.1000000015
18574  -53.323  -73.833  -9.380 0.1000000015
141393  -52.162  -75.200  -5.075 0.1000000015
17701  -52.318  -76.322  -4.126 0.1000000015
16894  -52.393  -77.012  -3.871 0.1000000015
14358  -52.433  -80.508  -1.064 0.1000000015
13516  -52.304  -81.247  -0.501 0.1000000015
141021  -52.079  -82.959  1.654 0.1000000015
20147  -50.831  -73.122  -7.262 0.1000000015
16076  -52.225  -76.857  -4.371 0.1000000015
16042  -52.423  -78.176  -3.167 0.1000000015
14382  -52.226  -79.692  -2.372 0.1000000015
14370  -52.325  -80.175  -1.737 0.1000000015
12729  -52.173  -81.910  0.088 0.1000000015
19350  -51.773  -73.551  -8.360 0.1000000015
19358  -51.488  -74.220  -8.736 0.1000000015
19349  -50.512  -73.734  -7.733 0.1000000015
19348  -49.358  -73.741  -7.563 0.1000000015
18558  -48.985  -74.248  -8.052 0.1000000015
18569  -48.554  -74.542  -8.733 0.1000000015
15137  -51.970  -78.269  2.544 0.1000000015
16828  -50.800  -76.356  -0.316 0.1000000015
17655  -50.527  -75.293  -0.244 0.1000000015
16798  -50.746  -76.710  1.958 0.1000000015
14276  -53.612  -79.769  4.056 0.1000000015
16845  -50.853  -75.791  -1.118 0.1000000015
18496  -50.579  -74.165  -1.452 0.1000000015
15938  -51.473  -77.185  2.408 0.1000000015
14271  -53.009  -79.674  4.606 0.1000000015
17682  -51.470  -75.273  -2.742 0.1000000015
17681  -51.012  -75.244  -1.864 0.1000000015
144319  -51.643  -79.986  5.531 0.2000000030
19360  -54.129  -73.035  -9.176 0.1000000015
18550  -53.679  -73.658  -8.348 0.1000000015
15183  -52.128  -78.132  -1.705 0.1000000015
14270  -52.077  -79.401  5.216 0.1000000015
14269  -50.996  -79.006  5.655 0.2000000030
20149  -53.108  -72.740  -8.783 0.1000000015
18525  -52.092  -74.535  -4.770 0.1000000015
16893  -52.234  -76.575  -3.526 0.1000000015
16867  -51.982  -76.777  -2.774 0.1000000015
15184  -52.517  -78.967  -1.800 0.1000000015
20139  -49.957  -72.602  -6.537 0.1000000015
20146  -49.635  -73.197  -7.044 0.1000000015
20138  -48.767  -72.552  -6.632 0.1000000015
20137  -47.971  -72.025  -6.874 0.1000000015
20145  -48.810  -73.217  -7.183 0.1000000015
19346  -48.139  -72.806  -7.431 0.1000000015
19357  -48.303  -73.916  -8.329 0.1000000015
19300  -50.603  -73.411  -1.928 0.1000000015
19292  -50.430  -73.228  -1.035 0.1000000015
18485  -50.399  -73.949  -0.566 0.1000000015
20106  -51.168  -72.861  -3.190 0.1000000015
124756  -50.555  -74.825  -0.919 0.1000000015
18475  -50.370  -74.728  0.506 0.1000000015
18504  -50.928  -74.354  -2.331 0.1000000015
127553  -50.367  -75.012  1.230 0.1000000015
15123  -53.561  -78.977  3.461 0.1000000015
19320  -51.832  -73.869  -4.335 0.1000000015
19301  -50.995  -73.578  -2.766 0.1000000015
16771  -51.121  -76.322  2.339 0.1000000015
131178  -51.257  -71.876  -6.395 0.1000000015
20954  -52.188  -72.090  -7.380 0.1000000015
20961  -53.557  -72.036  -8.521 0.1000000015
20155  -54.117  -72.745  -9.150 0.1000000015
19353  -54.497  -72.439  -9.039 0.1000000015
19330  -52.633  -73.775  -5.963 0.1000000015
19321  -52.265  -73.632  -4.980 0.1000000015
18505  -51.448  -74.513  -3.187 0.1000000015
15939  -52.203  -77.629  2.684 0.1000000015
15104  -53.689  -79.020  3.769 0.1000000015
20953  -50.366  -72.021  -6.055 0.1000000015
19341  -53.169  -73.823  -7.109 0.1000000015
18526  -52.298  -74.467  -5.533 0.1000000015
17700  -51.941  -75.563  -3.612 0.1000000015
15094  -52.489  -78.581  4.736 0.1000000015
20952  -49.250  -72.001  -5.966 0.1000000015
20951  -48.443  -71.711  -6.190 0.1000000015
20950  -47.831  -71.295  -6.560 0.1000000015
22655  -47.523  -70.025  -7.236 0.1000000015
20960  -47.592  -71.421  -7.370 0.1000000015
22659  -47.673  -70.086  -8.299 0.1000000015
136419  -50.895  -72.143  -2.802 0.1000000015
129248  -50.570  -71.808  -2.120 0.1000000015
20097  -50.480  -72.487  -1.554 0.1000000015
128208  -51.448  -72.114  -3.537 0.1000000015
19282  -50.396  -73.168  -0.182 0.1000000015
20931  -52.111  -72.089  -4.377 0.1000000015
126202  -50.360  -73.940  0.268 0.1000000015
147437  -50.706  -76.096  2.120 0.1000000015
20118  -52.422  -72.755  -4.934 0.1000000015
133440  -52.680  -72.087  -5.069 0.1000000015
123566  -50.437  -74.215  1.115 0.1000000015
20943  -50.844  -71.429  -5.695 0.1000000015
20156  -54.589  -72.559  -9.142 0.1000000015
19331  -53.285  -73.162  -6.356 0.1000000015
134841  -52.690  -73.168  -5.519 0.1000000015
20130  -53.122  -72.563  -5.654 0.1000000015
139391  -50.838  -75.618  2.180 0.1000000015
133348  -53.047  -77.629  2.842 0.1000000015
20942  -49.729  -71.472  -5.460 0.1000000015
20944  -51.813  -71.298  -6.420 0.1000000015
20967  -54.665  -72.100  -9.040 0.1000000015
20150  -54.555  -72.539  -8.341 0.1000000015
16772  -52.133  -76.797  2.665 0.1000000015
21816  -48.515  -70.662  -5.164 0.1000000015
21815  -47.879  -70.292  -5.588 0.1000000015
23468  -47.511  -68.915  -6.018 0.1000000015
21825  -47.651  -70.560  -6.384 0.1000000015
23480  -47.596  -69.016  -6.939 0.1000000015
23487  -47.779  -69.308  -7.877 0.1000000015
20947  -55.327  -70.739  -7.359 0.1000000015
20933  -53.533  -70.949  -5.423 0.1000000015
20932  -52.639  -71.310  -4.716 0.1000000015
21829  -55.592  -70.350  -8.111 0.1000000015
20914  -50.469  -71.575  -1.300 0.1000000015
20962  -55.036  -71.200  -8.608 0.1000000015
131066  -55.061  -71.722  -8.625 0.1000000015
20956  -54.978  -71.536  -7.495 0.1000000015
20945  -53.433  -71.792  -5.610 0.1000000015
142693  -50.516  -72.028  -0.256 0.1000000015
21818  -50.262  -70.889  -5.011 0.1000000015
20955  -52.885  -71.256  -7.438 0.1000000015
20151  -54.913  -72.043  -8.815 0.1000000015
20141  -54.983  -72.032  -8.080 0.1000000015
19257  -50.704  -73.586  1.240 0.1000000015
21817  -49.240  -70.893  -4.926 0.1000000015
17615  -51.630  -75.720  2.472 0.1000000015
126656  -54.048  -77.799  2.962 0.1000000015
22636  -48.222  -69.974  -4.840 0.1000000015
22635  -47.709  -69.491  -5.400 0.1000000015
24302  -47.559  -68.121  -5.884 0.1000000015
24303  -47.835  -67.657  -6.545 0.1000000015
24316  -47.625  -68.373  -6.501 0.1000000015
25128  -48.895  -66.557  -7.338 0.1000000015
23481  -47.962  -68.616  -7.646 0.1000000015
20923  -51.791  -71.297  -3.826 0.1000000015
20919  -51.023  -71.293  -2.846 0.1000000015
21790  -51.111  -70.355  -2.480 0.1000000015
20918  -50.578  -70.894  -1.902 0.1000000015
21802  -50.605  -70.151  -4.616 0.1000000015
21827  -52.463  -70.498  -6.528 0.1000000015
21828  -53.578  -70.443  -7.553 0.1000000015
21835  -55.433  -70.475  -8.312 0.1000000015
22620  -48.616  -69.564  -4.179 0.1000000015
21801  -49.665  -70.342  -4.402 0.1000000015
21819  -51.407  -70.548  -5.529 0.1000000015
127385  -54.169  -71.271  -8.397 0.1000000015
19272  -50.532  -73.265  0.609 0.1000000015
22619  -48.020  -69.186  -4.634 0.1000000015
23455  -47.628  -68.666  -5.246 0.1000000015
136231  -47.603  -66.900  -5.052 0.1000000015
25117  -47.708  -67.294  -5.847 0.1000000015
144147  -47.882  -66.584  -5.804 0.1000000015
25118  -48.221  -66.764  -6.534 0.1000000015
25955  -48.698  -65.243  -6.458 0.1000000015
25962  -48.693  -66.017  -6.764 0.1000000015
25963  -49.465  -65.630  -7.363 0.1000000015
21830  -55.695  -69.659  -8.215 0.1000000015
21805  -53.651  -70.124  -5.186 0.1000000015
21804  -52.978  -70.528  -4.699 0.1000000015
21795  -52.278  -70.446  -3.949 0.1000000015
22624  -52.907  -69.718  -4.317 0.1000000015
22656  -55.403  -69.536  -8.222 0.1000000015
21834  -54.836  -70.444  -8.364 0.1000000015
23441  -47.858  -68.373  -4.461 0.1000000015
23442  -48.383  -68.816  -3.924 0.1000000015
25103  -47.810  -66.058  -5.354 0.1000000015
25956  -49.471  -64.650  -7.070 0.1000000015
21820  -54.468  -70.542  -6.105 0.1000000015
22638  -54.549  -69.739  -5.817 0.1000000015
22649  -54.261  -69.633  -7.685 0.1000000015
22621  -49.262  -69.745  -3.945 0.1000000015
22622  -50.046  -69.733  -3.959 0.1000000015
22637  -52.272  -69.753  -5.851 0.1000000015
22648  -53.128  -69.720  -6.756 0.1000000015
144067  -47.680  -66.859  -4.229 0.1000000015
25941  -48.120  -65.440  -5.691 0.1000000015
144858  -48.810  -64.428  -6.431 0.1000000015
27819  -49.299  -63.740  -6.744 0.1000000015
27827  -49.753  -63.098  -7.255 0.1000000015
23482  -55.775  -68.777  -8.223 0.1000000015
128111  -52.866  -69.096  -6.245 0.1000000015
23469  -53.758  -68.910  -7.043 0.1000000015
23470  -54.948  -68.747  -7.986 0.1000000015
23432  -48.725  -68.341  -3.384 0.1000000015
22611  -49.635  -69.138  -3.562 0.1000000015
22623  -50.805  -69.431  -4.369 0.1000000015
21803  -51.488  -69.586  -5.046 0.1000000015
24283  -48.174  -68.022  -3.740 0.1000000015
26891  -48.486  -63.866  -6.055 0.1000000015
137323  -49.274  -62.969  -6.707 0.1000000015
28762  -49.491  -62.400  -6.916 0.1000000015
23456  -52.277  -68.911  -5.477 0.1000000015
23434  -50.502  -68.951  -3.826 0.1000000015
23443  -51.478  -68.689  -4.538 0.1000000015
25075  -47.769  -66.408  -3.681 0.1000000015
25940  -47.686  -65.316  -4.832 0.1000000015
143574  -48.178  -64.662  -5.648 0.1000000015
27818  -48.707  -63.145  -6.274 0.1000000015
29644  -49.150  -61.786  -6.543 0.1000000015
24269  -47.997  -67.202  -3.636 0.1000000015
25091  -47.631  -66.196  -4.500 0.1000000015
26877  -47.631  -64.314  -4.662 0.1000000015
26878  -47.976  -63.912  -5.374 0.1000000015
27810  -48.158  -63.249  -5.584 0.1000000015
28756  -48.406  -62.530  -5.862 0.1000000015
29643  -48.624  -61.947  -6.115 0.1000000015
29639  -48.147  -61.860  -5.462 0.1000000015
25925  -47.605  -65.605  -3.877 0.1000000015
27809  -47.662  -63.399  -4.847 0.1000000015
28755  -47.804  -62.595  -5.139 0.1000000015
8275  -43.570  -86.895  2.161 0.1000000015
7551  -43.672  -87.989  0.956 0.1000000015
9023  -43.820  -86.534  0.519 0.1000000015
8306  -43.773  -87.022  -0.086 0.1000000015
10559  -44.901  -84.738  1.884 0.1000000015
9040  -44.382  -86.521  -0.320 0.1000000015
9822  -45.178  -85.561  0.280 0.1000000015
11243  -46.429  -83.313  4.082 0.1000000015
9787  -44.183  -85.001  2.593 0.1000000015
11257  -46.900  -83.820  3.219 0.1000000015
9805  -45.398  -85.156  0.922 0.1000000015
139596  -47.153  -85.126  0.677 0.1000000015
15937  -48.910  -77.909  2.360 0.1000000015
12696  -47.410  -81.759  2.505 0.1000000015
141139  -48.198  -82.105  2.664 0.1000000015
11940  -47.663  -82.422  5.412 0.1000000015
132270  -48.606  -82.372  5.436 0.2000000030
16915  -51.222  -76.666  -4.718 0.1000000015
15158  -50.027  -78.474  -0.254 0.1000000015
136363  -49.488  -77.700  0.177 0.1000000015
14344  -50.724  -79.827  0.295 0.1000000015
131628  -51.164  -81.077  1.282 0.1000000015
12697  -48.939  -82.014  2.908 0.1000000015
12698  -49.990  -82.357  2.495 0.1000000015
10563  -49.284  -85.063  1.709 0.1000000015
133787  -51.922  -82.183  5.358 0.1000000015
12666  -49.323  -81.370  5.943 0.2000000030
141000  -52.930  -81.682  4.281 0.1000000015
11260  -50.894  -84.086  3.060 0.1000000015
10543  -50.062  -84.717  1.971 0.1000000015
16916  -51.890  -76.677  -4.716 0.1000000015
15193  -51.446  -78.907  -2.797 0.1000000015
13515  -51.965  -81.612  -0.468 0.1000000015
139668  -50.728  -83.663  1.959 0.1000000015
11306  -49.728  -84.869  1.801 0.1000000015
129860  -52.611  -81.657  2.542 0.1000000015
12699  -51.942  -82.903  1.383 0.1000000015
15208  -52.140  -78.597  -3.311 0.1000000015
15194  -52.364  -78.953  -2.842 0.1000000015
14369  -52.064  -80.064  -2.164 0.1000000015
12728  -52.031  -81.520  -0.552 0.1000000015
18582  -51.938  -75.214  -10.037 0.1000000015
17645  -50.451  -75.596  0.630 0.1000000015
14329  -51.776  -78.901  1.804 0.1000000015
15172  -52.144  -79.021  -0.500 0.1000000015
13441  -49.900  -79.915  6.213 0.2000000030
14346  -52.526  -80.577  -0.146 0.1000000015
135049  -51.453  -76.275  -1.911 0.1000000015
15173  -52.504  -79.689  -1.387 0.1000000015
15160  -52.541  -79.968  -0.654 0.1000000015
13493  -52.498  -81.314  0.553 0.1000000015
16041  -52.389  -77.668  -2.856 0.1000000015
15103  -53.513  -78.959  4.159 0.1000000015
20144  -47.639  -72.076  -7.630 0.1000000015
20117  -51.760  -72.992  -4.155 0.1000000015
21826  -48.151  -71.029  -5.833 0.1000000015
21837  -47.525  -70.754  -7.864 0.1000000015
20131  -54.233  -72.343  -6.852 0.1000000015
20946  -54.381  -71.359  -6.403 0.1000000015
132393  -48.372  -67.371  -7.254 0.1000000015
19936  -54.757  -72.609  9.386 0.5000000000
12581  -53.185  -81.136  13.264 0.5000000000
13340  -54.604  -79.611  13.255 0.5000000000
19948  -54.012  -72.717  8.625 0.5000000000
19157  -55.580  -72.643  10.130 0.5000000000
13351  -54.643  -79.527  12.446 0.5000000000
19982  -53.044  -72.799  6.289 0.5000000000
19962  -53.047  -72.948  7.214 0.5000000000
19963  -53.827  -72.763  7.803 0.5000000000
14995  -55.382  -78.873  12.319 0.5000000000
19983  -53.859  -72.805  6.876 0.5000000000
19995  -53.932  -72.661  5.749 0.4000000060
122956  -54.586  -72.782  7.517 0.4000000060
14210  -53.677  -79.132  11.265 0.5000000000
14209  -52.815  -79.197  11.000 0.5000000000
15032  -53.294  -78.533  10.809 0.5000000000
15858  -52.852  -77.828  10.315 0.5000000000
16702  -53.407  -75.990  8.805 0.5000000000
16696  -53.794  -76.385  9.575 0.5000000000
17531  -54.711  -75.450  7.452 0.4000000060
124616  -56.932  -75.318  5.671 0.4000000060
12544  -53.103  -82.481  17.700 0.1000000015
13330  -54.023  -79.937  14.056 0.5000000000
19189  -53.101  -72.979  8.053 0.5000000000
19156  -53.523  -73.120  9.291 0.5000000000
18351  -54.889  -73.403  10.849 0.5000000000
18339  -56.701  -73.593  11.722 0.4000000060
14173  -55.434  -79.050  12.948 0.5000000000
125527  -52.300  -72.738  5.770 0.5000000000
134994  -52.316  -72.484  5.069 0.5000000000
20820  -51.513  -71.552  4.068 0.5000000000
20006  -51.969  -72.106  4.582 0.5000000000
19994  -52.963  -72.582  5.347 0.5000000000
20837  -52.000  -70.794  3.543 0.4000000060
20007  -52.757  -72.180  4.604 0.3000000119
20008  -53.579  -72.322  4.770 0.4000000060
19984  -54.924  -72.881  6.646 0.4000000060
20822  -53.368  -71.611  4.138 0.3000000119
19950  -55.784  -72.609  9.052 0.6999999881
19158  -56.489  -72.982  10.254 0.5000000000
20821  -52.462  -71.535  4.011 0.3000000119
20838  -53.074  -70.854  3.615 0.3000000119
139995  -54.375  -72.395  4.877 0.4000000060
145542  -55.211  -72.950  7.355 0.5000000000
19176  -56.177  -72.900  9.106 0.6000000238
17514  -56.683  -74.500  10.207 0.6000000238
16683  -57.509  -75.913  11.985 0.6000000238
14195  -54.473  -79.379  11.775 0.3000000119
128798  -54.251  -71.791  4.383 0.3000000119
19996  -55.026  -72.669  5.530 0.4000000060
19213  -56.130  -73.394  7.201 0.5000000000
18361  -56.575  -74.190  9.507 0.6000000238
16698  -55.426  -75.835  10.168 0.6000000238
145599  -54.746  -78.093  11.224 0.5000000000
15033  -54.220  -78.620  11.241 0.5000000000
20823  -55.024  -71.189  4.186 0.4000000060
20009  -55.266  -72.098  4.654 0.4000000060
19985  -55.987  -73.099  6.157 0.5000000000
19192  -56.737  -74.128  7.509 0.5000000000
146682  -55.103  -75.613  9.538 0.5000000000
16690  -54.235  -76.882  10.310 0.5000000000
21712  -55.068  -70.139  3.988 0.4000000060
21696  -55.752  -70.483  4.188 0.4000000060
20010  -56.583  -72.156  4.873 0.5000000000
19226  -56.992  -73.530  6.488 0.5000000000
18388  -56.445  -74.363  7.884 0.4000000060
17512  -54.358  -75.702  9.015 0.5000000000
20824  -56.026  -71.399  4.444 0.4000000060
20825  -57.339  -71.405  4.702 0.5000000000
19214  -57.401  -74.180  6.812 0.5000000000
18389  -57.040  -74.662  7.047 0.4000000060
17517  -54.705  -75.454  8.277 0.4000000060
20826  -58.618  -71.229  4.891 0.5000000000
19228  -58.601  -73.483  5.755 0.4000000060
17550  -56.879  -75.276  6.518 0.4000000060
135500  -55.740  -75.452  6.284 0.4000000060
19999  -59.128  -72.643  5.389 0.3000000119
19231  -59.203  -72.767  5.003 0.4000000060
17566  -58.075  -74.457  5.396 0.3000000119
18443  -58.259  -74.026  4.561 0.3000000119
18442  -57.374  -74.595  4.248 0.3000000119
12533  -53.268  -81.955  18.417 0.1000000015
11795  -52.722  -82.612  17.999 0.1000000015
13290  -54.302  -80.982  18.834 0.1000000015
13289  -53.667  -81.570  18.285 0.1000000015
14122  -54.206  -79.715  16.093 0.4000000060
13317  -53.551  -80.637  15.958 0.4000000060
13329  -53.480  -80.510  14.734 0.5000000000
13318  -54.085  -79.758  15.046 0.4000000060
14138  -54.914  -79.216  14.224 0.5000000000
145769  -55.264  -79.135  13.470 0.5000000000
18350  -53.771  -73.818  10.649 0.5000000000
19145  -54.306  -73.106  10.043 0.5000000000
132141  -55.652  -73.671  11.597 0.4000000060
14982  -56.549  -78.045  13.615 0.5000000000
14156  -55.865  -78.640  13.715 0.5000000000
19212  -52.283  -73.004  6.603 0.5000000000
19188  -52.258  -73.178  7.478 0.5000000000
19175  -53.142  -73.094  8.642 0.5000000000
19993  -51.681  -72.533  5.216 0.5000000000
15798  -57.507  -76.291  13.082 0.6000000238
127487  -52.013  -70.010  3.380 0.2000000030
21710  -52.771  -70.074  3.463 0.3000000119
21711  -53.675  -70.036  3.632 0.3000000119
20839  -54.121  -70.833  3.827 0.4000000060
22511  -52.557  -69.184  3.504 0.3000000119
126990  -53.386  -69.370  3.573 0.3000000119
23348  -53.815  -68.351  3.231 0.4000000060
123741  -54.444  -69.854  3.775 0.4000000060
142299  -54.531  -68.916  3.493 0.3000000119
22513  -55.013  -69.435  3.728 0.4000000060
21713  -56.035  -69.742  4.021 0.4000000060
21697  -56.751  -70.416  4.328 0.4000000060
22514  -55.651  -69.337  3.623 0.3000000119
21714  -57.260  -69.954  4.171 0.3000000119
21698  -57.981  -70.587  4.503 0.4000000060
147504  -57.176  -69.630  3.502 0.3000000119
21715  -58.299  -70.347  4.085 0.3000000119
20013  -59.345  -72.141  4.977 0.4000000060
19240  -59.136  -72.546  4.540 0.3000000119
22531  -57.742  -69.744  2.950 0.2000000030
22532  -58.351  -70.153  2.578 0.2000000030
134421  -58.577  -71.006  3.194 0.3000000119
20021  -58.662  -72.597  3.714 0.3000000119
22550  -58.155  -69.889  1.743 0.1000000015
21738  -58.335  -70.213  1.263 0.2000000030
20031  -58.552  -71.794  3.403 0.4000000060
24242  -58.999  -67.855  -1.630 0.1000000015
14107  -54.536  -79.924  18.210 0.1000000015
13304  -54.141  -80.531  17.472 0.1000000015
127440  -54.728  -79.066  16.744 0.2000000030
14948  -55.498  -78.272  15.744 0.5000000000
125368  -54.889  -79.003  15.415 0.4000000060
14139  -55.701  -78.477  14.763 0.4000000060
19144  -53.173  -73.675  10.036 0.5000000000
144872  -54.143  -73.946  11.059 0.4000000060
18326  -55.137  -74.381  12.038 0.4000000060
17484  -56.664  -74.751  12.890 0.4000000060
16665  -57.278  -76.130  13.612 0.5000000000
130413  -56.370  -78.015  14.363 0.5000000000
19174  -52.283  -73.325  8.335 0.5000000000
134526  -52.674  -73.340  8.949 0.4000000060
15797  -57.257  -76.852  13.521 0.4000000060
20819  -50.577  -71.645  4.188 0.4000000060
19992  -50.902  -72.621  5.383 0.4000000060
19981  -51.563  -72.882  5.976 0.5000000000
20836  -50.950  -71.011  3.639 0.4000000060
20005  -51.130  -72.150  4.681 0.5000000000
21708  -50.353  -70.449  3.468 0.3000000119
21709  -51.247  -70.290  3.417 0.3000000119
22510  -51.545  -69.465  3.393 0.3000000119
23331  -51.746  -67.981  3.503 0.2000000030
23332  -52.612  -68.185  3.505 0.2000000030
24167  -51.582  -67.336  3.423 0.1000000015
24168  -52.289  -67.401  3.330 0.1000000015
24169  -53.118  -67.867  3.318 0.3000000119
24181  -52.675  -67.257  2.901 0.2000000030
24182  -53.482  -67.788  2.695 0.2000000030
23334  -55.161  -68.900  3.228 0.2000000030
147499  -55.868  -69.112  3.031 0.2000000030
24195  -54.109  -67.997  1.074 0.2000000030
23362  -55.581  -68.833  1.335 0.2000000030
22549  -56.679  -69.360  2.032 0.2000000030
23377  -54.818  -68.345  0.887 0.2000000030
23378  -55.623  -68.402  0.447 0.1000000015
22566  -57.680  -69.568  1.051 0.2000000030
23395  -55.609  -67.832  -0.162 0.1000000015
23396  -56.811  -68.406  -0.123 0.1000000015
23379  -58.028  -69.165  0.243 0.1000000015
22567  -58.409  -69.747  0.429 0.1000000015
24218  -57.572  -67.835  -0.819 0.1000000015
22583  -58.672  -69.150  -0.369 0.1000000015
24241  -58.244  -67.406  -1.450 0.1000000015
24219  -58.615  -68.134  -0.993 0.1000000015
25897  -59.655  -65.524  -3.693 0.1000000015
14934  -55.123  -78.247  16.609 0.3000000119
14935  -55.496  -77.921  15.970 0.3000000119
16634  -53.562  -76.769  15.362 0.3000000119
16635  -54.548  -76.953  15.260 0.3000000119
15774  -55.730  -77.739  15.371 0.3000000119
132618  -56.010  -77.955  15.129 0.3000000119
17465  -53.645  -76.063  13.265 0.3000000119
16647  -55.086  -76.684  14.644 0.3000000119
16648  -56.172  -76.722  14.499 0.5000000000
14964  -56.276  -77.388  14.634 0.5000000000
144605  -52.822  -74.909  11.145 0.4000000060
17499  -54.066  -75.022  12.006 0.5000000000
17466  -54.905  -75.814  13.412 0.4000000060
17483  -55.315  -75.023  12.727 0.4000000060
16664  -56.715  -76.137  13.929 0.5000000000
128650  -50.061  -73.159  6.233 0.4000000060
19210  -50.575  -73.350  6.853 0.4000000060
144430  -51.495  -73.626  8.448 0.5000000000
19154  -51.934  -73.648  8.979 0.5000000000
138669  -49.338  -72.238  4.739 0.4000000060
20818  -49.659  -71.742  4.261 0.4000000060
20004  -50.177  -72.294  4.826 0.4000000060
19980  -50.781  -73.014  6.122 0.5000000000
21707  -49.499  -70.546  3.539 0.4000000060
20835  -50.023  -71.140  3.739 0.4000000060
20834  -49.164  -71.219  3.830 0.4000000060
131005  -48.924  -69.860  3.427 0.3000000119
132273  -50.085  -69.138  3.280 0.3000000119
22509  -50.644  -69.675  3.343 0.3000000119
23329  -49.951  -68.395  3.295 0.3000000119
24166  -50.823  -67.785  3.404 0.2000000030
126242  -50.932  -66.860  3.410 0.1000000015
24990  -51.730  -66.886  3.294 0.1000000015
25001  -52.011  -66.643  2.988 0.1000000015
133303  -52.329  -66.669  2.324 0.1000000015
24193  -52.850  -67.111  1.963 0.2000000030
25818  -51.871  -65.952  2.083 0.1000000015
25015  -52.523  -66.394  1.568 0.1000000015
24194  -53.472  -67.534  1.532 0.2000000030
24203  -53.672  -67.282  0.652 0.2000000030
24204  -54.585  -67.588  0.219 0.1000000015
25028  -53.929  -66.834  0.119 0.1000000015
24216  -55.123  -67.075  -0.487 0.1000000015
130277  -54.880  -66.308  -0.655 0.1000000015
24217  -56.196  -67.469  -0.652 0.1000000015
25035  -56.720  -66.914  -1.303 0.1000000015
25046  -57.399  -66.341  -1.861 0.1000000015
25896  -58.809  -65.101  -2.971 0.1000000015
26846  -60.921  -63.727  -4.331 0.1000000015
28722  -61.238  -62.706  -3.788 0.1000000015
29613  -59.476  -61.690  -2.589 0.1000000015
16622  -53.380  -76.951  16.126 0.3000000119
128593  -54.056  -77.783  17.676 0.2000000030
16645  -52.906  -76.484  14.771 0.3000000119
17481  -53.033  -75.749  12.405 0.4000000060
17480  -51.867  -75.803  12.462 0.3000000119
19209  -49.582  -73.449  6.838 0.3000000119
19173  -50.744  -73.822  8.248 0.4000000060
18359  -51.594  -74.294  9.618 0.4000000060
17497  -51.468  -75.610  11.668 0.3000000119
19990  -48.683  -72.529  5.172 0.3000000119
19979  -49.286  -73.014  5.912 0.3000000119
18347  -50.858  -74.994  10.148 0.4000000060
17507  -51.165  -75.376  10.908 0.4000000060
20817  -48.401  -71.097  3.936 0.3000000119
138575  -48.706  -71.833  4.391 0.3000000119
141975  -48.276  -69.672  3.556 0.3000000119
22507  -48.566  -69.042  3.403 0.3000000119
130887  -49.345  -69.052  3.282 0.3000000119
24165  -49.845  -67.351  3.419 0.2000000030
136078  -50.614  -66.028  3.339 0.1000000015
25806  -50.343  -65.108  3.405 0.1000000015
24989  -51.322  -66.375  3.150 0.1000000015
26768  -51.459  -64.535  2.525 0.1000000015
25000  -51.461  -66.021  2.771 0.1000000015
26779  -51.842  -65.086  1.915 0.1000000015
25836  -52.430  -65.591  1.455 0.1000000015
25026  -52.907  -66.064  0.897 0.2000000030
25853  -53.481  -65.689  0.454 0.2000000030
25865  -54.459  -65.851  -0.414 0.1000000015
25854  -54.105  -65.400  0.094 0.1000000015
25034  -55.616  -66.557  -0.960 0.1000000015
26811  -55.340  -64.931  -0.688 0.1000000015
25882  -55.883  -65.072  -1.310 0.1000000015
25883  -56.747  -65.289  -1.900 0.1000000015
25895  -57.522  -64.845  -2.277 0.1000000015
26845  -59.900  -64.466  -3.587 0.1000000015
27769  -61.321  -63.085  -4.067 0.1000000015
27768  -60.500  -63.440  -3.474 0.1000000015
27750  -61.371  -62.431  -3.474 0.1000000015
29614  -61.143  -61.789  -3.115 0.1000000015
29605  -57.865  -61.858  -1.728 0.1000000015
15753  -53.098  -77.367  18.132 0.2000000030
14924  -53.719  -78.214  18.919 0.2000000030
16612  -52.373  -76.731  17.464 0.2000000030
16633  -52.655  -76.556  15.603 0.3000000119
17437  -50.987  -75.922  16.255 0.2000000030
16644  -51.975  -76.248  15.067 0.3000000119
17453  -52.244  -76.208  14.173 0.3000000119
19186  -50.264  -73.662  7.539 0.3000000119
18374  -50.276  -74.319  8.742 0.3000000119
128831  -48.768  -73.344  6.524 0.3000000119
134122  -50.586  -74.610  9.411 0.3000000119
135823  -47.850  -71.527  4.407 0.3000000119
19989  -47.746  -72.566  5.425 0.3000000119
17511  -49.834  -75.130  9.900 0.3000000119
17506  -50.247  -75.429  10.697 0.3000000119
17496  -50.557  -75.598  11.499 0.2000000030
17479  -50.899  -75.712  12.300 0.2000000030
20816  -47.142  -71.142  4.561 0.2000000030
21695  -47.744  -70.752  4.079 0.2000000030
21705  -47.743  -69.978  3.817 0.3000000119
23328  -48.951  -68.150  3.356 0.3000000119
140197  -48.929  -67.245  3.528 0.2000000030
24988  -50.129  -66.447  3.479 0.1000000015
24987  -49.299  -66.501  3.630 0.2000000030
25805  -49.702  -65.633  3.693 0.1000000015
27675  -51.109  -63.517  3.413 0.1000000015
27674  -50.540  -63.284  4.141 0.1000000015
142861  -52.203  -62.482  5.339 0.1000000015
26764  -51.060  -64.100  2.997 0.1000000015
123098  -51.895  -63.169  3.267 0.1000000015
28632  -52.265  -62.665  3.920 0.1000000015
28619  -53.738  -62.489  4.671 0.1000000015
28597  -53.478  -62.479  5.458 0.1000000015
28582  -55.173  -62.546  6.350 0.1000000015
26769  -52.098  -64.294  2.164 0.1000000015
27684  -52.422  -63.540  2.555 0.1000000015
27676  -52.813  -62.880  3.140 0.1000000015
133835  -53.209  -62.555  3.904 0.1000000015
28620  -54.646  -62.472  4.627 0.1000000015
28598  -54.888  -62.488  5.488 0.1000000015
26780  -52.548  -64.765  1.536 0.1000000015
27702  -52.897  -63.977  1.858 0.1000000015
26793  -53.715  -64.902  0.623 0.2000000030
26794  -54.486  -64.658  0.356 0.1000000015
26810  -54.733  -65.141  -0.320 0.1000000015
26827  -56.661  -64.712  -1.605 0.1000000015
26828  -57.601  -64.237  -1.917 0.1000000015
26844  -58.706  -64.313  -2.691 0.1000000015
27748  -58.844  -63.595  -2.299 0.1000000015
28723  -61.835  -62.053  -3.018 0.1000000015
29607  -61.621  -61.653  -2.732 0.1000000015
18307  -49.190  -75.025  14.639 0.2000000030
17451  -50.720  -75.656  14.868 0.2000000030
17452  -51.377  -75.922  14.530 0.3000000119
145577  -51.785  -75.868  13.065 0.3000000119
146188  -48.732  -74.794  14.300 0.2000000030
127632  -49.600  -75.227  15.346 0.2000000030
17462  -50.718  -75.610  13.998 0.2000000030
135305  -51.204  -75.746  13.075 0.3000000119
19185  -48.714  -73.719  7.314 0.3000000119
18372  -48.770  -74.475  8.588 0.3000000119
18357  -49.021  -74.874  9.278 0.3000000119
19977  -47.524  -72.986  6.183 0.3000000119
19184  -47.799  -73.732  7.474 0.3000000119
18371  -48.068  -74.493  8.938 0.3000000119
17504  -49.009  -75.233  10.091 0.3000000119
17505  -49.516  -75.387  10.551 0.3000000119
20811  -46.510  -71.429  5.298 0.2000000030
19988  -46.868  -72.395  5.794 0.3000000119
17478  -49.995  -75.532  12.227 0.2000000030
124811  -50.340  -75.524  13.100 0.2000000030
21694  -47.216  -70.289  4.325 0.2000000030
22498  -47.349  -69.481  4.180 0.2000000030
22506  -47.863  -69.201  3.671 0.3000000119
23320  -47.508  -68.635  4.134 0.3000000119
23327  -48.107  -68.403  3.618 0.3000000119
24163  -47.799  -67.956  3.968 0.3000000119
24986  -48.510  -66.657  3.968 0.2000000030
25801  -49.041  -65.221  4.273 0.2000000030
26760  -49.758  -63.812  4.378 0.1000000015
27685  -53.479  -63.285  2.412 0.1000000015
28633  -53.734  -62.692  3.154 0.1000000015
28634  -54.540  -62.609  3.272 0.1000000015
147196  -54.772  -62.483  3.890 0.1000000015
124980  -53.797  -63.771  1.662 0.1000000015
147782  -54.252  -63.351  2.067 0.1000000015
28635  -55.871  -62.633  3.193 0.1000000015
26781  -53.348  -64.465  1.262 0.1000000015
27703  -54.623  -63.612  1.552 0.1000000015
27704  -55.416  -63.399  1.622 0.1000000015
27687  -55.700  -62.984  2.323 0.1000000015
26782  -54.196  -64.201  1.054 0.1000000015
27716  -55.117  -63.939  0.879 0.1000000015
126027  -55.883  -63.559  1.148 0.1000000015
124942  -56.756  -63.454  1.016 0.1000000015
26795  -55.267  -64.496  0.017 0.1000000015
27717  -55.970  -63.894  0.432 0.1000000015
27730  -56.834  -63.712  -0.027 0.1000000015
26796  -56.087  -64.398  -0.585 0.1000000015
26812  -57.039  -64.017  -1.007 0.1000000015
27749  -60.685  -62.776  -2.738 0.1000000015
139872  -47.649  -74.413  15.028 0.3000000119
18314  -48.361  -74.616  13.941 0.3000000119
18324  -48.570  -74.784  13.020 0.3000000119
18315  -49.005  -74.945  13.825 0.2000000030
17461  -49.783  -75.280  13.906 0.2000000030
17477  -49.138  -75.270  12.189 0.3000000119
19207  -47.317  -73.314  6.926 0.3000000119
147174  -47.633  -74.518  9.666 0.3000000119
18336  -48.364  -75.008  11.099 0.3000000119
143732  -48.882  -75.293  11.447 0.3000000119
20806  -46.079  -71.822  6.117 0.2000000030
19183  -47.031  -73.568  7.682 0.3000000119
136183  -46.819  -73.741  8.375 0.3000000119
133271  -45.868  -71.152  5.839 0.2000000030
21689  -46.049  -70.600  5.477 0.2000000030
22497  -46.768  -69.699  4.693 0.2000000030
23319  -47.024  -69.054  4.592 0.2000000030
135466  -47.543  -68.028  4.448 0.3000000119
24156  -47.872  -67.328  4.349 0.2000000030
25800  -48.551  -65.823  4.435 0.2000000030
27731  -57.828  -63.483  -0.558 0.1000000015
137543  -57.893  -63.695  -1.410 0.1000000015
18293  -47.060  -74.278  15.285 0.1000000015
18304  -47.011  -74.153  14.615 0.2000000030
18305  -47.684  -74.376  14.264 0.3000000119
19107  -46.993  -74.047  13.778 0.3000000119
19120  -47.122  -74.113  12.975 0.3000000119
18355  -46.986  -74.284  10.080 0.3000000119
18344  -46.990  -74.313  11.041 0.3000000119
19168  -46.279  -73.213  8.028 0.3000000119
132483  -46.324  -73.523  8.878 0.3000000119
19975  -45.693  -71.964  6.925 0.2000000030
22490  -45.729  -69.979  5.727 0.1000000015
23307  -45.805  -69.320  5.812 0.1000000015
23308  -46.509  -69.038  5.249 0.2000000030
23309  -47.105  -68.463  4.850 0.2000000030
24148  -47.369  -67.783  5.123 0.2000000030
24980  -47.692  -67.055  4.978 0.3000000119
147175  -46.722  -73.861  13.238 0.3000000119
19136  -46.396  -73.783  11.567 0.3000000119
19167  -45.749  -72.957  8.695 0.3000000119
19152  -46.368  -73.732  9.712 0.3000000119
19143  -46.375  -73.801  10.619 0.3000000119
19946  -45.310  -72.345  8.534 0.2000000030
20784  -45.338  -71.989  7.794 0.2000000030
21680  -44.965  -70.846  7.143 0.1000000015
22488  -45.358  -69.742  6.271 0.1000000015
23300  -45.961  -68.571  5.962 0.1000000015
24147  -46.715  -68.306  5.557 0.1000000015
144769  -45.853  -73.340  12.793 0.3000000119
139813  -46.454  -73.728  12.587 0.3000000119
19135  -45.763  -73.354  11.125 0.3000000119
144014  -45.309  -72.590  9.202 0.2000000030
19935  -45.267  -72.766  9.921 0.3000000119
19142  -45.759  -73.326  10.242 0.3000000119
20783  -44.923  -71.789  8.405 0.2000000030
19945  -44.877  -72.054  8.980 0.2000000030
21666  -44.078  -70.721  8.782 0.1000000015
21665  -43.645  -70.042  8.873 0.1000000015
22466  -44.055  -69.971  8.108 0.1000000015
22487  -44.812  -69.557  6.818 0.1000000015
22483  -44.347  -69.338  7.448 0.1000000015
23299  -45.243  -68.869  6.463 0.1000000015
24137  -46.276  -67.941  6.153 0.1000000015
19908  -45.271  -72.921  12.551 0.2000000030
19922  -45.205  -72.853  11.637 0.2000000030
19925  -44.732  -72.335  10.343 0.2000000030
19926  -45.230  -72.833  10.734 0.2000000030
20773  -44.119  -71.251  9.454 0.1000000015
20774  -44.546  -71.753  9.360 0.2000000030
21652  -43.556  -70.514  9.583 0.1000000015
23298  -44.642  -68.866  6.993 0.1000000015
24136  -44.765  -68.160  6.906 0.1000000015
132632  -45.469  -67.986  6.502 0.1000000015
22465  -43.498  -69.351  8.597 0.1000000015
22482  -43.788  -68.998  7.937 0.1000000015
23295  -44.208  -68.447  7.457 0.1000000015
147894  -43.393  -68.675  8.413 0.1000000015
23294  -43.601  -68.120  7.962 0.1000000015
146411  -43.976  -67.902  7.598 0.1000000015
19147  -56.906  -73.372  10.810 0.4000000060
19937  -55.517  -72.509  9.463 0.5000000000
128362  -54.544  -72.626  8.222 0.5000000000
19146  -56.398  -72.969  10.513 0.4000000060
19190  -55.359  -72.835  8.092 0.5000000000
145563  -56.091  -72.594  9.782 0.6000000238
18329  -57.408  -74.407  12.230 0.5000000000
18327  -56.228  -74.102  12.313 0.4000000060
18328  -57.059  -74.116  12.348 0.4000000060
18352  -57.328  -74.039  10.930 0.5000000000
125159  -56.257  -78.380  12.894 0.5000000000
18353  -57.436  -74.297  11.608 0.6000000238
15008  -56.021  -78.234  12.168 0.5000000000
14194  -53.513  -79.814  11.532 0.5000000000
15839  -57.157  -76.898  12.288 0.5000000000
15873  -53.332  -77.089  10.038 0.5000000000
17516  -53.892  -75.606  8.231 0.4000000060
17515  -53.013  -75.677  8.010 0.4000000060
17549  -55.846  -75.354  7.106 0.4000000060
17578  -57.200  -75.057  5.096 0.3000000119
17565  -57.631  -75.059  5.956 0.4000000060
126487  -53.533  -81.491  17.207 0.2000000030
19138  -56.862  -73.384  11.224 0.4000000060
19177  -56.441  -73.099  9.593 0.6000000238
19191  -56.202  -73.470  8.341 0.6000000238
17509  -56.298  -75.421  10.441 0.6000000238
16693  -56.878  -75.687  11.193 0.6000000238
17510  -57.432  -74.907  11.477 0.6000000238
16682  -56.735  -76.625  11.585 0.5000000000
15007  -55.141  -78.605  11.700 0.5000000000
138603  -55.973  -72.616  5.267 0.4000000060
17513  -55.904  -75.182  9.768 0.6000000238
18376  -56.502  -73.876  8.754 0.5000000000
16691  -55.130  -76.605  10.559 0.5000000000
16692  -56.038  -76.248  10.835 0.5000000000
15861  -55.776  -77.069  11.252 0.5000000000
17518  -55.533  -75.124  9.011 0.4000000060
16697  -54.632  -76.136  9.879 0.5000000000
19997  -57.260  -72.909  5.709 0.5000000000
19227  -57.965  -73.655  6.131 0.5000000000
17532  -55.817  -75.040  8.123 0.4000000060
20011  -58.389  -72.120  5.287 0.5000000000
18401  -58.114  -74.166  6.151 0.4000000060
17533  -56.513  -74.992  7.372 0.4000000060
18400  -57.652  -74.741  6.451 0.4000000060
21699  -58.829  -70.995  4.653 0.4000000060
19998  -58.562  -73.009  5.719 0.4000000060
18415  -58.056  -74.552  6.018 0.4000000060
18337  -53.536  -74.528  11.229 0.5000000000
14983  -56.920  -77.581  13.236 0.5000000000
17469  -57.421  -75.542  13.059 0.5000000000
125326  -51.904  -68.701  3.480 0.2000000030
22512  -54.165  -69.242  3.645 0.4000000060
23333  -53.530  -68.646  3.477 0.3000000119
23349  -54.434  -68.473  2.815 0.3000000119
129105  -56.695  -69.636  3.850 0.3000000119
23350  -55.382  -68.845  2.411 0.2000000030
22530  -56.621  -69.416  3.243 0.3000000119
22515  -57.625  -69.838  3.731 0.3000000119
22516  -58.242  -70.075  3.399 0.3000000119
21726  -58.558  -70.560  3.444 0.3000000119
21716  -58.866  -70.895  4.222 0.4000000060
20022  -59.142  -71.922  4.275 0.4000000060
126037  -58.356  -70.574  2.391 0.2000000030
24220  -58.939  -68.309  -1.280 0.1000000015
25047  -58.747  -66.914  -2.082 0.1000000015
18349  -52.767  -74.485  10.642 0.4000000060
18360  -52.343  -74.178  10.038 0.4000000060
17467  -56.145  -75.524  13.489 0.4000000060
17468  -57.057  -75.423  13.389 0.5000000000
19211  -51.476  -73.194  6.793 0.5000000000
23330  -50.926  -68.754  3.360 0.2000000030
24183  -54.003  -68.075  1.985 0.2000000030
23361  -54.686  -68.448  1.724 0.2000000030
23363  -56.684  -69.072  0.787 0.2000000030
23397  -58.309  -68.596  -0.465 0.1000000015
23398  -58.861  -68.647  -0.852 0.1000000015
25064  -59.234  -66.360  -2.867 0.1000000015
124961  -54.712  -78.836  17.605 0.3000000119
15763  -54.339  -77.487  16.616 0.3000000119
16661  -53.237  -76.350  13.959 0.3000000119
16646  -53.925  -76.600  14.655 0.3000000119
15764  -55.148  -77.884  16.485 0.3000000119
15773  -55.086  -77.466  15.856 0.3000000119
16636  -55.560  -77.151  15.106 0.3000000119
17482  -54.158  -75.604  12.742 0.3000000119
16663  -55.630  -76.228  14.034 0.3000000119
18348  -51.788  -74.794  10.410 0.4000000060
129921  -52.265  -75.591  11.841 0.4000000060
17498  -52.932  -75.274  11.606 0.4000000060
19187  -51.315  -73.453  7.689 0.4000000060
19991  -49.518  -72.576  5.242 0.4000000060
25807  -50.971  -65.645  3.040 0.1000000015
25016  -53.042  -66.871  1.070 0.2000000030
25027  -53.450  -66.490  0.475 0.1000000015
25033  -54.399  -66.618  -0.291 0.1000000015
25866  -55.207  -65.609  -0.857 0.1000000015
25045  -56.116  -65.911  -1.460 0.1000000015
25884  -58.019  -65.701  -2.437 0.1000000015
15762  -53.269  -77.145  17.036 0.2000000030
143927  -54.465  -78.562  18.244 0.2000000030
17464  -52.488  -76.064  13.226 0.3000000119
19172  -49.884  -74.068  8.113 0.3000000119
18375  -51.123  -74.020  8.910 0.4000000060
20003  -47.993  -72.165  4.778 0.3000000119
26763  -50.404  -64.105  3.532 0.1000000015
25816  -50.892  -64.743  2.953 0.1000000015
25817  -51.372  -65.318  2.533 0.1000000015
27683  -51.603  -63.818  2.753 0.1000000015
25837  -53.031  -65.232  0.982 0.1000000015
25032  -53.885  -66.132  -0.046 0.1000000015
16621  -52.500  -76.627  16.469 0.2000000030
16620  -51.634  -76.300  16.828 0.2000000030
16632  -51.783  -76.254  15.928 0.2000000030
17442  -51.164  -75.918  15.389 0.2000000030
19978  -48.318  -73.040  5.943 0.3000000119
19171  -49.088  -74.163  8.033 0.3000000119
18373  -49.461  -74.480  8.649 0.3000000119
20812  -47.290  -71.959  4.941 0.3000000119
25804  -48.949  -65.924  3.938 0.2000000030
26762  -49.655  -64.660  3.973 0.1000000015
27667  -51.369  -62.867  3.990 0.1000000015
28617  -51.808  -62.569  4.681 0.1000000015
28618  -52.777  -62.493  4.792 0.1000000015
140264  -54.194  -62.486  5.279 0.1000000015
28581  -54.153  -62.511  6.141 0.1000000015
136232  -54.091  -62.502  3.917 0.1000000015
28599  -55.765  -62.487  5.630 0.1000000015
18295  -48.897  -74.889  15.547 0.2000000030
17441  -50.345  -75.532  15.633 0.2000000030
17450  -50.037  -75.398  14.749 0.2000000030
19170  -48.299  -74.161  8.077 0.3000000119
17494  -48.959  -75.359  10.791 0.3000000119
135377  -46.931  -72.893  6.508 0.3000000119
19169  -47.483  -74.029  8.257 0.3000000119
18356  -48.336  -74.834  9.796 0.3000000119
18346  -48.490  -75.046  10.436 0.3000000119
17495  -49.595  -75.510  11.323 0.3000000119
21693  -46.590  -70.531  4.856 0.2000000030
24164  -48.296  -67.598  3.740 0.2000000030
26759  -49.031  -64.422  4.776 0.2000000030
28644  -54.352  -62.925  2.607 0.1000000015
28621  -55.468  -62.470  4.123 0.1000000015
27686  -54.920  -63.155  2.140 0.1000000015
28645  -55.105  -62.752  2.804 0.1000000015
18306  -48.385  -74.641  14.735 0.3000000119
18313  -47.751  -74.392  13.446 0.3000000119
18323  -47.767  -74.492  12.527 0.3000000119
123525  -48.406  -74.902  11.990 0.3000000119
18335  -47.709  -74.613  11.526 0.3000000119
19153  -47.034  -74.178  9.090 0.3000000119
18345  -47.778  -74.674  10.509 0.3000000119
19976  -46.355  -72.488  6.631 0.3000000119
19961  -45.965  -72.605  7.420 0.3000000119
19206  -46.631  -73.061  7.173 0.3000000119
22491  -46.231  -69.848  5.294 0.2000000030
24981  -48.075  -66.478  4.655 0.2000000030
26758  -48.604  -65.151  4.805 0.2000000030
124197  -47.145  -74.465  16.778 0.1000000015
19106  -46.393  -73.759  14.248 0.2000000030
18334  -47.026  -74.228  12.031 0.3000000119
19947  -45.695  -72.659  8.091 0.3000000119
20805  -45.470  -71.163  6.563 0.2000000030
20810  -45.560  -70.501  6.080 0.2000000030
19119  -46.278  -73.594  13.447 0.3000000119
19151  -45.763  -73.193  9.436 0.3000000119
20796  -45.230  -71.401  7.277 0.2000000030
21685  -45.091  -70.335  6.685 0.1000000015
21679  -44.600  -70.197  7.331 0.1000000015
20795  -44.639  -71.077  7.918 0.1000000015
19130  -45.793  -73.348  12.038 0.3000000119
128887  -44.526  -71.441  8.813 0.1000000015
19921  -44.642  -72.371  11.191 0.2000000030
20763  -43.726  -71.230  10.313 0.1000000015
13366  -52.581  -81.335  11.951 0.3000000119
143785  -51.520  -84.339  12.111 0.3000000119
12606  -52.023  -82.039  11.938 0.3000000119
6753  -48.293  -89.032  11.659 0.2000000030
6098  -45.529  -91.419  11.453 0.2000000030
10449  -51.305  -85.106  12.047 0.4000000060
8156  -50.245  -86.977  11.983 0.3000000119
136119  -51.729  -81.243  11.642 0.4000000060
137500  -50.968  -85.447  11.746 0.3000000119
8155  -49.711  -87.676  12.082 0.3000000119
13365  -52.130  -80.573  11.502 0.4000000060
11187  -51.001  -83.940  11.531 0.4000000060
8913  -50.072  -86.819  11.273 0.3000000119
145403  -51.294  -80.547  11.372 0.4000000060
12605  -51.265  -81.977  11.684 0.4000000060
10459  -50.581  -85.453  11.167 0.4000000060
14192  -51.486  -79.923  11.120 0.4000000060
11199  -50.467  -84.484  11.119 0.4000000060
8166  -49.635  -87.214  10.777 0.3000000119
7429  -48.249  -88.648  10.464 0.3000000119
13364  -50.802  -81.052  11.448 0.4000000060
11878  -50.853  -82.858  11.564 0.4000000060
10458  -49.979  -84.993  10.643 0.3000000119
8165  -49.101  -87.563  10.115 0.4000000060
15031  -52.216  -78.475  10.481 0.4000000060
11877  -50.001  -82.504  11.263 0.4000000060
9712  -49.424  -85.445  10.210 0.3000000119
13384  -50.498  -80.119  11.033 0.4000000060
13363  -49.908  -80.895  11.171 0.4000000060
147827  -49.485  -83.399  10.817 0.4000000060
15857  -52.084  -77.819  10.057 0.4000000060
12623  -49.533  -81.751  11.055 0.4000000060
11197  -48.875  -83.499  10.549 0.3000000119
15872  -52.449  -77.261  9.731 0.4000000060
14207  -50.876  -79.304  10.632 0.4000000060
11894  -49.297  -82.695  10.835 0.4000000060
15030  -51.249  -78.617  10.334 0.4000000060
15029  -50.340  -78.649  10.103 0.4000000060
13383  -49.437  -80.059  10.699 0.4000000060
124849  -49.074  -80.925  10.760 0.4000000060
10456  -48.378  -84.081  10.242 0.3000000119
15871  -51.472  -77.489  9.526 0.4000000060
14205  -48.878  -79.251  10.029 0.4000000060
125864  -48.390  -81.009  10.477 0.4000000060
11893  -48.372  -82.566  10.450 0.3000000119
10472  -47.629  -84.234  9.829 0.2000000030
16694  -51.981  -76.766  9.088 0.3000000119
15057  -50.794  -78.052  9.775 0.4000000060
15870  -50.474  -77.506  9.082 0.4000000060
13382  -48.553  -80.180  10.397 0.4000000060
11196  -47.865  -83.319  10.165 0.2000000030
11892  -47.653  -82.473  10.122 0.2000000030
134687  -46.847  -83.921  9.568 0.3000000119
17530  -53.662  -75.504  7.426 0.3000000119
16701  -52.499  -76.198  8.576 0.3000000119
16700  -51.543  -76.382  8.270 0.3000000119
13399  -47.951  -79.651  9.814 0.3000000119
130870  -47.119  -81.949  9.751 0.2000000030
13381  -47.811  -80.579  10.128 0.2000000030
11908  -47.119  -82.804  9.772 0.2000000030
10484  -46.055  -84.867  9.161 0.2000000030
17548  -54.824  -75.463  6.490 0.3000000119
16705  -52.089  -75.886  7.707 0.3000000119
15056  -49.769  -78.067  9.375 0.4000000060
13398  -47.234  -80.081  9.496 0.1000000015
17563  -54.865  -75.491  5.544 0.3000000119
140920  -52.434  -75.667  6.401 0.3000000119
16699  -50.608  -76.630  7.938 0.2000000030
15876  -49.185  -77.728  8.033 0.2000000030
11907  -46.381  -82.271  9.394 0.1000000015
10483  -45.385  -84.178  8.734 0.2000000030
16716  -51.985  -75.969  6.010 0.2000000030
16714  -50.653  -76.560  6.838 0.2000000030
15880  -49.436  -77.684  7.443 0.1000000015
14221  -46.908  -79.826  8.752 0.1000000015
12634  -45.845  -81.755  8.868 0.1000000015
11906  -45.722  -82.606  8.961 0.1000000015
17577  -56.228  -75.292  4.815 0.2000000030
17562  -53.770  -75.546  5.784 0.3000000119
17561  -52.803  -75.757  5.683 0.3000000119
19251  -57.862  -73.226  3.034 0.2000000030
17596  -56.380  -75.014  3.989 0.1000000015
146904  -53.383  -75.794  5.239 0.2000000030
15884  -50.080  -77.084  6.908 0.1000000015
14239  -47.377  -79.431  8.389 0.1000000015
145381  -46.101  -80.812  8.104 0.1000000015
11917  -45.420  -82.191  8.294 0.1000000015
19238  -57.448  -74.018  3.317 0.2000000030
17576  -55.160  -75.477  4.613 0.2000000030
17575  -54.095  -75.781  4.708 0.2000000030
16727  -52.393  -76.268  5.415 0.1000000015
15885  -50.833  -76.881  6.309 0.1000000015
14261  -49.023  -78.383  7.337 0.1000000015
13414  -46.923  -79.855  8.092 0.1000000015
11927  -45.432  -82.026  7.571 0.1000000015
11220  -44.709  -83.344  7.318 0.1000000015
17595  -55.719  -75.242  2.897 0.1000000015
143862  -54.698  -75.909  3.514 0.2000000030
16728  -53.246  -76.211  4.817 0.1000000015
15895  -51.168  -77.446  5.726 0.1000000015
14266  -49.303  -79.010  6.707 0.1000000015
13432  -47.076  -80.163  7.511 0.1000000015
13437  -46.635  -80.772  7.325 0.1000000015
145550  -45.402  -82.286  7.043 0.1000000015
10494  -44.501  -83.824  6.529 0.1000000015
16741  -52.563  -76.824  4.857 0.1000000015
14267  -50.113  -79.027  6.149 0.1000000015
14265  -48.950  -79.854  6.603 0.1000000015
11933  -46.068  -82.135  6.251 0.1000000015
24968  -47.902  -66.585  5.413 0.2000000030
20030  -58.013  -72.496  2.912 0.2000000030
20029  -56.580  -72.489  2.320 0.1000000015
18441  -56.477  -74.728  3.100 0.1000000015
18454  -56.393  -74.476  2.180 0.1000000015
18453  -55.798  -75.090  2.165 0.1000000015
143828  -54.186  -76.573  3.745 0.1000000015
15896  -51.976  -77.496  5.047 0.1000000015
12662  -45.760  -81.896  6.927 0.1000000015
12655  -46.050  -81.206  7.522 0.1000000015
13439  -47.949  -80.071  6.955 0.1000000015
15093  -51.533  -78.305  5.334 0.1000000015
125746  -51.477  -83.509  11.878 0.3000000119
11879  -51.704  -82.792  11.930 0.4000000060
125554  -48.807  -88.542  11.688 0.3000000119
9714  -50.334  -86.208  11.076 0.3000000119
10448  -51.075  -84.853  11.593 0.3000000119
7431  -49.230  -87.874  11.181 0.3000000119
9713  -50.072  -85.889  10.553 0.3000000119
14208  -51.832  -79.241  10.784 0.4000000060
11186  -50.104  -83.419  11.154 0.4000000060
11198  -49.682  -84.040  10.770 0.3000000119
14206  -49.548  -78.725  9.864 0.4000000060
12621  -47.861  -81.634  10.254 0.2000000030
11209  -47.193  -83.504  9.752 0.2000000030
15877  -50.288  -77.106  8.414 0.3000000119
15077  -49.022  -78.005  8.683 0.2000000030
10470  -46.157  -84.059  9.306 0.2000000030
17547  -53.163  -75.505  6.496 0.3000000119
14222  -47.519  -79.354  9.022 0.2000000030
13397  -46.582  -80.492  9.096 0.1000000015
15869  -49.693  -77.540  8.534 0.4000000060
16704  -51.114  -76.205  7.315 0.2000000030
15881  -49.869  -77.130  7.748 0.2000000030
14240  -47.976  -78.844  8.421 0.1000000015
11214  -44.792  -83.583  8.097 0.1000000015
15086  -48.410  -78.633  7.826 0.1000000015
13413  -46.499  -80.366  8.413 0.1000000015
14259  -47.655  -79.372  7.773 0.1000000015
13431  -46.509  -80.483  7.835 0.1000000015
11916  -44.993  -82.763  7.836 0.1000000015
19250  -56.753  -73.823  2.211 0.1000000015
17594  -55.100  -75.734  2.783 0.1000000015
16726  -51.675  -76.684  5.647 0.1000000015
15087  -49.705  -78.017  6.683 0.1000000015
14260  -48.500  -79.171  7.235 0.1000000015
11225  -44.791  -83.097  6.719 0.1000000015
15092  -50.841  -78.103  5.759 0.1000000015
11226  -44.833  -83.170  6.036 0.1000000015
16742  -53.686  -77.256  4.040 0.1000000015
128236  -55.252  -75.281  1.939 0.1000000015
11138  -51.727  -84.687  15.616 0.3000000119
10401  -51.369  -85.418  15.761 0.2000000030
8867  -50.537  -86.486  15.565 0.3000000119
9666  -51.348  -85.863  14.707 0.2000000030
145042  -53.142  -81.208  15.264 0.4000000060
127431  -52.306  -83.672  15.820 0.2000000030
12570  -53.042  -81.216  14.384 0.4000000060
11139  -52.226  -83.504  14.549 0.3000000119
8875  -50.258  -86.924  15.341 0.2000000030
13339  -53.458  -80.577  13.940 0.4000000060
11158  -51.846  -84.269  14.308 0.2000000030
128092  -51.056  -86.416  14.195 0.2000000030
8888  -49.686  -87.333  14.858 0.1000000015
8111  -49.861  -87.357  14.908 0.2000000030
8128  -49.285  -88.098  14.366 0.1000000015
11159  -52.140  -83.457  13.425 0.3000000119
8887  -49.007  -87.935  14.328 0.1000000015
8890  -50.898  -86.481  13.341 0.2000000030
8142  -48.282  -88.102  13.561 0.1000000015
8141  -47.739  -88.663  13.291 0.1000000015
8127  -48.851  -88.741  14.112 0.1000000015
7387  -48.700  -89.008  13.954 0.1000000015
8152  -46.132  -88.622  11.771 0.1000000015
8153  -46.679  -88.504  12.267 0.1000000015
7400  -47.852  -89.426  13.365 0.1000000015
6750  -45.225  -90.175  11.634 0.1000000015
7413  -46.671  -89.608  12.589 0.1000000015
127668  -52.625  -82.051  13.288 0.3000000119
9679  -51.310  -85.756  13.414 0.2000000030
133514  -50.488  -87.190  13.521 0.2000000030
8129  -50.022  -87.857  14.217 0.2000000030
8143  -49.490  -88.351  13.654 0.2000000030
7412  -45.929  -89.929  12.223 0.1000000015
7426  -43.870  -89.350  10.309 0.1000000015
12593  -52.734  -81.696  12.649 0.2000000030
11867  -52.375  -82.598  12.823 0.3000000119
146782  -49.398  -88.484  12.970 0.2000000030
6721  -47.298  -89.893  12.945 0.1000000015
6748  -44.111  -90.957  10.650 0.1000000015
6749  -44.563  -90.457  11.133 0.1000000015
11866  -51.900  -83.399  12.451 0.3000000119
8904  -50.602  -86.601  12.416 0.3000000119
147420  -53.257  -80.866  12.336 0.2000000030
7415  -49.144  -88.501  12.367 0.2000000030
6735  -47.271  -90.058  12.691 0.1000000015
6116  -44.639  -91.752  11.264 0.1000000015
6733  -45.702  -90.918  11.938 0.1000000015
146536  -46.778  -90.356  12.258 0.1000000015
6115  -44.274  -92.220  10.833 0.1000000015
12607  -52.352  -82.053  12.311 0.2000000030
6751  -46.477  -90.688  11.701 0.1000000015
6752  -47.473  -89.780  11.654 0.1000000015
5474  -44.406  -92.546  10.749 0.1000000015
6132  -45.240  -92.137  10.977 0.1000000015
13367  -53.117  -80.546  11.757 0.2000000030
6133  -45.998  -91.196  10.888 0.1000000015
6768  -47.646  -88.965  9.953 0.1000000015
136900  -43.762  -93.744  8.227 0.1000000015
5481  -44.614  -92.583  10.642 0.1000000015
146989  -46.461  -90.083  10.061 0.1000000015
8179  -49.483  -86.979  10.030 0.3000000119
145521  -45.086  -91.971  8.857 0.1000000015
13350  -53.901  -80.226  12.695 0.3000000119
12580  -52.641  -81.982  14.118 0.3000000119
11854  -52.415  -82.748  13.804 0.2000000030
10436  -51.483  -85.039  12.697 0.3000000119
6734  -46.597  -90.325  12.450 0.1000000015
147941  -44.535  -92.334  11.007 0.1000000015
8144  -50.176  -87.516  13.001 0.2000000030
10427  -51.602  -85.031  13.750 0.2000000030
11173  -51.786  -84.254  13.045 0.3000000119
6722  -47.776  -89.688  13.126 0.1000000015
5479  -43.853  -92.912  10.088 0.1000000015
5486  -44.041  -93.333  9.507 0.1000000015
127704  -45.279  -92.019  10.117 0.1000000015
137294  -43.600  -92.591  7.912 0.1000000015
5487  -44.404  -93.113  9.735 0.1000000015
127361  -48.677  -88.008  9.878 0.2000000030
124950  -46.848  -89.492  8.029 0.1000000015
6157  -46.528  -89.923  7.172 0.1000000015
6789  -47.196  -89.197  7.365 0.2000000030
6165  -46.310  -90.369  6.423 0.1000000015
7462  -48.178  -88.222  8.552 0.2000000030
7477  -47.715  -88.679  7.971 0.2000000030
6801  -46.666  -89.611  6.574 0.2000000030
8211  -47.764  -88.208  7.947 0.1000000015
6172  -46.149  -90.670  5.735 0.1000000015
7476  -47.251  -88.709  7.392 0.2000000030
8210  -46.869  -87.932  7.518 0.1000000015
7447  -48.633  -87.766  9.263 0.2000000030
8195  -48.165  -87.704  8.567 0.1000000015
7487  -46.904  -89.080  6.698 0.1000000015
8227  -46.349  -88.339  6.785 0.1000000015
8937  -49.051  -86.706  9.573 0.2000000030
8954  -48.577  -87.162  9.110 0.2000000030
8194  -47.309  -87.447  8.198 0.1000000015
8965  -46.086  -87.069  8.039 0.1000000015
8936  -48.231  -86.340  9.299 0.1000000015
8952  -46.675  -86.562  8.601 0.1000000015
10457  -49.142  -84.482  10.418 0.2000000030
9725  -48.819  -85.833  9.716 0.2000000030
9724  -47.722  -85.319  9.557 0.2000000030
9740  -46.241  -85.706  8.921 0.1000000015
9741  -47.221  -86.028  9.116 0.1000000015
10473  -48.516  -84.899  10.017 0.2000000030
9723  -46.809  -85.302  9.272 0.1000000015
8951  -45.628  -86.157  8.382 0.1000000015
7446  -48.334  -88.308  9.333 0.1000000015
6778  -47.872  -88.641  8.701 0.1000000015
12569  -52.774  -81.992  15.218 0.2000000030
9653  -50.647  -86.067  15.882 0.1000000015
15754  -54.783  -78.144  17.187 0.2000000030
14093  -54.447  -80.381  19.342 0.1000000015
16597  -52.261  -76.971  18.753 0.1000000015
15741  -52.891  -77.713  19.393 0.1000000015
18285  -48.929  -74.948  16.532 0.2000000030
16596  -51.124  -76.465  19.592 0.1000000015
135841  -48.360  -74.668  16.057 0.2000000030
17440  -49.614  -75.240  16.127 0.1000000015
17435  -49.617  -75.262  17.097 0.1000000015
144526  -50.869  -75.948  17.799 0.1000000015
16611  -51.476  -76.321  17.879 0.1000000015
136918  -51.550  -76.511  18.945 0.1000000015
12557  -53.094  -81.815  16.301 0.2000000030
16619  -50.894  -75.956  17.161 0.1000000015
17436  -50.307  -75.545  16.656 0.1000000015
18294  -48.184  -74.587  15.440 0.2000000030
144434  -52.375  -77.466  19.678 0.1000000015
15740  -51.814  -77.182  19.938 0.1000000015
17428  -49.581  -75.223  18.113 0.1000000015
11119  -52.269  -83.889  16.946 0.1000000015
141399  -52.030  -84.305  16.388 0.1000000015
19118  -45.521  -73.163  13.327 0.1000000015
19105  -45.686  -73.572  14.517 0.1000000015
18291  -45.948  -74.143  15.931 0.1000000015
140991  -45.850  -73.417  13.921 0.1000000015
19104  -44.758  -73.346  14.649 0.1000000015
19094  -44.515  -73.636  15.562 0.1000000015
18281  -45.074  -74.246  17.084 0.1000000015
19117  -45.179  -73.126  13.942 0.1000000015
19095  -45.413  -73.795  15.297 0.1000000015
141781  -45.671  -74.256  16.617 0.1000000015
124730  -45.805  -74.365  17.389 0.1000000015
19907  -44.702  -72.670  13.219 0.1000000015
19082  -44.239  -73.889  16.678 0.1000000015
142691  -44.198  -73.042  14.475 0.1000000015
19898  -44.419  -72.845  14.026 0.1000000015
18282  -45.153  -74.021  16.165 0.1000000015
18270  -44.454  -74.187  17.637 0.1000000015
19915  -44.523  -72.391  12.177 0.1000000015
19093  -43.645  -73.492  15.834 0.1000000015
19103  -43.972  -73.264  14.960 0.1000000015
19897  -43.653  -72.774  14.342 0.1000000015
133575  -43.877  -72.469  13.551 0.1000000015
19914  -43.940  -72.206  12.813 0.1000000015
25790  -48.209  -65.707  5.115 0.1000000015
26751  -48.919  -64.088  5.625 0.1000000015
137521  -44.198  -71.851  10.745 0.1000000015
20764  -44.355  -71.782  9.960 0.1000000015
24967  -47.586  -67.356  5.664 0.1000000015
25777  -48.186  -65.826  6.019 0.1000000015
28561  -50.403  -62.865  6.450 0.1000000015
27649  -49.461  -63.467  5.767 0.1000000015
19070  -43.711  -73.962  17.698 0.1000000015
27666  -49.385  -63.729  5.101 0.1000000015
18292  -46.330  -74.008  15.098 0.1000000015
133135  -46.730  -74.327  15.912 0.1000000015
26750  -48.495  -64.887  5.442 0.1000000015
18283  -46.323  -74.359  16.673 0.1000000015
20851  -57.467  -71.807  2.462 0.1000000015
20870  -57.888  -71.173  1.225 0.1000000015
11136  -50.184  -83.828  14.813 0.1000000015
10426  -49.764  -84.411  14.372 0.1000000015
10413  -50.262  -84.951  15.463 0.1000000015
11834  -50.115  -82.826  14.442 0.1000000015
11157  -49.630  -83.363  13.865 0.1000000015
134073  -49.208  -84.062  13.457 0.1000000015
11137  -50.583  -84.301  15.961 0.1000000015
11853  -49.502  -82.358  13.654 0.1000000015
11835  -50.455  -83.362  15.290 0.1000000015
11818  -50.797  -83.619  16.261 0.1000000015
11865  -48.411  -81.987  12.707 0.1000000015
12579  -49.375  -81.460  13.551 0.1000000015
12568  -50.579  -82.458  15.286 0.1000000015
12592  -48.136  -81.205  12.553 0.1000000015
12567  -50.005  -81.805  14.245 0.1000000015
14960  -41.701  -78.288  14.286 0.1000000015
134374  -41.149  -77.476  12.311 0.1000000015
138195  -41.029  -77.494  11.374 0.1000000015
15831  -42.042  -77.413  11.696 0.1000000015
15855  -42.645  -77.583  10.915 0.1000000015
10400  -50.840  -85.245  16.280 0.1000000015
15024  -41.571  -78.060  10.100 0.1000000015
15856  -43.453  -77.625  10.997 0.1000000015
142195  -47.679  -81.921  12.309 0.1000000015
12591  -47.485  -81.252  12.170 0.1000000015
9664  -49.988  -86.635  15.429 0.1000000015
15053  -42.160  -78.562  9.775 0.1000000015
14202  -43.512  -78.786  10.124 0.1000000015
14204  -45.149  -79.977  10.702 0.1000000015
12602  -46.379  -81.098  11.489 0.1000000015
12603  -47.046  -80.790  11.824 0.1000000015
13349  -47.738  -80.382  12.378 0.1000000015
13338  -49.154  -80.751  13.396 0.1000000015
8874  -50.029  -87.004  15.398 0.1000000015
15052  -41.381  -78.670  9.551 0.1000000015
13378  -43.892  -80.340  10.005 0.1000000015
13361  -46.483  -80.159  11.551 0.1000000015
13362  -47.128  -79.873  11.952 0.1000000015
15779  -42.130  -77.564  13.806 0.1000000015
15792  -41.655  -77.491  13.056 0.1000000015
126611  -42.007  -77.372  12.541 0.1000000015
11819  -51.119  -82.943  16.526 0.1000000015
11804  -51.347  -83.904  16.973 0.1000000015
11118  -51.029  -84.409  16.681 0.1000000015
15832  -43.015  -77.359  11.624 0.1000000015
15810  -42.690  -77.215  12.366 0.1000000015
9665  -50.335  -85.866  15.736 0.1000000015
136106  -44.293  -78.683  10.548 0.1000000015
15028  -45.028  -79.003  10.765 0.1000000015
14189  -45.840  -79.444  11.274 0.1000000015
13337  -48.594  -80.389  12.936 0.1000000015
15004  -45.563  -78.502  11.385 0.1000000015
15005  -46.205  -78.772  11.619 0.1000000015
14190  -46.605  -79.329  11.717 0.1000000015
14171  -48.193  -79.701  12.720 0.1000000015
14961  -42.328  -77.997  14.534 0.1000000015
14943  -42.970  -78.134  15.120 0.1000000015
11805  -51.689  -83.367  17.351 0.1000000015
146433  -42.794  -77.094  13.769 0.1000000015
11086  -52.391  -83.276  17.442 0.1000000015
144697  -42.522  -77.161  13.128 0.1000000015
144883  -52.110  -83.778  17.305 0.1000000015
15811  -43.428  -77.060  12.295 0.1000000015
141858  -44.088  -77.674  11.147 0.1000000015
15027  -44.693  -78.131  11.107 0.1000000015
132170  -43.889  -78.100  10.652 0.1000000015
15835  -45.368  -77.721  11.741 0.1000000015
14191  -47.104  -79.167  12.098 0.1000000015
14170  -47.612  -79.439  12.418 0.1000000015
15836  -46.133  -78.120  11.886 0.1000000015
15006  -46.701  -78.638  12.032 0.1000000015
129890  -43.612  -77.867  15.522 0.1000000015
12556  -51.488  -82.403  17.057 0.1000000015
15780  -42.790  -77.430  14.370 0.1000000015
15768  -43.424  -77.304  14.890 0.1000000015
14945  -44.189  -78.175  16.179 0.1000000015
127250  -50.439  -81.166  14.827 0.1000000015
132893  -50.986  -81.748  15.892 0.1000000015
12531  -52.502  -82.529  18.061 0.1000000015
15781  -43.326  -76.863  14.157 0.1000000015
10382  -51.944  -84.242  17.037 0.1000000015
141405  -43.128  -76.918  12.851 0.1000000015
15793  -43.260  -76.824  13.436 0.1000000015
14154  -48.653  -79.467  13.234 0.1000000015
13327  -49.713  -80.686  14.032 0.1000000015
14993  -47.364  -78.574  12.511 0.1000000015
15833  -43.789  -77.327  11.640 0.1000000015
15834  -44.529  -77.433  11.682 0.1000000015
13328  -50.208  -80.093  14.652 0.1000000015
14994  -48.104  -78.954  12.869 0.1000000015
14155  -49.170  -79.219  13.737 0.1000000015
15814  -45.981  -77.382  12.437 0.1000000015
16672  -43.756  -76.696  12.945 0.1000000015
15812  -44.188  -76.942  12.293 0.1000000015
15813  -45.047  -77.069  12.314 0.1000000015
14120  -50.528  -79.440  15.281 0.1000000015
127764  -51.799  -80.641  17.341 0.1000000015
14137  -49.932  -79.233  14.591 0.1000000015
16626  -43.961  -76.704  14.669 0.1000000015
14980  -47.852  -78.150  13.128 0.1000000015
14981  -48.616  -78.570  13.539 0.1000000015
127823  -49.186  -78.655  14.013 0.1000000015
16657  -44.036  -76.533  13.762 0.1000000015
15794  -46.747  -77.373  12.907 0.1000000015
141768  -47.264  -77.857  12.817 0.1000000015
16673  -45.495  -76.722  12.916 0.1000000015
16674  -46.190  -76.890  13.027 0.1000000015
135238  -44.648  -76.575  13.028 0.1000000015
14121  -51.220  -79.956  16.154 0.1000000015
14091  -52.231  -80.069  17.945 0.1000000015
140733  -49.555  -78.504  14.547 0.1000000015
14963  -50.112  -78.742  14.966 0.1000000015
16627  -44.652  -76.567  15.141 0.1000000015
140447  -47.514  -76.906  14.189 0.1000000015
14962  -48.935  -78.038  14.180 0.1000000015
15795  -47.407  -77.439  13.376 0.1000000015
15796  -48.196  -77.657  13.784 0.1000000015
16658  -44.928  -76.425  13.775 0.1000000015
143446  -52.036  -79.339  18.252 0.1000000015
14947  -50.433  -78.607  15.574 0.1000000015
15783  -49.271  -77.791  14.835 0.1000000015
14946  -49.873  -78.166  15.192 0.1000000015
15769  -44.109  -77.179  15.598 0.1000000015
16660  -46.736  -76.858  13.528 0.1000000015
16640  -44.578  -76.478  14.377 0.1000000015
14923  -51.262  -78.539  17.562 0.1000000015
14944  -43.661  -78.726  15.776 0.1000000015
14103  -45.262  -79.934  16.924 0.1000000015
14931  -44.972  -78.762  16.898 0.1000000015
14102  -44.451  -79.273  16.377 0.1000000015
15025  -42.367  -77.998  10.294 0.1000000015
15026  -43.137  -78.032  10.434 0.1000000015
14220  -42.721  -79.119  9.674 0.1000000015
14203  -44.247  -79.566  10.294 0.1000000015
13360  -45.805  -80.498  11.192 0.1000000015
135237  -46.151  -81.893  11.422 0.1000000015
142118  -49.192  -80.012  13.538 0.1000000015
14992  -46.724  -77.964  12.408 0.1000000015
13315  -50.791  -80.549  15.479 0.1000000015
14136  -49.609  -79.702  14.122 0.1000000015
14106  -51.503  -79.360  16.984 0.1000000015
2963  -40.291  -96.917  -2.823 0.1000000015
2543  -40.392  -97.907  -2.646 0.1000000015
3473  -40.972  -95.486  -6.084 0.1000000015
131814  -39.887  -95.643  -5.825 0.1000000015
3969  -39.990  -94.969  -5.281 0.1000000015
141569  -39.285  -94.773  -4.425 0.1000000015
147211  -38.272  -96.799  -3.856 0.1000000015
3474  -42.089  -95.502  -6.133 0.1000000015
146932  -43.253  -95.713  -6.546 0.1000000015
3486  -43.527  -95.526  -6.645 0.1000000015
2964  -41.344  -96.623  -2.313 0.1000000015
2544  -41.335  -97.453  -2.347 0.1000000015
2141  -41.390  -98.468  -2.031 0.1000000015
131049  -40.181  -95.975  -2.723 0.1000000015
3950  -38.835  -94.987  -3.984 0.1000000015
3461  -38.822  -95.441  -3.676 0.1000000015
2976  -39.245  -96.166  -3.270 0.1000000015
2140  -40.766  -98.782  -2.271 0.1000000015
3970  -41.160  -94.789  -5.564 0.1000000015
2975  -38.437  -96.214  -3.898 0.1000000015
2989  -38.377  -96.150  -4.836 0.1000000015
3971  -42.316  -94.838  -5.640 0.1000000015
3973  -43.955  -94.784  -5.680 0.1000000015
3983  -44.043  -94.973  -6.298 0.1000000015
125723  -44.502  -94.373  -6.197 0.1000000015
4986  -39.511  -93.715  1.758 0.1000000015
2941  -38.952  -95.768  -0.509 0.1000000015
143790  -40.115  -94.290  2.253 0.1000000015
2965  -41.916  -96.494  -1.813 0.1000000015
2954  -41.980  -97.150  -1.725 0.1000000015
2524  -41.661  -97.674  -1.358 0.1000000015
3435  -40.630  -95.991  -0.441 0.1000000015
2942  -39.773  -96.525  -0.678 0.1000000015
3423  -40.145  -95.687  -0.180 0.1000000015
3456  -41.239  -95.759  -2.124 0.1000000015
135978  -41.084  -98.366  -0.915 0.1000000015
3945  -40.726  -94.874  -1.828 0.1000000015
1725  -41.199  -98.779  -1.591 0.1000000015
4460  -39.399  -93.987  -3.093 0.1000000015
147055  -39.338  -95.466  -3.077 0.1000000015
3972  -43.289  -94.912  -5.628 0.1000000015
147836  -40.816  -92.364  3.309 0.1000000015
140519  -39.322  -94.724  0.664 0.1000000015
5551  -40.400  -92.327  2.863 0.1000000015
2943  -41.122  -96.602  -0.736 0.1000000015
123030  -41.244  -95.389  -0.488 0.1000000015
3436  -41.733  -95.941  -0.989 0.1000000015
137522  -41.584  -95.478  -0.964 0.1000000015
4474  -39.667  -93.888  -3.680 0.1000000015
4475  -40.549  -93.593  -4.141 0.1000000015
4476  -41.834  -93.509  -4.513 0.1000000015
3960  -42.632  -94.223  -5.160 0.1000000015
3961  -43.655  -94.381  -5.159 0.1000000015
3944  -39.666  -94.277  -2.500 0.1000000015
131522  -38.654  -94.575  0.190 0.1000000015
4409  -39.966  -95.002  1.351 0.1000000015
4451  -39.694  -93.586  -2.401 0.1000000015
3927  -38.307  -94.857  -0.309 0.1000000015
3938  -41.265  -94.904  -1.123 0.1000000015
4445  -40.725  -93.943  -0.928 0.1000000015
4422  -38.370  -93.883  0.456 0.1000000015
147071  -40.328  -92.216  -1.216 0.1000000015
5597  -40.998  -91.616  0.278 0.1000000015
5587  -41.573  -91.439  0.649 0.1000000015
147120  -40.430  -95.357  0.617 0.1000000015
3928  -41.235  -95.075  -0.657 0.1000000015
5008  -40.647  -92.809  -0.054 0.1000000015
3916  -41.175  -94.928  0.783 0.1000000015
5012  -40.361  -92.835  -0.942 0.1000000015
4998  -41.085  -92.110  0.976 0.1000000015
129232  -40.987  -95.645  1.378 0.1000000015
4411  -41.771  -94.796  1.934 0.1000000015
4436  -40.977  -94.219  -0.103 0.1000000015
5598  -41.549  -91.280  -0.237 0.1000000015
4997  -40.893  -93.018  0.677 0.1000000015
2119  -41.371  -98.398  -1.361 0.1000000015
2523  -41.371  -97.404  -0.922 0.1000000015
2535  -41.697  -98.024  -1.721 0.1000000015
2545  -41.771  -97.733  -2.048 0.1000000015
2944  -41.807  -96.805  -1.262 0.1000000015
3422  -39.294  -95.203  0.099 0.1000000015
3437  -41.946  -96.417  -1.448 0.1000000015
3448  -41.692  -95.741  -1.392 0.1000000015
3455  -39.876  -95.115  -2.550 0.1000000015
3466  -38.605  -95.603  -4.194 0.1000000015
3476  -43.556  -95.268  -6.143 0.1000000015
3487  -43.834  -95.333  -6.981 0.1000000015
3915  -40.799  -95.194  0.196 0.1000000015
3951  -39.181  -94.769  -3.236 0.1000000015
3957  -39.301  -94.452  -3.758 0.1000000015
3958  -40.097  -94.281  -4.601 0.1000000015
3959  -41.438  -94.151  -5.011 0.1000000015
4408  -38.934  -93.854  1.073 0.1000000015
4452  -39.825  -92.998  -2.312 0.1000000015
5473  -44.105  -92.674  10.537 0.1000000015
5480  -44.132  -92.829  10.342 0.1000000015
5586  -40.699  -92.022  0.175 0.1000000015
5604  -40.459  -92.015  -0.656 0.1000000015
6097  -45.136  -91.632  11.549 0.1000000015
6117  -44.829  -92.225  11.114 0.1000000015
6164  -45.823  -91.261  6.356 0.1000000015
6767  -46.837  -89.934  10.688 0.1000000015
6790  -47.571  -89.016  8.072 0.1000000015
7386  -48.392  -89.021  13.771 0.1000000015
7388  -48.925  -88.796  14.101 0.1000000015
7399  -47.188  -89.157  13.014 0.1000000015
7401  -48.338  -89.202  13.537 0.1000000015
7402  -48.972  -89.013  13.572 0.2000000030
7414  -48.488  -89.297  12.810 0.2000000030
7428  -45.416  -88.829  11.281 0.1000000015
7430  -48.778  -88.203  10.723 0.3000000119
7558  -43.745  -87.671  -0.153 0.1000000015
7559  -44.189  -88.642  0.568 0.1000000015
8178  -49.009  -87.275  9.599 0.2000000030
8307  -44.151  -87.220  -0.736 0.1000000015
8866  -50.277  -86.585  15.600 0.3000000119
8876  -50.858  -86.649  14.973 0.2000000030
8889  -50.489  -87.116  14.532 0.2000000030
8914  -50.403  -86.481  11.610 0.3000000119
8925  -49.874  -86.563  10.592 0.3000000119
8953  -47.789  -86.901  8.755 0.1000000015
8992  -43.790  -85.637  2.917 0.1000000015
9005  -43.632  -86.137  1.572 0.1000000015
9654  -50.979  -86.159  15.730 0.3000000119
9691  -51.068  -85.754  12.395 0.4000000060
9702  -50.694  -85.995  11.680 0.3000000119
9726  -49.546  -86.277  10.039 0.3000000119
9833  -45.484  -85.814  -0.461 0.1000000015
9858  -47.949  -85.384  -2.297 0.1000000015
10414  -51.618  -85.087  14.827 0.2000000030
10523  -44.477  -84.463  3.291 0.1000000015
10524  -45.097  -84.050  3.012 0.1000000015
10541  -48.563  -84.972  2.129 0.1000000015
10542  -49.297  -85.146  1.908 0.1000000015
10571  -48.142  -85.164  0.469 0.1000000015
11098  -51.412  -84.454  16.755 0.1000000015
11099  -51.828  -83.932  17.295 0.1000000015
11208  -45.654  -83.441  8.977 0.1000000015
11215  -45.251  -82.990  8.451 0.1000000015
11233  -44.546  -83.816  5.536 0.1000000015
11261  -51.346  -83.656  2.622 0.1000000015
11278  -46.256  -84.087  2.643 0.1000000015
11279  -47.515  -84.503  2.382 0.1000000015
11282  -50.621  -84.179  2.274 0.1000000015
11305  -49.183  -84.868  1.426 0.1000000015
11337  -47.936  -84.673  -0.545 0.1000000015
11794  -52.172  -83.278  17.617 0.1000000015
11820  -52.587  -82.985  16.486 0.1000000015
11836  -52.497  -82.836  14.967 0.2000000030
11852  -48.965  -82.012  13.154 0.1000000015
11880  -52.094  -82.604  12.266 0.3000000119
11926  -45.055  -82.669  7.182 0.1000000015
11932  -45.333  -82.551  6.541 0.1000000015
11938  -45.549  -82.701  5.737 0.1000000015
11943  -51.135  -82.456  5.361 0.1000000015
11944  -52.549  -82.233  4.907 0.1000000015
11954  -51.089  -83.214  4.809 0.1000000015
11956  -52.417  -82.490  3.808 0.1000000015
11963  -51.932  -83.193  3.161 0.1000000015
11981  -52.108  -82.766  1.214 0.1000000015
12543  -51.967  -82.918  17.775 0.1000000015
12578  -48.787  -81.314  13.017 0.1000000015
12604  -50.364  -81.815  11.417 0.4000000060
12622  -48.750  -81.766  10.636 0.3000000119
12635  -46.436  -81.371  9.304 0.1000000015
12636  -47.154  -81.019  9.708 0.2000000030
12645  -46.116  -80.976  8.674 0.1000000015
12665  -48.150  -81.110  6.334 0.2000000030
12670  -46.968  -81.925  6.031 0.1000000015
12676  -52.974  -81.335  4.839 0.1000000015
12682  -48.028  -81.460  3.134 0.1000000015
12684  -49.331  -81.213  3.092 0.1000000015
12713  -52.341  -82.212  1.074 0.1000000015
13438  -47.195  -80.760  6.878 0.1000000015
13444  -50.570  -80.722  5.846 0.2000000030
13460  -48.005  -80.647  3.439 0.1000000015
13461  -48.790  -80.429  3.378 0.1000000015
13478  -52.578  -81.174  1.862 0.1000000015
13534  -52.118  -80.823  -1.283 0.1000000015
13549  -52.069  -80.543  -1.678 0.1000000015
13550  -52.134  -80.324  -1.891 0.1000000015
14105  -50.970  -79.123  15.964 0.1000000015
14172  -53.905  -80.150  12.037 0.2000000030
14193  -52.462  -79.881  11.270 0.4000000060
14223  -48.205  -78.901  9.251 0.2000000030
14224  -48.928  -78.499  9.331 0.4000000060
14294  -53.019  -79.655  3.122 0.1000000015
14312  -50.412  -80.515  2.271 0.1000000015
14357  -51.684  -80.434  -1.422 0.1000000015
14381  -52.000  -79.492  -2.707 0.1000000015
14392  -52.102  -79.194  -2.931 0.1000000015
14933  -50.832  -78.517  16.436 0.1000000015
14965  -56.821  -77.424  13.959 0.5000000000
14996  -56.752  -77.625  12.579 0.5000000000
15054  -42.810  -78.467  9.997 0.1000000015
15055  -48.525  -78.476  8.755 0.2000000030
15058  -51.546  -78.080  10.065 0.4000000060
15076  -48.657  -78.285  8.209 0.2000000030
15088  -50.385  -78.328  6.092 0.1000000015
15122  -49.031  -78.994  3.138 0.1000000015
15138  -52.811  -78.964  2.899 0.1000000015
15159  -50.240  -78.956  0.266 0.1000000015
15170  -50.416  -78.706  -1.171 0.1000000015
15181  -50.174  -77.923  -1.676 0.1000000015
15207  -51.970  -78.897  -3.212 0.1000000015
15772  -54.146  -77.122  15.827 0.3000000119
15784  -56.893  -76.747  14.081 0.5000000000
15815  -57.361  -76.997  12.910 0.6000000238
15837  -55.538  -77.877  11.531 0.5000000000
15838  -56.451  -77.495  11.901 0.5000000000
15859  -53.930  -77.805  10.664 0.5000000000
15860  -54.884  -77.417  10.924 0.5000000000
15875  -48.915  -78.083  7.802 0.1000000015
15878  -51.031  -76.945  8.749 0.3000000119
15894  -50.468  -77.587  6.270 0.1000000015
15926  -53.735  -78.323  3.391 0.1000000015
15940  -53.178  -78.346  2.981 0.1000000015
16002  -51.516  -77.955  -0.130 0.1000000015
16019  -52.416  -78.407  -2.464 0.1000000015
16040  -50.884  -78.152  -3.049 0.1000000015
16061  -52.249  -77.723  -3.802 0.1000000015
16074  -51.451  -77.433  -4.116 0.1000000015
16662  -54.363  -76.328  14.005 0.3000000119
16675  -57.465  -76.384  12.597 0.5000000000
16684  -57.531  -75.685  12.569 0.6000000238
16695  -52.900  -76.580  9.346 0.4000000060
16703  -50.409  -76.684  7.289 0.2000000030
16715  -51.312  -76.302  6.485 0.2000000030
16815  -50.602  -76.500  0.891 0.1000000015
16846  -51.854  -77.348  -2.020 0.1000000015
16868  -52.355  -77.364  -3.380 0.1000000015
17463  -51.618  -75.912  13.672 0.3000000119
17485  -57.228  -74.834  12.753 0.4000000060
17486  -57.473  -75.057  12.523 0.5000000000
17500  -57.600  -74.886  12.050 0.5000000000
17508  -52.141  -75.239  11.155 0.4000000060
17529  -52.654  -75.569  7.130 0.3000000119
17546  -51.851  -75.794  6.818 0.2000000030
17564  -56.013  -75.428  5.597 0.4000000060
17619  -55.287  -75.458  2.297 0.1000000015
17633  -50.497  -75.767  1.654 0.1000000015
17721  -52.145  -75.421  -4.430 0.1000000015
17740  -51.682  -75.581  -6.132 0.1000000015
17780  -49.088  -75.351  -9.197 0.1000000015
18325  -49.463  -75.234  13.062 0.3000000119
18338  -54.533  -74.151  11.468 0.4000000060
18340  -57.237  -73.825  11.813 0.4000000060
18341  -57.438  -74.171  11.847 0.4000000060
18358  -49.821  -74.720  9.196 0.3000000119
18362  -56.740  -73.524  10.236 0.6000000238
18462  -50.590  -74.934  1.763 0.1000000015
18463  -50.903  -74.164  1.691 0.1000000015
18514  -51.837  -74.603  -4.011 0.1000000015
18559  -50.151  -74.305  -8.196 0.1000000015
18560  -53.155  -74.362  -9.468 0.1000000015
19137  -56.162  -73.085  11.004 0.5000000000
19139  -57.262  -73.784  11.425 0.6000000238
19155  -52.523  -73.668  9.486 0.4000000060
19208  -48.052  -73.413  6.690 0.3000000119
19230  -58.763  -73.500  5.287 0.4000000060
19239  -58.646  -73.260  4.265 0.3000000119
19309  -51.468  -73.710  -3.600 0.1000000015
19342  -53.928  -73.185  -7.655 0.1000000015
19347  -48.532  -73.558  -7.745 0.1000000015
19352  -54.260  -73.107  -9.011 0.1000000015
19356  -47.907  -73.326  -8.275 0.1000000015
19934  -44.825  -72.241  9.614 0.2000000030
19949  -55.026  -72.449  8.864 0.5000000000
20012  -59.194  -71.685  5.070 0.3000000119
20042  -50.831  -73.012  1.082 0.1000000015
20080  -50.503  -72.494  0.043 0.1000000015
20088  -50.438  -72.331  -0.660 0.1000000015
20098  -50.695  -72.696  -2.388 0.1000000015
20157  -54.840  -72.258  -8.993 0.1000000015
20840  -59.140  -71.449  4.651 0.4000000060
20852  -58.959  -71.205  3.934 0.4000000060
20941  -48.832  -71.344  -5.513 0.1000000015
20957  -55.329  -71.244  -8.290 0.1000000015
20963  -55.024  -71.665  -8.657 0.1000000015
21706  -48.287  -70.352  3.692 0.3000000119
21794  -51.537  -70.616  -3.275 0.1000000015
21800  -48.881  -70.270  -4.478 0.1000000015
21833  -47.544  -70.805  -7.077 0.1000000015
22508  -49.784  -69.779  3.354 0.3000000119
22610  -48.946  -69.095  -3.598 0.1000000015
22647  -47.536  -69.730  -6.244 0.1000000015
22657  -55.862  -69.290  -8.222 0.1000000015
23433  -49.280  -68.492  -3.264 0.1000000015
24291  -47.600  -67.819  -5.140 0.1000000015
24317  -47.894  -68.143  -7.146 0.1000000015
25104  -48.243  -65.998  -6.113 0.1000000015
28761  -48.935  -62.454  -6.434 0.1000000015
124955  -50.794  -79.960  5.794 0.2000000030
126691  -51.234  -82.982  1.730 0.1000000015
126774  -43.757  -93.183  9.041 0.1000000015
128284  -55.254  -70.071  -6.735 0.1000000015
128580  -49.291  -83.463  4.481 0.1000000015
129197  -41.901  -97.103  -2.042 0.1000000015
129219  -54.556  -79.449  18.814 0.1000000015
130155  -49.425  -77.045  -1.109 0.1000000015
130995  -39.866  -92.930  2.363 0.1000000015
131828  -49.269  -84.037  3.814 0.1000000015
132047  -50.119  -72.791  5.597 0.4000000060
132180  -46.409  -83.228  9.432 0.2000000030
132747  -52.475  -79.162  -2.330 0.1000000015
133053  -41.290  -98.137  -2.266 0.1000000015
133264  -52.166  -76.000  -4.755 0.1000000015
133277  -51.842  -80.185  -1.939 0.1000000015
134605  -49.495  -73.800  7.565 0.3000000119
134627  -40.880  -91.536  -0.410 0.1000000015
134651  -49.321  -84.528  3.158 0.1000000015
134677  -50.407  -74.519  -0.177 0.1000000015
134905  -52.470  -79.598  -1.984 0.1000000015
134971  -55.493  -75.369  3.725 0.1000000015
135064  -58.404  -74.034  5.812 0.4000000060
135091  -47.548  -64.902  -4.073 0.1000000015
135638  -52.960  -80.582  3.198 0.1000000015
135805  -49.908  -79.317  10.430 0.4000000060
135839  -45.715  -81.412  8.186 0.1000000015
136257  -51.831  -76.063  -3.050 0.1000000015
139336  -52.086  -81.935  -0.003 0.1000000015
139393  -40.734  -95.628  1.603 0.1000000015
139943  -49.499  -79.050  14.191 0.1000000015
140282  -51.550  -75.929  -2.461 0.1000000015
140973  -49.659  -85.012  1.864 0.1000000015
141078  -52.261  -75.775  -10.467 0.1000000015
141196  -55.747  -77.967  15.554 0.3000000119
141349  -47.734  -67.551  -4.341 0.1000000015
141753  -48.830  -70.643  3.642 0.3000000119
142179  -46.215  -90.742  12.041 0.2000000030
142675  -45.054  -91.169  11.675 0.1000000015
143284  -50.373  -84.239  3.451 0.1000000015
143286  -48.698  -81.785  5.811 0.2000000030
143617  -54.009  -75.466  6.734 0.3000000119
143877  -43.655  -88.004  0.327 0.1000000015
144374  -47.901  -89.781  12.554 0.1000000015
144473  -40.977  -93.835  0.370 0.1000000015
145243  -49.892  -80.410  2.792 0.1000000015
145323  -53.841  -80.246  13.365 0.5000000000
145991  -40.120  -98.493  -2.542 0.1000000015
146118  -48.020  -82.557  12.480 0.1000000015
146163  -43.393  -95.850  -6.983 0.1000000015
146277  -46.711  -85.871  -1.729 0.1000000015
146414  -52.408  -79.020  -1.215 0.1000000015
146437  -52.038  -84.099  15.337 0.3000000119
146502  -57.008  -74.880  10.814 0.6000000238
146582  -45.252  -83.552  8.568 0.1000000015
147092  -54.240  -75.486  7.850 0.4000000060
