#!ascii label  , from subject sub-v2s3x28744_ses-1 vox2ras=TkReg
1832
59767  -35.446  -28.431  60.377 0.0000000000
75484  -49.472  -13.998  36.183 0.0000000000
125658  -39.605  -21.495  46.439 0.0000000000
44062  -6.751  -42.953  55.063 0.0000000000
144217  -20.035  -32.203  60.160 0.0000000000
54616  -5.166  -32.715  58.210 0.0000000000
53512  -3.631  -34.640  64.253 0.0000000000
66482  -45.103  -22.167  40.104 0.0000000000
56821  -9.195  -30.840  52.281 0.0000000000
150864  -5.577  -48.085  61.751 0.0000000000
61982  -33.704  -27.204  53.231 0.0000000000
56724  -30.833  -31.527  57.405 0.0000000000
56644  -28.054  -30.687  61.390 0.0000000000
79291  -50.257  -9.273  35.382 0.0000000000
65336  -41.607  -23.683  42.847 0.0000000000
52505  -17.035  -35.729  56.236 0.0000000000
60899  -4.230  -28.093  52.499 0.0000000000
50424  -6.885  -38.274  57.769 0.0000000000
51477  -8.917  -37.295  54.762 0.0000000000
46337  -7.263  -41.218  51.938 0.0000000000
45023  -9.855  -42.531  65.092 0.0000000000
42940  -6.479  -43.022  66.163 0.0000000000
69473  -37.014  -19.211  50.328 0.0000000000
56600  -24.248  -30.346  64.550 0.0000000000
151351  -22.904  -30.576  56.613 0.0000000000
54599  -4.403  -33.237  60.810 0.0000000000
48321  -5.783  -39.355  60.352 0.0000000000
71585  -47.740  -17.437  38.371 0.0000000000
46184  -12.641  -40.415  62.145 0.0000000000
49358  -14.786  -38.210  58.948 0.0000000000
56747  -6.905  -31.569  55.356 0.0000000000
125329  -11.306  -36.188  52.437 0.0000000000
52433  -3.732  -34.960  67.990 0.0000000000
46154  -5.404  -41.311  63.274 0.0000000000
42106  -5.904  -45.646  58.028 0.0000000000
141774  -36.617  -26.873  58.578 0.0000000000
56728  -34.760  -30.886  56.983 0.0000000000
59802  -35.722  -27.723  56.411 0.0000000000
56688  -33.339  -31.450  59.159 0.0000000000
55686  -32.783  -32.406  55.794 0.0000000000
56649  -32.086  -31.125  61.211 0.0000000000
77344  -49.906  -11.474  35.356 0.0000000000
73661  -46.138  -15.556  35.346 0.0000000000
76409  -47.794  -12.868  34.385 0.0000000000
78309  -48.245  -10.778  33.787 0.0000000000
66427  -40.555  -22.640  44.711 0.0000000000
128594  -35.995  -20.618  45.597 0.0000000000
125763  -37.527  -20.913  44.233 0.0000000000
66444  -38.405  -21.921  42.158 0.0000000000
47424  -5.643  -40.699  55.390 0.0000000000
48385  -6.168  -39.566  54.413 0.0000000000
44076  -6.960  -42.229  53.723 0.0000000000
43085  -7.554  -44.641  49.791 0.0000000000
42142  -7.631  -45.494  52.562 0.0000000000
43973  -9.061  -43.151  61.835 0.0000000000
42969  -8.167  -44.788  63.387 0.0000000000
70395  -36.503  -18.487  52.948 0.0000000000
66300  -34.262  -23.048  55.015 0.0000000000
63094  -32.435  -25.740  52.553 0.0000000000
67382  -33.357  -21.317  53.349 0.0000000000
68488  -34.011  -20.125  50.288 0.0000000000
59726  -26.539  -28.289  65.816 0.0000000000
57772  -27.686  -29.987  57.362 0.0000000000
57735  -25.723  -30.388  58.910 0.0000000000
83365  -49.608  -5.617  33.515 0.0000000000
84371  -49.913  -3.964  32.965 0.0000000000
53520  -4.108  -33.971  62.504 0.0000000000
51426  -5.844  -36.761  61.489 0.0000000000
51423  -5.020  -36.921  62.688 0.0000000000
68624  -46.056  -20.029  39.286 0.0000000000
64328  -41.153  -24.647  38.995 0.0000000000
67589  -42.726  -21.653  37.491 0.0000000000
144416  -44.358  -19.069  37.092 0.0000000000
48280  -13.437  -39.534  65.475 0.0000000000
48300  -13.909  -39.145  63.731 0.0000000000
57778  -3.516  -31.475  56.322 0.0000000000
142648  -3.857  -31.701  54.897 0.0000000000
55663  -6.589  -32.134  56.664 0.0000000000
142725  -8.215  -38.953  52.126 0.0000000000
51479  -10.186  -36.299  54.078 0.0000000000
127713  -9.764  -39.058  51.001 0.0000000000
52436  -6.130  -35.165  68.007 0.0000000000
143385  -6.021  -45.768  63.534 0.0000000000
145310  -5.438  -42.118  65.347 0.0000000000
125405  -5.524  -44.571  62.032 0.0000000000
43985  -5.513  -43.594  60.548 0.0000000000
41131  -5.537  -46.736  59.389 0.0000000000
64130  -35.189  -25.679  55.931 0.0000000000
59734  -28.725  -28.801  64.618 0.0000000000
57693  -30.314  -30.264  63.425 0.0000000000
125371  -29.249  -30.718  58.724 0.0000000000
82335  -51.073  -6.506  35.931 0.0000000000
81271  -48.741  -8.005  33.544 0.0000000000
65347  -43.623  -23.459  41.440 0.0000000000
132515  -39.999  -23.683  40.075 0.0000000000
55666  -19.851  -31.904  56.423 0.0000000000
54628  -18.154  -33.662  57.476 0.0000000000
56842  -4.486  -31.061  50.977 0.0000000000
52491  -7.904  -34.994  58.745 0.0000000000
53557  -8.325  -34.252  57.443 0.0000000000
145981  -7.441  -37.941  56.519 0.0000000000
49425  -7.132  -38.991  53.389 0.0000000000
47517  -7.829  -41.053  50.311 0.0000000000
47248  -9.892  -40.250  68.507 0.0000000000
47245  -6.941  -39.911  68.860 0.0000000000
149551  -8.550  -42.979  66.343 0.0000000000
41096  -7.021  -45.990  63.472 0.0000000000
68527  -37.462  -20.336  47.811 0.0000000000
68498  -35.034  -20.141  48.719 0.0000000000
55600  -21.871  -30.898  62.708 0.0000000000
56625  -26.716  -30.523  62.461 0.0000000000
125601  -23.858  -30.454  61.043 0.0000000000
56698  -21.221  -31.080  58.576 0.0000000000
57740  -3.499  -31.112  58.411 0.0000000000
56670  -3.316  -31.273  60.309 0.0000000000
53541  -4.781  -33.049  59.538 0.0000000000
52483  -6.669  -35.283  60.457 0.0000000000
49356  -6.231  -38.943  59.011 0.0000000000
46245  -5.568  -41.492  57.287 0.0000000000
72673  -48.389  -16.053  37.058 0.0000000000
133171  -44.884  -17.517  36.105 0.0000000000
47258  -12.055  -39.730  67.194 0.0000000000
45033  -11.477  -41.334  63.826 0.0000000000
45074  -10.224  -41.310  60.675 0.0000000000
53544  -17.163  -34.673  59.659 0.0000000000
135820  -15.848  -35.801  60.778 0.0000000000
146880  -14.844  -36.892  62.458 0.0000000000
47325  -13.824  -39.744  60.754 0.0000000000
46232  -11.949  -40.378  58.981 0.0000000000
60882  -3.727  -28.487  54.728 0.0000000000
126428  -4.381  -31.485  52.850 0.0000000000
56778  -7.946  -31.188  53.428 0.0000000000
53564  -9.097  -33.947  56.310 0.0000000000
134429  -10.430  -33.795  54.627 0.0000000000
54660  -11.272  -33.244  53.459 0.0000000000
129921  -3.291  -34.868  66.325 0.0000000000
49260  -4.199  -38.907  68.700 0.0000000000
49288  -3.272  -38.412  66.173 0.0000000000
129487  -4.162  -37.802  64.512 0.0000000000
47323  -5.469  -40.228  62.077 0.0000000000
135669  -5.550  -42.649  58.821 0.0000000000
43023  -6.273  -44.364  56.982 0.0000000000
38071  -4.876  -49.787  59.109 0.0000000000
38099  -5.238  -49.157  57.560 0.0000000000
41172  -6.801  -46.732  53.982 0.0000000000
58737  -35.936  -28.304  59.414 0.0000000000
60800  -35.079  -26.643  61.136 0.0000000000
58744  -35.428  -29.875  58.462 0.0000000000
130519  -35.847  -28.443  57.794 0.0000000000
57738  -34.349  -30.742  59.296 0.0000000000
56708  -34.434  -31.354  58.148 0.0000000000
58729  -34.220  -29.018  61.487 0.0000000000
57723  -33.475  -30.704  60.642 0.0000000000
75493  -49.778  -13.075  35.861 0.0000000000
74609  -48.025  -14.576  35.620 0.0000000000
74617  -46.700  -14.432  34.803 0.0000000000
75491  -48.338  -13.854  35.347 0.0000000000
76411  -48.809  -12.386  34.847 0.0000000000
67494  -39.426  -21.634  45.536 0.0000000000
66417  -40.791  -22.490  45.650 0.0000000000
67468  -40.571  -21.933  46.972 0.0000000000
67491  -36.280  -20.651  44.944 0.0000000000
131217  -38.647  -21.307  45.050 0.0000000000
126081  -38.420  -21.436  44.214 0.0000000000
45133  -5.886  -41.495  55.219 0.0000000000
46298  -6.064  -41.150  54.437 0.0000000000
137594  -6.589  -42.265  54.568 0.0000000000
43078  -7.728  -44.268  52.690 0.0000000000
42139  -7.549  -45.106  53.480 0.0000000000
149416  -8.702  -43.642  60.675 0.0000000000
42979  -8.275  -44.546  61.654 0.0000000000
150955  -34.789  -21.815  55.317 0.0000000000
66299  -33.664  -22.545  54.363 0.0000000000
139421  -34.572  -20.588  54.553 0.0000000000
69444  -34.640  -19.455  53.113 0.0000000000
84355  -50.598  -4.485  34.582 0.0000000000
84362  -49.724  -4.784  33.239 0.0000000000
85307  -51.014  -2.816  34.149 0.0000000000
53513  -3.787  -34.016  63.175 0.0000000000
52470  -4.199  -34.471  62.988 0.0000000000
52464  -3.944  -34.971  63.726 0.0000000000
68611  -45.818  -20.884  39.675 0.0000000000
68613  -46.921  -20.104  40.417 0.0000000000
65397  -43.323  -23.184  39.215 0.0000000000
65417  -42.220  -23.379  38.106 0.0000000000
66497  -43.651  -22.519  38.854 0.0000000000
68622  -44.813  -20.723  38.512 0.0000000000
49282  -13.970  -38.138  66.165 0.0000000000
50367  -14.279  -37.627  64.764 0.0000000000
55608  -20.216  -32.134  61.611 0.0000000000
132342  -19.472  -32.714  60.313 0.0000000000
57850  -7.930  -30.578  51.341 0.0000000000
134401  -4.326  -32.472  57.544 0.0000000000
55660  -4.270  -32.269  56.252 0.0000000000
125653  -5.139  -32.452  57.361 0.0000000000
47507  -8.473  -40.279  50.521 0.0000000000
49451  -8.822  -38.699  51.881 0.0000000000
48471  -9.363  -40.105  50.261 0.0000000000
53484  -6.536  -34.813  67.057 0.0000000000
51389  -6.726  -36.413  67.636 0.0000000000
146591  -5.983  -47.470  62.589 0.0000000000
42078  -5.818  -45.977  62.976 0.0000000000
41117  -5.544  -46.742  61.438 0.0000000000
42090  -5.547  -45.711  60.759 0.0000000000
40088  -5.424  -47.683  59.979 0.0000000000
61948  -36.035  -26.346  56.856 0.0000000000
61956  -35.369  -26.917  55.624 0.0000000000
64131  -35.640  -25.158  56.572 0.0000000000
65200  -35.405  -23.632  56.158 0.0000000000
126977  -31.225  -31.463  58.747 0.0000000000
125727  -30.050  -31.139  59.940 0.0000000000
56703  -29.722  -30.955  58.040 0.0000000000
145180  -28.974  -30.524  57.364 0.0000000000
131763  -50.543  -7.829  35.493 0.0000000000
127379  -49.267  -10.048  34.458 0.0000000000
79300  -48.271  -9.323  33.501 0.0000000000
80252  -49.617  -8.305  34.557 0.0000000000
81263  -49.930  -7.604  34.752 0.0000000000
64289  -42.402  -23.922  42.058 0.0000000000
65337  -43.704  -23.615  42.710 0.0000000000
65328  -43.629  -23.681  43.371 0.0000000000
65334  -40.057  -23.200  42.187 0.0000000000
65344  -39.256  -22.853  41.029 0.0000000000
65346  -40.590  -23.652  41.599 0.0000000000
64300  -41.793  -24.218  41.126 0.0000000000
132495  -4.210  -28.331  51.665 0.0000000000
57887  -3.943  -30.260  49.986 0.0000000000
58826  -3.599  -30.233  51.145 0.0000000000
51439  -7.879  -36.206  58.633 0.0000000000
51446  -8.236  -36.302  57.672 0.0000000000
150537  -7.352  -37.878  57.226 0.0000000000
47459  -6.542  -40.321  52.914 0.0000000000
49424  -6.511  -39.518  53.630 0.0000000000
47476  -6.881  -40.423  52.401 0.0000000000
48431  -7.264  -39.918  52.016 0.0000000000
46353  -7.436  -40.956  51.477 0.0000000000
139869  -7.514  -42.512  49.660 0.0000000000
45003  -10.488  -41.456  67.701 0.0000000000
43924  -9.051  -42.008  67.950 0.0000000000
43937  -8.895  -43.243  66.022 0.0000000000
41118  -7.686  -46.366  62.023 0.0000000000
42073  -7.771  -45.417  63.328 0.0000000000
40070  -7.137  -46.954  62.618 0.0000000000
40069  -6.796  -47.346  62.681 0.0000000000
128516  -37.210  -19.701  49.117 0.0000000000
69471  -35.339  -19.494  50.426 0.0000000000
141206  -34.120  -20.277  49.388 0.0000000000
142843  -35.647  -19.903  49.181 0.0000000000
68526  -36.535  -20.315  47.811 0.0000000000
56589  -23.429  -30.495  65.149 0.0000000000
56611  -22.163  -30.886  63.996 0.0000000000
126001  -23.456  -30.520  63.287 0.0000000000
56617  -28.433  -30.474  63.281 0.0000000000
56604  -27.698  -30.380  63.586 0.0000000000
146168  -27.596  -30.602  61.809 0.0000000000
57769  -24.627  -30.312  57.615 0.0000000000
57734  -25.113  -30.467  59.567 0.0000000000
57748  -23.535  -30.488  58.713 0.0000000000
125967  -22.332  -30.616  59.641 0.0000000000
56721  -22.549  -30.663  57.271 0.0000000000
136120  -21.397  -31.053  56.180 0.0000000000
55611  -3.411  -32.243  61.382 0.0000000000
55612  -3.826  -32.573  60.642 0.0000000000
55621  -3.734  -32.397  59.641 0.0000000000
130833  -4.501  -33.051  60.006 0.0000000000
53536  -5.950  -34.277  60.242 0.0000000000
53535  -5.271  -34.044  60.668 0.0000000000
49345  -5.877  -38.581  60.694 0.0000000000
50401  -6.059  -37.616  60.812 0.0000000000
49355  -5.979  -39.134  59.764 0.0000000000
48349  -5.636  -39.871  57.803 0.0000000000
129818  -5.471  -40.717  58.588 0.0000000000
72658  -47.810  -16.617  37.314 0.0000000000
137186  -49.352  -16.543  38.139 0.0000000000
71586  -48.614  -17.042  38.353 0.0000000000
70565  -45.717  -18.312  37.576 0.0000000000
70577  -44.440  -18.442  36.539 0.0000000000
70579  -46.238  -17.449  37.214 0.0000000000
72671  -46.826  -16.399  36.478 0.0000000000
48262  -12.021  -38.699  67.956 0.0000000000
46156  -12.662  -40.427  63.919 0.0000000000
46143  -12.582  -40.499  64.686 0.0000000000
46155  -12.055  -40.800  63.487 0.0000000000
45050  -10.763  -41.280  62.600 0.0000000000
46182  -11.191  -40.654  61.374 0.0000000000
53565  -17.642  -34.343  57.102 0.0000000000
149952  -17.693  -34.129  58.592 0.0000000000
52500  -16.562  -35.409  58.031 0.0000000000
50426  -15.104  -37.898  58.252 0.0000000000
50412  -15.374  -36.676  59.238 0.0000000000
136908  -14.943  -37.364  59.474 0.0000000000
50383  -15.191  -36.606  61.778 0.0000000000
49336  -14.628  -37.803  60.658 0.0000000000
49335  -14.374  -38.455  61.279 0.0000000000
48330  -14.324  -39.407  59.336 0.0000000000
151060  -12.439  -40.228  58.494 0.0000000000
142332  -3.712  -28.030  55.625 0.0000000000
56744  -4.630  -31.683  54.548 0.0000000000
56758  -3.842  -31.466  53.988 0.0000000000
56761  -5.884  -31.475  54.030 0.0000000000
56776  -5.798  -31.412  53.244 0.0000000000
127180  -7.605  -31.382  54.166 0.0000000000
52504  -8.979  -35.443  56.577 0.0000000000
53563  -8.830  -34.512  56.843 0.0000000000
52511  -9.386  -35.455  55.881 0.0000000000
51491  -10.384  -36.542  53.257 0.0000000000
52517  -10.358  -35.430  54.533 0.0000000000
53574  -10.849  -34.550  54.193 0.0000000000
54659  -10.836  -33.353  54.027 0.0000000000
53579  -11.346  -34.014  53.548 0.0000000000
53587  -11.796  -34.340  52.942 0.0000000000
143389  -3.373  -34.480  67.206 0.0000000000
45000  -6.576  -41.602  67.481 0.0000000000
48252  -5.497  -39.447  68.628 0.0000000000
137602  -5.091  -40.992  67.132 0.0000000000
46147  -5.283  -41.317  64.861 0.0000000000
145485  -4.606  -40.679  65.897 0.0000000000
47296  -4.846  -39.989  64.943 0.0000000000
49300  -4.163  -38.497  65.080 0.0000000000
47297  -5.090  -39.952  63.946 0.0000000000
49312  -4.942  -38.709  63.117 0.0000000000
46167  -5.427  -40.808  62.558 0.0000000000
131261  -5.711  -44.441  59.036 0.0000000000
43997  -5.512  -43.133  59.472 0.0000000000
43001  -5.739  -43.902  58.446 0.0000000000
44024  -5.745  -43.276  57.950 0.0000000000
42112  -6.169  -45.514  57.310 0.0000000000
137228  -4.478  -50.829  58.212 0.0000000000
39138  -5.156  -49.116  58.176 0.0000000000
63049  -36.967  -25.322  58.576 0.0000000000
55672  -34.491  -31.289  55.348 0.0000000000
57813  -34.807  -30.031  54.737 0.0000000000
57793  -35.448  -29.273  56.842 0.0000000000
60857  -36.310  -27.240  57.371 0.0000000000
56725  -31.525  -31.723  57.862 0.0000000000
55653  -32.872  -32.229  57.322 0.0000000000
55655  -34.003  -31.749  57.037 0.0000000000
56668  -32.436  -31.372  60.314 0.0000000000
78289  -50.463  -10.018  35.640 0.0000000000
74627  -46.234  -13.944  34.125 0.0000000000
76417  -46.774  -12.507  33.554 0.0000000000
77355  -47.065  -11.615  33.266 0.0000000000
77356  -47.963  -11.543  33.821 0.0000000000
77350  -49.241  -11.575  34.831 0.0000000000
65326  -40.946  -23.386  43.345 0.0000000000
65317  -42.853  -23.619  44.045 0.0000000000
66428  -41.416  -22.984  45.161 0.0000000000
65291  -42.573  -23.232  46.549 0.0000000000
67463  -34.277  -20.953  46.155 0.0000000000
67490  -35.307  -20.753  45.089 0.0000000000
67522  -35.471  -20.735  43.643 0.0000000000
126982  -36.100  -20.825  42.452 0.0000000000
67554  -37.251  -21.624  41.178 0.0000000000
67534  -37.996  -21.599  42.787 0.0000000000
66436  -39.672  -22.545  43.460 0.0000000000
49392  -5.899  -39.592  56.769 0.0000000000
49393  -6.176  -39.343  56.101 0.0000000000
146480  -5.682  -40.282  55.103 0.0000000000
46319  -6.342  -40.859  53.533 0.0000000000
143605  -7.118  -41.494  52.472 0.0000000000
44107  -7.676  -43.192  51.195 0.0000000000
146340  -7.840  -43.937  51.738 0.0000000000
128919  -7.889  -44.931  51.736 0.0000000000
43957  -9.534  -43.068  64.077 0.0000000000
43948  -8.997  -43.686  64.453 0.0000000000
42975  -8.560  -44.057  63.138 0.0000000000
69462  -36.506  -18.885  50.996 0.0000000000
63085  -33.646  -25.827  53.997 0.0000000000
147744  -32.822  -26.267  52.890 0.0000000000
65226  -33.236  -24.003  53.968 0.0000000000
65225  -32.667  -23.398  53.214 0.0000000000
67392  -32.630  -21.840  52.189 0.0000000000
68470  -33.468  -20.628  51.974 0.0000000000
69460  -34.801  -19.454  51.368 0.0000000000
57667  -25.464  -29.516  65.624 0.0000000000
150176  -27.823  -30.387  59.097 0.0000000000
56682  -27.133  -30.505  60.245 0.0000000000
57751  -26.496  -30.213  58.414 0.0000000000
57770  -25.494  -30.050  57.262 0.0000000000
83380  -48.497  -5.800  31.455 0.0000000000
84377  -48.762  -4.981  31.088 0.0000000000
85324  -49.560  -3.567  31.288 0.0000000000
85335  -49.998  -2.819  30.964 0.0000000000
53527  -4.326  -33.602  61.607 0.0000000000
52477  -5.453  -34.746  61.433 0.0000000000
52476  -5.046  -34.766  62.073 0.0000000000
51425  -5.428  -36.909  62.070 0.0000000000
49334  -5.571  -38.429  61.497 0.0000000000
70556  -46.523  -18.511  38.542 0.0000000000
144236  -47.529  -18.571  39.676 0.0000000000
65426  -41.062  -23.313  37.129 0.0000000000
67600  -41.516  -21.566  36.574 0.0000000000
68649  -42.247  -20.438  36.185 0.0000000000
68635  -43.739  -20.527  37.547 0.0000000000
68637  -45.094  -19.913  38.215 0.0000000000
48266  -13.042  -38.873  67.127 0.0000000000
49281  -13.592  -38.542  66.636 0.0000000000
48281  -13.784  -39.215  65.163 0.0000000000
47299  -13.552  -39.721  63.302 0.0000000000
49395  -15.475  -38.613  56.897 0.0000000000
47375  -14.147  -39.605  58.382 0.0000000000
142690  -3.558  -29.632  56.130 0.0000000000
136395  -3.543  -29.135  55.474 0.0000000000
56743  -3.660  -31.685  55.523 0.0000000000
55676  -4.396  -32.009  55.474 0.0000000000
55678  -6.212  -31.677  55.796 0.0000000000
50483  -8.257  -38.055  53.314 0.0000000000
51478  -9.534  -36.786  54.375 0.0000000000
50498  -9.109  -37.920  52.590 0.0000000000
50499  -9.859  -37.531  52.415 0.0000000000
50510  -10.208  -37.721  51.900 0.0000000000
55563  -6.293  -32.955  66.259 0.0000000000
54547  -5.776  -33.820  67.547 0.0000000000
53481  -5.200  -34.625  68.377 0.0000000000
42063  -6.236  -44.805  64.495 0.0000000000
43936  -5.590  -42.253  66.057 0.0000000000
42963  -5.945  -44.496  64.496 0.0000000000
43955  -5.575  -43.891  63.372 0.0000000000
148526  -5.470  -43.321  62.698 0.0000000000
45059  -5.440  -42.433  61.584 0.0000000000
43972  -5.497  -43.724  61.552 0.0000000000
42096  -5.616  -45.015  59.806 0.0000000000
42101  -5.698  -45.598  58.939 0.0000000000
59825  -34.367  -28.321  53.457 0.0000000000
59809  -35.134  -28.557  54.883 0.0000000000
60884  -34.758  -27.445  54.629 0.0000000000
61965  -34.544  -26.766  54.589 0.0000000000
64144  -34.377  -24.811  55.009 0.0000000000
66286  -35.368  -22.836  55.880 0.0000000000
56628  -29.279  -30.811  62.570 0.0000000000
56630  -30.904  -30.907  62.284 0.0000000000
127249  -29.734  -31.103  60.894 0.0000000000
56684  -28.770  -30.670  59.573 0.0000000000
57753  -28.410  -30.331  57.807 0.0000000000
79312  -47.554  -9.334  32.836 0.0000000000
81280  -48.998  -7.105  33.460 0.0000000000
83358  -50.056  -5.871  34.273 0.0000000000
65361  -44.185  -23.073  41.053 0.0000000000
66468  -46.113  -22.057  41.205 0.0000000000
65349  -44.958  -22.952  42.215 0.0000000000
66464  -37.691  -22.203  40.336 0.0000000000
64312  -40.455  -24.264  39.778 0.0000000000
65359  -42.532  -24.026  40.408 0.0000000000
132762  -19.978  -31.848  57.966 0.0000000000
54620  -18.954  -32.948  58.797 0.0000000000
54636  -18.591  -33.230  56.957 0.0000000000
142018  -18.218  -33.945  55.946 0.0000000000
57870  -5.038  -30.749  50.510 0.0000000000
142737  -7.333  -30.736  51.603 0.0000000000
54618  -6.703  -33.503  58.421 0.0000000000
54626  -7.056  -33.220  57.839 0.0000000000
53556  -7.738  -34.176  58.129 0.0000000000
51447  -8.544  -36.326  56.839 0.0000000000
50463  -8.214  -37.628  55.189 0.0000000000
49406  -7.015  -38.576  54.989 0.0000000000
50462  -7.598  -38.113  54.809 0.0000000000
50473  -8.095  -37.900  54.190 0.0000000000
49450  -7.643  -39.399  52.173 0.0000000000
49267  -7.529  -38.653  68.445 0.0000000000
48255  -8.500  -39.616  68.815 0.0000000000
44991  -7.758  -41.746  68.070 0.0000000000
42942  -7.943  -43.128  66.248 0.0000000000
42958  -8.661  -43.804  65.181 0.0000000000
42060  -7.831  -44.261  65.125 0.0000000000
41084  -6.868  -44.648  64.873 0.0000000000
41095  -6.501  -45.956  63.448 0.0000000000
39076  -6.279  -47.581  62.590 0.0000000000
126963  -5.799  -48.137  62.073 0.0000000000
67442  -38.148  -20.599  47.048 0.0000000000
134899  -39.969  -21.358  47.312 0.0000000000
140969  -39.244  -20.433  48.556 0.0000000000
60906  -32.545  -27.528  51.453 0.0000000000
67438  -34.265  -20.752  47.067 0.0000000000
67441  -37.123  -20.460  46.976 0.0000000000
55599  -21.032  -31.539  62.769 0.0000000000
55609  -20.827  -31.548  61.529 0.0000000000
59727  -27.264  -28.354  65.352 0.0000000000
129483  -26.401  -30.108  64.288 0.0000000000
56614  -25.535  -30.417  63.472 0.0000000000
56662  -26.167  -30.524  61.012 0.0000000000
56642  -25.680  -30.500  61.593 0.0000000000
125841  -23.962  -30.456  62.530 0.0000000000
56659  -22.665  -30.522  61.155 0.0000000000
144773  -21.631  -30.886  59.852 0.0000000000
56678  -20.623  -31.500  59.053 0.0000000000
127028  -20.872  -31.268  57.263 0.0000000000
86282  -50.596  -2.202  30.671 0.0000000000
87185  -51.350  -1.367  29.569 0.0000000000
87200  -51.377  -1.144  28.705 0.0000000000
57758  -3.509  -30.917  57.366 0.0000000000
55632  -4.345  -32.575  58.298 0.0000000000
57727  -3.446  -31.150  59.126 0.0000000000
131539  -3.840  -32.398  58.601 0.0000000000
54615  -4.780  -32.749  58.721 0.0000000000
150079  -5.839  -33.784  59.586 0.0000000000
52486  -7.193  -35.570  59.956 0.0000000000
146199  -6.953  -37.197  59.605 0.0000000000
51429  -6.452  -36.343  60.946 0.0000000000
50402  -6.564  -37.403  60.183 0.0000000000
132412  -6.581  -38.406  58.562 0.0000000000
138670  -5.686  -39.862  57.173 0.0000000000
47410  -5.583  -40.743  56.285 0.0000000000
132433  -5.777  -41.923  56.074 0.0000000000
73654  -48.764  -15.437  36.708 0.0000000000
69632  -43.235  -19.073  35.973 0.0000000000
70586  -43.230  -18.497  35.488 0.0000000000
71625  -44.208  -17.263  35.254 0.0000000000
72681  -45.631  -16.332  35.599 0.0000000000
72683  -47.280  -15.845  36.228 0.0000000000
47252  -11.090  -39.823  67.978 0.0000000000
46135  -11.286  -41.407  66.593 0.0000000000
48271  -12.714  -39.507  66.783 0.0000000000
46142  -11.962  -40.920  65.125 0.0000000000
145954  -10.477  -42.008  64.732 0.0000000000
45060  -9.439  -42.437  61.326 0.0000000000
54610  -18.484  -33.570  59.798 0.0000000000
53540  -18.151  -33.899  60.661 0.0000000000
52485  -17.023  -34.725  61.022 0.0000000000
51440  -15.982  -36.111  58.192 0.0000000000
52484  -16.483  -35.311  60.463 0.0000000000
52480  -16.449  -35.227  61.366 0.0000000000
51428  -15.774  -35.779  61.840 0.0000000000
139969  -15.303  -36.242  62.692 0.0000000000
50368  -14.606  -36.766  64.276 0.0000000000
49313  -14.147  -38.418  63.300 0.0000000000
48307  -14.018  -39.167  62.825 0.0000000000
47324  -13.385  -40.087  61.589 0.0000000000
47355  -13.891  -39.706  59.040 0.0000000000
141824  -12.872  -40.295  60.228 0.0000000000
46200  -11.941  -40.464  60.745 0.0000000000
46198  -10.436  -41.036  59.946 0.0000000000
60893  -3.954  -28.280  53.977 0.0000000000
59814  -3.592  -29.356  54.552 0.0000000000
146035  -3.589  -29.967  53.567 0.0000000000
57832  -3.594  -30.837  52.124 0.0000000000
135636  -4.423  -31.353  52.097 0.0000000000
56796  -6.492  -31.203  52.660 0.0000000000
56798  -8.585  -30.988  52.802 0.0000000000
54633  -7.372  -32.815  57.216 0.0000000000
55664  -7.772  -32.401  56.389 0.0000000000
55680  -8.396  -32.263  55.641 0.0000000000
52516  -9.852  -35.387  55.203 0.0000000000
54650  -9.902  -33.656  55.206 0.0000000000
142936  -8.758  -31.994  55.053 0.0000000000
125522  -9.662  -31.932  54.127 0.0000000000
55705  -10.014  -31.656  53.490 0.0000000000
56800  -10.319  -31.481  52.975 0.0000000000
55719  -11.937  -32.996  52.574 0.0000000000
50333  -6.284  -37.469  68.498 0.0000000000
140456  -5.013  -36.954  68.665 0.0000000000
50336  -3.745  -37.218  68.324 0.0000000000
46134  -4.478  -40.887  66.790 0.0000000000
138688  -3.085  -38.913  67.668 0.0000000000
127151  -2.778  -36.709  67.295 0.0000000000
129934  -2.831  -36.623  66.710 0.0000000000
51408  -3.405  -36.506  65.373 0.0000000000
51409  -3.687  -36.326  64.642 0.0000000000
49322  -4.563  -37.871  63.495 0.0000000000
49323  -5.127  -38.325  62.540 0.0000000000
48320  -5.650  -39.532  61.044 0.0000000000
46180  -5.460  -41.726  61.037 0.0000000000
137646  -5.446  -41.518  59.847 0.0000000000
133423  -5.457  -40.821  59.549 0.0000000000
45110  -5.582  -42.056  57.718 0.0000000000
130961  -5.931  -42.576  56.750 0.0000000000
43036  -6.810  -44.430  55.575 0.0000000000
39106  -5.461  -49.106  60.757 0.0000000000
38057  -5.097  -49.857  59.782 0.0000000000
139029  -5.298  -49.007  60.118 0.0000000000
39118  -5.291  -48.589  59.476 0.0000000000
40094  -5.441  -47.705  58.913 0.0000000000
41143  -5.842  -47.024  57.458 0.0000000000
39148  -5.511  -48.478  56.898 0.0000000000
136186  -6.034  -47.060  56.790 0.0000000000
41158  -6.487  -46.280  55.928 0.0000000000
42121  -6.731  -45.350  55.738 0.0000000000
42130  -7.055  -45.080  55.041 0.0000000000
41173  -7.268  -46.150  53.275 0.0000000000
41179  -6.620  -47.210  51.825 0.0000000000
60815  -36.090  -27.566  60.188 0.0000000000
60814  -35.418  -27.504  60.995 0.0000000000
133409  -35.256  -29.661  59.236 0.0000000000
58745  -35.641  -29.041  58.823 0.0000000000
57725  -34.769  -30.108  59.757 0.0000000000
57739  -34.939  -30.381  58.886 0.0000000000
58730  -34.868  -28.967  60.823 0.0000000000
58735  -34.593  -29.730  60.711 0.0000000000
59762  -34.801  -28.204  61.235 0.0000000000
137097  -50.519  -12.843  36.379 0.0000000000
75485  -50.280  -13.629  36.559 0.0000000000
74610  -48.739  -14.329  35.889 0.0000000000
75492  -49.033  -13.579  35.600 0.0000000000
66395  -40.237  -22.021  46.086 0.0000000000
67493  -38.731  -21.178  45.817 0.0000000000
67492  -37.942  -20.838  45.320 0.0000000000
45134  -6.210  -42.250  55.396 0.0000000000
44063  -7.173  -43.253  54.296 0.0000000000
42131  -7.306  -44.542  54.341 0.0000000000
43986  -8.550  -43.921  59.961 0.0000000000
54575  -3.528  -33.690  63.751 0.0000000000
67566  -45.599  -21.571  40.034 0.0000000000
67555  -46.159  -21.365  40.489 0.0000000000
136114  -45.691  -21.945  40.561 0.0000000000
66480  -43.978  -22.820  39.598 0.0000000000
66498  -44.400  -22.097  39.306 0.0000000000
67565  -45.110  -21.339  39.315 0.0000000000
51406  -14.484  -36.576  66.078 0.0000000000
50363  -14.248  -37.529  65.696 0.0000000000
51414  -14.535  -36.751  65.203 0.0000000000
55619  -20.430  -31.877  60.811 0.0000000000
55618  -19.875  -32.396  60.980 0.0000000000
57851  -8.909  -30.547  51.582 0.0000000000
55633  -4.702  -32.567  57.875 0.0000000000
54624  -5.642  -32.650  57.761 0.0000000000
48452  -8.898  -39.593  50.942 0.0000000000
133121  -7.156  -36.714  67.190 0.0000000000
140913  -5.647  -47.582  61.993 0.0000000000
41110  -5.713  -46.634  62.407 0.0000000000
40082  -5.476  -47.740  61.142 0.0000000000
63059  -36.123  -25.463  57.116 0.0000000000
64119  -36.134  -24.574  57.116 0.0000000000
143185  -36.277  -23.803  57.105 0.0000000000
56704  -30.527  -31.320  58.150 0.0000000000
56723  -30.137  -31.209  57.415 0.0000000000
80244  -50.812  -8.582  35.910 0.0000000000
79290  -49.594  -9.137  34.691 0.0000000000
80253  -50.120  -8.461  35.125 0.0000000000
64280  -42.223  -23.828  42.494 0.0000000000
64281  -42.938  -23.717  42.650 0.0000000000
145593  -42.324  -23.679  43.228 0.0000000000
65335  -40.783  -23.539  42.496 0.0000000000
64279  -41.417  -23.889  42.070 0.0000000000
61978  -4.841  -27.328  52.874 0.0000000000
59832  -3.864  -28.849  52.004 0.0000000000
59831  -3.639  -29.540  51.498 0.0000000000
50425  -7.613  -37.280  57.858 0.0000000000
50438  -6.947  -38.412  56.930 0.0000000000
46336  -6.772  -40.856  52.617 0.0000000000
46352  -7.126  -40.707  52.095 0.0000000000
135417  -7.529  -41.603  51.119 0.0000000000
45211  -7.574  -41.899  50.287 0.0000000000
145373  -7.582  -42.392  50.648 0.0000000000
142345  -9.949  -42.489  65.805 0.0000000000
149170  -9.392  -42.816  66.076 0.0000000000
43943  -9.205  -43.206  65.510 0.0000000000
41111  -7.483  -46.300  62.673 0.0000000000
68491  -36.703  -19.550  49.733 0.0000000000
69484  -37.658  -19.505  49.780 0.0000000000
146142  -37.752  -19.178  50.388 0.0000000000
60908  -33.757  -28.420  52.294 0.0000000000
68490  -35.859  -19.667  49.746 0.0000000000
68499  -36.369  -19.816  49.140 0.0000000000
57673  -24.770  -30.006  65.161 0.0000000000
56590  -24.006  -30.230  65.132 0.0000000000
56599  -23.303  -30.570  64.600 0.0000000000
56613  -23.900  -30.453  63.940 0.0000000000
138917  -28.000  -30.655  62.187 0.0000000000
55610  -27.381  -30.583  61.365 0.0000000000
125456  -23.612  -30.490  57.189 0.0000000000
57768  -23.889  -30.474  58.014 0.0000000000
56700  -23.011  -30.593  58.007 0.0000000000
56735  -22.066  -30.784  56.506 0.0000000000
54589  -3.820  -32.729  61.320 0.0000000000
126609  -4.183  -32.941  60.912 0.0000000000
54598  -4.238  -32.870  60.210 0.0000000000
53534  -4.741  -33.412  60.322 0.0000000000
48329  -5.724  -39.706  59.527 0.0000000000
125418  -5.620  -39.934  58.642 0.0000000000
71592  -47.177  -17.288  37.713 0.0000000000
71593  -48.008  -16.961  37.823 0.0000000000
70566  -46.426  -18.020  37.948 0.0000000000
71604  -46.991  -16.759  37.048 0.0000000000
46169  -12.611  -40.434  63.086 0.0000000000
46168  -11.963  -40.636  62.635 0.0000000000
45051  -11.296  -40.801  62.214 0.0000000000
46183  -11.915  -40.538  61.697 0.0000000000
52506  -17.274  -35.081  56.680 0.0000000000
53558  -17.127  -34.897  57.523 0.0000000000
51449  -16.660  -35.740  57.069 0.0000000000
143570  -15.118  -37.438  58.820 0.0000000000
50403  -14.825  -37.315  60.154 0.0000000000
49347  -14.690  -38.049  59.799 0.0000000000
49346  -14.461  -38.632  60.337 0.0000000000
49357  -14.589  -38.832  59.526 0.0000000000
143136  -3.618  -27.887  56.332 0.0000000000
56746  -6.009  -31.519  54.920 0.0000000000
56745  -5.287  -31.577  54.478 0.0000000000
56762  -6.823  -31.425  54.501 0.0000000000
52510  -8.968  -36.361  56.090 0.0000000000
51467  -9.411  -36.391  55.261 0.0000000000
147564  -10.748  -36.520  52.724 0.0000000000
52523  -10.791  -35.625  53.809 0.0000000000
52532  -11.093  -35.855  53.066 0.0000000000
52524  -11.394  -34.963  53.463 0.0000000000
52533  -11.765  -35.261  52.662 0.0000000000
53480  -4.653  -34.241  68.312 0.0000000000
53478  -3.636  -34.281  67.668 0.0000000000
43919  -6.348  -41.938  66.925 0.0000000000
44999  -5.715  -41.424  67.204 0.0000000000
43918  -5.781  -41.783  66.745 0.0000000000
136953  -5.353  -41.717  64.051 0.0000000000
143056  -5.009  -40.699  65.373 0.0000000000
47283  -5.251  -40.783  64.287 0.0000000000
48297  -4.646  -39.251  64.493 0.0000000000
139554  -5.356  -40.561  63.411 0.0000000000
138396  -5.847  -44.787  58.327 0.0000000000
142403  -5.624  -43.699  59.044 0.0000000000
43012  -5.976  -44.286  57.743 0.0000000000
150302  -5.989  -45.043  57.843 0.0000000000
34997  -4.416  -53.015  57.769 0.0000000000
135138  -4.340  -52.227  58.036 0.0000000000
36062  -4.423  -51.490  57.696 0.0000000000
61934  -36.810  -26.224  58.586 0.0000000000
56740  -34.523  -31.084  56.174 0.0000000000
143879  -34.807  -30.546  56.261 0.0000000000
57792  -35.122  -30.121  56.748 0.0000000000
60841  -36.399  -27.501  58.170 0.0000000000
134728  -36.177  -27.803  57.589 0.0000000000
60842  -36.546  -26.840  57.944 0.0000000000
61942  -36.587  -26.047  57.979 0.0000000000
56706  -32.876  -31.659  58.555 0.0000000000
55640  -32.445  -31.934  57.937 0.0000000000
55641  -33.202  -31.832  57.901 0.0000000000
56709  -34.961  -31.118  57.808 0.0000000000
56727  -34.444  -31.384  57.448 0.0000000000
56739  -34.381  -31.361  56.778 0.0000000000
55671  -34.189  -31.748  56.118 0.0000000000
56669  -33.728  -31.118  59.718 0.0000000000
126285  -33.090  -31.368  60.064 0.0000000000
56687  -32.564  -31.547  59.395 0.0000000000
56705  -32.084  -31.671  58.630 0.0000000000
78288  -50.199  -10.725  35.428 0.0000000000
126869  -50.747  -10.666  35.981 0.0000000000
77345  -50.518  -11.348  35.835 0.0000000000
144105  -45.409  -15.838  35.007 0.0000000000
73670  -44.905  -15.587  34.496 0.0000000000
73671  -45.604  -15.229  34.740 0.0000000000
75498  -46.967  -13.686  34.392 0.0000000000
75509  -46.509  -13.242  33.825 0.0000000000
75510  -47.195  -13.013  34.092 0.0000000000
76418  -47.526  -12.321  33.863 0.0000000000
76403  -49.539  -12.264  35.348 0.0000000000
78302  -49.592  -10.794  34.880 0.0000000000
66437  -40.318  -22.918  43.847 0.0000000000
65315  -41.140  -23.228  44.237 0.0000000000
66396  -41.068  -22.418  46.592 0.0000000000
66418  -41.696  -22.817  46.117 0.0000000000
66397  -41.965  -22.733  47.010 0.0000000000
134353  -35.088  -20.712  45.799 0.0000000000
125831  -36.620  -20.674  44.360 0.0000000000
67523  -36.921  -20.813  43.685 0.0000000000
125830  -36.234  -20.711  43.249 0.0000000000
126281  -37.046  -21.177  42.804 0.0000000000
67524  -37.751  -21.292  43.516 0.0000000000
66426  -39.808  -22.315  44.277 0.0000000000
66425  -39.162  -21.963  43.835 0.0000000000
48362  -5.815  -39.817  56.124 0.0000000000
48371  -5.653  -40.257  55.793 0.0000000000
136104  -6.434  -41.547  54.037 0.0000000000
45165  -6.762  -41.460  53.184 0.0000000000
45166  -7.274  -42.161  52.803 0.0000000000
128268  -7.544  -43.105  52.235 0.0000000000
138542  -7.570  -45.799  51.739 0.0000000000
41180  -7.113  -46.451  51.284 0.0000000000
43964  -9.542  -42.710  63.261 0.0000000000
43956  -9.067  -43.534  63.656 0.0000000000
43963  -9.077  -43.306  62.753 0.0000000000
69453  -36.014  -18.730  51.890 0.0000000000
64143  -33.878  -24.458  54.519 0.0000000000
64163  -33.450  -24.950  53.964 0.0000000000
65213  -33.747  -23.523  54.489 0.0000000000
131682  -33.230  -22.103  53.643 0.0000000000
66312  -33.159  -23.000  53.864 0.0000000000
146790  -32.839  -22.526  53.251 0.0000000000
66322  -32.549  -22.530  52.631 0.0000000000
66323  -32.875  -21.866  52.934 0.0000000000
67393  -33.121  -21.253  52.512 0.0000000000
68462  -33.597  -20.599  52.926 0.0000000000
69452  -35.416  -18.891  52.815 0.0000000000
69451  -34.799  -19.316  52.329 0.0000000000
59720  -25.687  -28.302  66.244 0.0000000000
58694  -26.080  -28.968  65.900 0.0000000000
57752  -27.592  -30.209  58.343 0.0000000000
129521  -26.853  -29.930  57.620 0.0000000000
82363  -49.120  -6.214  33.067 0.0000000000
82372  -48.324  -6.601  31.847 0.0000000000
83373  -48.778  -5.988  32.281 0.0000000000
84370  -49.446  -4.567  32.434 0.0000000000
84378  -49.232  -4.367  31.606 0.0000000000
85325  -50.061  -2.996  31.826 0.0000000000
85317  -50.243  -3.208  32.658 0.0000000000
126591  -3.929  -33.483  62.244 0.0000000000
53521  -4.366  -34.095  62.158 0.0000000000
148914  -4.753  -36.052  62.988 0.0000000000
141717  -5.149  -35.913  62.509 0.0000000000
50390  -5.279  -37.822  62.157 0.0000000000
69591  -46.310  -19.199  38.900 0.0000000000
70550  -46.944  -18.708  39.189 0.0000000000
69583  -46.632  -19.633  39.637 0.0000000000
64349  -41.022  -24.569  38.191 0.0000000000
66512  -42.488  -22.510  37.772 0.0000000000
66511  -41.779  -22.916  37.423 0.0000000000
66524  -41.994  -22.014  37.170 0.0000000000
67602  -43.024  -20.840  37.230 0.0000000000
67590  -43.478  -21.341  37.801 0.0000000000
68623  -45.433  -20.403  38.928 0.0000000000
69590  -45.710  -19.560  38.576 0.0000000000
69603  -45.997  -18.767  38.242 0.0000000000
50357  -13.816  -37.663  67.076 0.0000000000
49291  -14.039  -38.535  65.234 0.0000000000
48290  -13.851  -39.160  64.544 0.0000000000
48299  -13.575  -39.532  64.051 0.0000000000
48351  -15.131  -39.115  57.288 0.0000000000
140792  -14.680  -39.390  56.870 0.0000000000
138951  -3.507  -30.556  56.476 0.0000000000
55661  -4.928  -32.188  56.396 0.0000000000
143799  -5.666  -31.929  56.280 0.0000000000
55677  -5.247  -31.744  55.402 0.0000000000
50497  -8.404  -38.292  52.750 0.0000000000
50484  -8.960  -37.693  53.082 0.0000000000
49439  -8.602  -38.484  52.341 0.0000000000
48433  -9.047  -39.009  51.423 0.0000000000
50509  -9.356  -38.132  52.142 0.0000000000
49452  -9.755  -38.438  51.550 0.0000000000
128481  -10.600  -38.490  50.897 0.0000000000
52440  -6.444  -35.384  67.585 0.0000000000
53483  -6.192  -33.969  67.108 0.0000000000
52439  -6.146  -34.545  67.593 0.0000000000
53482  -5.729  -34.463  68.011 0.0000000000
52435  -5.642  -35.213  68.326 0.0000000000
42068  -6.003  -45.318  64.031 0.0000000000
136913  -5.568  -44.961  63.014 0.0000000000
43961  -5.459  -42.976  63.271 0.0000000000
43962  -5.530  -43.931  62.445 0.0000000000
144003  -5.437  -43.163  61.964 0.0000000000
133706  -5.596  -45.960  59.855 0.0000000000
58818  -34.405  -29.556  52.396 0.0000000000
59826  -34.655  -28.843  53.487 0.0000000000
58785  -35.174  -29.254  55.278 0.0000000000
58786  -35.391  -28.304  55.769 0.0000000000
63068  -35.287  -26.425  55.761 0.0000000000
60875  -35.131  -27.360  55.221 0.0000000000
61966  -34.988  -26.857  55.213 0.0000000000
63078  -34.735  -26.116  55.268 0.0000000000
145171  -34.422  -25.504  54.988 0.0000000000
64145  -34.760  -25.233  55.478 0.0000000000
145769  -32.169  -32.387  55.891 0.0000000000
57684  -29.862  -30.068  63.774 0.0000000000
57692  -29.613  -30.351  63.494 0.0000000000
56619  -29.860  -30.657  63.084 0.0000000000
57704  -32.073  -30.269  62.583 0.0000000000
56648  -31.275  -31.185  61.422 0.0000000000
56685  -29.554  -30.889  59.335 0.0000000000
127848  -29.158  -30.889  60.222 0.0000000000
56701  -28.438  -30.462  58.781 0.0000000000
57773  -28.475  -30.250  57.005 0.0000000000
132038  -51.095  -5.804  35.827 0.0000000000
78308  -47.572  -10.821  33.335 0.0000000000
78318  -46.926  -10.729  32.773 0.0000000000
80259  -48.616  -8.714  33.668 0.0000000000
80272  -48.112  -8.456  33.048 0.0000000000
81279  -48.423  -7.565  32.866 0.0000000000
81264  -50.492  -7.019  35.318 0.0000000000
82344  -49.985  -6.687  34.569 0.0000000000
82345  -50.559  -6.092  35.150 0.0000000000
83350  -50.893  -5.407  35.453 0.0000000000
65362  -44.829  -22.769  41.427 0.0000000000
133911  -44.304  -23.157  41.812 0.0000000000
65338  -44.479  -23.683  43.454 0.0000000000
65339  -45.162  -23.413  43.019 0.0000000000
138933  -43.088  -23.548  45.040 0.0000000000
65318  -43.804  -23.683  44.716 0.0000000000
66453  -38.121  -21.989  41.312 0.0000000000
64298  -39.618  -23.258  40.495 0.0000000000
64297  -39.324  -23.599  39.707 0.0000000000
150064  -42.212  -24.217  40.945 0.0000000000
143668  -41.798  -24.330  40.423 0.0000000000
64301  -42.831  -23.834  41.157 0.0000000000
65360  -43.444  -23.495  40.575 0.0000000000
55649  -19.599  -32.196  57.420 0.0000000000
55665  -19.147  -32.620  56.766 0.0000000000
58841  -3.943  -29.869  49.638 0.0000000000
56841  -4.037  -30.889  50.766 0.0000000000
57869  -4.319  -30.719  50.489 0.0000000000
57848  -6.040  -30.852  50.975 0.0000000000
150554  -6.645  -30.829  51.494 0.0000000000
53550  -7.167  -34.276  58.948 0.0000000000
51457  -7.957  -37.220  57.063 0.0000000000
50451  -8.259  -37.280  56.156 0.0000000000
49405  -6.410  -39.138  55.177 0.0000000000
49394  -6.799  -38.653  56.061 0.0000000000
48399  -6.787  -39.571  52.976 0.0000000000
49416  -6.725  -39.043  54.242 0.0000000000
49417  -7.319  -38.498  54.137 0.0000000000
147277  -7.681  -38.422  53.534 0.0000000000
49426  -7.769  -38.649  52.964 0.0000000000
49437  -7.360  -39.209  52.707 0.0000000000
47505  -7.644  -40.745  51.137 0.0000000000
48450  -7.610  -40.221  51.494 0.0000000000
43083  -7.816  -44.284  50.842 0.0000000000
44115  -7.641  -43.463  50.005 0.0000000000
49265  -9.043  -39.288  68.406 0.0000000000
150706  -9.474  -40.224  68.677 0.0000000000
43923  -8.419  -42.493  67.329 0.0000000000
45001  -8.358  -42.177  67.811 0.0000000000
43922  -8.257  -42.427  67.401 0.0000000000
43921  -7.695  -42.320  67.329 0.0000000000
42943  -8.478  -43.077  66.191 0.0000000000
42965  -8.899  -44.117  64.593 0.0000000000
42964  -8.292  -44.797  63.877 0.0000000000
125919  -7.471  -45.655  63.364 0.0000000000
42069  -7.979  -44.942  64.039 0.0000000000
41097  -7.553  -45.136  63.967 0.0000000000
42065  -7.537  -44.754  64.455 0.0000000000
148505  -7.215  -45.305  64.003 0.0000000000
41090  -6.873  -45.346  64.085 0.0000000000
39077  -6.651  -47.844  62.402 0.0000000000
40068  -6.555  -47.289  62.747 0.0000000000
39084  -6.175  -48.081  62.315 0.0000000000
68528  -38.517  -20.488  47.972 0.0000000000
61980  -32.555  -26.497  52.293 0.0000000000
68497  -34.084  -20.484  48.528 0.0000000000
68512  -34.718  -20.475  47.861 0.0000000000
68514  -36.871  -20.023  48.496 0.0000000000
55593  -21.637  -31.170  63.487 0.0000000000
56638  -21.368  -31.199  62.061 0.0000000000
148009  -20.876  -31.568  62.140 0.0000000000
142640  -27.177  -30.425  63.383 0.0000000000
57681  -27.394  -30.101  64.118 0.0000000000
56615  -26.351  -30.382  63.597 0.0000000000
56602  -26.063  -30.281  64.080 0.0000000000
150402  -26.328  -30.477  63.038 0.0000000000
57722  -26.262  -30.453  59.747 0.0000000000
147599  -26.485  -30.510  60.520 0.0000000000
56661  -24.474  -30.502  60.270 0.0000000000
125373  -25.070  -30.491  61.002 0.0000000000
56641  -24.503  -30.449  61.729 0.0000000000
56640  -23.293  -30.440  61.871 0.0000000000
129913  -21.763  -30.798  59.082 0.0000000000
56679  -21.139  -31.186  59.510 0.0000000000
56719  -20.613  -31.431  58.071 0.0000000000
56720  -21.327  -31.044  57.675 0.0000000000
56749  -20.967  -31.266  55.583 0.0000000000
86273  -50.551  -2.351  31.521 0.0000000000
131293  -49.989  -2.657  29.995 0.0000000000
87186  -51.999  -0.944  30.166 0.0000000000
141405  -3.519  -30.163  58.197 0.0000000000
56713  -3.543  -32.017  57.959 0.0000000000
57715  -3.169  -30.429  60.698 0.0000000000
57726  -3.362  -30.487  59.770 0.0000000000
54606  -4.360  -32.728  59.291 0.0000000000
54607  -5.349  -33.158  59.057 0.0000000000
53543  -6.687  -34.513  59.709 0.0000000000
51432  -7.386  -36.396  59.475 0.0000000000
51430  -6.986  -36.414  60.196 0.0000000000
142119  -5.559  -35.771  61.930 0.0000000000
142176  -5.970  -35.677  61.472 0.0000000000
50410  -6.211  -38.380  59.984 0.0000000000
50411  -6.585  -38.024  59.340 0.0000000000
49370  -6.310  -38.999  58.038 0.0000000000
49369  -5.907  -39.468  58.341 0.0000000000
47371  -5.514  -40.329  57.969 0.0000000000
47391  -5.570  -40.390  57.192 0.0000000000
141569  -5.570  -41.006  56.963 0.0000000000
46262  -5.615  -41.411  56.515 0.0000000000
73655  -49.533  -15.215  36.992 0.0000000000
72674  -49.084  -15.774  37.219 0.0000000000
67444  -40.967  -21.778  47.733 0.0000000000
68650  -43.317  -20.041  36.981 0.0000000000
69617  -42.864  -19.760  36.224 0.0000000000
69618  -43.701  -19.227  36.619 0.0000000000
70576  -43.732  -18.651  36.076 0.0000000000
70587  -44.020  -18.045  35.769 0.0000000000
71610  -43.553  -17.853  35.209 0.0000000000
72680  -44.988  -16.881  35.610 0.0000000000
71611  -45.459  -16.898  36.052 0.0000000000
72672  -47.575  -16.233  36.747 0.0000000000
73653  -48.025  -15.648  36.479 0.0000000000
48261  -11.327  -38.956  68.028 0.0000000000
47257  -11.551  -39.983  67.536 0.0000000000
140814  -11.117  -41.250  67.281 0.0000000000
46136  -11.633  -40.580  66.997 0.0000000000
48272  -13.314  -39.251  66.293 0.0000000000
47266  -12.923  -39.839  65.914 0.0000000000
46148  -12.084  -40.955  64.274 0.0000000000
45025  -11.302  -41.507  64.727 0.0000000000
45032  -10.699  -41.812  64.125 0.0000000000
45040  -10.763  -41.560  63.383 0.0000000000
45062  -10.540  -41.078  61.311 0.0000000000
126168  -10.252  -41.518  62.070 0.0000000000
45061  -9.904  -41.726  61.414 0.0000000000
45072  -9.371  -42.467  60.555 0.0000000000
144902  -9.730  -41.916  60.828 0.0000000000
54611  -19.021  -33.064  59.658 0.0000000000
131520  -18.555  -33.406  59.179 0.0000000000
147343  -17.447  -34.399  59.108 0.0000000000
53545  -17.857  -34.128  59.962 0.0000000000
150510  -17.422  -34.482  60.151 0.0000000000
53539  -17.619  -34.311  60.699 0.0000000000
142680  -17.031  -34.793  60.260 0.0000000000
51448  -16.200  -36.121  57.586 0.0000000000
137913  -15.785  -36.745  57.655 0.0000000000
136519  -15.840  -35.893  59.839 0.0000000000
136056  -16.433  -35.065  62.301 0.0000000000
50375  -14.741  -36.778  63.305 0.0000000000
50374  -14.341  -37.589  63.791 0.0000000000
50382  -14.473  -37.562  62.812 0.0000000000
48314  -14.190  -39.193  60.947 0.0000000000
142109  -14.117  -39.137  61.862 0.0000000000
147117  -13.885  -39.611  61.489 0.0000000000
47312  -13.729  -39.692  62.306 0.0000000000
137172  -13.339  -40.123  60.693 0.0000000000
47394  -13.749  -39.799  57.919 0.0000000000
47374  -13.489  -39.898  58.644 0.0000000000
47373  -12.753  -40.184  58.929 0.0000000000
46216  -12.164  -40.392  59.732 0.0000000000
46199  -11.061  -40.669  60.459 0.0000000000
46215  -11.199  -40.630  59.520 0.0000000000
60883  -4.072  -27.782  55.062 0.0000000000
61963  -4.782  -27.111  54.734 0.0000000000
130811  -4.372  -27.636  54.181 0.0000000000
58780  -3.611  -30.122  55.078 0.0000000000
142897  -3.552  -31.238  54.666 0.0000000000
56775  -3.929  -31.444  53.075 0.0000000000
127281  -3.711  -31.282  53.269 0.0000000000
136009  -3.490  -30.860  53.100 0.0000000000
58801  -3.571  -29.966  52.601 0.0000000000
56774  -3.749  -31.204  52.555 0.0000000000
56793  -3.820  -31.101  51.742 0.0000000000
56794  -4.002  -31.342  52.251 0.0000000000
148021  -7.220  -31.174  53.052 0.0000000000
56797  -7.572  -31.016  52.630 0.0000000000
54627  -7.775  -33.581  57.510 0.0000000000
54634  -8.340  -33.475  56.885 0.0000000000
54640  -8.802  -33.041  56.120 0.0000000000
51490  -9.619  -37.029  53.546 0.0000000000
145980  -9.908  -36.081  54.715 0.0000000000
53573  -10.196  -34.552  54.923 0.0000000000
55681  -9.311  -32.758  55.355 0.0000000000
55693  -9.345  -32.201  54.718 0.0000000000
55694  -10.081  -32.822  54.629 0.0000000000
55707  -10.965  -32.720  53.560 0.0000000000
55706  -10.426  -32.397  53.880 0.0000000000
55717  -10.738  -32.043  53.300 0.0000000000
55718  -11.387  -32.602  53.019 0.0000000000
53497  -3.320  -34.586  65.800 0.0000000000
49264  -7.211  -38.955  68.836 0.0000000000
50334  -6.730  -38.327  68.581 0.0000000000
49263  -6.481  -38.831  68.841 0.0000000000
49261  -4.721  -39.156  68.637 0.0000000000
146225  -5.157  -38.668  68.658 0.0000000000
136787  -4.527  -38.436  68.642 0.0000000000
138494  -4.468  -37.035  68.549 0.0000000000
131335  -3.906  -38.237  68.517 0.0000000000
43941  -5.606  -42.658  65.489 0.0000000000
45014  -5.055  -41.388  66.472 0.0000000000
45022  -5.293  -41.755  65.954 0.0000000000
48279  -4.053  -39.576  66.278 0.0000000000
127290  -3.708  -39.882  66.721 0.0000000000
49280  -2.998  -38.752  66.844 0.0000000000
49274  -2.811  -38.026  67.303 0.0000000000
50352  -2.742  -37.269  66.893 0.0000000000
143631  -3.137  -37.744  66.033 0.0000000000
131922  -3.780  -37.749  65.208 0.0000000000
50364  -3.335  -37.282  65.693 0.0000000000
50365  -3.672  -37.130  64.929 0.0000000000
52458  -3.514  -35.639  64.911 0.0000000000
50373  -4.103  -37.010  64.185 0.0000000000
138229  -5.441  -39.775  62.418 0.0000000000
129591  -5.294  -38.940  62.419 0.0000000000
48313  -5.483  -39.560  61.928 0.0000000000
49333  -5.495  -38.875  61.764 0.0000000000
47336  -5.501  -40.233  61.180 0.0000000000
134594  -5.491  -42.984  61.103 0.0000000000
142532  -5.480  -42.376  60.831 0.0000000000
45087  -5.495  -42.233  59.434 0.0000000000
139078  -5.483  -41.477  58.990 0.0000000000
45099  -5.549  -42.094  58.516 0.0000000000
44036  -6.022  -43.345  57.277 0.0000000000
131397  -5.748  -42.609  57.459 0.0000000000
44037  -6.262  -43.372  56.555 0.0000000000
43024  -6.545  -44.365  56.224 0.0000000000
38058  -5.521  -49.670  60.453 0.0000000000
141793  -4.531  -50.953  58.834 0.0000000000
37024  -4.863  -50.521  59.290 0.0000000000
39105  -5.295  -49.399  60.154 0.0000000000
39117  -5.139  -49.312  59.565 0.0000000000
39128  -5.076  -49.172  58.848 0.0000000000
39129  -5.300  -48.541  58.508 0.0000000000
39139  -5.382  -48.525  57.749 0.0000000000
40101  -5.529  -47.741  57.997 0.0000000000
40115  -5.909  -47.618  56.401 0.0000000000
41149  -6.287  -46.353  56.632 0.0000000000
41157  -6.235  -46.997  56.120 0.0000000000
41167  -6.694  -46.259  55.011 0.0000000000
42138  -7.179  -45.741  54.235 0.0000000000
60826  -36.446  -27.414  59.159 0.0000000000
61908  -36.952  -26.006  59.897 0.0000000000
60816  -36.637  -26.758  60.043 0.0000000000
136355  -35.937  -26.755  60.706 0.0000000000
57774  -35.213  -30.515  57.519 0.0000000000
57775  -35.374  -29.839  57.304 0.0000000000
58753  -35.528  -29.074  58.126 0.0000000000
59779  -36.071  -28.267  58.452 0.0000000000
56689  -34.020  -31.238  58.842 0.0000000000
56707  -33.626  -31.528  58.384 0.0000000000
57754  -34.673  -31.006  58.555 0.0000000000
144999  -34.905  -31.141  58.167 0.0000000000
58722  -33.387  -29.456  61.962 0.0000000000
57724  -34.171  -30.451  60.259 0.0000000000
59761  -33.958  -27.981  61.497 0.0000000000
76404  -50.318  -12.147  35.885 0.0000000000
149709  -50.744  -11.744  36.167 0.0000000000
73662  -46.944  -15.435  35.708 0.0000000000
73672  -46.651  -15.020  35.282 0.0000000000
73673  -47.281  -14.793  35.415 0.0000000000
74618  -47.565  -14.029  34.992 0.0000000000
75500  -48.026  -13.366  34.840 0.0000000000
146716  -48.291  -12.821  34.688 0.0000000000
75501  -48.616  -13.164  35.108 0.0000000000
136198  -49.169  -12.911  35.335 0.0000000000
66416  -39.995  -22.134  45.156 0.0000000000
66380  -41.423  -22.273  47.398 0.0000000000
128593  -36.988  -20.609  45.469 0.0000000000
125832  -37.246  -20.695  44.841 0.0000000000
145220  -37.986  -21.005  44.737 0.0000000000
67512  -39.270  -21.762  44.665 0.0000000000
46281  -5.654  -41.213  55.710 0.0000000000
46297  -5.761  -40.959  54.903 0.0000000000
45149  -6.194  -41.684  54.750 0.0000000000
44077  -7.399  -43.144  53.257 0.0000000000
43066  -7.476  -44.064  53.643 0.0000000000
42985  -8.651  -43.769  61.359 0.0000000000
145132  -8.399  -44.301  60.800 0.0000000000
67364  -34.840  -22.541  55.490 0.0000000000
146021  -34.271  -22.157  54.869 0.0000000000
67371  -33.703  -21.618  54.158 0.0000000000
67383  -33.912  -20.676  53.901 0.0000000000
68463  -34.122  -20.070  53.285 0.0000000000
68455  -34.610  -19.835  54.044 0.0000000000
69445  -35.213  -19.073  53.759 0.0000000000
61842  -26.503  -26.732  65.839 0.0000000000
57789  -26.841  -29.771  56.843 0.0000000000
83366  -50.108  -5.047  34.004 0.0000000000
83374  -49.279  -5.401  32.733 0.0000000000
84363  -50.259  -4.233  33.763 0.0000000000
86241  -51.652  -2.245  34.812 0.0000000000
51422  -4.377  -35.502  63.381 0.0000000000
68612  -46.394  -20.497  40.022 0.0000000000
68606  -46.639  -20.813  40.710 0.0000000000
65396  -42.577  -23.663  38.912 0.0000000000
64329  -41.782  -24.180  38.580 0.0000000000
66496  -42.950  -22.942  38.459 0.0000000000
66513  -43.191  -22.118  38.139 0.0000000000
67576  -44.500  -21.402  38.733 0.0000000000
50358  -14.171  -37.241  66.535 0.0000000000
49301  -14.085  -38.476  64.253 0.0000000000
141655  -20.355  -32.170  63.082 0.0000000000
57871  -6.708  -30.484  50.507 0.0000000000
138622  -7.282  -30.179  50.063 0.0000000000
57872  -7.638  -30.372  50.674 0.0000000000
133703  -3.611  -32.040  56.984 0.0000000000
56732  -3.712  -32.050  56.198 0.0000000000
55647  -4.541  -32.404  57.053 0.0000000000
55662  -5.656  -32.305  57.014 0.0000000000
48432  -8.279  -39.328  51.649 0.0000000000
127270  -6.830  -35.802  67.085 0.0000000000
143975  -6.360  -35.866  67.933 0.0000000000
41103  -6.038  -46.554  63.134 0.0000000000
42072  -5.920  -45.686  63.510 0.0000000000
42973  -5.589  -45.553  62.312 0.0000000000
135806  -5.528  -45.084  61.456 0.0000000000
42084  -5.565  -45.945  61.702 0.0000000000
41125  -5.511  -46.760  60.430 0.0000000000
60871  -36.038  -27.095  56.694 0.0000000000
144158  -35.525  -27.361  55.874 0.0000000000
61957  -35.659  -26.704  56.186 0.0000000000
63069  -35.622  -26.014  56.414 0.0000000000
136708  -35.210  -24.735  56.086 0.0000000000
65201  -35.748  -24.201  56.684 0.0000000000
54645  -32.858  -32.466  55.044 0.0000000000
56667  -31.663  -31.378  60.354 0.0000000000
126039  -30.968  -31.324  59.653 0.0000000000
126720  -30.361  -31.182  59.033 0.0000000000
142046  -29.884  -30.983  58.638 0.0000000000
56702  -29.074  -30.630  57.996 0.0000000000
56722  -29.501  -30.825  57.388 0.0000000000
81255  -51.027  -7.347  35.990 0.0000000000
78310  -48.606  -10.082  33.900 0.0000000000
79301  -48.910  -9.308  34.077 0.0000000000
80260  -49.128  -8.538  34.118 0.0000000000
81272  -49.314  -7.767  34.077 0.0000000000
64290  -43.027  -23.712  41.974 0.0000000000
145988  -43.811  -23.457  42.112 0.0000000000
127832  -44.175  -23.744  44.158 0.0000000000
66454  -38.840  -22.393  41.587 0.0000000000
66455  -39.461  -22.765  41.884 0.0000000000
65345  -39.841  -23.235  41.377 0.0000000000
64287  -40.129  -23.524  40.874 0.0000000000
64299  -40.650  -23.835  40.700 0.0000000000
128427  -41.312  -24.008  41.329 0.0000000000
64288  -41.906  -24.091  41.754 0.0000000000
55683  -19.800  -32.021  55.439 0.0000000000
58836  -3.846  -29.471  50.220 0.0000000000
59837  -3.832  -29.026  51.096 0.0000000000
58835  -3.745  -30.197  50.362 0.0000000000
142838  -6.226  -40.392  53.543 0.0000000000
127830  -6.039  -39.873  53.876 0.0000000000
48398  -6.325  -39.977  53.301 0.0000000000
130349  -6.661  -39.932  52.769 0.0000000000
48415  -7.041  -39.705  52.481 0.0000000000
47491  -7.260  -40.405  51.904 0.0000000000
46368  -7.674  -41.377  50.520 0.0000000000
140445  -10.055  -41.312  68.189 0.0000000000
44994  -9.427  -41.539  68.291 0.0000000000
45002  -9.614  -41.867  67.852 0.0000000000
43932  -9.165  -42.376  67.279 0.0000000000
43931  -8.601  -42.830  66.584 0.0000000000
42079  -7.857  -45.569  62.725 0.0000000000
137885  -7.390  -46.197  62.916 0.0000000000
41104  -7.094  -46.575  62.972 0.0000000000
40060  -6.926  -46.964  62.840 0.0000000000
40076  -7.013  -47.650  62.372 0.0000000000
68515  -37.751  -20.015  48.530 0.0000000000
68516  -38.498  -20.126  48.706 0.0000000000
68500  -38.079  -19.738  49.143 0.0000000000
128810  -32.009  -25.163  52.209 0.0000000000
69470  -34.597  -19.719  50.546 0.0000000000
68489  -34.932  -19.820  49.713 0.0000000000
68525  -35.632  -20.345  47.873 0.0000000000
68513  -36.016  -20.111  48.561 0.0000000000
148880  -22.816  -30.672  65.157 0.0000000000
56612  -22.956  -30.640  63.990 0.0000000000
56624  -22.858  -30.559  62.632 0.0000000000
57682  -28.407  -30.095  63.900 0.0000000000
58707  -27.961  -29.601  64.510 0.0000000000
56616  -27.772  -30.554  62.919 0.0000000000
56626  -27.394  -30.564  62.343 0.0000000000
55601  -27.071  -30.555  61.884 0.0000000000
57749  -24.622  -30.424  58.616 0.0000000000
56681  -24.000  -30.498  59.462 0.0000000000
56660  -23.156  -30.466  60.216 0.0000000000
56680  -23.109  -30.483  59.373 0.0000000000
127297  -22.581  -30.600  58.817 0.0000000000
56699  -22.002  -30.739  58.087 0.0000000000
143729  -21.842  -30.832  57.268 0.0000000000
83404  -48.106  -5.147  29.742 0.0000000000
56652  -3.416  -32.063  60.420 0.0000000000
56671  -3.415  -31.700  59.654 0.0000000000
53542  -5.222  -33.554  59.888 0.0000000000
52482  -6.076  -34.931  60.992 0.0000000000
137549  -5.882  -39.466  59.048 0.0000000000
125463  -5.503  -40.903  57.664 0.0000000000
146565  -48.832  -16.116  37.382 0.0000000000
72659  -48.621  -16.499  37.635 0.0000000000
69619  -44.977  -18.685  37.282 0.0000000000
70578  -45.327  -17.921  36.882 0.0000000000
71603  -45.725  -17.192  36.558 0.0000000000
143693  -46.373  -16.858  36.725 0.0000000000
47284  -12.980  -40.145  64.451 0.0000000000
47275  -13.049  -40.091  65.098 0.0000000000
45041  -11.416  -41.074  63.038 0.0000000000
146851  -10.769  -40.992  61.920 0.0000000000
53559  -17.625  -34.180  57.912 0.0000000000
53551  -17.185  -34.651  58.341 0.0000000000
52493  -16.803  -34.950  58.898 0.0000000000
143041  -15.471  -37.537  57.677 0.0000000000
50427  -15.520  -36.936  58.377 0.0000000000
51431  -15.285  -36.576  60.183 0.0000000000
51427  -15.440  -36.329  61.086 0.0000000000
50393  -14.997  -36.994  60.911 0.0000000000
50392  -14.640  -37.489  61.722 0.0000000000
48322  -14.243  -39.318  60.093 0.0000000000
125275  -13.043  -40.078  58.224 0.0000000000
46231  -11.090  -40.649  58.740 0.0000000000
55675  -4.050  -31.783  54.704 0.0000000000
56759  -4.224  -31.590  53.766 0.0000000000
56760  -4.987  -31.544  53.599 0.0000000000
56777  -6.812  -31.320  53.571 0.0000000000
143779  -9.218  -34.749  56.282 0.0000000000
54670  -11.654  -33.489  53.013 0.0000000000
46111  -6.603  -41.052  68.226 0.0000000000
48253  -6.225  -39.422  68.805 0.0000000000
46110  -5.962  -40.932  68.085 0.0000000000
46109  -5.426  -40.672  67.882 0.0000000000
46119  -4.751  -40.672  67.525 0.0000000000
45030  -5.385  -42.011  64.772 0.0000000000
46140  -5.173  -41.362  65.631 0.0000000000
132254  -4.561  -40.076  65.894 0.0000000000
49289  -3.883  -38.807  65.939 0.0000000000
49299  -3.584  -38.066  65.703 0.0000000000
48288  -4.391  -39.340  65.472 0.0000000000
49311  -4.525  -38.574  64.014 0.0000000000
48298  -4.975  -39.276  63.543 0.0000000000
47310  -5.405  -39.970  62.973 0.0000000000
42992  -5.616  -44.030  59.731 0.0000000000
45071  -5.464  -42.716  60.253 0.0000000000
44011  -5.600  -43.186  58.632 0.0000000000
134559  -5.612  -42.631  58.164 0.0000000000
37034  -4.668  -50.294  58.667 0.0000000000
38085  -4.906  -49.637  58.438 0.0000000000
37044  -4.775  -50.083  57.981 0.0000000000
145882  -5.049  -49.544  57.916 0.0000000000
38098  -5.054  -49.806  57.420 0.0000000000
40122  -6.187  -47.477  55.590 0.0000000000
55701  -34.498  -31.489  54.494 0.0000000000
56769  -34.583  -30.806  54.556 0.0000000000
56754  -34.692  -30.636  55.489 0.0000000000
57804  -35.059  -29.954  55.856 0.0000000000
58776  -35.609  -28.418  56.565 0.0000000000
58763  -35.508  -29.146  57.519 0.0000000000
59789  -35.759  -28.454  57.212 0.0000000000
127708  -36.024  -27.764  56.974 0.0000000000
60858  -36.344  -26.613  57.371 0.0000000000
63055  -36.329  -25.967  57.449 0.0000000000
55651  -31.347  -31.868  56.944 0.0000000000
55652  -32.084  -32.221  57.225 0.0000000000
55669  -32.522  -32.361  56.574 0.0000000000
56726  -33.878  -31.640  57.737 0.0000000000
55654  -33.493  -31.984  57.354 0.0000000000
55670  -33.403  -32.203  56.574 0.0000000000
55688  -34.299  -31.819  55.243 0.0000000000
57712  -32.472  -30.587  61.899 0.0000000000
57713  -33.201  -30.277  61.645 0.0000000000
56650  -32.763  -30.900  60.938 0.0000000000
56686  -31.801  -31.513  59.389 0.0000000000
79276  -50.738  -9.418  35.919 0.0000000000
78275  -50.988  -9.991  36.220 0.0000000000
74616  -45.889  -14.587  34.441 0.0000000000
74626  -45.435  -14.144  33.826 0.0000000000
136013  -45.775  -13.450  33.588 0.0000000000
76428  -46.262  -12.052  32.962 0.0000000000
76410  -48.177  -12.281  34.304 0.0000000000
77349  -48.583  -11.647  34.355 0.0000000000
78301  -48.880  -10.881  34.314 0.0000000000
78303  -49.889  -10.006  35.074 0.0000000000
65327  -41.854  -23.536  43.685 0.0000000000
65316  -42.116  -23.388  44.617 0.0000000000
65306  -42.385  -23.310  45.591 0.0000000000
67511  -35.559  -20.751  44.386 0.0000000000
67533  -35.560  -20.676  42.974 0.0000000000
67542  -35.733  -20.999  41.569 0.0000000000
67543  -36.699  -21.301  41.869 0.0000000000
67544  -37.581  -21.608  42.038 0.0000000000
67525  -38.534  -21.734  43.374 0.0000000000
66435  -39.095  -22.220  43.101 0.0000000000
66446  -39.575  -22.709  42.678 0.0000000000
65325  -40.166  -23.122  43.012 0.0000000000
60894  -4.273  -27.851  53.367 0.0000000000
49381  -6.363  -38.985  57.035 0.0000000000
48372  -5.876  -39.756  55.303 0.0000000000
48384  -5.787  -40.057  54.484 0.0000000000
46318  -5.996  -40.669  54.148 0.0000000000
47458  -5.940  -40.232  53.942 0.0000000000
45180  -7.423  -42.104  51.773 0.0000000000
42145  -7.544  -45.490  50.722 0.0000000000
45031  -9.949  -42.456  64.405 0.0000000000
43949  -9.345  -43.181  64.790 0.0000000000
42980  -8.569  -43.902  62.233 0.0000000000
42974  -8.212  -44.744  62.550 0.0000000000
134465  -37.384  -18.774  50.913 0.0000000000
61974  -33.991  -26.629  53.943 0.0000000000
61981  -33.118  -26.901  52.717 0.0000000000
61973  -33.367  -26.413  53.368 0.0000000000
63095  -32.940  -25.554  53.323 0.0000000000
64162  -32.789  -24.499  53.382 0.0000000000
130258  -32.381  -24.066  52.777 0.0000000000
65235  -32.251  -23.284  52.379 0.0000000000
66333  -32.017  -22.460  51.266 0.0000000000
67401  -32.387  -21.865  51.408 0.0000000000
67402  -32.907  -21.264  51.679 0.0000000000
68479  -33.346  -20.676  51.035 0.0000000000
68471  -34.124  -19.886  52.331 0.0000000000
68480  -33.987  -20.006  51.227 0.0000000000
58693  -25.211  -29.134  66.183 0.0000000000
56591  -24.780  -30.221  64.694 0.0000000000
56683  -27.929  -30.510  59.798 0.0000000000
56664  -27.661  -30.595  60.735 0.0000000000
57737  -27.114  -30.374  59.274 0.0000000000
57771  -26.229  -29.900  57.167 0.0000000000
144649  -26.120  -30.029  57.677 0.0000000000
57750  -25.500  -30.233  58.071 0.0000000000
57787  -24.646  -30.149  56.619 0.0000000000
57786  -23.616  -30.387  56.247 0.0000000000
83381  -48.984  -5.185  31.934 0.0000000000
84388  -49.087  -4.170  30.759 0.0000000000
84398  -48.986  -3.983  29.946 0.0000000000
85334  -49.492  -3.407  30.418 0.0000000000
86249  -50.739  -2.634  33.228 0.0000000000
54590  -4.093  -33.158  61.489 0.0000000000
53528  -4.710  -33.890  61.252 0.0000000000
52471  -4.660  -35.036  62.737 0.0000000000
50391  -5.634  -37.764  61.452 0.0000000000
49344  -5.733  -38.974  61.046 0.0000000000
70557  -47.019  -17.942  38.471 0.0000000000
70551  -47.546  -17.982  39.083 0.0000000000
69584  -47.227  -19.281  40.009 0.0000000000
65416  -41.492  -23.817  37.755 0.0000000000
65415  -40.762  -24.216  37.489 0.0000000000
67601  -42.291  -21.144  36.762 0.0000000000
130442  -42.737  -20.443  36.682 0.0000000000
68651  -44.033  -19.730  37.299 0.0000000000
67591  -44.198  -21.025  38.106 0.0000000000
68636  -44.447  -20.224  37.869 0.0000000000
69601  -44.728  -19.446  37.599 0.0000000000
69602  -45.375  -19.107  37.906 0.0000000000
49273  -12.799  -37.629  67.947 0.0000000000
49278  -13.286  -38.146  67.422 0.0000000000
49290  -13.804  -38.946  65.826 0.0000000000
48289  -13.437  -39.690  64.682 0.0000000000
141047  -13.047  -40.148  63.423 0.0000000000
47311  -13.209  -40.148  62.668 0.0000000000
50465  -16.628  -36.932  55.746 0.0000000000
50452  -16.034  -37.240  56.512 0.0000000000
50439  -15.675  -37.164  57.150 0.0000000000
49383  -15.584  -37.866  57.049 0.0000000000
49382  -15.250  -38.442  57.628 0.0000000000
49372  -14.945  -38.724  58.305 0.0000000000
49371  -14.730  -39.053  58.865 0.0000000000
48350  -14.501  -39.450  57.695 0.0000000000
59792  -3.566  -28.491  56.275 0.0000000000
57797  -3.461  -30.891  55.660 0.0000000000
55659  -3.914  -32.076  55.658 0.0000000000
50474  -8.910  -37.485  53.837 0.0000000000
51504  -9.679  -37.303  52.885 0.0000000000
51505  -10.268  -36.986  52.683 0.0000000000
51514  -10.704  -36.995  52.237 0.0000000000
54551  -5.824  -33.283  67.086 0.0000000000
54550  -5.425  -33.117  67.444 0.0000000000
54546  -5.236  -33.716  68.002 0.0000000000
53477  -4.713  -34.914  68.492 0.0000000000
42057  -6.550  -44.164  65.023 0.0000000000
42939  -5.930  -42.802  66.147 0.0000000000
42956  -6.174  -43.971  65.006 0.0000000000
42955  -5.839  -43.570  64.953 0.0000000000
42968  -5.727  -44.801  63.871 0.0000000000
42962  -5.714  -43.867  64.254 0.0000000000
43947  -5.540  -42.897  64.680 0.0000000000
45038  -5.421  -42.530  63.976 0.0000000000
45047  -5.420  -42.162  63.200 0.0000000000
45048  -5.419  -42.634  62.475 0.0000000000
42984  -5.545  -44.580  60.587 0.0000000000
59833  -34.310  -28.837  52.790 0.0000000000
60901  -33.926  -28.046  53.054 0.0000000000
59815  -34.921  -28.720  54.147 0.0000000000
139362  -35.202  -27.858  55.269 0.0000000000
126801  -34.928  -28.001  54.703 0.0000000000
60896  -34.637  -28.169  54.058 0.0000000000
60895  -34.302  -27.519  53.850 0.0000000000
139843  -34.213  -26.034  54.595 0.0000000000
63086  -33.987  -25.277  54.552 0.0000000000
65214  -34.341  -23.959  55.011 0.0000000000
64129  -34.789  -24.318  55.564 0.0000000000
65199  -34.830  -23.409  55.557 0.0000000000
67365  -35.618  -21.929  55.850 0.0000000000
58708  -28.896  -29.490  64.382 0.0000000000
56627  -28.542  -30.662  62.686 0.0000000000
56645  -28.658  -30.823  61.986 0.0000000000
57702  -30.575  -30.588  62.906 0.0000000000
56666  -30.680  -31.260  60.646 0.0000000000
56647  -30.370  -31.149  61.633 0.0000000000
56629  -30.083  -30.937  62.459 0.0000000000
56646  -29.467  -31.022  61.815 0.0000000000
126223  -28.845  -30.875  61.140 0.0000000000
56665  -28.370  -30.699  60.494 0.0000000000
79299  -47.923  -10.080  33.392 0.0000000000
79311  -46.795  -9.858  32.340 0.0000000000
82362  -48.619  -6.774  32.623 0.0000000000
132839  -49.509  -7.104  34.141 0.0000000000
82354  -49.533  -6.430  33.825 0.0000000000
83359  -50.518  -5.284  34.778 0.0000000000
84347  -50.990  -4.754  35.360 0.0000000000
66466  -44.693  -22.676  40.670 0.0000000000
66467  -45.353  -22.386  40.947 0.0000000000
66456  -45.555  -22.552  41.735 0.0000000000
65348  -44.419  -23.429  42.557 0.0000000000
63218  -40.590  -24.670  39.205 0.0000000000
132772  -41.223  -24.176  40.547 0.0000000000
64313  -41.187  -24.465  39.760 0.0000000000
64314  -41.985  -24.261  39.565 0.0000000000
65375  -42.945  -23.685  39.745 0.0000000000
65376  -43.620  -23.284  39.873 0.0000000000
148244  -20.180  -31.929  59.464 0.0000000000
55628  -19.593  -32.434  59.366 0.0000000000
55638  -19.510  -32.373  58.343 0.0000000000
54629  -18.887  -32.933  57.753 0.0000000000
54643  -18.683  -33.182  56.077 0.0000000000
54635  -18.147  -33.807  56.657 0.0000000000
138279  -17.760  -34.478  56.284 0.0000000000
52512  -17.502  -35.207  55.799 0.0000000000
150448  -17.263  -35.728  55.732 0.0000000000
51468  -17.034  -36.195  55.697 0.0000000000
57849  -7.035  -30.636  51.137 0.0000000000
56820  -8.084  -30.830  52.017 0.0000000000
54617  -5.823  -33.057  58.416 0.0000000000
54625  -6.273  -32.964  58.002 0.0000000000
148561  -8.311  -34.700  57.793 0.0000000000
52498  -8.268  -35.261  58.123 0.0000000000
52499  -8.603  -35.245  57.363 0.0000000000
51466  -8.816  -37.052  55.528 0.0000000000
50450  -7.531  -38.037  55.624 0.0000000000
49438  -7.971  -38.851  52.498 0.0000000000
127789  -7.710  -39.765  51.717 0.0000000000
48451  -8.060  -39.938  51.181 0.0000000000
125975  -8.069  -39.168  68.667 0.0000000000
150002  -7.464  -40.105  68.992 0.0000000000
46114  -8.546  -41.386  68.559 0.0000000000
46113  -7.875  -41.414  68.472 0.0000000000
46112  -7.228  -41.235  68.321 0.0000000000
44990  -7.129  -41.531  67.895 0.0000000000
43920  -6.845  -42.151  66.921 0.0000000000
42941  -7.206  -43.083  66.185 0.0000000000
43942  -9.105  -43.913  64.915 0.0000000000
137590  -8.974  -43.491  65.492 0.0000000000
42944  -8.737  -43.356  65.799 0.0000000000
42957  -8.304  -44.238  64.658 0.0000000000
148246  -8.508  -43.384  65.925 0.0000000000
42951  -7.979  -43.644  65.544 0.0000000000
42054  -7.544  -43.589  65.571 0.0000000000
42950  -6.865  -43.561  65.577 0.0000000000
42064  -6.655  -44.854  64.545 0.0000000000
41089  -6.336  -45.535  63.847 0.0000000000
40058  -6.206  -46.292  63.231 0.0000000000
40059  -6.461  -46.635  63.103 0.0000000000
40067  -6.145  -47.015  62.956 0.0000000000
67467  -38.834  -20.993  46.533 0.0000000000
151781  -39.400  -21.221  46.851 0.0000000000
125474  -39.100  -20.878  47.229 0.0000000000
67443  -39.583  -20.843  47.907 0.0000000000
61992  -32.814  -27.265  52.098 0.0000000000
61991  -32.252  -26.769  51.684 0.0000000000
142076  -34.901  -20.667  46.478 0.0000000000
67464  -35.668  -20.582  46.347 0.0000000000
67440  -36.141  -20.467  47.055 0.0000000000
67465  -36.628  -20.543  46.212 0.0000000000
67466  -37.787  -20.688  46.140 0.0000000000
55586  -21.603  -31.383  64.318 0.0000000000
55592  -20.963  -31.772  63.737 0.0000000000
125961  -20.488  -31.917  62.242 0.0000000000
60769  -26.937  -27.579  65.654 0.0000000000
57675  -26.878  -29.516  64.705 0.0000000000
58699  -26.790  -28.901  65.352 0.0000000000
57674  -25.870  -29.786  64.900 0.0000000000
56592  -25.498  -30.150  64.511 0.0000000000
130122  -24.729  -30.358  63.903 0.0000000000
56663  -26.986  -30.551  60.929 0.0000000000
56643  -26.684  -30.542  61.467 0.0000000000
57721  -25.615  -30.495  60.371 0.0000000000
125576  -26.280  -30.533  62.049 0.0000000000
125717  -25.152  -30.452  62.318 0.0000000000
126040  -24.624  -30.449  63.202 0.0000000000
56639  -22.244  -30.706  61.959 0.0000000000
125457  -22.031  -30.704  60.460 0.0000000000
56658  -21.645  -30.930  61.293 0.0000000000
55620  -21.144  -31.249  60.501 0.0000000000
55629  -20.592  -31.669  59.932 0.0000000000
55639  -20.055  -31.871  58.722 0.0000000000
56733  -20.721  -31.350  56.465 0.0000000000
85344  -49.395  -3.305  29.599 0.0000000000
86293  -49.724  -2.769  29.255 0.0000000000
87184  -50.699  -1.970  29.819 0.0000000000
148577  -50.228  -2.097  28.736 0.0000000000
88113  -51.978  -0.654  28.346 0.0000000000
139306  -3.527  -29.532  57.699 0.0000000000
127986  -3.843  -32.320  57.715 0.0000000000
56690  -3.444  -31.991  58.861 0.0000000000
53549  -6.227  -33.682  59.019 0.0000000000
51433  -7.524  -35.293  59.353 0.0000000000
51438  -7.160  -37.474  58.762 0.0000000000
48361  -5.649  -40.103  56.556 0.0000000000
74603  -49.142  -14.780  36.431 0.0000000000
74604  -49.938  -14.488  36.780 0.0000000000
67556  -46.613  -21.388  41.243 0.0000000000
68662  -42.217  -19.899  35.766 0.0000000000
69631  -42.528  -19.186  35.556 0.0000000000
148955  -42.526  -18.575  35.067 0.0000000000
70599  -42.896  -18.029  34.849 0.0000000000
71624  -43.344  -17.383  34.700 0.0000000000
72690  -44.756  -16.391  34.934 0.0000000000
71612  -46.093  -16.614  36.248 0.0000000000
72682  -46.521  -16.066  35.931 0.0000000000
73663  -47.682  -15.238  35.945 0.0000000000
73664  -48.399  -15.016  36.185 0.0000000000
47251  -10.485  -40.137  68.223 0.0000000000
45009  -10.657  -41.864  66.999 0.0000000000
45016  -10.745  -42.034  66.224 0.0000000000
49277  -12.632  -38.444  67.747 0.0000000000
48265  -12.396  -39.090  67.531 0.0000000000
47265  -12.258  -40.106  66.391 0.0000000000
47274  -12.475  -40.381  65.508 0.0000000000
131015  -11.833  -40.817  66.057 0.0000000000
46141  -11.360  -41.494  65.707 0.0000000000
45024  -10.652  -42.006  65.405 0.0000000000
45039  -10.029  -42.178  63.729 0.0000000000
43974  -9.577  -42.341  62.248 0.0000000000
45049  -10.035  -41.808  62.924 0.0000000000
43987  -9.002  -43.094  61.001 0.0000000000
43999  -8.941  -43.112  60.248 0.0000000000
132321  -18.918  -33.238  60.389 0.0000000000
53552  -18.044  -33.871  59.183 0.0000000000
129275  -18.418  -33.664  60.360 0.0000000000
54604  -18.649  -33.472  60.957 0.0000000000
53532  -17.615  -34.251  61.549 0.0000000000
52492  -16.327  -35.564  58.714 0.0000000000
51434  -15.851  -36.030  58.955 0.0000000000
52487  -16.513  -35.320  59.546 0.0000000000
52481  -17.003  -34.631  61.858 0.0000000000
52475  -16.517  -34.778  63.227 0.0000000000
51421  -15.846  -35.468  62.969 0.0000000000
51420  -15.231  -35.977  63.820 0.0000000000
49324  -14.252  -38.375  62.298 0.0000000000
147720  -14.395  -39.420  58.768 0.0000000000
47338  -13.727  -39.888  59.897 0.0000000000
47354  -13.183  -40.099  59.389 0.0000000000
46201  -12.686  -40.360  61.150 0.0000000000
46214  -10.358  -41.193  59.188 0.0000000000
149726  -10.061  -41.417  59.673 0.0000000000
45073  -9.811  -41.744  60.136 0.0000000000
59824  -3.825  -28.656  52.930 0.0000000000
59806  -3.622  -28.492  55.502 0.0000000000
135327  -3.565  -31.176  53.778 0.0000000000
141764  -3.647  -29.084  53.576 0.0000000000
150860  -3.648  -29.224  52.827 0.0000000000
59823  -3.652  -29.344  52.265 0.0000000000
146597  -3.550  -29.915  51.811 0.0000000000
56816  -4.100  -31.199  51.446 0.0000000000
56817  -4.810  -31.246  51.617 0.0000000000
56795  -5.191  -31.388  52.505 0.0000000000
56818  -5.881  -31.101  51.748 0.0000000000
56819  -7.000  -30.920  52.008 0.0000000000
55648  -6.403  -32.625  57.462 0.0000000000
55679  -7.026  -31.779  56.037 0.0000000000
56748  -7.600  -31.835  55.718 0.0000000000
53569  -9.613  -34.463  55.677 0.0000000000
54641  -9.392  -33.565  55.763 0.0000000000
56763  -7.825  -31.616  55.003 0.0000000000
55692  -8.627  -31.593  54.300 0.0000000000
56779  -9.085  -31.363  53.507 0.0000000000
56799  -9.565  -31.184  52.923 0.0000000000
56801  -11.055  -31.639  52.627 0.0000000000
55731  -11.872  -32.246  52.313 0.0000000000
54671  -12.193  -33.698  52.474 0.0000000000
126221  -3.402  -33.931  64.624 0.0000000000
149737  -6.842  -37.088  67.876 0.0000000000
51385  -6.430  -36.704  68.127 0.0000000000
51382  -5.892  -36.587  68.482 0.0000000000
49262  -5.805  -38.811  68.798 0.0000000000
50332  -5.589  -37.353  68.648 0.0000000000
52432  -5.584  -35.892  68.473 0.0000000000
52431  -5.092  -35.506  68.601 0.0000000000
52430  -4.438  -35.536  68.492 0.0000000000
128515  -3.867  -35.584  68.255 0.0000000000
43928  -5.605  -41.930  66.427 0.0000000000
46127  -4.585  -41.081  67.253 0.0000000000
46118  -4.147  -40.741  67.386 0.0000000000
46133  -4.279  -40.689  66.785 0.0000000000
47264  -3.816  -40.361  66.964 0.0000000000
49266  -3.741  -38.900  68.315 0.0000000000
50344  -3.221  -37.940  68.060 0.0000000000
50335  -3.089  -36.959  67.902 0.0000000000
146956  -3.469  -35.680  67.932 0.0000000000
52438  -3.333  -35.278  67.464 0.0000000000
125507  -2.843  -36.012  67.085 0.0000000000
132858  -3.118  -35.844  66.434 0.0000000000
51401  -3.128  -36.606  66.119 0.0000000000
143499  -3.323  -35.243  65.892 0.0000000000
52451  -3.330  -35.845  65.681 0.0000000000
139363  -3.738  -35.513  64.338 0.0000000000
51416  -4.057  -36.022  64.012 0.0000000000
128554  -4.557  -36.753  63.416 0.0000000000
50381  -4.882  -37.623  62.852 0.0000000000
149295  -5.376  -38.371  61.986 0.0000000000
47337  -5.563  -40.111  60.178 0.0000000000
45058  -5.404  -41.726  62.220 0.0000000000
138055  -5.426  -40.957  61.564 0.0000000000
46181  -5.444  -42.028  60.282 0.0000000000
150653  -5.450  -41.566  60.406 0.0000000000
46197  -5.444  -40.982  60.514 0.0000000000
47353  -5.554  -40.232  59.282 0.0000000000
45120  -5.667  -42.007  56.939 0.0000000000
44049  -6.124  -42.610  56.131 0.0000000000
44050  -6.532  -43.362  55.745 0.0000000000
128543  -5.606  -48.535  61.445 0.0000000000
36028  -5.090  -50.950  59.538 0.0000000000
37014  -5.257  -50.342  59.893 0.0000000000
134865  -5.381  -48.496  60.543 0.0000000000
41138  -5.704  -46.694  58.298 0.0000000000
145047  -5.982  -46.290  57.610 0.0000000000
38112  -5.284  -49.338  56.902 0.0000000000
40109  -5.671  -47.744  57.201 0.0000000000
131444  -6.098  -46.486  57.125 0.0000000000
42113  -6.463  -45.400  56.505 0.0000000000
40123  -6.388  -46.933  55.461 0.0000000000
43050  -7.007  -43.909  55.056 0.0000000000
133720  -6.510  -47.020  50.905 0.0000000000
42058  -7.055  -44.218  65.094 0.0000000000
42059  -7.634  -44.158  65.046 0.0000000000
42935  -7.517  -42.660  66.792 0.0000000000
42936  -7.965  -42.746  66.886 0.0000000000
42948  -5.887  -43.207  65.612 0.0000000000
42949  -6.307  -43.459  65.590 0.0000000000
42978  -5.507  -44.281  61.238 0.0000000000
43913  -7.290  -41.893  67.506 0.0000000000
43914  -7.761  -42.008  67.709 0.0000000000
43915  -8.193  -42.038  68.092 0.0000000000
43929  -6.123  -42.353  66.524 0.0000000000
43930  -6.783  -42.531  66.629 0.0000000000
43938  -9.173  -42.653  66.614 0.0000000000
43954  -5.541  -43.252  63.916 0.0000000000
44988  -5.915  -41.178  67.761 0.0000000000
44989  -6.455  -41.249  67.928 0.0000000000
44992  -8.209  -41.865  68.169 0.0000000000
44993  -8.734  -41.775  68.270 0.0000000000
45007  -5.257  -41.352  66.775 0.0000000000
45008  -9.867  -42.174  67.272 0.0000000000
45013  -4.791  -41.080  66.409 0.0000000000
45015  -9.991  -42.368  66.526 0.0000000000
46107  -6.187  -40.590  68.366 0.0000000000
46108  -6.693  -40.643  68.522 0.0000000000
46115  -9.289  -41.143  68.591 0.0000000000
46120  -9.997  -40.875  68.457 0.0000000000
46121  -10.584  -40.680  68.091 0.0000000000
46126  -4.064  -40.754  67.062 0.0000000000
46128  -11.131  -40.624  67.669 0.0000000000
46229  -5.499  -41.467  58.104 0.0000000000
47242  -4.828  -40.154  68.055 0.0000000000
47243  -5.588  -40.210  68.292 0.0000000000
47244  -6.139  -40.061  68.587 0.0000000000
47246  -8.008  -40.167  69.057 0.0000000000
47247  -8.820  -40.162  68.880 0.0000000000
47249  -10.628  -39.476  68.141 0.0000000000
47250  -4.104  -40.345  67.932 0.0000000000
47256  -3.754  -40.414  67.378 0.0000000000
47273  -3.905  -40.100  66.358 0.0000000000
47298  -13.154  -39.915  63.977 0.0000000000
47442  -5.762  -40.528  54.634 0.0000000000
48254  -7.573  -39.593  68.968 0.0000000000
48256  -9.376  -39.551  68.528 0.0000000000
48257  -10.078  -39.479  68.278 0.0000000000
48258  -3.603  -39.724  67.876 0.0000000000
48264  -3.324  -39.706  67.136 0.0000000000
48270  -3.486  -39.216  66.491 0.0000000000
48306  -5.293  -39.348  62.738 0.0000000000
48339  -14.667  -39.258  58.315 0.0000000000
48414  -6.875  -40.089  52.401 0.0000000000
49380  -5.937  -39.472  57.528 0.0000000000
50330  -4.320  -37.744  68.547 0.0000000000
50331  -4.935  -37.781  68.620 0.0000000000
50337  -6.957  -37.774  68.134 0.0000000000
50343  -2.850  -37.349  67.562 0.0000000000
50345  -7.335  -37.498  67.557 0.0000000000
50359  -2.951  -37.209  66.335 0.0000000000
51379  -4.094  -36.301  68.406 0.0000000000
51380  -4.734  -36.262  68.616 0.0000000000
51381  -5.317  -36.405  68.608 0.0000000000
51383  -3.105  -36.196  67.632 0.0000000000
51384  -3.492  -36.316  68.119 0.0000000000
52434  -4.218  -34.861  68.343 0.0000000000
54558  -6.249  -33.419  66.613 0.0000000000
54619  -18.254  -33.585  58.415 0.0000000000
55646  -3.957  -32.310  56.729 0.0000000000
55650  -20.258  -31.617  57.264 0.0000000000
56601  -25.323  -30.279  64.157 0.0000000000
56603  -26.856  -30.310  63.841 0.0000000000
56618  -29.130  -30.577  63.116 0.0000000000
56631  -31.716  -30.813  62.094 0.0000000000
56734  -21.387  -31.049  56.884 0.0000000000
56815  -3.866  -30.929  51.063 0.0000000000
56843  -5.208  -31.059  51.156 0.0000000000
57714  -33.977  -30.035  61.300 0.0000000000
57736  -26.408  -30.382  59.101 0.0000000000
57755  -35.205  -30.699  58.169 0.0000000000
57798  -22.764  -30.573  55.857 0.0000000000
57847  -3.684  -30.783  51.376 0.0000000000
57867  -3.932  -30.583  50.524 0.0000000000
57868  -4.057  -30.474  50.186 0.0000000000
58700  -27.582  -29.054  65.023 0.0000000000
58736  -35.096  -29.346  60.091 0.0000000000
58752  -35.519  -29.972  57.858 0.0000000000
58775  -35.380  -29.178  56.119 0.0000000000
58790  -3.500  -30.552  54.083 0.0000000000
59836  -3.656  -29.744  50.812 0.0000000000
60827  -36.848  -26.507  59.261 0.0000000000
61887  -35.459  -25.876  60.821 0.0000000000
63060  -36.480  -24.701  57.524 0.0000000000
64180  -32.389  -24.896  52.748 0.0000000000
64275  -42.938  -23.692  43.260 0.0000000000
65377  -44.123  -23.031  40.297 0.0000000000
66445  -39.024  -22.319  42.375 0.0000000000
66481  -44.504  -22.611  39.995 0.0000000000
67372  -34.343  -21.294  54.674 0.0000000000
67373  -35.022  -21.118  55.250 0.0000000000
67575  -43.899  -21.756  38.488 0.0000000000
75499  -47.519  -13.401  34.537 0.0000000000
75508  -44.995  -13.542  33.340 0.0000000000
86274  -50.977  -1.842  31.252 0.0000000000
125656  -43.529  -23.676  43.899 0.0000000000
126405  -8.385  -42.713  66.810 0.0000000000
126644  -22.477  -30.723  63.353 0.0000000000
126740  -6.863  -39.327  68.929 0.0000000000
126777  -27.009  -30.500  62.945 0.0000000000
126918  -35.186  -20.741  42.362 0.0000000000
127003  -46.190  -14.944  34.960 0.0000000000
127252  -25.815  -30.483  62.741 0.0000000000
127351  -6.012  -35.872  68.253 0.0000000000
128966  -7.443  -40.677  68.742 0.0000000000
129380  -2.891  -37.878  66.507 0.0000000000
130305  -42.286  -24.097  41.522 0.0000000000
130916  -32.270  -22.492  51.907 0.0000000000
131568  -6.067  -38.162  68.751 0.0000000000
134358  -5.506  -38.179  68.686 0.0000000000
134525  -34.637  -30.362  53.997 0.0000000000
134877  -8.277  -40.839  68.804 0.0000000000
136524  -8.483  -43.836  65.126 0.0000000000
138492  -26.249  -29.321  65.296 0.0000000000
138635  -7.921  -42.357  67.471 0.0000000000
138697  -7.898  -44.503  64.647 0.0000000000
140038  -5.374  -40.951  67.490 0.0000000000
140538  -3.771  -30.614  50.843 0.0000000000
140954  -9.069  -40.697  68.764 0.0000000000
140978  -3.568  -30.409  51.751 0.0000000000
142875  -4.169  -33.773  62.158 0.0000000000
144486  -4.213  -39.607  68.490 0.0000000000
145347  -35.486  -28.969  59.558 0.0000000000
146797  -36.156  -20.692  43.911 0.0000000000
148134  -4.952  -39.693  68.428 0.0000000000
148427  -32.151  -31.485  59.862 0.0000000000
148727  -48.426  -11.217  34.057 0.0000000000
148916  -36.170  -27.992  57.973 0.0000000000
149007  -35.265  -29.667  56.401 0.0000000000
149476  -36.388  -27.338  57.745 0.0000000000
150003  -50.937  -7.925  35.957 0.0000000000
