#!ascii label  , from subject sub-v2s3x28744_ses-1 vox2ras=TkReg
2047
6244  -20.525  -86.633  -10.138 0.5000000000
6270  -25.887  -86.476  -12.531 0.5000000000
6263  -26.383  -86.108  -11.835 0.5000000000
6265  -28.006  -86.611  -11.363 0.5000000000
6810  -18.809  -85.566  -9.667 0.5000000000
6225  -19.285  -86.183  -9.589 0.5000000000
6811  -19.424  -84.973  -9.711 0.5000000000
6789  -20.505  -85.489  -9.451 0.5000000000
7365  -20.915  -84.883  -9.340 0.6000000238
6246  -22.081  -86.555  -10.436 0.5000000000
5042  -27.787  -87.577  -11.499 0.5000000000
6262  -24.151  -86.230  -11.710 0.5000000000
5023  -26.853  -88.148  -10.126 0.5000000000
137542  -25.170  -85.988  -11.905 0.6000000238
5614  -27.524  -87.334  -10.155 0.6000000238
6814  -25.008  -85.336  -10.320 0.6000000238
6251  -27.910  -86.294  -10.541 0.6000000238
5596  -26.971  -87.674  -9.337 0.6999999881
6795  -26.562  -85.255  -9.620 0.6999999881
5597  -27.655  -86.884  -9.646 0.6999999881
6775  -27.393  -85.379  -8.442 0.6999999881
6210  -27.717  -85.973  -8.599 0.6999999881
6209  -27.257  -86.720  -8.074 0.6999999881
7398  -19.300  -84.141  -10.943 0.5000000000
7399  -20.194  -83.847  -10.917 0.6000000238
135342  -19.699  -83.931  -11.709 0.6000000238
7412  -21.076  -83.622  -11.483 0.6000000238
6812  -23.051  -85.899  -9.777 0.5000000000
4992  -26.448  -88.198  -8.728 0.5000000000
4358  -25.827  -89.463  -9.052 0.5000000000
140282  -25.298  -89.777  -6.601 0.6999999881
4974  -25.918  -88.894  -7.643 0.6999999881
126992  -25.752  -89.093  -6.617 0.6999999881
6248  -24.565  -85.780  -11.023 0.6000000238
6813  -23.933  -85.588  -9.947 0.6999999881
4961  -26.264  -88.176  -6.986 0.6999999881
6794  -25.528  -85.025  -9.662 0.6999999881
7370  -25.996  -84.747  -8.958 0.6999999881
129109  -26.419  -87.677  -6.144 0.6999999881
7354  -27.310  -84.893  -7.757 0.6999999881
126547  -27.531  -85.470  -7.891 0.6999999881
6196  -27.129  -86.631  -7.152 0.6999999881
6168  -26.711  -86.575  -5.186 0.6999999881
146709  -27.187  -84.588  -7.214 0.6999999881
133018  -27.306  -84.981  -5.964 0.6999999881
6742  -27.108  -85.792  -5.741 0.6999999881
6743  -27.184  -84.892  -5.023 0.6999999881
7409  -18.805  -84.351  -12.929 0.5000000000
7425  -19.484  -84.298  -13.578 0.6000000238
129430  -20.778  -83.982  -14.042 0.6000000238
7427  -21.053  -83.751  -13.131 0.6000000238
137916  -21.496  -83.628  -13.868 0.6000000238
7400  -20.967  -83.845  -10.488 0.6000000238
8074  -21.682  -83.447  -12.913 0.6000000238
7366  -21.770  -84.945  -8.937 0.6000000238
4332  -25.301  -89.642  -5.758 0.6999999881
6792  -23.222  -85.265  -9.096 0.6999999881
141867  -25.733  -89.081  -5.686 0.6999999881
3707  -25.237  -90.272  -3.992 0.6999999881
146136  -26.542  -90.595  -3.668 0.6999999881
8024  -22.766  -84.062  -8.983 0.6999999881
4305  -25.881  -89.085  -4.210 0.6999999881
3151  -27.423  -91.302  -4.510 0.6999999881
6793  -24.315  -84.974  -9.305 0.6999999881
126813  -23.837  -84.011  -8.724 0.6999999881
4960  -26.081  -88.453  -6.004 0.6999999881
4938  -26.168  -88.354  -4.434 0.6999999881
3689  -26.728  -89.970  -3.504 0.6999999881
3690  -27.501  -90.498  -3.812 0.6999999881
132908  -25.083  -84.609  -9.105 0.6999999881
8010  -24.414  -83.011  -8.281 0.6999999881
4950  -26.272  -87.920  -5.248 0.6999999881
4287  -27.527  -89.639  -3.415 0.6999999881
7344  -26.888  -84.328  -7.399 0.6999999881
5536  -26.500  -87.233  -3.911 0.6999999881
147731  -26.435  -87.963  -3.816 0.6999999881
7999  -26.930  -83.962  -6.682 0.6999999881
6733  -26.892  -85.810  -4.603 0.6999999881
5520  -26.808  -87.444  -3.163 0.6999999881
131910  -27.215  -83.793  -5.011 0.6999999881
145991  -26.825  -85.955  -3.662 0.6999999881
7311  -27.300  -84.311  -4.233 0.6999999881
7424  -18.667  -84.544  -13.944 0.5000000000
7440  -19.369  -84.551  -14.667 0.6000000238
146326  -20.387  -84.534  -16.083 0.6000000238
7471  -19.976  -84.846  -16.958 0.5000000000
7452  -21.647  -84.277  -16.191 0.6000000238
6870  -17.447  -85.022  -16.930 0.5000000000
6855  -18.726  -84.843  -15.562 0.5000000000
7442  -21.274  -83.967  -14.968 0.6000000238
7474  -22.558  -84.285  -17.444 0.6000000238
8091  -22.598  -82.976  -14.796 0.6000000238
8106  -22.433  -83.760  -15.747 0.6000000238
8045  -22.090  -83.147  -11.313 0.6000000238
8035  -22.155  -83.549  -9.908 0.6999999881
8776  -22.486  -82.668  -11.875 0.6999999881
8036  -22.835  -83.112  -9.691 0.6999999881
8761  -22.596  -82.832  -10.778 0.6999999881
3165  -28.140  -91.073  -5.239 0.6999999881
139596  -23.867  -82.485  -8.916 0.6999999881
8762  -23.142  -82.269  -10.349 0.6999999881
3708  -28.351  -90.199  -4.176 0.6999999881
3733  -28.637  -90.507  -5.944 0.6999999881
8745  -24.134  -81.511  -9.059 0.6999999881
126337  -28.223  -89.335  -3.502 0.6999999881
4322  -28.943  -89.822  -5.325 0.6999999881
131205  -28.486  -90.887  -6.739 0.6999999881
8719  -25.346  -81.850  -7.252 0.6000000238
4921  -28.574  -88.677  -3.486 0.6999999881
4308  -29.104  -89.247  -4.712 0.6999999881
130372  -29.040  -89.637  -6.253 0.6999999881
4344  -28.827  -90.142  -7.021 0.6999999881
128556  -28.701  -90.624  -8.359 0.6999999881
7986  -26.381  -82.897  -6.044 0.6999999881
4901  -28.307  -87.825  -2.913 0.6999999881
5522  -28.975  -87.884  -3.489 0.6000000238
4951  -29.350  -88.416  -4.966 0.6999999881
4323  -29.249  -89.040  -5.624 0.6999999881
133661  -27.259  -82.916  -4.730 0.6000000238
6734  -27.149  -85.119  -3.748 0.6999999881
7300  -27.567  -84.960  -2.825 0.6999999881
6124  -27.400  -86.387  -2.645 0.6999999881
6126  -28.752  -86.189  -2.721 0.6000000238
5537  -29.347  -87.762  -4.308 0.6000000238
7966  -27.500  -83.454  -4.002 0.6000000238
141461  -27.530  -84.268  -3.340 0.6000000238
6711  -28.559  -85.278  -2.516 0.6000000238
6712  -29.224  -85.485  -2.867 0.5000000000
6142  -29.210  -86.327  -3.209 0.5000000000
146606  -29.503  -86.323  -3.962 0.5000000000
7953  -28.366  -83.113  -2.897 0.6000000238
8663  -29.278  -82.788  -2.633 0.5000000000
7296  -29.325  -84.462  -2.647 0.5000000000
7472  -20.701  -84.526  -17.251 0.6000000238
7485  -19.550  -84.469  -17.465 0.6000000238
143205  -22.946  -84.044  -17.811 0.5000000000
8856  -22.695  -82.436  -17.063 0.6999999881
6871  -18.297  -85.008  -17.180 0.5000000000
134457  -18.822  -84.201  -17.585 0.6000000238
8871  -20.331  -83.274  -17.404 0.6000000238
8122  -16.946  -83.902  -17.385 0.6000000238
135910  -17.397  -84.511  -17.512 0.6000000238
7489  -23.625  -84.146  -17.715 0.4000000060
8868  -17.789  -83.280  -17.247 0.6000000238
8107  -23.380  -83.979  -16.384 0.5000000000
8092  -23.174  -83.183  -15.387 0.6000000238
8808  -22.743  -82.288  -14.007 0.6000000238
131529  -23.025  -81.983  -11.367 0.6999999881
140786  -22.981  -81.836  -12.400 0.6000000238
9579  -23.645  -81.405  -10.818 0.6999999881
148866  -24.725  -81.165  -8.282 0.6000000238
10369  -24.912  -80.514  -9.859 0.6000000238
8709  -26.175  -81.892  -6.186 0.6000000238
4962  -29.465  -88.097  -6.028 0.6000000238
4333  -29.341  -88.827  -6.579 0.6000000238
131105  -29.168  -89.386  -7.038 0.6999999881
4345  -29.162  -89.587  -7.736 0.6999999881
138929  -29.032  -90.364  -9.146 0.6999999881
8698  -26.636  -81.966  -5.693 0.6000000238
5545  -29.491  -87.479  -5.293 0.6000000238
3768  -28.907  -90.792  -9.869 0.6999999881
8685  -28.302  -82.088  -3.843 0.6000000238
6722  -29.589  -85.606  -3.626 0.4000000060
125920  -29.672  -86.463  -5.637 0.4000000060
139921  -29.669  -87.158  -6.221 0.5000000000
148803  -29.661  -87.593  -6.583 0.6000000238
4360  -29.554  -89.099  -8.496 0.6000000238
3769  -29.387  -90.001  -9.967 0.6000000238
9473  -29.170  -81.692  -3.436 0.5000000000
8673  -29.658  -82.150  -2.778 0.5000000000
7954  -29.754  -83.560  -2.709 0.5000000000
142653  -29.642  -84.904  -3.152 0.5000000000
6198  -30.266  -85.725  -7.631 0.4000000060
5571  -30.234  -86.392  -8.325 0.6000000238
9674  -22.078  -81.423  -16.538 0.6000000238
8873  -22.385  -83.395  -17.513 0.6000000238
9676  -24.131  -81.718  -16.535 0.6000000238
8870  -19.388  -82.836  -17.291 0.6000000238
9672  -20.095  -81.147  -16.528 0.5000000000
10487  -20.471  -80.326  -16.243 0.6000000238
10468  -20.135  -80.074  -15.745 0.6000000238
8874  -23.955  -83.466  -17.631 0.6000000238
8855  -17.775  -82.766  -16.677 0.6999999881
9656  -19.201  -81.237  -16.009 0.6000000238
10452  -20.205  -80.288  -15.176 0.6000000238
133038  -24.116  -84.376  -17.384 0.5000000000
8875  -24.709  -83.420  -17.552 0.6000000238
8838  -16.986  -82.742  -16.155 0.6000000238
9642  -19.542  -81.689  -15.065 0.6999999881
8108  -24.306  -83.825  -16.252 0.5000000000
8823  -18.037  -82.573  -14.836 0.6999999881
8826  -24.244  -82.385  -14.722 0.6000000238
9624  -18.579  -82.032  -13.473 0.6000000238
9594  -23.722  -81.242  -11.867 0.6000000238
9627  -23.652  -81.583  -13.612 0.6000000238
9613  -24.445  -81.203  -12.649 0.6000000238
9580  -24.925  -80.632  -10.820 0.6000000238
10351  -25.567  -80.511  -8.567 0.6000000238
10332  -26.592  -80.617  -7.787 0.6000000238
134222  -28.985  -81.447  -7.005 0.6000000238
9511  -27.574  -81.397  -6.018 0.6000000238
150687  -29.976  -81.381  -7.036 0.6000000238
9483  -28.708  -81.526  -4.399 0.6000000238
5585  -30.320  -86.994  -8.932 0.6000000238
5009  -30.014  -88.492  -9.487 0.6000000238
4388  -29.852  -89.066  -10.190 0.6000000238
9484  -29.642  -81.141  -4.071 0.5000000000
8674  -30.478  -82.084  -2.998 0.5000000000
7955  -30.384  -83.036  -2.971 0.5000000000
4408  -30.799  -88.546  -12.123 0.6000000238
127963  -30.738  -85.793  -8.468 0.4000000060
5598  -30.792  -86.873  -9.727 0.6000000238
5010  -30.580  -87.545  -10.174 0.6000000238
10489  -22.406  -80.604  -16.158 0.6000000238
134589  -22.597  -79.107  -15.524 0.5000000000
11309  -23.620  -79.296  -15.499 0.6000000238
12183  -25.114  -78.390  -15.403 0.5000000000
10488  -21.371  -80.383  -16.280 0.6000000238
12975  -21.726  -77.750  -14.571 0.6000000238
147050  -23.099  -80.774  -16.053 0.5000000000
10470  -24.180  -80.071  -15.709 0.5000000000
10491  -24.803  -80.886  -16.125 0.5000000000
12169  -20.848  -78.756  -15.174 0.5000000000
127368  -21.695  -78.822  -15.482 0.6000000238
11292  -20.995  -78.516  -14.747 0.5000000000
9677  -25.051  -81.891  -16.717 0.6000000238
145054  -19.898  -81.663  -14.161 0.6999999881
9643  -20.446  -81.084  -14.179 0.6000000238
10419  -21.084  -80.793  -12.277 0.6000000238
8093  -24.681  -83.137  -15.356 0.5000000000
9608  -18.028  -81.556  -12.978 0.5000000000
9610  -19.574  -81.639  -12.434 0.6999999881
8810  -24.668  -81.896  -14.076 0.5000000000
9596  -25.615  -81.074  -11.461 0.5000000000
10389  -25.526  -80.605  -10.234 0.6000000238
126412  -27.825  -81.213  -8.810 0.6000000238
10353  -26.969  -80.687  -8.576 0.5000000000
138376  -28.946  -81.535  -7.837 0.6000000238
9526  -28.216  -81.269  -7.424 0.6000000238
9501  -30.244  -80.839  -4.788 0.5000000000
6213  -32.053  -86.570  -8.490 0.5000000000
5586  -31.742  -86.741  -9.327 0.5000000000
5027  -31.489  -87.759  -11.011 0.6000000238
5043  -31.500  -88.383  -11.832 0.6000000238
12976  -22.636  -77.559  -14.683 0.6000000238
12977  -23.317  -78.052  -14.993 0.6000000238
13768  -22.375  -76.609  -13.997 0.6000000238
11311  -25.606  -79.017  -15.737 0.5000000000
148463  -21.638  -77.451  -14.202 0.6000000238
134341  -21.584  -77.854  -13.490 0.6999999881
126178  -25.780  -81.146  -16.489 0.6000000238
131066  -21.565  -79.973  -12.283 0.6000000238
11274  -21.069  -79.275  -14.159 0.6000000238
9691  -26.014  -82.209  -17.101 0.6000000238
9593  -20.603  -81.204  -11.321 0.6000000238
10405  -21.354  -80.528  -11.387 0.6000000238
8109  -25.233  -83.856  -16.042 0.5000000000
8793  -25.875  -81.947  -12.971 0.5000000000
10418  -18.197  -81.186  -12.188 0.5000000000
9591  -18.945  -81.431  -11.835 0.6000000238
9581  -26.191  -81.001  -10.690 0.5000000000
9583  -27.744  -81.655  -10.212 0.6000000238
9561  -27.332  -81.093  -9.420 0.5000000000
131779  -29.425  -82.075  -9.330 0.5000000000
9527  -29.614  -81.629  -7.773 0.5000000000
147412  -32.100  -87.542  -9.776 0.6000000238
5028  -32.086  -87.907  -10.580 0.6000000238
14579  -23.621  -75.689  -13.834 0.6000000238
12966  -24.201  -76.899  -14.582 0.5000000000
12967  -25.339  -76.841  -14.915 0.5000000000
14565  -23.127  -75.642  -13.387 0.6999999881
12979  -25.772  -77.493  -15.339 0.5000000000
131626  -22.231  -76.762  -12.595 0.6999999881
13750  -21.970  -76.829  -13.229 0.6000000238
127557  -27.036  -78.199  -15.692 0.5000000000
12118  -21.992  -78.180  -12.609 0.6000000238
11325  -26.098  -79.605  -16.069 0.5000000000
9678  -26.812  -81.155  -16.704 0.6000000238
11221  -22.336  -79.205  -10.526 0.6999999881
8877  -26.559  -83.117  -17.527 0.6000000238
11220  -21.674  -80.182  -10.568 0.6000000238
7476  -26.247  -84.477  -17.079 0.6000000238
10366  -19.846  -81.308  -9.954 0.6999999881
9577  -19.770  -81.395  -10.734 0.6999999881
8828  -26.025  -82.849  -14.280 0.5000000000
8110  -26.083  -83.808  -15.763 0.5000000000
10404  -19.082  -81.236  -11.037 0.6000000238
8812  -26.367  -82.609  -13.422 0.5000000000
10386  -18.575  -80.693  -10.617 0.5000000000
134585  -27.494  -82.594  -12.287 0.6000000238
9615  -26.155  -81.702  -12.169 0.5000000000
11218  -17.753  -79.123  -10.871 0.6000000238
9598  -27.078  -81.649  -10.812 0.5000000000
9584  -28.462  -81.867  -9.935 0.6000000238
8766  -30.193  -82.602  -10.491 0.5000000000
15360  -23.959  -75.101  -13.513 0.6999999881
127642  -24.393  -75.498  -14.110 0.5000000000
14580  -25.387  -75.280  -14.316 0.5000000000
126275  -24.100  -75.164  -11.613 0.8000000119
15328  -23.793  -74.925  -12.575 0.6999999881
13771  -25.814  -76.229  -14.599 0.5000000000
12969  -26.947  -77.233  -15.043 0.5000000000
13725  -23.507  -76.627  -10.630 0.6999999881
13737  -23.117  -76.342  -11.428 0.6999999881
151160  -23.146  -75.482  -12.595 0.8000000119
12937  -22.576  -77.675  -11.242 0.6999999881
12970  -27.309  -77.748  -14.825 0.5000000000
12097  -22.749  -78.408  -10.058 0.6999999881
143407  -22.573  -78.313  -10.754 0.6999999881
10493  -27.560  -80.152  -16.536 0.6000000238
12185  -27.745  -78.627  -15.992 0.5000000000
141208  -22.222  -79.790  -8.845 0.6000000238
11205  -21.988  -79.925  -9.728 0.6000000238
8138  -27.003  -83.849  -17.474 0.6000000238
126792  -20.705  -81.011  -9.133 0.6999999881
10368  -21.282  -80.683  -9.812 0.6999999881
142138  -26.485  -83.319  -14.888 0.6000000238
7457  -26.411  -84.240  -16.417 0.6000000238
127731  -19.438  -80.917  -9.292 0.6000000238
8076  -26.867  -83.024  -13.987 0.6000000238
8779  -28.257  -82.629  -11.648 0.6000000238
12096  -18.037  -78.785  -10.090 0.6000000238
8764  -28.559  -82.270  -10.650 0.6000000238
8765  -29.408  -82.519  -10.568 0.5000000000
16157  -25.028  -73.555  -12.825 0.6000000238
16171  -25.136  -73.558  -13.430 0.5000000000
15362  -25.241  -73.831  -13.915 0.5000000000
137478  -26.419  -76.148  -13.667 0.5000000000
13738  -23.765  -75.905  -11.077 0.8000000119
12961  -26.725  -76.981  -14.284 0.5000000000
12925  -23.316  -77.303  -10.242 0.6999999881
9679  -27.879  -81.071  -16.770 0.6000000238
143809  -15.159  -75.319  -7.517 0.6000000238
11206  -22.572  -79.112  -9.518 0.8000000119
13662  -15.610  -75.975  -6.922 0.6000000238
11195  -21.707  -80.354  -8.148 0.6999999881
11196  -22.430  -79.736  -7.932 0.8000000119
9692  -27.163  -82.077  -17.157 0.6000000238
13680  -16.630  -76.125  -8.168 0.6000000238
130530  -20.444  -80.878  -7.837 0.6000000238
8111  -27.031  -83.870  -15.682 0.6000000238
143819  -28.138  -83.765  -15.077 0.6000000238
12048  -18.055  -78.382  -8.682 0.6000000238
133824  -18.443  -79.264  -8.691 0.6000000238
10347  -19.374  -80.561  -8.302 0.6000000238
8059  -27.961  -83.009  -12.818 0.6000000238
8097  -28.635  -83.627  -14.050 0.6000000238
11204  -18.401  -79.587  -9.498 0.5000000000
8046  -29.093  -83.044  -11.854 0.5000000000
8780  -29.783  -82.879  -11.292 0.5000000000
8062  -29.989  -83.646  -12.897 0.5000000000
17028  -26.232  -72.252  -13.229 0.5000000000
16185  -26.468  -72.293  -14.124 0.5000000000
15319  -24.763  -74.688  -11.240 0.6000000238
16159  -26.414  -72.695  -12.075 0.5000000000
13726  -24.132  -76.220  -10.292 0.8000000119
14519  -25.034  -75.024  -10.394 0.6999999881
13711  -24.466  -76.511  -9.430 0.8000000119
12071  -23.200  -78.340  -9.249 0.8000000119
11327  -28.004  -79.385  -16.268 0.6000000238
12138  -26.874  -77.842  -13.630 0.5000000000
125544  -14.120  -75.987  -6.199 0.6000000238
12049  -23.477  -78.547  -8.284 0.8000000119
11293  -27.947  -79.166  -14.790 0.5000000000
12856  -16.082  -77.239  -6.141 0.6999999881
12855  -15.141  -76.418  -6.029 0.6000000238
11179  -22.638  -79.689  -6.981 0.8000000119
138920  -27.996  -83.772  -17.496 0.6000000238
9680  -28.583  -81.264  -16.709 0.6000000238
10472  -28.399  -79.682  -16.066 0.6000000238
12012  -16.894  -77.778  -6.775 0.6000000238
7459  -28.570  -84.417  -16.623 0.6000000238
7477  -27.868  -84.491  -17.090 0.6000000238
148024  -28.911  -82.087  -17.252 0.6000000238
146870  -17.803  -78.230  -7.990 0.6000000238
127001  -19.836  -80.734  -7.674 0.6000000238
10330  -21.123  -80.711  -7.516 0.5000000000
144170  -28.932  -84.205  -15.788 0.6000000238
11194  -18.801  -79.891  -8.019 0.6000000238
8079  -29.447  -83.778  -13.687 0.6000000238
8098  -29.189  -84.051  -14.782 0.6000000238
7428  -30.089  -84.295  -14.682 0.5000000000
137199  -30.696  -83.741  -13.060 0.5000000000
140777  -30.537  -83.428  -12.354 0.5000000000
8081  -31.235  -84.083  -13.667 0.5000000000
16146  -25.875  -73.466  -11.364 0.6000000238
145843  -25.243  -75.264  -9.743 0.6999999881
13636  -12.026  -76.855  -6.073 0.6000000238
13637  -12.573  -76.402  -6.323 0.6000000238
13695  -24.468  -77.138  -8.662 0.8000000119
12155  -27.389  -78.579  -14.237 0.5000000000
13639  -14.623  -76.841  -5.023 0.6000000238
12876  -24.442  -77.687  -7.943 0.8000000119
10420  -27.573  -79.781  -13.171 0.5000000000
12837  -15.574  -77.426  -5.085 0.6999999881
11180  -23.375  -79.240  -6.715 0.8000000119
147755  -28.742  -81.279  -16.606 0.6000000238
140048  -28.251  -79.842  -15.226 0.6000000238
11998  -17.254  -79.051  -5.168 0.8000000119
11162  -22.066  -80.060  -6.224 0.6999999881
141268  -28.487  -84.284  -17.248 0.6000000238
9681  -29.261  -81.756  -16.783 0.6000000238
11147  -17.944  -79.478  -5.565 0.6999999881
11160  -18.565  -79.818  -6.062 0.6999999881
10314  -20.290  -80.489  -6.278 0.6000000238
7494  -29.481  -84.233  -17.350 0.6000000238
9682  -30.171  -82.340  -16.544 0.6000000238
11176  -18.557  -79.658  -7.091 0.6000000238
130818  -30.356  -83.149  -17.535 0.5000000000
7461  -30.622  -84.549  -16.358 0.5000000000
15321  -26.015  -73.836  -10.346 0.6000000238
16147  -26.569  -73.181  -10.870 0.5000000000
128021  -10.716  -78.058  -4.486 0.6000000238
15301  -25.666  -74.999  -9.081 0.6999999881
12835  -11.293  -77.518  -5.233 0.6000000238
13696  -24.982  -76.490  -8.631 0.6999999881
14488  -25.977  -75.211  -8.146 0.6000000238
13617  -13.081  -76.839  -3.927 0.6000000238
13616  -11.771  -76.912  -4.616 0.6000000238
131527  -25.368  -76.479  -7.965 0.6000000238
13682  -25.457  -76.820  -7.095 0.6999999881
12824  -15.339  -77.451  -4.093 0.8000000119
12015  -24.043  -78.710  -6.384 0.6999999881
150656  -24.802  -77.746  -5.727 0.6000000238
11983  -16.671  -78.515  -4.757 0.8000000119
11153  -23.190  -79.166  -5.107 0.8000000119
11990  -23.849  -78.434  -4.929 0.6999999881
11137  -17.949  -79.382  -4.695 0.6999999881
11149  -19.499  -79.973  -4.882 0.6999999881
11150  -20.397  -80.013  -4.851 0.6000000238
11141  -22.403  -79.132  -4.487 0.8000000119
11965  -10.158  -78.121  -2.975 0.6000000238
13615  -10.903  -77.174  -4.224 0.6000000238
137115  -13.852  -76.844  -3.063 0.6999999881
13640  -25.499  -76.505  -5.276 0.6000000238
12816  -15.221  -77.209  -3.369 0.6999999881
13611  -16.382  -77.042  -3.026 0.6999999881
11991  -24.526  -77.675  -4.989 0.6999999881
12830  -23.703  -77.617  -4.288 0.6000000238
12817  -16.900  -77.631  -3.429 0.8000000119
11975  -18.419  -77.819  -3.633 0.6000000238
138355  -18.914  -78.610  -3.829 0.5000000000
137703  -22.325  -78.413  -4.075 0.6999999881
142602  -23.078  -76.900  -3.832 0.6999999881
14433  -23.962  -75.744  -3.846 0.6000000238
11984  -17.294  -78.835  -4.330 0.8000000119
148329  -20.196  -78.261  -3.821 0.6000000238
11988  -21.534  -78.823  -4.046 0.6000000238
11955  -10.141  -78.180  -2.102 0.6000000238
12814  -9.947  -77.751  -2.895 0.6000000238
13598  -11.598  -76.078  -2.862 0.6999999881
13606  -10.609  -76.611  -3.380 0.6000000238
13608  -12.968  -76.717  -2.998 0.6999999881
14416  -14.507  -75.870  -2.658 0.6999999881
13602  -15.874  -76.417  -2.802 0.6999999881
14418  -16.738  -76.219  -3.019 0.6000000238
13625  -25.282  -76.140  -4.654 0.6000000238
13613  -18.137  -76.760  -3.531 0.6000000238
12826  -19.494  -77.833  -3.775 0.6000000238
15257  -25.126  -74.691  -4.102 0.5000000000
137205  -23.254  -75.135  -3.842 0.6000000238
15256  -24.169  -74.729  -3.845 0.5000000000
16077  -24.777  -73.215  -3.927 0.5000000000
140584  -22.419  -75.522  -3.940 0.6000000238
146500  -23.314  -74.295  -3.966 0.5000000000
13593  -9.472  -75.907  -0.870 0.6000000238
12811  -9.754  -77.595  -2.054 0.6000000238
13597  -10.092  -76.301  -3.023 0.6999999881
14410  -9.825  -75.358  -2.721 0.6999999881
140220  -12.575  -75.805  -2.715 0.6999999881
14415  -13.501  -75.815  -2.668 0.6999999881
137605  -14.906  -75.323  -3.058 0.6000000238
131664  -16.185  -75.661  -3.059 0.5000000000
15239  -17.277  -74.976  -3.807 0.6999999881
15252  -17.662  -74.338  -4.549 0.6000000238
14420  -18.635  -75.967  -3.891 0.6000000238
128782  -19.515  -76.081  -4.371 0.6000000238
14445  -19.800  -75.434  -5.158 0.6000000238
13622  -21.165  -76.256  -4.135 0.6000000238
14431  -21.658  -75.046  -4.409 0.5000000000
16090  -21.277  -74.048  -5.437 0.5000000000
16091  -22.480  -72.805  -4.763 0.5000000000
14387  -12.553  -75.261  0.259 0.6999999881
15203  -11.620  -74.640  -0.385 0.6999999881
15204  -13.095  -74.920  -0.576 0.6999999881
15200  -9.517  -74.627  -0.814 0.6000000238
15222  -10.568  -73.877  -0.901 0.6999999881
16046  -12.460  -73.603  -1.749 0.6999999881
16055  -12.887  -73.107  -2.446 0.6999999881
16056  -14.282  -73.256  -2.491 0.6000000238
14406  -9.547  -75.437  -2.055 0.6999999881
15221  -9.686  -73.883  -1.260 0.6999999881
16053  -10.166  -72.848  -2.161 0.6999999881
16888  -11.850  -72.322  -2.947 0.6999999881
14413  -9.794  -74.308  -3.223 0.6999999881
15230  -9.537  -74.286  -2.287 0.6999999881
16887  -10.599  -72.426  -2.859 0.6999999881
15236  -14.045  -75.177  -3.060 0.6999999881
15250  -15.825  -74.365  -3.968 0.6000000238
15238  -16.449  -74.956  -3.571 0.6000000238
15265  -18.425  -74.065  -5.248 0.6000000238
16089  -18.221  -73.435  -5.765 0.6000000238
14427  -18.167  -75.136  -4.098 0.6000000238
14444  -19.360  -74.737  -5.481 0.6000000238
15275  -19.079  -73.926  -5.999 0.6000000238
15277  -20.017  -74.588  -6.462 0.5000000000
16104  -20.188  -74.104  -6.842 0.6000000238
16117  -20.510  -73.431  -7.186 0.6000000238
15267  -20.910  -74.843  -5.228 0.5000000000
15278  -20.529  -74.419  -6.078 0.5000000000
16941  -21.271  -72.620  -6.353 0.5000000000
15224  -13.505  -74.394  -1.242 0.6999999881
16047  -13.880  -73.795  -1.883 0.6000000238
16057  -15.586  -73.221  -2.426 0.6000000238
16899  -14.876  -72.024  -3.413 0.6000000238
18797  -14.317  -70.695  -4.112 0.4000000060
17810  -11.894  -71.443  -4.013 0.6000000238
16897  -12.413  -71.821  -3.509 0.5000000000
16898  -13.780  -71.988  -3.453 0.5000000000
19774  -13.990  -69.863  -5.258 0.4000000060
19795  -15.359  -69.430  -5.665 0.5000000000
137825  -11.598  -75.386  -3.050 0.6999999881
15247  -10.141  -73.828  -3.882 0.8000000119
16895  -10.621  -72.356  -3.530 0.6999999881
17823  -11.837  -71.447  -4.686 0.5000000000
18814  -12.457  -70.797  -5.159 0.4000000060
138615  -13.638  -69.750  -5.962 0.4000000060
20816  -14.616  -68.939  -6.717 0.4000000060
20850  -15.264  -68.310  -7.434 0.4000000060
15248  -11.696  -73.784  -4.295 0.8000000119
16083  -11.861  -72.971  -5.010 0.8000000119
16906  -10.734  -72.965  -4.305 0.8000000119
16916  -11.537  -72.667  -4.846 0.8000000119
17837  -11.762  -71.830  -5.404 0.6000000238
18849  -12.532  -70.821  -6.405 0.5000000000
18850  -13.091  -70.346  -6.765 0.4000000060
147410  -14.321  -69.347  -7.534 0.4000000060
148230  -12.677  -74.065  -4.038 0.6999999881
16070  -14.009  -73.680  -4.471 0.8000000119
16085  -14.081  -73.064  -5.264 0.6999999881
16086  -15.413  -73.175  -5.246 0.5000000000
17887  -13.985  -70.919  -7.932 0.5000000000
18866  -13.999  -70.074  -7.787 0.4000000060
19847  -15.187  -69.406  -8.450 0.4000000060
16071  -15.081  -73.732  -4.524 0.6000000238
16087  -16.521  -73.298  -5.222 0.5000000000
16101  -17.803  -72.878  -6.238 0.5000000000
16114  -19.163  -73.164  -7.288 0.6000000238
16103  -19.542  -73.843  -6.846 0.6000000238
16131  -20.024  -73.269  -8.325 0.6000000238
15205  -14.379  -74.972  -0.695 0.6000000238
14389  -15.115  -75.316  -0.113 0.5000000000
16048  -15.227  -73.825  -1.872 0.5000000000
16049  -16.243  -73.596  -1.706 0.4000000060
16891  -15.743  -72.433  -2.866 0.5000000000
17813  -15.215  -71.237  -3.571 0.5000000000
18816  -14.548  -70.137  -4.563 0.5000000000
19776  -15.836  -69.845  -4.875 0.5000000000
20818  -15.804  -69.102  -6.233 0.5000000000
133613  -16.671  -68.342  -6.699 0.5000000000
20834  -15.078  -68.356  -7.040 0.5000000000
21816  -16.361  -67.479  -7.304 0.5000000000
16917  -12.195  -72.279  -5.660 0.6999999881
16935  -12.783  -71.980  -6.385 0.6000000238
16953  -14.158  -71.826  -7.148 0.5000000000
17853  -12.935  -71.468  -6.837 0.5000000000
20865  -15.753  -67.906  -7.987 0.5000000000
21835  -16.367  -67.363  -7.822 0.5000000000
16069  -12.813  -73.460  -4.654 0.8000000119
16084  -12.784  -72.737  -5.489 0.6999999881
16919  -14.554  -72.575  -5.956 0.6000000238
17871  -14.317  -71.473  -7.695 0.5000000000
17888  -14.705  -71.106  -8.325 0.4000000060
139009  -15.596  -69.973  -8.937 0.5000000000
19848  -15.815  -69.044  -8.641 0.4000000060
20866  -16.907  -67.658  -8.329 0.5000000000
16938  -16.887  -72.519  -6.483 0.5000000000
16955  -16.866  -72.150  -7.368 0.5000000000
16954  -15.037  -71.809  -7.472 0.6000000238
17873  -16.099  -71.422  -8.860 0.5000000000
17906  -16.585  -71.220  -9.575 0.5000000000
18898  -16.701  -70.665  -9.767 0.5000000000
16939  -17.567  -72.479  -6.925 0.5000000000
16956  -17.834  -72.261  -7.793 0.5000000000
16973  -16.883  -71.829  -8.365 0.5000000000
17890  -17.008  -71.519  -9.360 0.5000000000
16958  -19.494  -73.008  -8.164 0.6000000238
16976  -19.772  -72.663  -9.098 0.6000000238
14372  -16.193  -75.087  0.542 0.5000000000
14391  -16.501  -74.520  0.238 0.5000000000
149076  -16.603  -73.226  -1.476 0.4000000060
16892  -16.589  -72.159  -2.323 0.4000000060
16004  -16.604  -74.079  0.896 0.5000000000
16031  -16.613  -73.777  -0.935 0.4000000060
17803  -16.098  -71.682  -3.034 0.5000000000
131976  -16.007  -70.409  -3.822 0.6000000238
18818  -16.375  -70.248  -4.152 0.5000000000
19796  -16.303  -69.574  -5.551 0.5000000000
19823  -17.544  -69.023  -6.267 0.4000000060
20836  -17.389  -68.158  -6.693 0.4000000060
21817  -17.622  -66.732  -7.159 0.4000000060
151403  -16.473  -72.828  -0.147 0.4000000060
16877  -16.776  -73.015  -0.999 0.4000000060
17804  -16.895  -71.328  -2.328 0.5000000000
18799  -16.851  -70.634  -3.397 0.5000000000
18819  -17.625  -70.426  -3.888 0.5000000000
17805  -17.551  -71.086  -1.449 0.4000000060
18788  -18.096  -70.709  -1.792 0.4000000060
18800  -17.955  -70.690  -2.797 0.5000000000
19778  -18.212  -70.154  -4.849 0.4000000060
19798  -18.372  -69.552  -5.690 0.4000000060
19824  -18.436  -68.888  -6.258 0.4000000060
136156  -18.979  -67.548  -6.685 0.4000000060
17778  -15.990  -72.238  0.229 0.4000000060
16876  -16.559  -72.409  -0.478 0.4000000060
17800  -17.128  -71.648  -1.303 0.4000000060
18774  -15.406  -70.798  0.324 0.4000000060
18775  -16.575  -70.504  0.184 0.4000000060
17794  -17.648  -70.912  -0.782 0.4000000060
18783  -18.540  -70.305  -1.302 0.4000000060
18789  -18.846  -70.336  -2.257 0.5000000000
144271  -19.141  -70.178  -4.262 0.5000000000
132435  -19.176  -69.837  -5.120 0.4000000060
19825  -19.424  -68.697  -6.156 0.4000000060
19756  -19.440  -69.645  -2.338 0.4000000060
19763  -20.505  -69.136  -3.996 0.4000000060
20800  -20.989  -68.572  -4.593 0.4000000060
19800  -20.430  -68.763  -5.461 0.4000000060
144290  -20.242  -68.075  -6.215 0.4000000060
18773  -14.285  -70.809  0.284 0.4000000060
19736  -15.567  -70.011  0.261 0.3000000119
19749  -17.912  -69.776  -0.465 0.3000000119
19750  -18.494  -69.726  -0.920 0.4000000060
20763  -15.383  -68.480  -0.417 0.4000000060
19737  -16.085  -69.464  0.062 0.3000000119
20765  -17.411  -69.138  -0.462 0.3000000119
20777  -18.100  -68.920  -0.870 0.4000000060
22833  -19.302  -67.182  -2.909 0.5000000000
21784  -20.354  -67.858  -3.226 0.4000000060
20791  -20.836  -68.380  -3.857 0.4000000060
20801  -21.426  -67.961  -4.859 0.4000000060
22876  -21.642  -66.198  -6.270 0.3000000119
22832  -18.266  -66.632  -2.944 0.5000000000
22840  -19.561  -66.283  -3.346 0.5000000000
21785  -21.094  -67.442  -3.796 0.4000000060
22842  -21.559  -66.535  -4.051 0.4000000060
22853  -22.144  -66.358  -4.652 0.3000000119
140657  -14.902  -69.306  -0.102 0.4000000060
21747  -14.479  -67.799  -0.834 0.4000000060
127905  -15.751  -67.239  -1.267 0.4000000060
21766  -16.696  -67.506  -1.319 0.5000000000
21776  -18.269  -67.358  -2.250 0.5000000000
22831  -17.517  -66.555  -2.740 0.5000000000
22838  -17.706  -66.086  -3.313 0.5000000000
22839  -18.569  -66.200  -3.294 0.4000000060
23822  -21.167  -65.656  -3.620 0.4000000060
23823  -21.971  -65.724  -4.119 0.3000000119
23819  -17.929  -65.533  -3.581 0.3000000119
23820  -18.850  -65.475  -3.494 0.3000000119
20762  -14.168  -68.599  -0.550 0.4000000060
22815  -15.246  -66.567  -1.776 0.3000000119
23813  -16.143  -65.801  -3.362 0.4000000060
24702  -21.712  -64.331  -3.665 0.3000000119
22814  -14.223  -66.513  -1.775 0.3000000119
133721  -14.053  -65.469  -3.057 0.3000000119
8132  -21.191  -84.187  -17.507 0.6000000238
9689  -20.703  -82.196  -17.002 0.5000000000
13623  -22.160  -76.638  -3.817 0.6000000238
140284  -21.156  -77.150  -3.881 0.6000000238
6271  -27.194  -86.550  -12.370 0.5000000000
6830  -26.940  -85.870  -11.126 0.6000000238
6790  -21.361  -85.477  -9.324 0.5000000000
6817  -27.746  -85.887  -9.897 0.6999999881
5582  -26.819  -87.535  -8.432 0.6999999881
5558  -26.647  -87.364  -6.804 0.6999999881
134203  -25.780  -84.234  -8.301 0.6999999881
6183  -26.833  -86.799  -6.157 0.6999999881
146889  -27.245  -86.084  -6.563 0.6999999881
8075  -22.109  -83.161  -13.643 0.5000000000
4306  -26.303  -88.724  -3.760 0.6999999881
8732  -24.850  -82.426  -7.803 0.6999999881
7997  -25.365  -83.026  -7.271 0.6999999881
4919  -26.785  -88.328  -3.263 0.6999999881
7975  -26.884  -82.830  -5.354 0.6999999881
7487  -22.038  -84.194  -17.555 0.6000000238
4939  -29.134  -88.635  -4.074 0.6999999881
9523  -25.601  -80.901  -7.469 0.6000000238
8699  -27.222  -82.100  -5.089 0.6000000238
7295  -28.576  -84.338  -2.521 0.5000000000
9670  -18.622  -82.154  -16.392 0.6999999881
9510  -26.703  -81.338  -6.383 0.6000000238
5584  -29.975  -87.570  -7.913 0.6000000238
4375  -29.481  -89.525  -9.266 0.6000000238
9499  -28.246  -81.514  -5.255 0.5000000000
9485  -30.557  -80.963  -3.893 0.5000000000
6211  -30.730  -86.306  -9.074 0.5000000000
9671  -19.399  -81.306  -16.285 0.6000000238
8839  -17.844  -82.519  -15.668 0.6999999881
8136  -24.989  -83.992  -17.592 0.6000000238
10371  -26.514  -80.626  -9.290 0.5000000000
9525  -27.199  -80.963  -6.998 0.5000000000
9512  -28.570  -81.390  -6.018 0.6000000238
139325  -28.078  -81.291  -6.624 0.5000000000
9500  -29.246  -81.233  -5.231 0.5000000000
4389  -30.386  -88.511  -11.176 0.6000000238
5617  -31.667  -87.377  -10.397 0.6000000238
5587  -32.272  -87.486  -8.741 0.5000000000
12119  -22.297  -78.549  -11.571 0.6000000238
12171  -27.842  -78.431  -15.294 0.5000000000
13679  -15.798  -75.502  -7.812 0.6000000238
12070  -17.841  -77.744  -9.310 0.6000000238
8060  -28.534  -83.087  -12.378 0.6000000238
12874  -16.418  -76.606  -7.247 0.6000000238
12031  -23.740  -78.696  -7.384 0.8000000119
151524  -17.467  -78.208  -7.270 0.6000000238
130378  -29.516  -82.765  -17.535 0.6000000238
11161  -19.118  -80.175  -6.541 0.6000000238
131189  -30.074  -84.517  -16.727 0.6000000238
11999  -23.820  -78.798  -5.530 0.8000000119
9657  -28.767  -81.381  -15.191 0.6000000238
140234  -21.504  -80.152  -5.649 0.6000000238
10313  -19.971  -80.271  -5.508 0.6999999881
11139  -19.979  -79.501  -4.340 0.6000000238
13619  -19.048  -76.891  -3.816 0.6000000238
12828  -21.803  -77.794  -3.835 0.6999999881
13620  -19.837  -76.817  -4.094 0.6000000238
16075  -22.884  -73.611  -4.262 0.5000000000
16073  -16.920  -73.822  -4.726 0.5000000000
14446  -20.252  -75.398  -5.241 0.6000000238
125520  -21.609  -73.181  -5.453 0.5000000000
14386  -10.919  -74.921  0.369 0.6999999881
15201  -9.783  -74.336  -0.462 0.6000000238
16045  -10.946  -73.369  -1.573 0.6999999881
16886  -10.006  -72.692  -2.833 0.8000000119
150779  -11.277  -71.866  -3.981 0.6000000238
15225  -14.821  -74.429  -1.316 0.6000000238
18815  -13.438  -70.436  -4.718 0.5000000000
17824  -12.576  -70.968  -4.456 0.5000000000
19862  -16.570  -69.556  -9.189 0.5000000000
15206  -15.514  -74.817  -0.683 0.5000000000
20835  -15.700  -68.241  -6.907 0.5000000000
16918  -13.332  -72.446  -6.010 0.6000000238
16937  -14.868  -72.178  -6.695 0.6000000238
17891  -17.957  -71.682  -9.675 0.5000000000
16014  -16.486  -73.601  0.572 0.5000000000
19777  -16.932  -70.084  -4.828 0.5000000000
18787  -17.270  -70.952  -2.446 0.6000000238
17791  -15.122  -71.477  0.404 0.4000000060
17792  -16.258  -71.536  0.090 0.4000000060
17793  -16.973  -71.369  -0.445 0.4000000060
19738  -17.118  -69.729  -0.083 0.3000000119
18782  -18.150  -70.372  -0.725 0.4000000060
19762  -19.758  -69.726  -3.375 0.5000000000
19779  -19.897  -69.666  -4.473 0.4000000060
20785  -19.258  -68.931  -1.808 0.4000000060
20786  -19.755  -68.835  -2.513 0.4000000060
20819  -21.093  -68.156  -5.481 0.4000000060
21818  -20.948  -67.471  -6.198 0.4000000060
21748  -16.151  -67.958  -0.735 0.3000000119
21767  -17.687  -67.900  -1.430 0.5000000000
21768  -18.602  -68.392  -1.598 0.4000000060
127183  -20.224  -67.047  -3.307 0.5000000000
21777  -19.241  -68.121  -2.249 0.4000000060
22864  -22.059  -66.674  -5.448 0.4000000060
23821  -19.977  -65.369  -3.438 0.5000000000
22841  -20.627  -66.400  -3.496 0.4000000060
22816  -16.232  -66.730  -1.831 0.5000000000
22829  -15.680  -66.179  -2.514 0.5000000000
22830  -16.645  -66.366  -2.599 0.4000000060
150208  -19.957  -64.593  -3.461 0.4000000060
22828  -14.657  -66.037  -2.417 0.3000000119
23817  -15.449  -65.342  -3.730 0.3000000119
136816  -16.096  -65.125  -3.903 0.3000000119
2276  -28.720  -93.528  -14.593 0.5000000000
2289  -28.999  -93.583  -17.546 0.5000000000
2284  -28.946  -93.261  -16.646 0.5000000000
2295  -29.284  -93.590  -17.721 0.5000000000
2753  -29.518  -92.708  -17.266 0.5000000000
2296  -30.288  -93.203  -18.087 0.6000000238
2268  -28.724  -93.207  -13.490 0.5000000000
2735  -29.395  -92.499  -14.160 0.5000000000
2743  -29.675  -92.141  -15.101 0.5000000000
2749  -29.583  -92.371  -16.101 0.5000000000
2290  -31.258  -93.268  -17.878 0.6000000238
3285  -30.650  -91.544  -17.152 0.6000000238
2759  -30.432  -92.685  -18.014 0.6000000238
2245  -28.094  -93.521  -12.140 0.4000000060
2651  -26.312  -92.734  -6.138 0.4000000060
2661  -26.876  -92.649  -7.077 0.4000000060
2206  -26.836  -93.249  -8.776 0.5000000000
2218  -27.291  -93.093  -9.477 0.5000000000
2232  -27.197  -93.550  -10.211 0.5000000000
2698  -27.698  -92.902  -10.133 0.5000000000
2688  -27.835  -92.443  -9.432 0.5000000000
2709  -27.693  -93.345  -10.823 0.5000000000
2710  -28.259  -92.976  -11.463 0.5000000000
2291  -32.151  -93.330  -17.377 0.6000000238
2292  -33.122  -93.294  -16.755 0.6000000238
3234  -28.794  -92.197  -11.782 0.5000000000
2725  -29.168  -92.446  -13.155 0.5000000000
151094  -29.219  -91.568  -11.976 0.5000000000
2760  -32.250  -92.145  -18.066 0.6000000238
3267  -29.928  -91.263  -14.565 0.5000000000
125648  -30.471  -91.221  -16.395 0.6000000238
3290  -30.950  -92.037  -17.811 0.6000000238
2755  -33.629  -92.276  -17.629 0.6000000238
3876  -32.142  -91.447  -17.440 0.6000000238
3292  -33.112  -91.874  -18.137 0.6000000238
2756  -34.554  -91.587  -17.501 0.6999999881
3873  -33.361  -91.161  -17.527 0.6000000238
3294  -34.226  -91.241  -17.687 0.6999999881
2631  -25.814  -92.051  -4.310 0.6000000238
3163  -26.734  -91.905  -4.719 0.6000000238
3164  -27.514  -91.745  -5.539 0.6000000238
2652  -27.181  -92.241  -6.287 0.5000000000
3176  -27.744  -91.797  -6.422 0.6000000238
2675  -27.460  -92.593  -8.654 0.5000000000
3197  -27.858  -92.032  -7.894 0.5000000000
2676  -28.097  -91.939  -8.742 0.5000000000
149318  -28.530  -91.801  -10.381 0.5000000000
129224  -28.534  -91.497  -9.897 0.5000000000
128562  -29.007  -91.534  -11.358 0.5000000000
2280  -34.128  -93.916  -14.876 0.6999999881
2285  -33.717  -93.665  -15.696 0.6000000238
139187  -34.740  -93.418  -14.936 0.8000000119
3257  -29.650  -91.477  -13.363 0.5000000000
3822  -30.208  -90.401  -13.885 0.5000000000
3268  -30.613  -90.706  -15.683 0.6000000238
2293  -34.152  -92.794  -16.690 0.6999999881
2750  -35.034  -92.302  -16.606 0.6999999881
3870  -30.973  -91.037  -16.594 0.6000000238
3287  -35.175  -90.818  -17.377 0.6999999881
3856  -32.039  -90.770  -16.120 0.6000000238
3857  -33.189  -90.801  -16.779 0.6000000238
135655  -33.983  -90.536  -16.360 0.6999999881
126138  -35.210  -90.615  -17.215 0.6999999881
3875  -36.075  -90.319  -16.903 0.6000000238
3706  -24.698  -91.050  -4.188 0.5000000000
3150  -26.251  -91.557  -4.036 0.6000000238
3177  -28.169  -91.302  -6.149 0.6000000238
3198  -28.318  -91.358  -8.110 0.6000000238
3207  -28.531  -91.183  -9.071 0.6000000238
3221  -28.855  -91.296  -10.583 0.5000000000
3783  -29.291  -90.481  -10.617 0.6000000238
2281  -34.576  -93.917  -14.134 0.6999999881
3235  -29.426  -90.918  -11.771 0.5000000000
3795  -29.581  -90.202  -11.407 0.5000000000
2282  -35.252  -93.127  -14.639 0.5000000000
2263  -35.283  -93.489  -12.941 0.6000000238
3805  -29.878  -90.047  -12.342 0.6000000238
133998  -30.835  -89.728  -14.157 0.5000000000
2287  -35.223  -92.769  -15.561 0.6000000238
3839  -31.406  -90.281  -15.106 0.5000000000
2757  -35.410  -91.323  -17.152 0.6999999881
2751  -35.769  -91.862  -16.388 0.6000000238
3840  -32.160  -90.523  -15.043 0.5000000000
3288  -36.150  -90.755  -16.960 0.6000000238
3289  -37.041  -90.100  -16.880 0.6000000238
3825  -32.739  -90.659  -14.443 0.5000000000
137022  -33.620  -90.567  -14.755 0.6000000238
3859  -35.809  -90.060  -16.832 0.5000000000
3828  -35.473  -89.899  -14.104 0.5000000000
4478  -37.913  -89.486  -16.102 0.5000000000
3720  -24.808  -90.257  -4.848 0.6000000238
138574  -25.447  -90.851  -3.809 0.6000000238
3732  -24.851  -90.170  -6.046 0.4000000060
127562  -29.728  -89.587  -10.849 0.5000000000
127678  -35.724  -92.882  -13.603 0.6000000238
4428  -30.442  -89.169  -12.524 0.5000000000
2736  -35.851  -92.679  -14.350 0.5000000000
4449  -31.312  -89.397  -13.724 0.5000000000
2745  -36.575  -91.941  -15.103 0.5000000000
3258  -37.338  -91.561  -13.683 0.5000000000
2737  -36.488  -92.239  -13.894 0.5000000000
3807  -32.105  -90.154  -13.213 0.5000000000
2752  -36.463  -91.472  -16.175 0.5000000000
3270  -37.905  -90.443  -15.733 0.5000000000
139515  -32.574  -90.562  -13.678 0.6000000238
130844  -33.413  -90.734  -12.253 0.6000000238
4477  -37.313  -89.801  -16.560 0.5000000000
3844  -38.040  -89.682  -16.101 0.6000000238
140907  -34.708  -90.252  -13.119 0.6000000238
4432  -35.717  -89.781  -13.112 0.5000000000
4343  -25.507  -89.624  -7.387 0.4000000060
5059  -31.266  -88.655  -12.482 0.5000000000
3248  -37.478  -91.470  -12.718 0.5000000000
4430  -31.440  -88.993  -13.031 0.5000000000
4431  -32.074  -89.451  -12.428 0.5000000000
3259  -38.049  -90.791  -14.634 0.5000000000
3249  -38.247  -90.970  -12.590 0.5000000000
3238  -38.447  -90.832  -11.583 0.5000000000
3774  -39.556  -90.161  -10.290 0.5000000000
4984  -40.744  -88.493  -8.510 0.5000000000
140756  -32.820  -90.450  -10.935 0.6000000238
3798  -34.019  -90.598  -11.544 0.6000000238
132989  -38.520  -89.834  -15.428 0.5000000000
5070  -39.469  -88.844  -14.474 0.5000000000
144254  -35.101  -89.956  -11.310 0.5000000000
4393  -36.143  -89.421  -11.040 0.5000000000
4995  -32.467  -88.809  -8.733 0.5000000000
144398  -38.779  -90.529  -13.478 0.5000000000
132784  -39.499  -90.290  -11.872 0.5000000000
3788  -39.921  -90.089  -11.065 0.5000000000
4367  -40.211  -89.566  -9.538 0.5000000000
3770  -32.597  -89.809  -9.923 0.5000000000
3757  -33.295  -89.990  -8.747 0.6000000238
3829  -39.433  -89.671  -14.126 0.5000000000
3812  -39.848  -89.609  -13.155 0.5000000000
4381  -40.950  -89.476  -9.825 0.5000000000
5000  -40.897  -89.190  -9.166 0.5000000000
4985  -41.865  -88.218  -8.419 0.5000000000
3786  -34.326  -90.323  -10.621 0.5000000000
4452  -39.412  -89.028  -14.641 0.5000000000
4435  -40.331  -88.894  -13.308 0.5000000000
131873  -32.530  -88.508  -7.939 0.5000000000
4397  -41.627  -88.803  -11.018 0.5000000000
4396  -41.093  -89.374  -10.728 0.5000000000
5015  -41.578  -89.106  -9.497 0.5000000000
5578  -43.429  -87.343  -8.061 0.4000000060
138777  -42.250  -88.737  -9.209 0.4000000060
136535  -17.877  -84.916  -15.248 0.4000000060
14453  -13.848  -75.561  -7.149 0.5000000000
139619  -11.433  -77.837  -5.501 0.5000000000
12852  -12.282  -76.958  -6.540 0.5000000000
141231  -11.705  -78.709  -3.088 0.5000000000
11981  -11.249  -78.176  -4.992 0.5000000000
13659  -12.530  -76.254  -6.955 0.5000000000
14368  -11.494  -75.366  1.043 0.5000000000
140505  -12.614  -75.521  1.045 0.5000000000
14370  -14.704  -75.556  0.617 0.5000000000
5044  -32.062  -88.396  -11.236 0.5000000000
4409  -31.669  -88.769  -12.354 0.5000000000
2762  -31.145  -92.400  -18.014 0.6000000238
3277  -30.054  -91.397  -15.682 0.6000000238
3295  -32.332  -91.947  -17.958 0.6000000238
3855  -31.154  -90.617  -15.932 0.6000000238
3858  -34.284  -90.760  -17.328 0.6999999881
3841  -33.055  -90.690  -15.514 0.6000000238
130647  -34.976  -90.378  -16.751 0.6000000238
3842  -34.575  -90.296  -15.687 0.6000000238
2273  -35.254  -93.375  -13.816 0.6999999881
3823  -31.045  -89.193  -13.592 0.5000000000
3824  -31.840  -90.219  -14.203 0.5000000000
3826  -33.300  -90.680  -13.765 0.6000000238
3827  -34.378  -90.356  -14.174 0.6000000238
3843  -35.504  -89.919  -15.375 0.5000000000
4467  -38.475  -89.260  -15.499 0.5000000000
3269  -37.305  -91.404  -14.843 0.5000000000
133393  -38.119  -90.987  -13.544 0.5000000000
126191  -32.689  -90.546  -12.302 0.5000000000
3810  -34.931  -90.121  -12.233 0.5000000000
4390  -32.455  -89.779  -10.835 0.5000000000
3785  -33.654  -90.411  -9.982 0.5000000000
3784  -32.909  -90.364  -10.257 0.5000000000
4414  -40.675  -89.513  -11.444 0.5000000000
4436  -40.845  -88.832  -12.524 0.4000000060
144190  -42.343  -88.434  -8.721 0.4000000060
3208  -35.437  -92.026  -8.749 0.5000000000
3223  -35.649  -91.914  -9.798 0.6000000238
3224  -36.710  -91.486  -10.444 0.6000000238
146117  -35.534  -92.567  -10.436 0.6000000238
2237  -35.329  -93.665  -10.826 0.4000000060
3210  -37.392  -90.990  -9.714 0.4000000060
133957  -37.605  -91.269  -11.158 0.4000000060
133644  -36.892  -91.620  -11.451 0.5000000000
147151  -36.071  -92.010  -11.096 0.6000000238
2714  -36.294  -92.174  -11.916 0.5000000000
3236  -36.981  -91.698  -12.151 0.4000000060
2713  -35.595  -92.849  -11.434 0.5000000000
2726  -35.924  -92.694  -13.127 0.5000000000
2250  -35.068  -93.926  -11.803 0.6000000238
1812  -34.133  -94.524  -13.316 0.6000000238
1819  -33.841  -94.404  -14.076 0.6000000238
1817  -32.929  -94.229  -15.026 0.6000000238
1824  -32.988  -93.947  -15.651 0.6000000238
1823  -32.422  -93.920  -15.664 0.6000000238
1828  -32.279  -93.763  -16.365 0.5000000000
1827  -31.469  -93.892  -17.053 0.5000000000
1831  -30.570  -93.877  -17.560 0.4000000060
1830  -29.650  -93.953  -17.809 0.5000000000
127621  -42.518  -87.042  -7.664 0.3000000119
2283  -28.452  -93.825  -15.890 0.4000000060
10421  -28.056  -80.317  -12.972 0.4000000060
9630  -28.939  -81.395  -14.229 0.4000000060
9645  -29.455  -81.813  -14.861 0.5000000000
17854  -21.475  -71.587  -6.781 0.5000000000
16960  -20.842  -72.463  -7.498 0.5000000000
17875  -21.771  -70.924  -7.075 0.5000000000
16978  -20.644  -72.270  -8.562 0.4000000060
16989  -19.747  -71.990  -9.939 0.4000000060
133037  -24.256  -69.436  -8.484 0.4000000060
17908  -18.359  -71.521  -10.594 0.4000000060
17933  -20.442  -71.344  -11.268 0.4000000060
17911  -20.505  -71.653  -10.577 0.4000000060
143027  -18.064  -71.284  -10.700 0.4000000060
17932  -18.729  -71.417  -11.050 0.4000000060
18901  -23.418  -70.154  -10.060 0.4000000060
18914  -18.313  -70.877  -10.804 0.4000000060
18915  -19.664  -70.705  -11.149 0.4000000060
19890  -23.149  -69.393  -11.559 0.4000000060
19863  -17.858  -70.096  -10.162 0.4000000060
130240  -19.734  -70.216  -10.430 0.4000000060
19849  -17.303  -69.167  -8.978 0.4000000060
19850  -18.428  -69.497  -9.238 0.4000000060
133450  -17.056  -66.707  -7.735 0.3000000119
21836  -17.013  -66.753  -7.982 0.4000000060
126660  -19.728  -66.996  -6.699 0.3000000119
22874  -19.032  -65.853  -7.231 0.3000000119
22891  -17.639  -66.011  -8.085 0.3000000119
22882  -18.038  -65.505  -7.711 0.3000000119
18868  -22.914  -70.176  -7.765 0.4000000060
18885  -22.677  -70.522  -9.027 0.4000000060
128126  -21.773  -71.055  -8.869 0.4000000060
18867  -22.136  -70.725  -7.870 0.4000000060
143181  -22.075  -70.850  -9.825 0.4000000060
17934  -21.124  -71.227  -11.179 0.4000000060
19868  -24.621  -69.231  -10.608 0.4000000060
18918  -22.493  -70.197  -11.370 0.4000000060
19889  -21.737  -69.988  -11.506 0.4000000060
17950  -20.552  -71.078  -11.475 0.4000000060
4276  -43.806  -89.953  -2.229 0.3000000119
4928  -43.121  -89.574  -3.363 0.3000000119
3679  -42.679  -90.941  -2.001 0.4000000060
4297  -42.767  -90.330  -3.279 0.3000000119
4296  -41.927  -90.449  -3.828 0.4000000060
3154  -41.413  -91.716  -3.598 0.3000000119
3698  -42.148  -91.163  -3.364 0.3000000119
2634  -41.126  -92.260  -3.013 0.3000000119
3153  -40.852  -91.593  -4.263 0.3000000119
3710  -40.720  -90.911  -4.506 0.3000000119
2644  -40.256  -92.166  -4.613 0.3000000119
3724  -40.155  -91.408  -4.861 0.3000000119
2643  -39.569  -92.447  -5.111 0.3000000119
3166  -39.059  -92.172  -5.602 0.3000000119
137856  -38.975  -91.548  -5.638 0.3000000119
2642  -39.023  -92.771  -5.421 0.3000000119
2653  -38.438  -92.456  -5.890 0.3000000119
3178  -37.630  -91.870  -6.301 0.3000000119
125265  -37.727  -94.186  -5.636 0.3000000119
2186  -37.840  -93.629  -5.987 0.3000000119
2187  -38.481  -93.211  -5.679 0.3000000119
129693  -37.841  -92.888  -6.229 0.3000000119
2664  -36.857  -92.290  -6.621 0.3000000119
1719  -37.279  -94.155  -6.255 0.4000000060
126079  -42.272  -89.710  -3.669 0.3000000119
3116  -42.021  -91.308  -1.690 0.4000000060
4295  -41.021  -89.511  -3.932 0.4000000060
3142  -41.598  -91.825  -2.744 0.3000000119
3709  -39.741  -90.517  -4.862 0.4000000060
2632  -39.842  -92.788  -4.404 0.3000000119
3723  -39.323  -91.084  -5.363 0.4000000060
3722  -38.408  -90.733  -5.862 0.4000000060
2162  -39.389  -93.363  -4.122 0.3000000119
140835  -37.777  -94.502  -4.924 0.3000000119
2161  -38.711  -93.913  -3.929 0.4000000060
3189  -36.182  -91.814  -7.258 0.4000000060
2663  -36.089  -92.734  -7.152 0.3000000119
1691  -37.665  -94.617  -4.148 0.3000000119
144883  -42.571  -89.138  -3.524 0.3000000119
140850  -42.218  -88.467  -3.471 0.3000000119
133461  -43.153  -88.709  -3.453 0.3000000119
4927  -41.661  -88.843  -3.612 0.3000000119
4926  -40.623  -88.380  -3.688 0.3000000119
4260  -41.748  -90.472  -1.496 0.4000000060
138885  -39.990  -89.250  -4.295 0.3000000119
4940  -39.364  -88.496  -4.514 0.3000000119
2608  -40.268  -92.374  -2.463 0.3000000119
3115  -41.545  -91.509  -1.747 0.4000000060
4309  -39.282  -89.445  -4.792 0.4000000060
149802  -38.885  -88.744  -4.989 0.3000000119
4325  -38.858  -90.110  -5.352 0.4000000060
4324  -38.359  -89.843  -5.889 0.4000000060
2152  -39.826  -93.056  -3.453 0.3000000119
3123  -39.551  -92.273  -2.640 0.3000000119
3734  -37.695  -90.901  -6.489 0.4000000060
4334  -37.984  -90.100  -6.484 0.4000000060
2151  -39.192  -93.440  -3.228 0.3000000119
149314  -38.810  -92.035  -3.063 0.3000000119
3745  -37.439  -90.526  -7.371 0.4000000060
3759  -37.304  -90.588  -8.174 0.5000000000
2621  -39.151  -93.297  -2.876 0.3000000119
148619  -36.640  -91.205  -7.753 0.4000000060
3200  -36.910  -91.025  -8.681 0.4000000060
1262  -37.063  -94.983  -3.971 0.3000000119
5523  -41.239  -87.796  -3.431 0.3000000119
5524  -42.333  -87.708  -3.383 0.3000000119
4259  -40.895  -90.320  -1.818 0.4000000060
4953  -38.624  -89.114  -5.524 0.4000000060
4350  -38.108  -89.634  -7.351 0.4000000060
3678  -40.718  -91.408  -2.040 0.4000000060
3760  -37.881  -89.955  -8.168 0.5000000000
3772  -38.228  -90.598  -9.900 0.4000000060
3677  -39.804  -91.260  -2.501 0.3000000119
127000  -38.087  -90.241  -9.163 0.4000000060
129537  -37.998  -91.299  -3.459 0.3000000119
3225  -37.947  -90.920  -10.577 0.4000000060
3787  -38.967  -90.515  -10.683 0.4000000060
2620  -38.452  -93.480  -3.164 0.3000000119
2149  -37.975  -94.091  -3.370 0.3000000119
1685  -36.733  -94.819  -3.737 0.3000000119
5538  -39.771  -87.908  -3.937 0.3000000119
5550  -39.373  -87.563  -4.527 0.3000000119
4968  -38.663  -88.545  -6.221 0.3000000119
4275  -39.921  -90.081  -2.301 0.4000000060
4982  -38.621  -88.906  -7.360 0.5000000000
4366  -39.475  -89.608  -9.259 0.4000000060
3676  -38.856  -91.034  -3.048 0.4000000060
3773  -38.912  -90.246  -9.869 0.4000000060
3696  -37.034  -90.492  -3.643 0.3000000119
3697  -37.921  -90.416  -3.368 0.3000000119
3140  -37.243  -91.697  -3.798 0.3000000119
131811  -36.589  -93.257  -3.847 0.3000000119
2147  -35.902  -94.300  -3.668 0.3000000119
129764  -38.883  -88.171  -5.262 0.3000000119
5576  -39.133  -88.152  -7.022 0.4000000060
149965  -39.138  -89.014  -8.232 0.4000000060
3139  -36.171  -91.167  -4.032 0.3000000119
3138  -35.224  -91.356  -4.090 0.3000000119
149722  -36.629  -92.186  -4.046 0.3000000119
137430  -35.830  -92.149  -4.190 0.3000000119
2618  -35.509  -92.997  -3.984 0.3000000119
146714  -34.552  -90.795  -3.838 0.3000000119
136359  -34.017  -92.125  -3.788 0.3000000119
136605  -34.994  -92.109  -4.111 0.3000000119
144730  -34.283  -93.271  -3.630 0.3000000119
134470  -34.759  -92.760  -3.878 0.3000000119
145936  -40.385  -87.230  -7.148 0.3000000119
5564  -40.046  -87.855  -7.685 0.4000000060
136997  -33.104  -92.157  -3.575 0.3000000119
2616  -32.467  -92.740  -3.364 0.3000000119
6750  -40.620  -85.316  -5.116 0.3000000119
6756  -40.517  -85.954  -5.742 0.3000000119
6203  -41.405  -86.937  -7.327 0.3000000119
6757  -41.207  -85.323  -5.889 0.3000000119
6191  -41.224  -86.141  -6.572 0.3000000119
135363  -41.941  -86.404  -7.114 0.3000000119
16977  -20.028  -72.708  -9.183 0.5000000000
21837  -17.699  -66.967  -8.354 0.5000000000
20867  -17.938  -68.352  -8.649 0.4000000060
17892  -20.530  -71.909  -9.536 0.4000000060
2272  -34.745  -93.985  -13.338 0.6000000238
129684  -35.721  -92.846  -12.374 0.5000000000
3237  -37.648  -91.340  -11.881 0.4000000060
4380  -39.578  -89.926  -9.760 0.4000000060
4999  -39.842  -89.126  -8.842 0.4000000060
134862  -41.096  -87.711  -7.883 0.4000000060
5577  -42.008  -87.619  -7.935 0.3000000119
17855  -22.041  -70.935  -6.335 0.5000000000
138735  -22.399  -70.455  -6.932 0.4000000060
18886  -23.515  -69.935  -8.704 0.4000000060
3127  -42.177  -91.397  -2.373 0.3000000119
2174  -38.961  -93.421  -4.912 0.3000000119
2173  -38.330  -93.970  -5.092 0.3000000119
3664  -41.965  -91.124  -1.499 0.4000000060
3190  -36.989  -91.233  -6.953 0.4000000060
3663  -41.445  -91.327  -1.719 0.4000000060
3124  -40.321  -92.241  -2.345 0.3000000119
2622  -39.663  -92.964  -2.798 0.3000000119
4967  -38.313  -89.330  -6.443 0.4000000060
2619  -37.473  -92.853  -3.624 0.3000000119
4351  -38.748  -89.430  -8.392 0.4000000060
137018  -37.628  -93.790  -3.394 0.3000000119
151149  -39.580  -87.575  -6.832 0.4000000060
145291  -34.724  -94.308  -3.527 0.3000000119
141817  -39.661  -87.096  -6.231 0.3000000119
2617  -33.426  -92.980  -3.523 0.3000000119
1822  -31.595  -94.076  -16.137 0.5000000000
1815  -31.219  -94.174  -15.592 0.5000000000
2279  -32.804  -94.199  -14.644 0.5000000000
1811  -33.606  -94.604  -13.233 0.5000000000
2262  -34.441  -94.494  -12.522 0.4000000060
4362  -33.342  -89.688  -8.150 0.4000000060
2691  -35.371  -92.680  -9.442 0.5000000000
2210  -35.794  -94.013  -8.370 0.3000000119
3188  -35.587  -92.281  -7.813 0.4000000060
2197  -37.045  -93.460  -6.568 0.3000000119
4294  -38.393  -89.902  -3.025 0.3000000119
4274  -38.897  -89.388  -2.559 0.3000000119
134037  -39.165  -90.298  -2.676 0.3000000119
3665  -42.495  -90.741  -1.526 0.3000000119
138340  -38.563  -88.441  -2.393 0.3000000119
4908  -39.498  -88.861  -2.162 0.3000000119
4258  -40.309  -89.325  -1.890 0.3000000119
137009  -41.139  -89.270  -1.576 0.3000000119
135899  -42.264  -89.685  -1.280 0.3000000119
4889  -41.705  -88.725  -1.366 0.3000000119
4887  -39.161  -87.950  -1.961 0.3000000119
5496  -40.423  -87.591  -1.498 0.3000000119
142624  -40.975  -88.209  -1.472 0.3000000119
150391  -40.980  -87.672  -1.432 0.3000000119
4261  -42.367  -90.528  -1.383 0.3000000119
4890  -43.480  -89.390  -1.025 0.3000000119
5495  -39.623  -87.454  -1.618 0.3000000119
141846  -43.270  -88.519  -1.057 0.3000000119
126939  -42.625  -87.781  -1.250 0.3000000119
2294  -28.539  -93.972  -17.431 0.3000000119
1801  -33.815  -94.806  -12.677 0.4000000060
130015  -33.333  -94.377  -14.195 0.5000000000
2678  -35.429  -92.875  -8.496 0.3000000119
19882  -25.027  -68.563  -11.240 0.3000000119
19867  -23.896  -69.633  -10.908 0.3000000119
19851  -20.091  -69.109  -8.634 0.3000000119
134946  -30.769  -94.357  -16.773 0.4000000060
1370  -30.777  -94.300  -15.005 0.4000000060
1760  -31.000  -93.533  -9.215 0.4000000060
2247  -31.466  -92.697  -11.442 0.4000000060
2712  -32.280  -92.771  -12.229 0.4000000060
2248  -33.037  -93.974  -12.328 0.4000000060
129146  -33.447  -94.644  -12.807 0.4000000060
2269  -31.465  -93.293  -13.659 0.4000000060
2271  -32.478  -93.934  -14.272 0.4000000060
1810  -33.198  -94.412  -13.781 0.4000000060
1328  -31.072  -95.186  -8.731 0.3000000119
2207  -31.702  -93.137  -8.572 0.4000000060
2700  -32.377  -92.821  -10.521 0.4000000060
2278  -31.825  -93.824  -14.862 0.4000000060
2233  -30.929  -92.930  -10.485 0.4000000060
136251  -31.643  -92.756  -12.436 0.4000000060
1744  -31.241  -93.814  -8.401 0.3000000119
2690  -32.024  -92.730  -9.816 0.4000000060
2711  -32.215  -92.687  -11.215 0.4000000060
2260  -32.034  -92.852  -13.198 0.4000000060
133033  -32.741  -93.154  -11.387 0.4000000060
1790  -33.600  -94.932  -11.842 0.4000000060
1728  -31.504  -94.111  -7.317 0.3000000119
2220  -32.505  -92.977  -9.697 0.3000000119
2208  -32.137  -93.092  -8.015 0.3000000119
1776  -33.712  -95.079  -10.951 0.3000000119
1777  -34.284  -95.143  -10.623 0.3000000119
2249  -33.343  -94.537  -11.300 0.3000000119
136701  -34.809  -94.902  -10.183 0.3000000119
141658  -35.342  -93.384  -10.071 0.3000000119
1778  -34.857  -94.589  -10.853 0.3000000119
1358  -33.840  -95.157  -11.193 0.3000000119
1791  -34.327  -94.889  -11.495 0.3000000119
138230  -33.796  -95.005  -12.034 0.3000000119
2561  -29.629  -92.076  0.910 0.3000000119
3626  -29.635  -90.658  1.110 0.3000000119
4923  -35.521  -88.814  -3.247 0.3000000119
132674  -30.375  -88.820  0.223 0.3000000119
4883  -30.703  -88.793  -0.643 0.3000000119
4884  -31.448  -88.447  -1.321 0.3000000119
4885  -32.189  -88.125  -1.705 0.3000000119
4902  -32.734  -88.573  -2.334 0.3000000119
148201  -33.292  -88.649  -2.598 0.3000000119
4904  -34.381  -88.148  -2.719 0.3000000119
140364  -35.089  -88.289  -2.963 0.3000000119
5482  -31.281  -87.408  -0.142 0.3000000119
5489  -31.726  -87.694  -1.048 0.3000000119
5490  -32.479  -87.387  -1.408 0.3000000119
4886  -32.832  -87.830  -1.962 0.3000000119
5491  -33.342  -87.198  -1.757 0.3000000119
2221  -33.289  -93.876  -9.819 0.3000000119
3641  -29.576  -90.582  0.412 0.3000000119
4256  -31.144  -89.240  -1.585 0.3000000119
4246  -30.207  -89.394  -0.105 0.3000000119
4245  -29.829  -89.836  0.414 0.3000000119
4255  -30.473  -89.630  -0.968 0.3000000119
5483  -32.043  -86.987  -0.726 0.3000000119
1379  -28.434  -94.376  -17.142 0.3000000119
1686  -37.464  -94.517  -3.701 0.3000000119
1692  -38.112  -94.237  -3.651 0.3000000119
1704  -38.170  -94.335  -4.290 0.3000000119
1800  -33.655  -94.803  -12.456 0.3000000119
1816  -32.180  -93.923  -15.381 0.5000000000
1818  -33.483  -94.201  -14.871 0.6000000238
1821  -30.753  -94.496  -16.128 0.4000000060
1829  -28.939  -93.852  -17.664 0.5000000000
1832  -29.554  -93.469  -17.838 0.5000000000
2146  -35.026  -93.535  -3.720 0.3000000119
2148  -37.144  -94.258  -3.587 0.3000000119
2196  -35.672  -93.074  -7.774 0.3000000119
2219  -31.449  -92.910  -9.610 0.4000000060
2234  -31.746  -92.683  -10.480 0.4000000060
2235  -33.048  -93.519  -10.562 0.3000000119
2236  -33.481  -94.672  -10.638 0.3000000119
2261  -32.673  -93.735  -13.474 0.4000000060
2270  -31.919  -93.399  -14.003 0.4000000060
2286  -34.515  -93.199  -15.693 0.8000000119
2288  -28.279  -94.069  -17.046 0.5000000000
2297  -31.904  -92.725  -18.064 0.6000000238
2298  -32.687  -92.572  -17.796 0.6000000238
2299  -29.903  -93.108  -18.029 0.6000000238
2300  -31.264  -92.569  -18.100 0.6000000238
2606  -39.083  -92.962  -2.763 0.3000000119
2607  -39.687  -92.792  -2.659 0.3000000119
2609  -40.953  -92.216  -2.316 0.3000000119
2623  -40.437  -92.627  -2.946 0.3000000119
2633  -40.816  -92.225  -3.756 0.3000000119
2640  -26.129  -92.418  -5.087 0.6000000238
2641  -26.811  -92.236  -5.542 0.6000000238
2662  -27.576  -92.152  -7.077 0.5000000000
2674  -26.726  -93.005  -7.918 0.4000000060
2677  -32.039  -92.849  -8.996 0.3000000119
2689  -28.274  -91.861  -9.425 0.5000000000
2699  -28.232  -92.225  -10.118 0.5000000000
2727  -36.582  -92.087  -12.824 0.4000000060
2744  -35.884  -92.384  -15.334 0.6000000238
2754  -30.222  -92.305  -17.604 0.6000000238
2758  -29.721  -93.015  -17.949 0.5000000000
2761  -30.562  -92.742  -18.060 0.6000000238
3094  -29.488  -91.350  0.705 0.3000000119
3125  -41.031  -92.002  -1.921 0.4000000060
3126  -41.451  -91.706  -1.958 0.3000000119
3133  -25.984  -90.998  -3.692 0.6999999881
3134  -26.765  -91.130  -3.893 0.6999999881
3141  -38.194  -92.412  -3.333 0.3000000119
3149  -25.359  -91.465  -3.951 0.6000000238
3152  -28.064  -90.758  -4.507 0.6999999881
3162  -24.037  -91.169  -4.697 0.5000000000
3167  -39.632  -91.864  -5.275 0.3000000119
3179  -38.326  -91.617  -5.956 0.3000000119
3187  -28.142  -91.511  -7.108 0.6000000238
3199  -35.976  -91.549  -8.133 0.4000000060
3209  -36.252  -91.450  -9.223 0.6000000238
3222  -29.254  -90.909  -11.131 0.5000000000
3247  -29.225  -92.005  -12.511 0.5000000000
3260  -38.809  -90.214  -14.491 0.5000000000
3278  -37.202  -90.913  -16.100 0.5000000000
3279  -37.630  -90.084  -16.433 0.6000000238
3284  -30.004  -91.788  -16.772 0.5000000000
3286  -31.359  -91.467  -17.336 0.6000000238
3291  -31.803  -91.893  -17.847 0.6000000238
3293  -33.706  -91.531  -17.797 0.6999999881
3652  -29.922  -90.084  -0.329 0.3000000119
3680  -43.199  -90.451  -2.527 0.4000000060
3688  -25.946  -90.305  -3.691 0.6999999881
3699  -42.679  -90.898  -2.763 0.4000000060
3711  -41.491  -91.083  -4.049 0.3000000119
3721  -28.551  -90.422  -4.940 0.6999999881
3743  -28.552  -90.797  -7.532 0.6999999881
3744  -28.834  -90.201  -7.832 0.6999999881
3755  -29.125  -89.923  -8.458 0.6999999881
3756  -32.711  -89.703  -9.102 0.5000000000
3771  -33.094  -90.246  -9.473 0.5000000000
3796  -32.535  -90.224  -11.579 0.5000000000
3797  -33.093  -90.671  -11.514 0.6000000238
3806  -30.500  -89.543  -13.274 0.5000000000
3808  -32.931  -90.753  -12.974 0.6000000238
3809  -33.752  -90.627  -13.044 0.6000000238
3811  -39.107  -90.413  -12.775 0.5000000000
3837  -30.484  -90.449  -14.749 0.6000000238
3838  -30.943  -90.171  -14.991 0.5000000000
3845  -39.042  -89.323  -14.972 0.5000000000
3860  -37.569  -89.801  -16.431 0.6000000238
3871  -31.645  -91.101  -16.815 0.6000000238
3872  -32.347  -90.980  -16.956 0.6000000238
3874  -34.660  -90.904  -17.540 0.6999999881
3877  -32.761  -91.585  -17.742 0.6000000238
3878  -33.609  -91.373  -17.697 0.6999999881
4285  -26.176  -89.498  -3.695 0.6999999881
4286  -26.803  -89.151  -3.387 0.6999999881
4288  -28.158  -89.895  -3.703 0.6999999881
4293  -37.481  -89.635  -3.285 0.3000000119
4298  -43.551  -89.803  -3.015 0.3000000119
4307  -28.699  -89.461  -3.971 0.6999999881
4310  -40.367  -90.075  -4.419 0.4000000060
4311  -41.201  -90.479  -4.185 0.4000000060
4321  -25.459  -89.520  -4.730 0.6999999881
4346  -32.836  -89.270  -7.805 0.4000000060
4347  -33.666  -89.348  -7.563 0.4000000060
4359  -26.056  -88.817  -8.513 0.5000000000
4361  -32.852  -89.613  -8.437 0.4000000060
4365  -38.762  -89.867  -9.211 0.4000000060
4374  -26.317  -88.671  -9.400 0.5000000000
4376  -32.387  -88.837  -9.753 0.6000000238
4382  -41.488  -89.195  -10.190 0.5000000000
4392  -35.216  -89.709  -10.412 0.5000000000
4395  -40.313  -89.841  -10.298 0.5000000000
4407  -30.105  -89.293  -11.754 0.6000000238
4410  -32.096  -88.985  -11.813 0.5000000000
4415  -41.263  -88.826  -11.794 0.4000000060
4429  -30.921  -88.846  -12.930 0.5000000000
4453  -39.780  -88.974  -14.114 0.5000000000
4464  -31.097  -89.684  -14.269 0.5000000000
4468  -39.128  -89.054  -14.910 0.5000000000
4874  -31.134  -88.077  -0.642 0.3000000119
4888  -40.130  -88.342  -1.685 0.3000000119
4903  -33.493  -88.044  -2.392 0.3000000119
4920  -27.679  -88.748  -3.119 0.6999999881
4941  -40.109  -88.695  -4.015 0.3000000119
4949  -25.931  -88.729  -5.080 0.6999999881
4975  -26.327  -88.191  -7.986 0.6999999881
4976  -29.653  -87.996  -6.961 0.6000000238
4983  -39.545  -88.545  -8.026 0.4000000060
4993  -30.025  -88.144  -8.595 0.6000000238
4994  -30.327  -87.581  -9.419 0.6000000238
5001  -41.689  -88.814  -8.878 0.5000000000
5024  -27.477  -87.701  -10.734 0.5000000000
5025  -30.332  -88.234  -10.418 0.6000000238
5026  -30.824  -87.694  -10.909 0.6000000238
5032  -42.097  -88.707  -10.244 0.4000000060
5504  -26.997  -86.911  -2.853 0.6999999881
5505  -27.541  -87.273  -2.693 0.6999999881
5521  -27.411  -87.970  -2.848 0.6999999881
5525  -43.413  -87.751  -3.422 0.3000000119
5544  -26.526  -87.259  -5.528 0.6999999881
5559  -29.902  -86.970  -7.180 0.6000000238
5563  -39.036  -87.769  -6.066 0.4000000060
5570  -26.690  -87.463  -7.574 0.6999999881
5583  -27.531  -86.753  -8.955 0.6999999881
5599  -31.435  -86.946  -9.937 0.6000000238
5615  -28.047  -86.927  -10.945 0.6000000238
5616  -31.113  -87.202  -10.462 0.6000000238
5633  -28.125  -86.936  -11.869 0.5000000000
6125  -28.279  -86.839  -2.628 0.6000000238
6139  -26.806  -86.576  -3.286 0.6999999881
6140  -27.079  -85.724  -2.976 0.6999999881
6141  -28.841  -87.058  -3.016 0.6000000238
6156  -26.627  -86.548  -4.235 0.6999999881
6190  -40.478  -86.584  -6.501 0.3000000119
6192  -41.885  -85.758  -6.641 0.3000000119
6197  -27.471  -85.728  -7.228 0.6999999881
6212  -31.336  -86.148  -8.942 0.5000000000
6226  -20.091  -86.093  -9.595 0.5000000000
6227  -20.909  -86.082  -9.596 0.5000000000
6228  -21.707  -86.104  -9.633 0.5000000000
6229  -27.857  -86.202  -9.618 0.6999999881
6230  -31.183  -86.515  -9.466 0.5000000000
6245  -21.318  -86.585  -10.289 0.5000000000
6247  -23.638  -86.106  -10.743 0.6000000238
6249  -25.676  -85.692  -11.168 0.6000000238
6250  -27.809  -86.145  -11.027 0.6000000238
6264  -27.559  -86.325  -11.637 0.5000000000
6272  -28.033  -86.759  -12.144 0.5000000000
6710  -27.752  -85.518  -2.551 0.6999999881
6752  -27.391  -85.332  -6.588 0.6999999881
6762  -27.475  -85.017  -7.281 0.6999999881
6774  -27.057  -85.217  -9.016 0.6999999881
6788  -19.698  -85.527  -9.544 0.5000000000
6791  -22.278  -85.490  -9.213 0.5000000000
6796  -27.615  -85.764  -9.197 0.6999999881
6815  -26.324  -85.455  -10.391 0.6999999881
6816  -27.519  -85.836  -10.498 0.6000000238
6853  -17.247  -84.912  -14.726 0.4000000060
6854  -17.879  -84.746  -14.328 0.4000000060
6862  -17.216  -84.982  -15.772 0.5000000000
6863  -18.051  -85.003  -16.263 0.5000000000
6864  -18.966  -84.976  -16.634 0.5000000000
6872  -19.107  -84.875  -17.311 0.5000000000
6873  -19.806  -84.606  -17.332 0.6000000238
6874  -17.814  -84.837  -17.427 0.6000000238
6875  -18.521  -84.810  -17.446 0.5000000000
6876  -19.048  -84.662  -17.466 0.5000000000
7294  -28.059  -84.858  -2.498 0.5000000000
7301  -30.109  -84.090  -3.218 0.5000000000
7321  -27.226  -84.382  -5.722 0.6999999881
7335  -27.227  -84.534  -6.573 0.6999999881
7351  -24.128  -83.548  -8.605 0.6999999881
7352  -25.040  -84.051  -8.615 0.6999999881
7353  -26.780  -84.665  -8.224 0.6999999881
7364  -20.090  -84.883  -9.566 0.5000000000
7367  -22.600  -84.887  -8.803 0.6999999881
7368  -23.488  -84.526  -8.828 0.6999999881
7369  -24.337  -84.318  -8.814 0.6999999881
7383  -18.933  -84.701  -10.232 0.5000000000
7384  -20.503  -84.289  -9.890 0.6000000238
7385  -21.412  -84.241  -9.616 0.6000000238
7386  -22.155  -84.427  -9.080 0.6000000238
7410  -19.628  -84.078  -12.614 0.6000000238
7411  -20.472  -83.770  -12.239 0.6000000238
7426  -20.278  -84.024  -13.290 0.6000000238
7430  -31.817  -84.560  -14.316 0.5000000000
7441  -20.382  -84.353  -15.026 0.6000000238
7443  -29.853  -84.408  -15.774 0.6000000238
7444  -30.622  -84.544  -15.517 0.5000000000
7450  -19.643  -84.688  -15.828 0.6000000238
7451  -20.934  -84.305  -15.792 0.6000000238
7453  -22.557  -84.437  -16.888 0.6000000238
7454  -23.354  -84.324  -17.399 0.4000000060
7455  -24.821  -84.446  -16.876 0.5000000000
7456  -25.707  -84.319  -16.612 0.6000000238
7458  -27.826  -84.227  -16.278 0.6000000238
7460  -29.395  -84.455  -16.642 0.6000000238
7470  -16.988  -84.724  -17.296 0.6000000238
7473  -21.699  -84.469  -17.236 0.6000000238
7475  -25.438  -84.457  -17.090 0.6000000238
7478  -28.958  -84.425  -17.131 0.6000000238
7479  -29.819  -84.441  -17.164 0.6000000238
7483  -16.667  -84.339  -17.321 0.6000000238
7484  -18.350  -84.614  -17.543 0.6000000238
7486  -20.450  -84.405  -17.373 0.6000000238
7488  -22.947  -84.063  -17.756 0.6000000238
7490  -24.136  -84.110  -17.694 0.5000000000
7491  -25.607  -84.306  -17.268 0.6000000238
7492  -26.549  -84.355  -17.208 0.6000000238
7493  -27.455  -84.367  -17.194 0.6000000238
7495  -30.252  -84.248  -17.390 0.5000000000
7944  -27.984  -84.269  -2.663 0.5000000000
7945  -28.473  -83.650  -2.631 0.5000000000
7946  -29.155  -83.496  -2.537 0.5000000000
7947  -29.785  -82.801  -2.693 0.5000000000
7952  -27.902  -83.579  -3.064 0.6000000238
7985  -25.741  -82.416  -6.618 0.6000000238
7987  -27.000  -83.709  -5.902 0.6999999881
7998  -26.099  -83.551  -6.810 0.6999999881
8011  -25.182  -83.524  -8.012 0.6999999881
8012  -25.953  -83.976  -7.621 0.6999999881
8025  -23.438  -83.498  -8.962 0.6999999881
8044  -21.575  -83.516  -10.755 0.6000000238
8047  -29.811  -83.271  -12.105 0.5000000000
8057  -21.679  -83.354  -11.955 0.6000000238
8058  -22.081  -83.137  -12.458 0.6999999881
8061  -29.227  -83.404  -12.645 0.6000000238
8077  -27.206  -82.815  -13.135 0.6000000238
8078  -28.593  -83.396  -13.175 0.6000000238
8080  -30.393  -84.016  -13.791 0.5000000000
8090  -21.922  -83.528  -14.716 0.6000000238
8094  -25.631  -83.260  -15.143 0.5000000000
8095  -27.265  -83.392  -14.639 0.6000000238
8096  -27.805  -83.290  -13.784 0.6000000238
8123  -23.995  -84.426  -16.945 0.5000000000
8129  -17.948  -84.001  -17.561 0.6000000238
8130  -19.499  -83.766  -17.528 0.6000000238
8131  -20.233  -84.224  -17.494 0.6000000238
8133  -22.227  -84.080  -17.688 0.6000000238
8134  -23.578  -84.068  -17.828 0.4000000060
8135  -24.212  -83.986  -17.803 0.6000000238
8137  -26.022  -83.912  -17.477 0.6000000238
8139  -29.025  -83.697  -17.573 0.6000000238
8140  -29.948  -83.747  -17.620 0.5000000000
8141  -30.637  -83.878  -17.565 0.5000000000
8662  -28.830  -83.094  -2.615 0.5000000000
8671  -28.020  -82.846  -3.479 0.6000000238
8672  -28.777  -82.467  -2.965 0.5000000000
8684  -27.670  -82.538  -4.313 0.6000000238
8708  -25.930  -81.344  -6.753 0.6000000238
8731  -24.436  -81.812  -8.426 0.6999999881
8744  -23.706  -81.634  -9.754 0.6999999881
8746  -29.088  -82.148  -9.939 0.6000000238
8747  -29.793  -82.340  -9.853 0.5000000000
8763  -27.839  -82.074  -11.007 0.6000000238
8777  -26.856  -82.160  -12.001 0.6000000238
8778  -27.355  -82.177  -11.533 0.5000000000
8791  -22.516  -82.517  -12.957 0.6000000238
8792  -23.064  -81.821  -13.348 0.6000000238
8794  -26.665  -82.373  -12.637 0.6000000238
8806  -18.345  -82.395  -14.255 0.6999999881
8807  -19.190  -82.173  -14.224 0.6999999881
8809  -23.337  -81.857  -14.028 0.6000000238
8811  -25.537  -82.258  -13.777 0.5000000000
8822  -17.467  -82.532  -15.043 0.6000000238
8824  -18.704  -82.330  -15.231 0.6999999881
8825  -23.430  -82.399  -14.670 0.6000000238
8827  -25.120  -82.601  -14.578 0.5000000000
8840  -23.847  -83.070  -15.452 0.5000000000
8857  -23.595  -82.537  -17.140 0.6000000238
8858  -24.427  -82.611  -17.228 0.6000000238
8869  -18.641  -83.222  -17.371 0.6000000238
8872  -21.447  -83.352  -17.436 0.6000000238
8876  -25.557  -83.309  -17.500 0.6000000238
8878  -27.558  -82.963  -17.556 0.6000000238
8879  -28.544  -82.854  -17.567 0.6000000238
8880  -29.939  -82.386  -17.233 0.6000000238
9474  -30.076  -81.465  -3.271 0.5000000000
9482  -27.886  -81.837  -4.685 0.6000000238
9497  -27.074  -81.618  -5.682 0.6000000238
9498  -27.571  -81.662  -5.336 0.6000000238
9513  -29.365  -81.310  -6.269 0.6000000238
9524  -26.277  -80.823  -7.202 0.6000000238
9540  -24.559  -80.983  -8.710 0.6000000238
9541  -25.141  -80.745  -8.209 0.6000000238
9542  -27.506  -80.886  -7.909 0.5000000000
9543  -28.428  -81.426  -8.292 0.6000000238
9560  -24.379  -80.874  -9.448 0.6000000238
9562  -28.678  -81.716  -9.207 0.6000000238
9578  -20.380  -81.274  -10.480 0.6999999881
9582  -26.837  -81.072  -10.061 0.5000000000
9592  -19.725  -81.490  -11.571 0.6000000238
9595  -24.686  -80.955  -11.743 0.6000000238
9597  -26.549  -81.641  -11.440 0.5000000000
9609  -18.787  -81.664  -12.648 0.6999999881
9611  -20.395  -81.349  -12.320 0.6000000238
9612  -23.626  -81.411  -12.893 0.6000000238
9614  -25.315  -81.330  -12.425 0.6000000238
9623  -17.691  -82.043  -13.769 0.6000000238
9625  -19.394  -81.859  -13.313 0.6999999881
9626  -20.184  -81.509  -13.254 0.6999999881
9628  -24.250  -81.469  -13.502 0.6000000238
9629  -25.024  -81.538  -13.297 0.5000000000
9644  -23.932  -81.772  -14.178 0.6000000238
9658  -29.280  -81.802  -15.980 0.5000000000
9673  -21.060  -81.272  -16.586 0.6000000238
9675  -23.127  -81.485  -16.436 0.5000000000
9687  -18.970  -82.267  -16.880 0.6000000238
9688  -19.741  -82.083  -16.899 0.5000000000
9690  -21.729  -82.332  -17.041 0.5000000000
9693  -28.154  -82.017  -17.194 0.6000000238
9694  -29.235  -81.866  -17.054 0.6000000238
10305  -20.783  -80.297  -5.573 0.6000000238
10315  -30.916  -80.589  -5.445 0.5000000000
10328  -19.724  -80.500  -6.866 0.6000000238
10329  -20.422  -80.712  -7.110 0.6000000238
10331  -25.866  -80.550  -7.889 0.6000000238
10346  -18.805  -80.246  -8.910 0.6000000238
10348  -20.050  -81.049  -8.532 0.6000000238
10349  -20.925  -80.897  -8.344 0.6999999881
10350  -24.980  -80.545  -8.998 0.6000000238
10352  -26.162  -80.472  -8.510 0.5000000000
10365  -18.739  -80.511  -9.787 0.5000000000
10367  -20.550  -81.158  -9.868 0.6999999881
10370  -25.659  -80.485  -9.318 0.6000000238
10387  -19.215  -81.095  -10.215 0.6999999881
10388  -21.023  -80.929  -10.565 0.6000000238
10390  -26.143  -80.663  -9.920 0.5000000000
10402  -17.735  -80.347  -11.891 0.5000000000
10403  -18.379  -80.906  -11.401 0.6000000238
10434  -20.772  -80.931  -13.227 0.6000000238
10435  -21.256  -80.167  -13.227 0.6000000238
10436  -27.825  -80.247  -13.944 0.5000000000
10437  -28.523  -80.837  -13.601 0.4000000060
10451  -19.696  -80.643  -15.733 0.6000000238
10453  -28.355  -80.895  -14.564 0.6000000238
10467  -19.642  -80.586  -16.017 0.6000000238
10469  -23.077  -80.070  -15.789 0.6000000238
10471  -25.144  -79.898  -15.789 0.5000000000
10473  -28.657  -80.883  -16.284 0.6000000238
10486  -19.875  -80.410  -16.109 0.6000000238
10490  -23.747  -80.863  -16.032 0.5000000000
10492  -25.635  -80.363  -16.146 0.5000000000
10494  -28.211  -80.227  -16.455 0.6000000238
10495  -28.406  -80.446  -16.330 0.6000000238
11138  -18.922  -79.393  -4.347 0.6999999881
11140  -20.902  -79.511  -4.382 0.6000000238
11148  -18.635  -79.840  -5.109 0.6999999881
11151  -21.268  -79.980  -4.947 0.6000000238
11152  -22.181  -79.739  -5.195 0.8000000119
11163  -22.840  -79.557  -5.983 0.8000000119
11164  -23.517  -79.179  -5.890 0.8000000119
11177  -19.227  -80.288  -7.397 0.6000000238
11178  -21.887  -80.240  -7.214 0.8000000119
11219  -18.224  -79.834  -10.299 0.6000000238
11255  -21.544  -79.310  -13.162 0.6000000238
11256  -27.080  -78.896  -12.869 0.5000000000
11273  -20.738  -80.171  -14.257 0.6000000238
11275  -27.484  -79.459  -13.719 0.5000000000
11291  -20.546  -79.356  -15.107 0.5000000000
11294  -28.194  -78.916  -15.729 0.5000000000
11306  -20.617  -79.504  -15.514 0.5000000000
11307  -21.034  -79.043  -15.545 0.5000000000
11308  -21.810  -79.636  -15.834 0.6000000238
11310  -24.615  -79.220  -15.545 0.5000000000
11312  -26.683  -78.759  -15.978 0.5000000000
11313  -28.184  -78.994  -15.985 0.6000000238
11324  -20.837  -79.710  -15.944 0.6000000238
11326  -27.200  -79.374  -16.297 0.6000000238
11328  -28.263  -79.653  -16.153 0.6000000238
11970  -10.694  -78.298  -3.591 0.6000000238
11971  -11.482  -78.507  -4.077 0.5000000000
11973  -16.678  -78.295  -3.948 0.8000000119
11974  -17.481  -78.228  -3.703 0.8000000119
11980  -10.974  -77.906  -5.017 0.6000000238
11985  -18.117  -78.852  -3.962 0.8000000119
11986  -19.667  -78.845  -3.884 0.5000000000
11987  -20.542  -78.921  -3.936 0.6000000238
11989  -23.104  -78.500  -4.411 0.6999999881
11995  -12.252  -77.777  -6.097 0.5000000000
11997  -16.747  -78.284  -5.718 0.8000000119
12000  -24.348  -78.292  -5.604 0.8000000119
12013  -17.458  -78.750  -6.318 0.6000000238
12014  -17.916  -78.893  -7.233 0.6000000238
12028  -17.224  -77.323  -7.819 0.6000000238
12029  -18.311  -79.023  -7.969 0.6000000238
12030  -23.117  -79.190  -7.677 0.8000000119
12069  -17.888  -77.873  -9.936 0.6000000238
12154  -21.317  -78.474  -13.904 0.6999999881
12170  -21.410  -77.879  -14.284 0.6000000238
12172  -27.993  -78.558  -15.775 0.5000000000
12180  -21.278  -78.418  -15.155 0.6000000238
12181  -22.221  -78.245  -15.169 0.5000000000
12182  -24.054  -78.571  -15.276 0.5000000000
12184  -26.166  -78.196  -15.639 0.5000000000
12815  -10.295  -77.856  -3.792 0.6000000238
12818  -17.667  -77.432  -3.456 0.6000000238
12823  -10.698  -77.743  -4.532 0.6000000238
12825  -16.113  -77.984  -4.391 0.8000000119
12827  -20.334  -77.457  -3.900 0.6000000238
12829  -22.705  -77.655  -3.895 0.6999999881
12831  -24.960  -76.873  -4.824 0.6000000238
12836  -11.807  -77.386  -5.902 0.5000000000
12838  -16.211  -77.982  -5.215 0.6999999881
12839  -25.148  -77.202  -5.481 0.6000000238
12853  -12.756  -76.652  -7.103 0.5000000000
12857  -24.633  -78.017  -6.385 0.6999999881
12858  -25.170  -77.414  -6.287 0.6000000238
12875  -23.989  -78.197  -7.926 0.8000000119
12877  -24.872  -77.571  -7.137 0.6999999881
12894  -23.870  -77.796  -8.703 0.8000000119
12906  -17.750  -77.217  -9.822 0.6000000238
12907  -23.139  -77.870  -9.921 0.6999999881
12908  -23.553  -77.551  -9.544 0.8000000119
12909  -24.041  -77.189  -9.263 0.8000000119
12924  -22.874  -77.766  -10.511 0.6999999881
12949  -21.854  -77.314  -13.007 0.6999999881
12950  -22.272  -77.555  -12.122 0.6999999881
12960  -21.718  -77.230  -13.755 0.6000000238
12968  -26.317  -76.873  -15.095 0.5000000000
12978  -24.501  -77.703  -15.007 0.5000000000
12980  -26.730  -77.592  -15.370 0.5000000000
12981  -27.465  -78.071  -15.400 0.5000000000
13579  -9.582  -77.094  -1.083 0.6000000238
13594  -9.543  -76.398  -1.717 0.6000000238
13596  -9.805  -76.679  -2.534 0.6000000238
13599  -12.865  -76.223  -2.722 0.6999999881
13600  -13.965  -76.413  -2.735 0.6999999881
13601  -15.004  -76.444  -2.706 0.6999999881
13605  -10.086  -77.225  -3.295 0.6000000238
13607  -11.869  -76.529  -3.084 0.6000000238
13609  -14.672  -76.904  -2.949 0.6999999881
13610  -15.521  -77.032  -2.957 0.6999999881
13612  -17.279  -76.812  -3.215 0.6000000238
13618  -14.317  -77.052  -3.736 0.6999999881
13621  -20.479  -76.598  -4.196 0.6000000238
13624  -24.573  -76.364  -4.283 0.6000000238
13638  -13.379  -76.488  -5.311 0.6000000238
13660  -13.123  -75.925  -6.681 0.5000000000
13661  -14.751  -75.571  -6.897 0.6000000238
13678  -14.483  -75.297  -7.708 0.6000000238
13681  -24.961  -77.064  -7.922 0.6000000238
13710  -23.797  -76.880  -9.880 0.6999999881
13712  -25.112  -75.827  -9.242 0.6999999881
13724  -22.966  -77.086  -10.943 0.6999999881
13751  -22.280  -76.286  -13.062 0.6000000238
13759  -22.078  -76.672  -13.622 0.6000000238
13760  -22.555  -76.185  -13.469 0.6999999881
13767  -21.879  -77.085  -14.105 0.6000000238
13769  -23.829  -76.172  -14.237 0.6000000238
13770  -24.865  -76.145  -14.490 0.5000000000
13772  -26.340  -76.547  -14.600 0.5000000000
14367  -10.201  -75.234  1.085 0.5000000000
14388  -13.965  -75.365  -0.023 0.6000000238
14390  -16.007  -75.083  -0.072 0.5000000000
14405  -9.435  -75.348  -1.316 0.6000000238
14409  -9.453  -74.641  -1.522 0.6000000238
14411  -10.256  -75.460  -3.190 0.6999999881
14414  -12.682  -74.922  -3.206 0.6999999881
14417  -15.375  -75.816  -2.770 0.5000000000
14419  -17.620  -75.873  -3.473 0.6000000238
14428  -19.079  -75.323  -4.600 0.6000000238
14429  -20.038  -76.014  -4.650 0.6000000238
14430  -21.008  -75.528  -4.607 0.6000000238
14432  -23.114  -76.083  -3.779 0.6000000238
14434  -24.820  -75.531  -4.135 0.5000000000
14452  -13.179  -75.797  -7.313 0.5000000000
14454  -19.959  -74.983  -5.925 0.5000000000
14487  -25.490  -75.847  -8.469 0.6000000238
14502  -24.721  -75.731  -9.964 0.6999999881
14518  -24.421  -75.477  -10.741 0.8000000119
14532  -22.666  -76.046  -12.335 0.8000000119
14533  -23.344  -75.579  -11.916 0.8000000119
14546  -22.727  -75.710  -12.984 0.6999999881
14547  -23.380  -75.207  -13.034 0.6999999881
14578  -23.050  -76.131  -13.899 0.6000000238
15181  -16.375  -74.221  1.706 0.5000000000
15182  -16.440  -74.737  1.050 0.5000000000
15202  -10.214  -74.315  -0.282 0.6999999881
15207  -16.320  -74.459  -0.521 0.5000000000
15223  -12.098  -74.231  -1.101 0.6999999881
15226  -16.021  -74.262  -1.245 0.5000000000
15234  -10.472  -74.580  -3.611 0.6999999881
15235  -11.367  -74.515  -3.605 0.8000000119
15237  -15.623  -75.090  -3.314 0.6000000238
15249  -14.775  -74.487  -3.698 0.6000000238
15251  -16.720  -74.347  -4.194 0.6000000238
15253  -18.565  -74.667  -4.736 0.6000000238
15254  -21.650  -74.381  -4.766 0.5000000000
15255  -22.450  -74.489  -4.233 0.5000000000
15266  -20.208  -74.905  -5.885 0.5000000000
15276  -19.853  -74.523  -6.428 0.6000000238
15287  -19.983  -74.123  -6.990 0.6000000238
15308  -25.587  -74.580  -9.962 0.6000000238
15309  -26.117  -74.165  -9.479 0.6999999881
15320  -25.431  -74.253  -10.826 0.6999999881
15329  -24.512  -74.361  -12.248 0.6000000238
15330  -25.201  -73.876  -11.832 0.6000000238
15342  -23.976  -74.714  -13.117 0.6999999881
15343  -24.419  -74.167  -13.007 0.6999999881
15361  -24.561  -74.304  -13.478 0.6999999881
15374  -24.767  -74.642  -14.008 0.5000000000
15375  -25.879  -73.588  -14.179 0.5000000000
16015  -16.673  -73.996  0.218 0.5000000000
16043  -9.760  -73.283  -2.228 0.8000000119
16044  -9.940  -73.369  -1.427 0.6999999881
16054  -11.333  -72.842  -2.277 0.6999999881
16058  -16.422  -73.003  -2.182 0.4000000060
16060  -9.758  -73.407  -3.134 0.8000000119
16067  -10.167  -73.127  -3.737 0.8000000119
16068  -10.659  -73.812  -4.156 0.8000000119
16072  -16.112  -73.755  -4.613 0.6000000238
16074  -22.039  -73.707  -4.753 0.5000000000
16076  -23.878  -73.631  -3.960 0.5000000000
16082  -11.026  -73.332  -4.480 0.8000000119
16088  -17.504  -73.557  -5.240 0.5000000000
16100  -17.077  -72.949  -5.742 0.5000000000
16102  -18.720  -73.281  -6.487 0.6000000238
16115  -19.904  -73.673  -7.601 0.6000000238
16116  -20.017  -73.730  -7.563 0.6000000238
16148  -27.215  -73.020  -10.239 0.5000000000
16158  -25.674  -73.042  -12.511 0.5000000000
16172  -25.679  -72.824  -13.381 0.5000000000
16184  -25.832  -72.948  -13.898 0.5000000000
16197  -26.100  -72.773  -14.119 0.5000000000
16862  -16.610  -73.464  -0.293 0.4000000060
16884  -16.751  -72.590  -1.592 0.4000000060
16889  -13.326  -72.542  -2.994 0.5000000000
16890  -14.616  -72.638  -2.979 0.6000000238
16896  -11.274  -72.038  -3.572 0.6000000238
16920  -15.929  -72.651  -5.990 0.5000000000
16921  -21.930  -72.404  -5.469 0.5000000000
16934  -12.256  -71.758  -5.972 0.6000000238
16936  -13.781  -72.143  -6.582 0.6000000238
16940  -18.335  -72.700  -7.005 0.6000000238
16952  -13.450  -71.749  -6.944 0.5000000000
16957  -18.726  -72.623  -7.730 0.6000000238
16959  -20.181  -73.234  -8.185 0.5000000000
16974  -17.679  -71.863  -8.757 0.5000000000
16975  -18.680  -72.241  -8.693 0.5000000000
16988  -18.997  -71.873  -9.786 0.5000000000
17027  -26.322  -72.206  -13.922 0.5000000000
17042  -27.004  -71.853  -14.099 0.5000000000
17809  -11.229  -72.182  -4.443 0.8000000119
17811  -12.962  -71.282  -3.887 0.5000000000
17812  -14.116  -71.354  -3.757 0.4000000060
17814  -16.275  -70.877  -3.295 0.5000000000
17852  -12.523  -71.387  -6.439 0.5000000000
17869  -12.799  -70.979  -6.984 0.5000000000
17870  -13.469  -71.293  -7.354 0.5000000000
17872  -15.232  -71.453  -8.188 0.5000000000
17874  -21.357  -71.457  -7.887 0.5000000000
17889  -15.383  -71.167  -8.719 0.4000000060
17905  -15.866  -70.836  -9.260 0.5000000000
17907  -17.422  -71.300  -10.145 0.4000000060
17909  -19.167  -71.725  -10.850 0.4000000060
17910  -20.050  -71.971  -10.012 0.4000000060
17931  -17.584  -70.778  -10.359 0.5000000000
17949  -19.684  -71.308  -11.317 0.4000000060
17951  -20.973  -71.035  -11.482 0.4000000060
18776  -17.519  -70.478  -0.313 0.4000000060
18790  -19.294  -70.137  -2.841 0.5000000000
18796  -13.444  -70.877  -4.166 0.5000000000
18798  -15.296  -70.483  -3.960 0.6000000238
18801  -18.833  -70.398  -3.358 0.5000000000
18817  -15.473  -70.100  -4.383 0.6000000238
18832  -12.419  -70.738  -5.813 0.4000000060
18865  -13.438  -70.529  -7.361 0.5000000000
18883  -14.453  -70.505  -8.225 0.4000000060
18884  -16.080  -70.046  -9.253 0.5000000000
18899  -21.866  -70.764  -10.831 0.4000000060
18900  -22.676  -70.483  -10.500 0.4000000060
18916  -20.475  -70.725  -11.378 0.4000000060
18917  -21.608  -70.460  -11.381 0.4000000060
18919  -23.229  -70.032  -11.219 0.4000000060
18930  -21.093  -70.622  -11.419 0.4000000060
18931  -22.440  -69.841  -11.533 0.4000000060
18932  -23.031  -69.780  -11.571 0.4000000060
19755  -18.984  -69.683  -1.576 0.4000000060
19775  -14.899  -69.680  -5.036 0.5000000000
19780  -20.448  -69.174  -4.710 0.4000000060
19792  -12.977  -70.257  -6.154 0.4000000060
19793  -13.108  -70.270  -5.511 0.4000000060
19794  -14.489  -69.408  -5.961 0.4000000060
19797  -17.364  -69.643  -5.606 0.5000000000
19799  -19.825  -69.342  -5.337 0.4000000060
19820  -13.485  -69.836  -6.482 0.4000000060
19821  -14.029  -69.325  -6.551 0.4000000060
19822  -16.596  -69.073  -6.274 0.5000000000
19837  -13.747  -69.607  -7.060 0.4000000060
19838  -14.839  -68.915  -7.746 0.4000000060
19846  -14.594  -69.745  -8.169 0.4000000060
19854  -24.099  -69.651  -9.653 0.4000000060
19864  -19.436  -69.704  -9.332 0.4000000060
19877  -18.839  -70.371  -10.477 0.4000000060
19878  -20.480  -70.266  -11.013 0.4000000060
19880  -23.527  -69.413  -11.519 0.4000000060
19881  -24.257  -69.014  -11.510 0.3000000119
20764  -16.562  -68.829  -0.336 0.3000000119
20776  -17.123  -68.350  -0.806 0.5000000000
20778  -18.735  -69.122  -1.301 0.4000000060
20790  -20.289  -68.729  -3.208 0.4000000060
20817  -15.068  -68.881  -6.495 0.5000000000
20833  -14.523  -68.814  -7.061 0.4000000060
20837  -18.207  -67.955  -6.686 0.4000000060
20851  -15.712  -67.893  -7.425 0.5000000000
20864  -15.329  -68.569  -8.059 0.4000000060
21775  -17.198  -66.988  -1.952 0.5000000000
21778  -19.867  -68.103  -2.725 0.4000000060
21798  -21.279  -67.987  -4.354 0.4000000060
21799  -21.676  -67.267  -4.630 0.4000000060
21810  -21.567  -67.488  -5.458 0.4000000060
21819  -21.503  -66.948  -6.066 0.4000000060
22837  -17.010  -66.068  -3.189 0.4000000060
22873  -18.303  -66.303  -7.169 0.3000000119
22880  -17.439  -66.119  -7.957 0.3000000119
22881  -17.579  -66.011  -7.713 0.3000000119
23812  -15.106  -65.629  -3.165 0.3000000119
23857  -17.934  -65.606  -7.859 0.3000000119
24701  -20.779  -64.671  -3.495 0.3000000119
125138  -28.528  -92.126  -10.913 0.5000000000
125691  -16.329  -68.320  -8.476 0.5000000000
126201  -29.291  -87.073  -3.700 0.5000000000
126286  -27.268  -92.526  -7.814 0.4000000060
126409  -27.029  -84.491  -16.796 0.6000000238
126710  -23.197  -83.426  -17.578 0.5000000000
127053  -12.122  -78.291  -5.368 0.5000000000
127074  -16.835  -72.163  -0.899 0.4000000060
127093  -22.572  -76.857  -11.742 0.6999999881
127532  -19.867  -71.716  -10.809 0.4000000060
127732  -28.022  -81.520  -9.524 0.6000000238
127876  -21.320  -71.401  -10.049 0.4000000060
127901  -29.549  -88.692  -7.598 0.6999999881
127954  -27.549  -86.037  -7.811 0.6999999881
127964  -29.347  -81.798  -8.551 0.5000000000
128027  -33.445  -90.572  -10.775 0.5000000000
128040  -21.882  -79.608  -11.427 0.6000000238
128043  -36.734  -89.962  -16.874 0.5000000000
128062  -18.982  -84.167  -11.893 0.5000000000
128104  -12.147  -71.266  -5.951 0.6000000238
128341  -20.870  -73.660  -6.253 0.5000000000
128419  -25.685  -89.510  -8.233 0.4000000060
128769  -15.955  -72.151  -6.947 0.5000000000
129157  -15.090  -70.446  -8.674 0.5000000000
129257  -29.916  -90.473  -13.073 0.6000000238
129283  -24.633  -91.725  -4.191 0.5000000000
129848  -37.604  -90.602  -9.190 0.4000000060
129974  -21.223  -84.311  -17.388 0.6000000238
130001  -26.512  -80.291  -16.393 0.6000000238
130313  -37.702  -90.190  -7.166 0.4000000060
130767  -42.577  -88.795  -1.185 0.3000000119
131334  -29.020  -82.696  -11.197 0.6000000238
131398  -35.247  -94.334  -10.163 0.3000000119
131525  -13.563  -74.287  -3.817 0.6999999881
131845  -16.003  -71.784  -7.885 0.6000000238
132032  -22.239  -77.118  -14.323 0.6000000238
132066  -14.531  -70.057  0.151 0.3000000119
132234  -23.364  -82.603  -9.510 0.6999999881
132298  -12.091  -71.220  -5.458 0.5000000000
132563  -28.627  -92.882  -12.476 0.5000000000
132829  -19.126  -69.342  -5.774 0.4000000060
132830  -18.975  -70.987  -11.195 0.4000000060
132864  -16.357  -67.469  -8.063 0.5000000000
133710  -24.821  -84.327  -17.320 0.6000000238
134015  -28.181  -86.043  -2.459 0.6999999881
134172  -17.113  -67.191  -7.135 0.4000000060
134364  -43.025  -90.159  -1.157 0.3000000119
134451  -27.188  -85.580  -9.989 0.6999999881
134636  -40.299  -89.558  -12.274 0.5000000000
134694  -29.558  -91.103  -12.486 0.5000000000
134774  -34.118  -91.065  -17.629 0.6999999881
134776  -18.050  -79.357  -6.463 0.6999999881
135393  -24.335  -78.190  -7.207 0.8000000119
135901  -24.234  -80.835  -10.322 0.6999999881
136062  -21.253  -83.581  -12.382 0.6000000238
136215  -17.197  -70.087  -9.767 0.4000000060
137849  -28.100  -92.743  -10.686 0.5000000000
137889  -19.710  -84.417  -10.123 0.5000000000
138139  -21.498  -80.470  -9.008 0.6000000238
138196  -23.810  -76.635  -3.997 0.6000000238
138336  -16.646  -74.044  -0.243 0.5000000000
138339  -26.457  -87.207  -4.781 0.6999999881
139274  -24.969  -81.391  -7.862 0.6000000238
139469  -21.182  -80.486  -6.492 0.6000000238
139516  -12.401  -76.691  -5.457 0.6000000238
139609  -29.511  -86.814  -4.620 0.5000000000
139707  -26.172  -72.479  -14.050 0.5000000000
139935  -21.929  -79.089  -12.356 0.6000000238
140121  -28.777  -89.861  -4.606 0.6999999881
140188  -21.706  -78.605  -13.093 0.6000000238
141009  -22.859  -79.105  -8.612 0.8000000119
141201  -18.327  -82.643  -16.979 0.6999999881
141251  -27.000  -84.492  -17.084 0.6000000238
141623  -18.154  -78.572  -9.346 0.6000000238
142007  -41.648  -87.850  -1.359 0.3000000119
142035  -18.113  -70.712  -1.073 0.4000000060
142152  -23.055  -76.809  -14.354 0.6000000238
142208  -16.028  -77.594  -3.593 0.8000000119
142808  -40.268  -87.545  -3.661 0.3000000119
143214  -31.004  -88.026  -11.493 0.6000000238
143236  -33.064  -91.934  -18.023 0.6000000238
143422  -27.865  -86.625  -10.219 0.6999999881
143541  -19.226  -80.144  -5.663 0.6999999881
143550  -42.743  -87.883  -8.299 0.5000000000
143582  -39.412  -92.956  -4.896 0.3000000119
143895  -20.056  -81.228  -9.328 0.6999999881
144122  -24.209  -80.893  -11.133 0.6000000238
144265  -40.316  -92.641  -3.871 0.3000000119
144462  -34.145  -90.548  -12.392 0.6000000238
144533  -21.176  -78.265  -14.845 0.6000000238
144955  -20.934  -78.100  -3.830 0.6000000238
144961  -30.352  -83.135  -11.717 0.5000000000
144974  -21.680  -79.499  -4.553 0.8000000119
145037  -15.511  -71.904  -3.272 0.5000000000
145320  -32.317  -88.922  -10.518 0.5000000000
145467  -28.515  -80.485  -15.617 0.6000000238
145618  -20.331  -79.960  -15.901 0.6000000238
145752  -20.543  -75.923  -4.560 0.6000000238
145790  -15.316  -67.688  -0.845 0.4000000060
145831  -17.253  -76.727  -8.589 0.6000000238
145984  -27.069  -92.843  -8.312 0.5000000000
146022  -26.739  -71.827  -13.757 0.5000000000
146150  -27.311  -85.555  -9.540 0.6999999881
146253  -9.893  -73.822  -0.849 0.6000000238
146381  -10.434  -77.402  -3.940 0.6000000238
146396  -20.928  -84.600  -16.724 0.6000000238
146433  -25.159  -82.701  -17.315 0.6000000238
146596  -17.142  -83.253  -16.953 0.6999999881
146802  -13.829  -71.619  -7.283 0.5000000000
147446  -22.383  -86.146  -9.822 0.5000000000
147622  -23.139  -78.635  -15.299 0.5000000000
147871  -20.078  -84.244  -14.103 0.6000000238
148161  -21.142  -71.619  -8.929 0.4000000060
148173  -33.784  -90.524  -15.505 0.6999999881
148353  -21.795  -83.862  -15.391 0.6000000238
148369  -42.949  -89.627  -1.044 0.3000000119
148502  -30.248  -90.893  -15.160 0.6000000238
148535  -13.420  -73.198  -4.996 0.8000000119
148601  -26.349  -87.734  -4.455 0.6999999881
148643  -10.535  -73.542  -4.183 0.8000000119
148850  -16.869  -75.522  -3.369 0.6999999881
148876  -28.378  -84.137  -15.935 0.6000000238
149069  -36.748  -90.793  -16.562 0.6000000238
149433  -24.359  -77.071  -4.467 0.6000000238
149812  -9.909  -78.014  -2.558 0.6000000238
149871  -30.779  -81.382  -3.447 0.5000000000
149929  -23.550  -77.444  -14.694 0.6000000238
149930  -35.881  -91.897  -10.494 0.6000000238
149991  -21.689  -75.781  -4.099 0.6000000238
149994  -34.530  -91.499  -3.940 0.3000000119
150109  -12.647  -72.293  -5.989 0.6999999881
150168  -32.417  -93.063  -12.912 0.4000000060
150191  -29.227  -92.982  -15.336 0.5000000000
150324  -18.494  -70.342  -4.095 0.4000000060
150437  -25.540  -80.770  -10.808 0.6000000238
150540  -26.970  -72.328  -14.153 0.5000000000
150837  -31.769  -92.219  -18.020 0.6000000238
150907  -9.439  -75.164  -0.732 0.6000000238
151022  -25.653  -89.726  -3.930 0.6999999881
151066  -32.722  -91.381  -17.520 0.6000000238
151144  -38.200  -89.140  -15.647 0.5000000000
151283  -18.954  -84.573  -17.523 0.6000000238
151291  -19.653  -80.345  -6.171 0.6999999881
151343  -24.407  -90.769  -4.669 0.6000000238
151367  -20.011  -81.136  -14.894 0.6999999881
151414  -17.649  -73.196  -5.714 0.6000000238
151463  -26.831  -91.519  -4.284 0.6000000238
151669  -9.590  -73.731  -2.760 0.6999999881
151787  -28.075  -82.837  -12.278 0.6000000238
151814  -18.497  -84.740  -14.753 0.5000000000
