#!ascii label  , from subject sub-v2s3x28744_ses-1 vox2ras=TkReg
357
69294  -30.981  -20.021  -16.890 0.0000000000
131735  -29.744  -16.700  -21.055 0.0000000000
86787  -28.121  -2.578  -22.835 0.0000000000
81895  -30.226  -7.089  -21.581 0.0000000000
77949  -32.384  -11.632  -21.268 0.0000000000
132471  -35.280  -16.698  -19.261 0.0000000000
130664  -27.252  -0.664  -23.722 0.0000000000
79890  -31.230  -9.490  -21.169 0.0000000000
76990  -29.861  -12.290  -21.629 0.0000000000
70271  -30.253  -19.069  -19.604 0.0000000000
73293  -32.497  -16.480  -20.661 0.0000000000
71228  -33.342  -18.180  -18.345 0.0000000000
66066  -27.045  -23.780  -15.619 0.0000000000
69308  -28.597  -20.544  -18.835 0.0000000000
93398  -27.081  4.743  -25.047 0.0000000000
129877  -28.730  4.206  -24.827 0.0000000000
91473  -29.639  2.969  -23.037 0.0000000000
89560  -30.443  0.895  -21.782 0.0000000000
87656  -31.408  -1.405  -21.355 0.0000000000
84878  -29.196  -4.743  -22.266 0.0000000000
84854  -32.371  -4.123  -20.669 0.0000000000
82909  -33.001  -6.471  -20.467 0.0000000000
128109  -34.158  -8.831  -20.313 0.0000000000
77936  -36.026  -11.692  -20.770 0.0000000000
75173  -31.236  -14.586  -21.411 0.0000000000
75175  -34.061  -14.762  -21.618 0.0000000000
78924  -29.096  -10.901  -21.925 0.0000000000
76989  -28.513  -12.821  -22.330 0.0000000000
70254  -30.434  -19.588  -18.611 0.0000000000
71226  -31.476  -18.779  -18.930 0.0000000000
71213  -31.969  -18.978  -18.128 0.0000000000
61717  -27.099  -27.006  -11.963 0.0000000000
62818  -27.258  -25.839  -12.729 0.0000000000
63848  -27.481  -25.094  -13.153 0.0000000000
69323  -28.365  -20.124  -19.449 0.0000000000
69307  -27.329  -20.594  -18.849 0.0000000000
92428  -29.196  3.487  -23.771 0.0000000000
87686  -27.630  -1.186  -23.092 0.0000000000
89558  -29.003  0.412  -22.175 0.0000000000
88607  -29.162  -0.512  -21.908 0.0000000000
89548  -30.780  0.100  -21.577 0.0000000000
87654  -29.736  -1.973  -21.744 0.0000000000
82925  -29.840  -6.286  -21.723 0.0000000000
130983  -30.460  -4.784  -21.443 0.0000000000
83900  -30.633  -5.672  -21.334 0.0000000000
83878  -32.696  -5.650  -20.533 0.0000000000
81880  -31.564  -7.113  -20.974 0.0000000000
78911  -32.199  -10.736  -21.089 0.0000000000
79876  -32.644  -9.312  -20.629 0.0000000000
78895  -33.718  -10.363  -20.566 0.0000000000
78896  -34.700  -10.572  -20.405 0.0000000000
76977  -34.233  -12.049  -20.889 0.0000000000
73302  -28.494  -15.676  -21.366 0.0000000000
129624  -29.745  -14.991  -21.503 0.0000000000
132528  -29.810  -15.566  -21.422 0.0000000000
73279  -33.649  -16.761  -19.770 0.0000000000
74256  -32.857  -15.912  -21.072 0.0000000000
74258  -34.931  -15.618  -20.752 0.0000000000
75160  -35.990  -14.610  -21.446 0.0000000000
74244  -35.852  -15.636  -20.161 0.0000000000
66050  -28.471  -23.240  -14.405 0.0000000000
66081  -27.505  -23.095  -16.130 0.0000000000
67139  -28.833  -22.293  -15.418 0.0000000000
67158  -29.069  -21.773  -15.960 0.0000000000
80851  -29.031  -8.397  -22.216 0.0000000000
80840  -31.081  -8.476  -21.232 0.0000000000
78908  -29.620  -9.901  -21.734 0.0000000000
139825  -30.827  -10.974  -21.399 0.0000000000
76992  -31.599  -12.237  -21.473 0.0000000000
72300  -30.429  -17.753  -20.510 0.0000000000
134672  -31.039  -16.644  -21.053 0.0000000000
127918  -31.676  -17.616  -20.068 0.0000000000
72285  -32.406  -17.538  -19.581 0.0000000000
72287  -33.917  -17.283  -19.088 0.0000000000
64935  -27.821  -24.350  -13.619 0.0000000000
72299  -28.594  -17.477  -20.688 0.0000000000
71240  -29.522  -18.890  -20.041 0.0000000000
70253  -29.787  -19.853  -18.895 0.0000000000
69310  -30.012  -20.069  -18.167 0.0000000000
151744  -27.572  5.577  -25.850 0.0000000000
92436  -26.502  3.897  -24.458 0.0000000000
146729  -28.028  4.183  -25.056 0.0000000000
93402  -29.909  5.130  -25.070 0.0000000000
93383  -30.447  4.419  -23.990 0.0000000000
92430  -31.145  4.010  -23.658 0.0000000000
90516  -28.356  1.508  -23.008 0.0000000000
91461  -29.927  2.350  -22.566 0.0000000000
133344  -31.869  2.869  -23.349 0.0000000000
90507  -32.162  1.365  -22.577 0.0000000000
89550  -32.187  0.049  -21.836 0.0000000000
143617  -32.744  -1.307  -21.552 0.0000000000
149208  -28.659  -3.634  -22.549 0.0000000000
85769  -29.986  -3.593  -21.686 0.0000000000
150912  -31.545  -2.707  -21.130 0.0000000000
86761  -33.008  -2.629  -21.082 0.0000000000
84855  -33.358  -4.087  -20.684 0.0000000000
82911  -34.831  -6.722  -20.537 0.0000000000
80826  -31.873  -7.954  -20.824 0.0000000000
80828  -33.589  -8.093  -20.366 0.0000000000
76051  -28.745  -13.680  -21.873 0.0000000000
76053  -30.172  -13.486  -21.464 0.0000000000
133942  -31.769  -13.243  -21.453 0.0000000000
74255  -32.085  -15.928  -21.183 0.0000000000
133332  -33.122  -14.728  -21.532 0.0000000000
135583  -33.321  -13.338  -21.418 0.0000000000
76996  -35.469  -13.162  -21.192 0.0000000000
146564  -37.392  -13.221  -21.716 0.0000000000
68283  -28.321  -21.533  -17.755 0.0000000000
68267  -29.517  -21.170  -16.642 0.0000000000
68268  -30.344  -20.876  -16.050 0.0000000000
70237  -30.699  -19.703  -17.778 0.0000000000
70255  -31.155  -19.296  -18.374 0.0000000000
70238  -31.505  -19.471  -17.482 0.0000000000
70221  -31.954  -19.782  -16.705 0.0000000000
61702  -27.623  -27.055  -11.500 0.0000000000
62796  -27.029  -26.488  -12.437 0.0000000000
62797  -27.582  -26.232  -11.925 0.0000000000
87685  -27.518  -2.031  -23.415 0.0000000000
88606  -28.333  -0.942  -22.512 0.0000000000
87672  -28.168  -1.779  -22.686 0.0000000000
87673  -29.015  -1.619  -22.124 0.0000000000
86774  -28.687  -2.310  -22.443 0.0000000000
81894  -29.612  -7.081  -21.863 0.0000000000
82935  -29.119  -6.695  -22.243 0.0000000000
82926  -30.562  -6.507  -21.416 0.0000000000
82927  -31.200  -6.388  -21.102 0.0000000000
129659  -30.905  -7.089  -21.317 0.0000000000
77933  -33.006  -11.018  -20.872 0.0000000000
77934  -33.943  -11.204  -20.725 0.0000000000
77950  -33.279  -11.865  -21.126 0.0000000000
73303  -29.298  -16.069  -21.304 0.0000000000
73304  -30.333  -16.215  -21.261 0.0000000000
73280  -34.508  -16.740  -19.487 0.0000000000
73295  -34.228  -16.231  -20.195 0.0000000000
74243  -35.146  -16.207  -19.850 0.0000000000
74259  -35.704  -15.206  -20.935 0.0000000000
73281  -36.087  -16.280  -19.317 0.0000000000
66067  -28.297  -22.811  -15.284 0.0000000000
79899  -28.955  -9.297  -22.225 0.0000000000
79888  -29.692  -8.830  -21.785 0.0000000000
77946  -29.477  -11.629  -21.732 0.0000000000
129896  -29.955  -10.848  -21.512 0.0000000000
77947  -30.319  -11.607  -21.535 0.0000000000
146495  -31.040  -11.666  -21.505 0.0000000000
76991  -30.685  -12.258  -21.553 0.0000000000
71241  -30.357  -18.470  -20.089 0.0000000000
71242  -30.928  -18.639  -19.578 0.0000000000
71227  -32.386  -18.262  -18.734 0.0000000000
72272  -33.134  -17.643  -18.908 0.0000000000
71229  -34.167  -18.057  -18.205 0.0000000000
140679  -26.751  -27.801  -12.032 0.0000000000
142969  -26.294  -28.651  -12.573 0.0000000000
66028  -28.597  -23.697  -13.548 0.0000000000
71255  -29.022  -18.215  -20.476 0.0000000000
69324  -29.117  -20.053  -19.222 0.0000000000
69309  -29.327  -20.394  -18.527 0.0000000000
93388  -26.594  4.641  -24.566 0.0000000000
94361  -26.723  5.312  -24.854 0.0000000000
94365  -27.303  5.281  -25.462 0.0000000000
93399  -27.658  4.635  -25.285 0.0000000000
93390  -28.096  3.734  -24.688 0.0000000000
92437  -27.323  3.419  -24.613 0.0000000000
93400  -28.304  4.635  -25.435 0.0000000000
93401  -29.132  4.801  -25.329 0.0000000000
93382  -29.747  4.066  -23.941 0.0000000000
92429  -30.237  3.634  -23.417 0.0000000000
89574  -27.329  0.173  -23.706 0.0000000000
126753  -29.589  1.063  -22.011 0.0000000000
90505  -30.178  1.624  -22.190 0.0000000000
91475  -31.298  2.573  -22.848 0.0000000000
91463  -31.494  1.923  -22.598 0.0000000000
90517  -32.056  2.179  -22.998 0.0000000000
90506  -31.160  1.368  -22.142 0.0000000000
88594  -30.715  -0.833  -21.471 0.0000000000
88595  -31.651  -0.481  -21.515 0.0000000000
88596  -32.524  -0.663  -21.708 0.0000000000
87657  -32.141  -1.138  -21.396 0.0000000000
83919  -28.216  -5.839  -22.913 0.0000000000
131252  -28.511  -5.064  -22.692 0.0000000000
84877  -28.500  -4.235  -22.665 0.0000000000
140758  -29.496  -3.144  -22.027 0.0000000000
85789  -29.247  -3.825  -22.242 0.0000000000
84852  -31.027  -4.269  -21.120 0.0000000000
143470  -30.959  -3.334  -21.207 0.0000000000
85770  -31.748  -3.789  -20.831 0.0000000000
86760  -32.013  -2.993  -20.959 0.0000000000
85771  -32.694  -3.450  -20.780 0.0000000000
85772  -33.701  -3.209  -21.076 0.0000000000
83903  -33.557  -4.995  -20.532 0.0000000000
83879  -33.748  -5.815  -20.429 0.0000000000
136976  -34.547  -6.068  -20.523 0.0000000000
82910  -33.990  -6.590  -20.363 0.0000000000
79875  -31.859  -8.934  -20.829 0.0000000000
79877  -33.509  -9.530  -20.474 0.0000000000
134617  -33.288  -8.851  -20.435 0.0000000000
80829  -34.708  -8.125  -20.376 0.0000000000
78897  -35.662  -10.804  -20.544 0.0000000000
77937  -37.140  -11.972  -21.478 0.0000000000
76066  -28.033  -13.554  -22.430 0.0000000000
75172  -30.175  -14.359  -21.449 0.0000000000
76054  -31.011  -13.783  -21.469 0.0000000000
128641  -31.769  -14.018  -21.423 0.0000000000
73292  -31.788  -16.540  -20.921 0.0000000000
73305  -31.275  -16.035  -21.252 0.0000000000
143322  -32.286  -16.212  -20.990 0.0000000000
74272  -33.501  -15.294  -21.406 0.0000000000
76056  -33.601  -14.069  -21.509 0.0000000000
76057  -34.087  -13.514  -21.418 0.0000000000
132727  -34.400  -14.223  -21.627 0.0000000000
75161  -36.986  -14.357  -21.067 0.0000000000
133237  -36.793  -13.888  -21.624 0.0000000000
149073  -37.297  -13.811  -21.501 0.0000000000
68248  -29.879  -21.414  -15.631 0.0000000000
69277  -30.226  -20.555  -16.811 0.0000000000
77945  -28.668  -11.794  -22.318 0.0000000000
147761  -29.148  -12.330  -21.884 0.0000000000
70272  -30.768  -19.195  -19.106 0.0000000000
71214  -32.855  -18.709  -17.882 0.0000000000
139728  -32.397  -19.267  -17.318 0.0000000000
70222  -32.872  -19.646  -16.655 0.0000000000
63863  -27.021  -24.895  -13.968 0.0000000000
63829  -27.955  -25.313  -12.373 0.0000000000
70268  -28.004  -19.557  -19.868 0.0000000000
69322  -27.600  -20.093  -19.421 0.0000000000
130919  -27.976  -20.525  -19.047 0.0000000000
91487  -28.187  3.095  -24.256 0.0000000000
92438  -28.675  3.702  -24.371 0.0000000000
91472  -28.796  2.732  -23.442 0.0000000000
138301  -28.694  2.151  -23.069 0.0000000000
88619  -27.802  -0.370  -23.019 0.0000000000
132847  -28.471  -0.176  -22.491 0.0000000000
89559  -29.831  0.303  -21.714 0.0000000000
139829  -31.150  0.699  -21.754 0.0000000000
89547  -30.057  -0.396  -21.587 0.0000000000
88593  -29.834  -1.171  -21.625 0.0000000000
87655  -30.468  -1.771  -21.491 0.0000000000
83899  -29.823  -5.265  -21.775 0.0000000000
84851  -29.843  -4.383  -21.791 0.0000000000
125422  -31.058  -4.964  -21.111 0.0000000000
83902  -32.510  -4.812  -20.595 0.0000000000
83901  -31.623  -5.490  -20.803 0.0000000000
82908  -32.019  -6.382  -20.708 0.0000000000
81881  -32.362  -7.163  -20.636 0.0000000000
78910  -31.415  -10.408  -21.212 0.0000000000
78893  -32.001  -9.855  -20.919 0.0000000000
78894  -32.807  -10.161  -20.751 0.0000000000
79878  -34.627  -9.663  -20.321 0.0000000000
77935  -34.945  -11.413  -20.535 0.0000000000
76978  -35.244  -12.301  -20.838 0.0000000000
148270  -28.647  -14.712  -21.650 0.0000000000
74268  -29.045  -15.209  -21.520 0.0000000000
74269  -30.612  -15.314  -21.393 0.0000000000
73278  -32.833  -16.908  -20.078 0.0000000000
73294  -33.311  -16.320  -20.450 0.0000000000
74257  -33.866  -15.722  -20.903 0.0000000000
74273  -34.469  -15.190  -21.411 0.0000000000
75176  -35.054  -14.641  -21.708 0.0000000000
75159  -35.256  -15.069  -21.412 0.0000000000
74260  -36.441  -15.069  -20.640 0.0000000000
75150  -37.070  -14.879  -20.233 0.0000000000
74245  -36.775  -15.523  -19.651 0.0000000000
133702  -27.733  -23.444  -15.034 0.0000000000
67157  -28.269  -22.371  -16.302 0.0000000000
68266  -28.652  -21.683  -16.891 0.0000000000
67140  -29.503  -21.978  -15.084 0.0000000000
80838  -29.789  -7.856  -21.757 0.0000000000
81896  -30.601  -7.755  -21.444 0.0000000000
80839  -30.332  -8.406  -21.540 0.0000000000
79889  -30.436  -9.189  -21.465 0.0000000000
78909  -30.582  -10.123  -21.371 0.0000000000
77948  -31.597  -11.275  -21.357 0.0000000000
128208  -29.585  -17.447  -20.714 0.0000000000
73291  -30.419  -17.018  -20.911 0.0000000000
72301  -31.232  -17.267  -20.624 0.0000000000
72302  -32.079  -17.098  -20.392 0.0000000000
71243  -31.634  -18.115  -19.487 0.0000000000
72286  -33.174  -17.238  -19.498 0.0000000000
73268  -34.879  -17.230  -18.853 0.0000000000
72273  -34.318  -17.604  -18.585 0.0000000000
71215  -33.792  -18.585  -17.735 0.0000000000
66049  -27.261  -24.211  -14.667 0.0000000000
146442  -27.977  -23.775  -14.238 0.0000000000
71256  -29.800  -18.187  -20.406 0.0000000000
70269  -28.876  -19.554  -19.748 0.0000000000
70270  -29.642  -19.519  -19.485 0.0000000000
151613  -30.190  -19.468  -19.183 0.0000000000
69293  -30.264  -20.172  -17.434 0.0000000000
145435  -26.900  5.889  -25.193 0.0000000000
93389  -27.325  4.148  -24.786 0.0000000000
94367  -28.673  5.210  -25.907 0.0000000000
93391  -29.673  4.553  -24.548 0.0000000000
93392  -30.522  5.015  -24.624 0.0000000000
94362  -31.118  5.294  -24.881 0.0000000000
93403  -31.747  5.150  -25.020 0.0000000000
93393  -32.222  4.505  -24.678 0.0000000000
92440  -31.980  4.000  -24.029 0.0000000000
91460  -29.269  2.422  -22.865 0.0000000000
89575  -28.149  0.548  -22.894 0.0000000000
90504  -29.268  1.767  -22.541 0.0000000000
91474  -30.483  2.866  -22.838 0.0000000000
150468  -31.713  3.491  -23.593 0.0000000000
92431  -32.410  3.257  -23.832 0.0000000000
91476  -32.601  2.494  -23.592 0.0000000000
89576  -32.982  0.935  -23.013 0.0000000000
89561  -31.809  0.730  -22.002 0.0000000000
89562  -32.549  0.496  -22.399 0.0000000000
85805  -28.111  -3.440  -22.940 0.0000000000
85788  -28.806  -3.061  -22.443 0.0000000000
86758  -30.127  -2.695  -21.612 0.0000000000
86759  -31.090  -2.351  -21.273 0.0000000000
128509  -30.440  -4.093  -21.449 0.0000000000
137295  -32.176  -2.046  -21.223 0.0000000000
87658  -33.281  -1.828  -21.587 0.0000000000
136070  -34.236  -4.504  -20.741 0.0000000000
83904  -34.627  -5.290  -20.691 0.0000000000
83880  -35.162  -6.143  -20.868 0.0000000000
151036  -31.202  -7.673  -21.183 0.0000000000
80827  -32.624  -8.496  -20.568 0.0000000000
147429  -32.719  -7.798  -20.538 0.0000000000
81882  -33.315  -7.243  -20.423 0.0000000000
81883  -34.311  -7.351  -20.363 0.0000000000
147273  -35.384  -10.127  -20.425 0.0000000000
129467  -29.408  -13.059  -21.693 0.0000000000
76052  -29.476  -13.824  -21.547 0.0000000000
146654  -30.204  -12.823  -21.520 0.0000000000
133524  -30.907  -12.975  -21.445 0.0000000000
76993  -32.658  -12.673  -21.398 0.0000000000
74270  -31.665  -15.327  -21.316 0.0000000000
74271  -32.582  -15.357  -21.377 0.0000000000
75174  -32.170  -14.651  -21.391 0.0000000000
76055  -32.634  -13.815  -21.432 0.0000000000
76994  -33.667  -12.699  -21.267 0.0000000000
76995  -34.578  -12.905  -21.195 0.0000000000
141329  -35.846  -14.230  -21.670 0.0000000000
76043  -36.251  -13.743  -21.552 0.0000000000
76979  -36.516  -12.756  -21.265 0.0000000000
68298  -27.960  -21.090  -18.478 0.0000000000
145572  -28.814  -20.977  -18.165 0.0000000000
148714  -28.974  -21.235  -17.454 0.0000000000
69292  -29.576  -20.652  -17.609 0.0000000000
131966  -30.839  -20.551  -16.345 0.0000000000
72284  -31.048  -17.994  -20.092 0.0000000000
75171  -29.114  -14.437  -21.589 0.0000000000
76058  -35.079  -13.862  -21.593 0.0000000000
84853  -31.671  -4.571  -20.782 0.0000000000
86775  -29.323  -2.488  -22.095 0.0000000000
88608  -32.876  -0.253  -22.237 0.0000000000
89549  -31.531  0.244  -21.692 0.0000000000
91462  -30.752  2.128  -22.501 0.0000000000
91488  -33.053  2.843  -24.189 0.0000000000
92439  -29.212  3.987  -24.306 0.0000000000
93384  -31.328  4.722  -24.333 0.0000000000
130687  -31.122  3.274  -23.218 0.0000000000
132561  -33.767  -17.733  -18.601 0.0000000000
141106  -28.863  1.094  -22.442 0.0000000000
143578  -33.341  -1.013  -22.042 0.0000000000
150928  -27.231  -27.457  -11.677 0.0000000000
