#!ascii label  , from subject sub-v2s3x28815_ses-1 vox2ras=TkReg
1974
23647  34.254  -79.504  18.466 0.6000000238
23645  36.520  -78.942  17.952 0.5000000000
24662  32.572  -79.114  20.265 0.6999999881
23612  31.834  -79.156  20.363 0.6000000238
24663  31.136  -78.907  20.086 0.6000000238
24643  30.834  -78.173  20.310 0.6000000238
24681  34.702  -78.854  18.788 0.6999999881
23629  33.900  -79.199  19.215 0.6000000238
23631  32.156  -79.675  19.861 0.5000000000
22606  31.730  -80.133  19.296 0.5000000000
23633  30.722  -79.274  19.321 0.5000000000
24664  30.638  -78.530  19.685 0.6000000238
25587  30.402  -77.753  19.593 0.6000000238
24679  36.100  -78.503  18.552 0.5000000000
23646  35.045  -79.147  18.113 0.5000000000
23648  33.421  -79.855  18.852 0.6000000238
25596  30.144  -77.639  18.660 0.6000000238
23663  37.836  -79.930  17.557 0.5000000000
22615  38.554  -80.406  18.216 0.5000000000
25542  31.758  -77.223  21.420 0.6000000238
25543  31.211  -76.907  21.269 0.6999999881
24639  34.161  -78.099  20.142 0.6000000238
24640  33.438  -78.236  20.498 0.6999999881
24613  31.945  -77.967  21.194 0.6000000238
25573  31.213  -77.611  20.905 0.6000000238
25574  30.676  -77.497  20.356 0.6000000238
120652  35.081  -78.385  19.093 0.6000000238
24661  34.423  -78.532  19.482 0.6999999881
26505  30.438  -76.949  19.992 0.6000000238
24678  36.803  -78.791  18.824 0.5000000000
24659  36.335  -78.184  19.448 0.5000000000
26509  30.263  -76.822  19.010 0.6000000238
23644  37.288  -79.362  18.248 0.5000000000
27416  30.273  -76.224  18.122 0.6000000238
23643  38.035  -79.842  18.623 0.5000000000
143788  30.376  -75.787  17.415 0.6000000238
28343  30.676  -74.260  16.637 0.6999999881
27423  30.519  -75.104  17.082 0.6000000238
28342  30.958  -73.707  16.045 0.6999999881
27434  30.661  -75.032  16.123 0.6000000238
27433  30.961  -75.146  15.298 0.6000000238
28372  32.205  -74.592  13.776 0.6000000238
134916  31.435  -74.752  14.814 0.6000000238
126168  35.437  -72.297  11.054 0.5000000000
32150  36.239  -70.818  8.969 0.6999999881
31155  35.978  -72.217  10.097 0.6000000238
32159  36.405  -70.148  8.351 0.8000000119
32149  36.294  -71.422  8.519 0.6999999881
26474  31.572  -76.428  21.603 0.6000000238
140777  30.714  -75.380  21.237 0.6999999881
130597  33.721  -77.618  20.728 0.6999999881
25541  32.794  -77.987  21.009 0.6999999881
26473  32.433  -76.613  21.697 0.6000000238
26499  30.538  -76.113  20.682 0.6999999881
27405  30.439  -75.341  20.256 0.6999999881
25586  35.731  -77.789  19.662 0.6000000238
25571  35.478  -77.361  20.174 0.6000000238
24637  37.631  -78.350  20.554 0.5000000000
24638  36.870  -77.996  20.270 0.5000000000
28324  30.435  -74.480  18.644 0.8000000119
136223  30.404  -75.287  19.215 0.6000000238
24657  37.943  -79.092  20.135 0.5000000000
24658  37.176  -78.646  19.767 0.5000000000
130338  30.398  -75.306  18.136 0.6000000238
22604  39.373  -80.339  19.365 0.5000000000
142382  30.575  -73.771  17.285 0.8000000119
29246  30.720  -73.431  16.691 0.8000000119
28329  30.496  -74.415  17.638 0.6999999881
29261  31.417  -73.465  15.373 0.6999999881
29245  31.027  -73.021  16.067 0.6999999881
30173  32.294  -72.334  14.019 0.6999999881
29270  31.837  -72.949  14.636 0.6999999881
28357  31.154  -74.335  15.532 0.6999999881
29280  32.328  -73.266  13.896 0.6000000238
28366  31.849  -74.049  14.477 0.6000000238
140251  33.391  -71.669  12.795 0.6999999881
30183  32.785  -72.721  13.389 0.6999999881
31150  34.563  -71.762  11.697 0.6999999881
30189  33.988  -72.856  12.326 0.6000000238
32138  35.215  -70.729  10.393 0.8000000119
31156  35.312  -71.567  10.830 0.8000000119
30188  34.675  -72.520  11.742 0.6000000238
33224  35.832  -69.546  9.169 0.8999999762
31186  36.010  -71.227  7.915 0.6999999881
31185  36.329  -71.274  8.026 0.6999999881
27381  31.343  -75.021  21.863 0.6000000238
28290  30.912  -74.372  21.520 0.6999999881
29184  31.117  -73.500  21.761 0.6999999881
29185  30.643  -73.623  21.048 0.6000000238
27377  35.291  -75.634  21.161 0.4000000060
26498  34.105  -76.777  20.995 0.6000000238
26472  33.347  -76.462  21.536 0.6000000238
28312  30.522  -74.509  20.708 0.6999999881
26496  36.119  -76.860  20.591 0.6000000238
29199  30.459  -73.711  20.130 0.8000000119
25568  38.105  -77.888  21.166 0.4000000060
25569  37.367  -77.571  20.809 0.5000000000
25570  36.185  -77.570  20.115 0.6000000238
130337  30.421  -73.696  19.134 0.8000000119
24612  38.915  -78.141  21.313 0.5000000000
129395  30.425  -72.943  18.714 0.8000000119
24635  39.184  -78.878  21.013 0.4000000060
30148  30.736  -72.691  16.766 0.8000000119
22586  39.897  -80.096  20.049 0.5000000000
31124  31.462  -71.677  15.519 0.8000000119
32119  32.341  -70.380  14.283 0.8000000119
31133  31.814  -71.993  14.740 0.6999999881
30147  31.076  -72.217  16.159 0.8000000119
32127  32.735  -70.757  13.590 0.8000000119
31132  32.310  -71.369  14.146 0.6999999881
32134  33.059  -70.168  13.045 0.8999999762
31143  33.252  -70.997  12.973 0.8999999762
32133  33.589  -70.510  12.351 0.8999999762
31144  32.838  -71.733  13.392 0.6999999881
131298  33.818  -71.299  12.326 0.6000000238
33209  34.558  -69.856  10.490 0.8999999762
142521  34.441  -70.387  11.067 0.8999999762
130868  35.513  -69.099  7.838 0.8000000119
33251  34.266  -69.577  8.251 0.8000000119
132504  36.405  -69.288  7.832 0.8000000119
33250  35.739  -69.913  7.762 0.8000000119
33237  36.519  -69.099  7.921 0.8000000119
33236  36.373  -70.111  7.885 0.6999999881
28261  31.482  -74.205  22.122 0.6999999881
30085  31.392  -72.713  21.995 0.6000000238
28289  32.596  -74.831  22.284 0.6000000238
28260  32.175  -74.117  22.446 0.5000000000
31045  30.823  -71.867  21.059 0.6999999881
27378  34.656  -75.422  21.373 0.4000000060
126374  33.955  -75.262  21.681 0.5000000000
27379  33.096  -75.662  21.936 0.6000000238
120777  30.530  -73.025  20.504 0.6999999881
26469  36.550  -76.109  21.125 0.5000000000
30104  30.428  -72.217  19.192 0.6999999881
27374  38.637  -75.573  21.493 0.5000000000
26495  37.008  -76.841  20.917 0.6000000238
26466  39.820  -76.179  21.672 0.4000000060
26467  38.578  -76.450  21.515 0.4000000060
31090  30.875  -71.123  17.110 0.8000000119
31091  30.624  -71.701  17.718 0.8000000119
144175  39.969  -76.799  21.714 0.4000000060
31109  31.170  -71.381  16.314 0.8000000119
31110  30.770  -71.919  16.906 0.8000000119
29225  30.572  -73.139  17.379 0.8000000119
23588  39.996  -78.996  21.187 0.3000000119
33178  32.283  -69.620  14.490 0.8000000119
123583  31.910  -70.128  15.031 0.8000000119
32111  31.520  -70.761  15.661 0.8000000119
33188  32.504  -69.336  13.919 0.8000000119
32120  31.805  -71.050  14.853 0.8000000119
34236  32.522  -68.178  12.725 0.8999999762
124264  32.658  -69.944  13.681 0.8999999762
34235  32.996  -68.738  11.993 0.8999999762
33197  33.273  -69.661  12.270 0.8999999762
34250  33.531  -68.399  10.867 0.8999999762
33210  33.613  -69.284  11.227 0.8999999762
34287  34.835  -68.472  8.092 0.8000000119
133952  34.115  -68.927  8.312 0.8000000119
33225  34.407  -68.984  10.000 0.8999999762
34263  36.173  -68.705  8.625 0.8999999762
34276  36.728  -68.201  7.728 0.8000000119
29162  32.523  -73.318  22.471 0.6000000238
31044  31.247  -71.996  21.660 0.6000000238
29161  33.396  -73.207  22.335 0.6000000238
28285  36.245  -74.618  21.310 0.4000000060
28287  34.477  -74.578  21.608 0.4000000060
28288  33.488  -74.712  22.069 0.4000000060
28259  33.013  -74.035  22.439 0.5000000000
30095  30.566  -72.204  20.277 0.6999999881
135507  35.958  -75.484  21.206 0.4000000060
31062  30.575  -71.434  19.578 0.6999999881
135528  37.865  -75.349  21.426 0.5000000000
27376  36.654  -75.336  21.325 0.4000000060
31071  30.529  -71.538  18.617 0.6999999881
28282  39.232  -74.941  21.344 0.5000000000
33136  31.394  -69.393  17.418 0.8000000119
32081  30.743  -70.911  17.991 0.8000000119
33179  32.000  -69.232  15.123 0.8000000119
32098  31.299  -70.532  16.505 0.8000000119
34226  32.393  -68.560  13.664 0.8000000119
35310  32.345  -67.198  12.534 0.8999999762
33198  32.734  -69.226  13.055 0.8999999762
34251  32.891  -67.667  11.568 0.8999999762
140243  33.653  -67.664  10.545 0.8999999762
34264  34.581  -68.139  9.703 1.0000000000
36398  35.290  -67.039  7.892 0.8000000119
35337  34.648  -67.284  9.667 1.0000000000
34286  36.333  -68.304  7.653 0.8000000119
35336  36.568  -67.731  8.281 1.0000000000
34277  36.858  -68.254  7.828 0.8000000119
35343  36.739  -67.611  7.622 0.8000000119
31034  31.729  -72.094  22.161 0.6000000238
32017  31.746  -70.713  21.872 0.6000000238
30072  33.771  -72.414  22.273 0.6000000238
32031  31.451  -70.475  21.303 0.6999999881
29180  36.061  -73.699  21.120 0.4000000060
29182  34.695  -73.676  21.590 0.4000000060
29183  33.877  -73.883  22.030 0.4000000060
28311  36.936  -73.918  21.130 0.4000000060
32037  30.813  -70.678  19.866 0.6999999881
28309  38.856  -74.335  20.979 0.5000000000
29196  37.444  -73.407  20.636 0.4000000060
32049  30.686  -70.740  18.948 0.8000000119
33152  31.607  -69.237  16.549 0.8000000119
33116  31.324  -69.215  18.480 0.8000000119
35271  31.747  -67.743  15.523 0.8000000119
34199  31.779  -68.680  15.900 0.8000000119
35301  31.826  -67.155  14.206 0.8000000119
34215  32.268  -68.863  14.431 0.8000000119
35300  32.173  -67.659  13.461 0.8999999762
35326  33.486  -66.920  10.722 0.8999999762
35327  32.719  -66.616  11.629 0.8999999762
36380  34.494  -66.372  9.900 1.0000000000
37345  35.765  -65.780  9.235 1.0000000000
35352  36.604  -67.492  7.598 0.8000000119
35353  34.772  -67.747  8.123 0.8000000119
36379  36.236  -66.711  8.599 1.0000000000
36386  37.085  -66.510  7.743 0.8000000119
36387  37.119  -66.921  7.637 0.8000000119
30071  34.091  -71.717  22.271 0.6000000238
30073  32.893  -72.494  22.464 0.6000000238
125961  32.195  -70.974  22.268 0.6000000238
129022  31.107  -70.121  20.147 0.6999999881
34125  31.612  -68.898  20.394 0.6999999881
29198  35.893  -72.932  20.857 0.4000000060
121083  34.841  -72.998  21.543 0.5000000000
30084  34.201  -73.073  21.927 0.5000000000
32048  31.063  -69.913  19.311 0.8000000119
33101  31.387  -69.019  19.424 0.8000000119
29205  38.805  -73.368  19.729 0.4000000060
29206  37.895  -73.041  20.157 0.4000000060
34188  31.640  -68.583  16.872 0.8000000119
35289  31.871  -67.727  14.798 0.8000000119
36359  32.249  -66.280  12.450 0.8999999762
131438  31.891  -65.866  13.095 0.8000000119
36371  33.367  -66.043  10.890 1.0000000000
37337  33.382  -65.231  11.088 1.0000000000
37346  34.276  -65.562  10.353 1.0000000000
38370  36.922  -64.691  8.547 1.0000000000
37369  36.782  -65.612  7.655 0.8999999762
36399  34.292  -66.360  8.362 0.8000000119
37370  34.814  -65.582  8.291 0.8999999762
37358  37.060  -65.595  7.865 1.0000000000
38389  37.174  -65.009  7.779 1.0000000000
142178  35.654  -65.177  8.015 1.0000000000
136002  37.919  -63.734  8.163 1.0000000000
39472  37.301  -62.987  9.099 1.0000000000
39484  37.705  -63.611  8.279 1.0000000000
123450  37.591  -62.725  7.763 1.0000000000
120422  37.783  -62.118  8.955 1.0000000000
40413  38.198  -62.368  7.891 1.0000000000
32016  32.357  -70.275  22.200 0.6999999881
33065  32.415  -69.475  21.986 0.6999999881
144660  32.962  -69.063  22.230 0.6999999881
32014  33.902  -70.991  22.420 0.6000000238
123672  33.738  -70.264  22.473 0.6000000238
33078  31.887  -69.205  21.295 0.6999999881
30083  34.596  -72.255  21.806 0.6000000238
30094  35.798  -72.165  20.752 0.5000000000
34139  31.688  -68.227  19.598 0.8000000119
30102  37.674  -72.441  19.469 0.4000000060
34158  31.524  -68.387  18.713 0.8000000119
121442  31.625  -67.869  17.266 0.8000000119
35258  31.679  -67.886  16.415 0.8000000119
124864  31.708  -67.213  14.970 0.8000000119
123478  31.597  -67.276  16.095 0.8000000119
36349  31.689  -66.144  13.886 0.6999999881
36337  31.583  -66.410  14.820 0.8000000119
143196  32.217  -65.594  12.479 0.8999999762
37320  32.003  -65.124  12.902 0.8000000119
36372  32.638  -65.662  11.737 0.8999999762
38347  32.254  -64.407  12.790 1.0000000000
38359  32.718  -64.293  12.012 1.0000000000
38371  34.307  -64.773  10.537 1.0000000000
138529  33.323  -63.854  11.618 1.0000000000
40402  33.764  -63.148  11.555 1.0000000000
40401  34.497  -62.845  11.172 1.0000000000
40408  35.251  -63.183  10.531 1.0000000000
40407  36.075  -62.722  10.236 1.0000000000
39473  36.683  -63.740  9.272 1.0000000000
39486  36.598  -64.208  7.863 1.0000000000
38391  34.579  -64.789  8.483 1.0000000000
41316  36.729  -62.201  9.984 1.0000000000
40421  37.550  -63.534  7.732 1.0000000000
141815  36.979  -63.016  7.804 1.0000000000
133756  37.434  -61.698  8.165 1.0000000000
42286  38.199  -60.826  8.365 1.0000000000
42293  38.119  -61.314  7.957 1.0000000000
34101  33.602  -68.942  22.388 0.6999999881
139753  32.018  -68.513  21.014 0.6999999881
32028  35.241  -70.345  22.009 0.5000000000
33063  34.192  -69.521  22.473 0.6999999881
35199  32.001  -68.034  20.399 0.6999999881
31043  34.731  -71.200  22.044 0.6000000238
31049  36.308  -71.752  20.255 0.5000000000
31050  35.835  -71.330  20.840 0.5000000000
35231  31.700  -67.617  18.933 0.8000000119
121074  31.580  -67.791  18.099 0.8000000119
35247  31.580  -67.305  17.637 0.6999999881
120734  31.551  -67.107  16.875 0.8000000119
37293  31.489  -65.611  15.255 0.8000000119
36306  31.506  -66.597  16.160 0.8000000119
37321  31.703  -65.278  13.622 0.6999999881
37312  31.554  -65.427  14.436 0.6999999881
144006  32.080  -64.144  13.257 0.8999999762
39430  31.890  -63.217  14.260 0.8000000119
40364  32.255  -62.447  14.343 0.8000000119
41276  32.570  -61.589  14.849 0.8000000119
141641  32.526  -63.972  12.539 0.8999999762
122268  32.279  -63.123  13.626 0.8000000119
41289  32.796  -61.728  13.936 0.8000000119
39445  32.915  -63.489  12.271 1.0000000000
136024  32.670  -63.048  12.953 0.8999999762
40376  33.178  -61.892  13.184 0.8999999762
41275  33.144  -61.056  14.405 0.8000000119
40388  33.301  -62.529  12.484 0.8999999762
40387  34.199  -62.184  11.713 1.0000000000
40400  35.064  -62.356  11.009 1.0000000000
41307  37.000  -61.330  10.259 1.0000000000
42289  35.920  -61.116  9.093 1.0000000000
42273  36.829  -60.410  11.115 1.0000000000
41315  38.169  -61.065  9.040 1.0000000000
42288  37.586  -60.395  8.441 1.0000000000
42280  37.859  -60.470  10.084 1.0000000000
43433  38.181  -59.107  9.996 1.0000000000
44551  37.933  -59.122  8.945 1.0000000000
33077  35.574  -69.535  22.026 0.6999999881
33062  35.026  -69.044  22.402 0.6999999881
34100  34.385  -68.600  22.444 0.6999999881
34112  33.058  -67.912  21.756 0.6999999881
34124  32.427  -67.871  21.140 0.6999999881
35198  32.365  -67.273  20.495 0.6999999881
144029  35.424  -70.976  21.489 0.5000000000
35211  31.982  -67.464  19.727 0.6999999881
141051  36.337  -71.051  20.370 0.5000000000
36257  31.863  -66.769  19.177 0.8000000119
131729  31.635  -66.279  18.469 0.6999999881
123789  31.430  -66.029  16.920 0.6999999881
36294  31.544  -66.618  17.675 0.6999999881
37279  31.446  -65.813  16.015 0.6999999881
38337  31.497  -64.622  15.069 0.6999999881
38343  31.611  -64.570  14.122 0.6999999881
40365  31.719  -62.954  14.981 0.8000000119
40337  32.048  -62.012  16.277 0.8000000119
41238  32.615  -61.304  16.652 0.8000000119
41258  32.485  -61.424  15.769 0.8000000119
128782  32.923  -60.792  16.114 0.8000000119
41257  32.947  -60.882  15.286 0.8000000119
41297  33.853  -61.579  12.542 1.0000000000
42255  33.915  -60.478  13.968 0.8999999762
42247  34.233  -60.032  14.804 0.8000000119
41287  34.219  -60.812  12.996 1.0000000000
42254  34.929  -59.917  13.982 0.8000000119
41309  35.030  -61.544  11.520 1.0000000000
135988  34.658  -61.120  12.236 1.0000000000
41308  35.871  -61.843  10.758 1.0000000000
135986  35.957  -61.153  11.133 1.0000000000
42264  37.630  -59.569  11.688 1.0000000000
42281  35.999  -59.886  9.521 1.0000000000
42282  34.939  -60.605  9.772 1.0000000000
43434  38.076  -59.709  10.554 1.0000000000
44536  37.998  -58.509  10.660 1.0000000000
44542  37.794  -58.500  9.636 1.0000000000
43450  37.441  -59.136  8.926 1.0000000000
45558  37.366  -57.706  10.220 1.0000000000
34099  35.183  -68.188  22.400 0.6999999881
35166  34.505  -67.732  22.349 0.6999999881
35182  32.979  -67.029  21.264 0.6000000238
36241  32.643  -66.487  20.486 0.6000000238
36256  32.256  -66.155  19.777 0.6000000238
37231  31.841  -65.824  19.135 0.6999999881
131409  31.484  -64.902  18.257 0.6999999881
37251  31.609  -65.535  18.586 0.6999999881
131198  31.394  -65.027  17.381 0.6999999881
38320  31.455  -64.361  16.002 0.6999999881
40338  31.703  -62.662  16.794 0.8000000119
39418  31.521  -63.622  15.474 0.6999999881
40353  31.641  -62.761  15.880 0.8000000119
142114  32.995  -60.833  16.618 0.8000000119
42223  34.297  -60.114  16.412 0.8000000119
43399  34.729  -59.812  15.587 0.8000000119
140478  34.745  -60.294  13.338 0.8000000119
43408  35.409  -59.703  14.732 0.8000000119
42265  36.284  -60.034  12.141 1.0000000000
42253  35.863  -59.824  13.175 1.0000000000
43417  36.016  -59.664  14.029 0.6999999881
43428  37.419  -59.480  12.780 1.0000000000
43416  37.274  -59.465  13.799 0.8999999762
43414  38.031  -59.113  12.344 1.0000000000
135111  38.139  -59.039  12.741 1.0000000000
133204  34.754  -60.080  10.175 1.0000000000
44530  38.084  -58.771  11.804 1.0000000000
45549  37.607  -57.831  11.246 1.0000000000
44543  37.161  -58.156  9.492 1.0000000000
43443  36.277  -58.538  9.670 1.0000000000
45569  37.203  -57.888  9.763 1.0000000000
35181  33.753  -67.343  21.925 0.6999999881
37230  32.262  -65.313  19.610 0.6000000238
38269  31.801  -64.940  19.037 0.6999999881
39393  31.560  -63.388  17.310 0.6999999881
38297  31.473  -64.147  17.795 0.6999999881
39405  31.488  -63.469  16.391 0.6999999881
40323  31.980  -62.694  17.717 0.8000000119
40322  32.212  -62.011  17.125 0.6999999881
41223  33.646  -61.331  17.714 0.6999999881
121957  35.017  -60.235  16.836 0.6999999881
43383  35.447  -59.892  16.199 0.6999999881
43398  36.156  -59.705  15.403 0.6999999881
43397  37.754  -59.578  15.425 0.8000000119
43415  38.019  -59.062  13.728 0.8999999762
44514  37.938  -58.755  14.401 1.0000000000
43445  34.075  -59.814  10.669 1.0000000000
45539  37.788  -58.302  12.373 1.0000000000
44544  36.189  -57.417  9.916 1.0000000000
45559  36.740  -56.954  10.681 1.0000000000
36205  34.582  -66.846  22.071 0.6000000238
133371  33.857  -66.506  21.586 0.6000000238
36225  33.324  -66.120  20.979 0.6000000238
37212  33.654  -65.339  20.849 0.6000000238
37213  32.836  -65.532  20.333 0.6000000238
38252  33.301  -64.833  20.396 0.6000000238
38268  32.722  -64.629  19.854 0.6000000238
38285  32.276  -64.255  19.227 0.6000000238
39382  31.777  -63.412  18.120 0.6000000238
40310  32.590  -62.609  18.403 0.6999999881
40321  33.038  -61.911  18.100 0.6999999881
41222  34.508  -61.066  17.687 0.6999999881
42204  35.369  -60.689  17.389 0.6999999881
142348  36.465  -60.671  17.290 0.6999999881
42203  37.620  -60.482  17.173 0.6999999881
42221  37.856  -60.113  16.305 0.6999999881
47558  43.531  -55.837  17.145 0.3000000119
42220  38.187  -59.670  16.132 0.6999999881
48555  43.433  -54.482  16.249 0.3000000119
44495  38.222  -59.617  16.475 0.8000000119
40404  30.911  -62.221  11.214 0.8999999762
44513  38.199  -59.131  14.926 1.0000000000
41310  32.294  -61.241  10.933 1.0000000000
42275  33.035  -60.983  10.625 1.0000000000
45526  37.151  -57.938  13.885 1.0000000000
46560  36.052  -56.637  11.346 1.0000000000
45550  36.940  -57.278  11.854 1.0000000000
141876  35.999  -56.961  10.049 1.0000000000
43444  35.029  -59.254  10.261 1.0000000000
45560  35.815  -56.795  10.473 1.0000000000
142450  35.266  -65.614  21.518 0.6000000238
37211  34.557  -65.190  21.214 0.6000000238
37210  35.507  -64.934  21.099 0.6000000238
38250  34.823  -64.449  20.649 0.6000000238
38265  34.952  -63.896  20.100 0.6000000238
39358  34.507  -63.467  19.607 0.6999999881
39359  33.622  -63.560  19.655 0.6000000238
126299  33.908  -62.928  19.191 0.6999999881
39391  43.152  -63.148  17.129 0.3000000119
40320  42.756  -62.925  17.964 0.3000000119
40309  33.409  -62.434  18.652 0.6999999881
41204  34.428  -61.668  18.102 0.6999999881
41221  36.512  -61.089  17.775 0.6999999881
46505  43.644  -56.744  17.514 0.3000000119
47540  43.146  -56.175  18.099 0.4000000060
47559  42.860  -55.306  17.749 0.4000000060
48527  42.228  -54.823  18.214 0.4000000060
39463  30.137  -62.599  11.366 0.6999999881
41298  29.554  -61.443  11.920 0.6999999881
122421  41.025  -51.941  16.937 0.3000000119
48556  42.735  -54.026  16.621 0.3000000119
139455  37.767  -59.372  17.144 0.6999999881
42277  30.938  -60.808  11.875 0.8999999762
50656  41.220  -52.256  16.360 0.3000000119
48546  42.504  -54.446  17.414 0.3000000119
44508  38.099  -59.156  15.647 0.8000000119
42276  31.682  -60.840  11.507 0.8999999762
49586  41.258  -52.789  16.440 0.3000000119
48547  41.737  -54.031  17.765 0.3000000119
134324  37.839  -58.720  15.016 0.8000000119
45521  35.817  -57.488  15.253 1.0000000000
43435  33.359  -59.454  11.169 1.0000000000
45528  35.260  -56.863  14.768 1.0000000000
44545  35.223  -58.100  10.326 1.0000000000
44546  34.223  -58.849  10.857 1.0000000000
45551  36.181  -56.875  12.419 1.0000000000
45571  35.501  -57.118  10.400 1.0000000000
129519  34.376  -56.827  13.327 1.0000000000
46562  34.794  -56.845  12.241 1.0000000000
46550  33.503  -56.910  13.969 1.0000000000
38264  36.279  -64.040  19.315 0.6999999881
39356  36.169  -63.484  19.015 0.6999999881
39392  42.345  -63.823  17.428 0.3000000119
39372  42.032  -63.382  18.473 0.4000000060
39379  34.872  -63.017  19.024 0.6999999881
40307  35.383  -62.496  18.612 0.6999999881
128719  35.089  -61.952  18.311 0.6999999881
40303  42.392  -62.582  18.814 0.4000000060
129979  35.288  -61.370  17.943 0.6999999881
41199  43.308  -61.325  18.282 0.3000000119
40287  41.996  -62.173  19.530 0.5000000000
41201  37.876  -61.265  18.437 0.6999999881
41220  37.710  -61.032  17.885 0.6999999881
42188  42.919  -60.904  19.148 0.5000000000
42189  38.041  -60.765  18.203 0.6999999881
44437  43.286  -58.940  19.134 0.4000000060
44418  42.348  -58.803  20.292 0.6000000238
45442  42.177  -57.971  20.322 0.5000000000
42202  38.141  -60.218  17.392 0.6999999881
45480  43.331  -57.963  18.731 0.3000000119
141801  38.262  -59.992  17.384 0.6999999881
50618  39.393  -52.394  19.251 0.4000000060
46474  42.181  -56.586  19.774 0.4000000060
43364  37.979  -59.810  17.605 0.6999999881
42269  28.796  -61.082  12.286 0.6999999881
51675  39.732  -51.901  18.701 0.4000000060
47541  42.516  -55.659  18.589 0.4000000060
47522  42.138  -55.909  19.404 0.4000000060
41299  28.943  -61.860  11.861 0.6000000238
51686  41.360  -51.463  17.612 0.3000000119
50648  40.617  -52.238  17.456 0.3000000119
50634  40.160  -52.238  18.084 0.4000000060
139849  41.565  -55.478  19.588 0.4000000060
138930  36.629  -58.796  17.292 0.6999999881
43328  35.762  -59.253  19.591 0.6999999881
42268  30.301  -61.111  11.925 0.6999999881
139261  40.029  -52.762  18.304 0.4000000060
48528  41.490  -54.438  18.559 0.4000000060
47524  40.902  -55.319  20.051 0.4000000060
50647  40.920  -52.484  16.989 0.3000000119
49557  40.975  -53.611  18.111 0.3000000119
48529  40.755  -54.061  18.911 0.4000000060
120592  35.811  -58.301  16.918 0.8000000119
143371  32.737  -59.917  11.352 1.0000000000
120994  34.972  -57.872  17.412 0.8999999762
45514  35.245  -57.318  15.886 1.0000000000
46575  34.341  -57.070  11.579 1.0000000000
46537  33.763  -56.591  14.833 1.0000000000
46549  35.387  -56.714  12.947 1.0000000000
46536  34.617  -56.636  14.831 1.0000000000
46563  33.838  -57.105  12.367 1.0000000000
46576  33.331  -57.256  11.803 1.0000000000
46551  32.617  -56.968  13.329 1.0000000000
46564  32.902  -57.069  12.296 1.0000000000
38263  36.980  -64.474  19.101 0.6000000238
39376  38.071  -64.300  18.755 0.6000000238
39377  37.205  -63.916  18.834 0.6000000238
140009  36.633  -63.451  18.971 0.6999999881
39374  40.282  -63.927  19.026 0.5000000000
39375  39.304  -64.114  19.024 0.6000000238
40305  37.285  -62.855  19.127 0.6999999881
39373  41.195  -63.677  18.838 0.5000000000
39352  40.802  -63.177  19.448 0.4000000060
40306  36.422  -62.585  18.778 0.6999999881
41203  36.037  -61.765  18.364 0.6999999881
40288  41.189  -62.439  19.779 0.6000000238
40292  38.194  -62.270  19.308 0.6999999881
41183  42.264  -61.321  19.696 0.6000000238
41187  38.743  -61.810  19.697 0.6999999881
42174  42.530  -60.387  19.831 0.6000000238
42175  41.817  -60.834  20.249 0.6000000238
41169  38.624  -61.215  20.028 0.6999999881
120557  38.193  -60.871  19.189 0.6999999881
134725  42.792  -59.035  19.803 0.5000000000
44419  41.624  -58.622  20.749 0.6000000238
43284  40.434  -59.397  21.289 0.6000000238
141422  38.019  -60.606  18.409 0.6000000238
49507  38.333  -53.184  21.483 0.4000000060
46491  42.702  -56.562  19.037 0.4000000060
130801  41.600  -57.869  20.647 0.4000000060
44420  40.883  -58.700  21.214 0.5000000000
43285  39.597  -59.457  21.417 0.6000000238
42156  37.427  -60.306  20.103 0.6999999881
129779  39.064  -51.847  19.929 0.4000000060
45444  41.159  -57.485  20.835 0.5000000000
43327  36.623  -59.753  19.705 0.6999999881
49544  39.434  -53.220  19.610 0.4000000060
49528  38.740  -53.352  20.830 0.5000000000
47523  41.553  -56.146  20.090 0.4000000060
47503  40.819  -56.022  20.503 0.4000000060
42267  30.447  -60.391  12.251 0.8999999762
125101  29.636  -60.717  12.330 0.6999999881
49558  40.267  -53.305  18.481 0.4000000060
48494  40.193  -54.859  20.291 0.4000000060
142707  34.787  -58.476  19.133 0.6999999881
44458  35.510  -58.885  18.822 0.6999999881
49543  40.059  -53.679  19.276 0.4000000060
43437  32.029  -60.004  11.658 0.8999999762
45498  35.144  -57.560  16.572 0.8999999762
43436  32.524  -59.132  11.611 0.8999999762
44537  34.368  -57.665  10.943 1.0000000000
45522  34.923  -56.860  15.404 1.0000000000
130364  33.434  -58.518  11.352 1.0000000000
142648  34.363  -56.663  14.261 1.0000000000
45562  32.809  -57.337  11.763 1.0000000000
142022  32.701  -58.106  11.677 1.0000000000
46531  33.073  -56.540  15.474 1.0000000000
48557  31.055  -54.830  16.581 0.8999999762
47580  31.711  -55.916  15.853 1.0000000000
141340  31.934  -56.583  14.616 1.0000000000
46552  31.720  -56.628  13.714 1.0000000000
126221  32.360  -56.933  11.766 1.0000000000
46532  31.446  -56.229  14.767 1.0000000000
47593  31.071  -56.213  13.793 1.0000000000
48564  30.657  -54.801  15.742 1.0000000000
129836  30.575  -55.182  14.973 0.8999999762
39354  39.000  -63.411  19.401 0.6000000238
39355  38.075  -63.232  19.297 0.6999999881
40291  38.875  -62.593  19.566 0.6999999881
41185  40.682  -61.905  20.200 0.6999999881
41168  39.337  -61.440  20.298 0.6999999881
41184  41.510  -61.667  20.049 0.6000000238
41166  41.015  -61.125  20.484 0.6000000238
42153  40.480  -60.570  20.786 0.6999999881
42154  39.651  -60.723  20.785 0.6000000238
42130  39.154  -60.181  21.200 0.6000000238
42131  38.280  -60.222  21.111 0.6000000238
51636  38.524  -51.599  21.467 0.3000000119
42152  41.322  -60.217  20.676 0.6000000238
135078  40.702  -59.945  21.047 0.6000000238
43306  37.462  -60.067  20.921 0.6000000238
50586  37.899  -52.851  22.138 0.4000000060
49487  37.174  -53.303  22.769 0.4000000060
45425  40.559  -57.903  21.274 0.6000000238
44400  39.199  -58.751  21.612 0.6000000238
45426  39.665  -57.964  21.564 0.5000000000
43288  36.899  -59.436  21.301 0.6000000238
46432  40.023  -57.194  21.371 0.4000000060
43307  36.661  -59.662  20.677 0.6000000238
48476  37.927  -54.545  22.169 0.5000000000
46454  39.606  -55.839  21.250 0.4000000060
47504  40.229  -55.552  20.665 0.4000000060
44421  36.102  -59.146  21.186 0.6000000238
48475  38.477  -54.073  21.504 0.5000000000
129198  39.543  -54.909  20.855 0.4000000060
44422  34.919  -58.556  20.512 0.6000000238
48474  38.900  -54.695  21.275 0.4000000060
47482  38.943  -55.408  21.470 0.4000000060
43438  31.224  -60.173  12.019 0.8999999762
45482  34.304  -57.902  18.925 0.8999999762
44478  34.822  -58.239  18.328 0.8000000119
136160  30.862  -58.942  12.487 0.8999999762
43429  31.525  -59.262  12.082 0.8999999762
45552  31.243  -57.571  12.144 0.8999999762
143670  32.019  -58.479  11.881 0.8999999762
46530  34.109  -56.564  15.634 1.0000000000
47579  32.199  -56.429  15.265 1.0000000000
46565  31.985  -56.588  12.087 0.8999999762
49594  30.345  -54.012  15.579 1.0000000000
125074  30.276  -54.569  14.906 1.0000000000
48570  30.237  -55.139  14.166 0.8999999762
134026  30.389  -53.294  16.000 1.0000000000
49600  30.056  -53.763  14.775 0.8999999762
41186  39.912  -62.052  20.148 0.6999999881
136420  39.138  -50.363  21.045 0.3000000119
50561  38.077  -52.030  22.184 0.3000000119
143391  36.860  -52.654  23.212 0.3000000119
44401  38.304  -58.816  21.753 0.6000000238
49488  36.493  -54.014  23.160 0.4000000060
131178  38.805  -58.042  21.861 0.5000000000
46433  39.602  -56.581  21.420 0.5000000000
45427  37.936  -58.127  22.156 0.5000000000
44403  36.558  -58.743  21.750 0.5000000000
48455  37.239  -54.248  22.607 0.5000000000
46434  38.856  -56.363  21.718 0.5000000000
45409  37.538  -57.366  22.357 0.5000000000
47466  37.345  -55.069  22.518 0.5000000000
46415  38.005  -56.524  22.259 0.5000000000
43308  35.725  -59.180  20.426 0.6000000238
144536  37.955  -55.223  22.212 0.5000000000
47483  38.314  -55.723  21.996 0.5000000000
44440  34.504  -58.289  19.766 0.6999999881
47467  35.850  -56.115  22.986 0.5000000000
124415  36.673  -55.789  22.758 0.5000000000
45445  34.296  -57.924  20.485 0.6000000238
45499  34.243  -57.398  17.938 0.8999999762
46506  33.873  -56.686  17.298 0.8999999762
128854  34.464  -57.160  16.961 0.8999999762
46507  33.300  -56.247  17.651 0.8999999762
47560  31.567  -55.027  17.225 0.8999999762
141532  32.015  -55.483  17.093 0.8999999762
46524  32.657  -56.193  16.209 0.8999999762
127181  33.484  -56.438  16.176 1.0000000000
46577  31.519  -56.391  11.786 0.8999999762
125798  31.975  -56.880  11.702 0.8999999762
47594  30.622  -55.605  13.170 0.8999999762
48558  30.581  -54.029  16.555 0.8000000119
136575  30.417  -53.155  16.909 0.6999999881
47604  30.560  -55.405  11.616 0.8999999762
48571  29.736  -54.420  13.992 0.8999999762
48578  29.988  -54.938  12.840 0.8999999762
52716  38.727  -50.713  21.600 0.3000000119
51616  37.648  -51.593  22.857 0.3000000119
52698  37.870  -50.776  23.054 0.4000000060
52670  37.368  -50.363  23.560 0.3000000119
50540  36.981  -51.951  23.345 0.3000000119
51591  36.369  -51.500  23.790 0.4000000060
50563  36.360  -53.185  23.393 0.4000000060
44402  37.407  -58.828  21.802 0.6000000238
48444  35.793  -54.617  23.374 0.5000000000
48445  35.048  -54.336  23.533 0.4000000060
45410  36.630  -57.408  22.460 0.5000000000
130261  35.871  -58.582  21.660 0.5000000000
47468  35.219  -55.889  23.162 0.5000000000
46416  37.134  -56.582  22.514 0.5000000000
44404  35.404  -58.644  21.168 0.5000000000
45412  34.977  -57.286  22.278 0.5000000000
45429  35.299  -58.058  21.919 0.5000000000
46419  34.699  -56.686  22.463 0.5000000000
140831  34.692  -57.598  21.770 0.5000000000
46420  34.164  -56.237  22.416 0.5000000000
128369  33.636  -56.855  20.964 0.6000000238
45462  33.975  -57.620  19.644 0.6000000238
47505  32.874  -55.885  20.371 0.6999999881
47525  33.029  -56.174  19.515 0.6999999881
141528  33.689  -56.768  18.024 0.6999999881
136182  32.749  -55.793  18.865 0.8000000119
46475  33.278  -56.376  18.606 0.8000000119
45564  31.338  -56.636  11.732 0.8999999762
122525  32.131  -55.331  17.735 0.8999999762
47543  32.761  -55.750  18.095 0.8999999762
49577  30.731  -53.605  17.502 0.6999999881
48589  29.884  -54.729  11.613 0.8999999762
48579  29.378  -54.087  12.470 0.8999999762
50664  30.389  -52.605  15.384 1.0000000000
52671  36.591  -50.677  23.860 0.3000000119
50542  35.446  -51.929  24.032 0.4000000060
131044  35.989  -50.196  24.162 0.3000000119
127459  35.550  -52.910  23.737 0.4000000060
123491  35.000  -51.220  24.227 0.3000000119
48446  34.332  -54.087  23.443 0.4000000060
132539  34.712  -52.665  23.839 0.4000000060
51592  34.479  -51.817  23.987 0.4000000060
47469  34.474  -55.526  23.061 0.4000000060
49471  34.106  -53.291  23.546 0.4000000060
49489  33.292  -53.104  23.199 0.4000000060
47454  34.550  -54.773  23.356 0.4000000060
48457  33.834  -54.696  23.032 0.4000000060
47470  33.468  -55.882  21.920 0.5000000000
46436  33.817  -56.634  21.649 0.5000000000
47526  32.558  -55.459  19.550 0.6000000238
47544  32.193  -55.154  18.654 0.8000000119
47545  31.615  -54.723  17.989 0.6999999881
50649  30.572  -52.834  17.698 0.6999999881
49601  29.384  -53.498  14.064 0.8999999762
52785  30.711  -50.998  15.126 0.8999999762
52793  30.438  -50.927  14.662 0.8000000119
50670  29.696  -52.509  14.508 0.8000000119
52792  31.035  -50.176  14.669 0.6999999881
142124  36.065  -49.396  24.232 0.3000000119
128248  35.040  -50.374  24.262 0.3000000119
52673  34.265  -50.978  24.015 0.3000000119
131138  34.111  -50.091  23.945 0.4000000060
143256  33.281  -52.246  23.290 0.4000000060
51617  32.923  -51.512  23.009 0.4000000060
50564  32.775  -52.418  22.763 0.5000000000
48458  33.172  -54.003  22.733 0.5000000000
128787  32.241  -53.978  21.181 0.5000000000
50587  32.248  -52.415  21.797 0.5000000000
47485  32.551  -54.671  21.281 0.5000000000
49529  31.870  -53.527  20.689 0.5000000000
48496  32.123  -54.274  20.493 0.5000000000
48516  32.027  -54.588  19.582 0.6000000238
48530  31.638  -54.363  18.776 0.6999999881
144607  31.593  -53.945  19.325 0.6999999881
49561  30.883  -53.251  18.289 0.6999999881
51677  31.004  -51.937  18.601 0.6999999881
137988  30.433  -52.430  17.113 0.6999999881
51688  31.158  -51.156  18.170 0.6999999881
52778  30.747  -50.994  16.075 0.8000000119
52777  31.169  -50.431  16.653 0.6999999881
140010  36.945  -49.250  24.017 0.3000000119
54878  35.561  -48.558  24.305 0.3000000119
54879  34.535  -48.461  24.049 0.4000000060
53788  34.918  -49.401  24.227 0.3000000119
130423  33.344  -49.889  23.336 0.4000000060
52674  33.491  -50.772  23.502 0.4000000060
51618  32.487  -51.820  22.332 0.4000000060
137470  32.484  -51.146  22.202 0.3000000119
51637  32.228  -51.629  21.700 0.5000000000
127632  31.795  -52.731  20.890 0.6000000238
126321  32.184  -51.014  21.307 0.3000000119
127644  31.812  -51.796  20.891 0.5000000000
52730  31.886  -50.907  20.382 0.4000000060
48497  31.683  -53.791  19.954 0.6999999881
49545  31.417  -53.280  19.468 0.6999999881
51647  31.533  -51.654  19.827 0.6000000238
50636  31.106  -52.739  18.939 0.6999999881
49576  31.189  -54.002  18.161 0.6999999881
128218  31.249  -52.018  19.202 0.6999999881
51676  31.383  -51.313  18.980 0.6000000238
53816  33.230  -49.040  23.024 0.3000000119
52700  32.470  -50.373  21.893 0.3000000119
53837  32.840  -48.929  22.079 0.3000000119
54925  32.949  -48.194  21.635 0.3000000119
52729  32.248  -50.251  20.917 0.3000000119
53854  32.411  -49.507  20.539 0.4000000060
52746  31.720  -50.691  19.481 0.5000000000
52745  32.079  -50.104  20.005 0.5000000000
53866  32.363  -49.400  19.640 0.5000000000
52754  31.998  -49.908  19.174 0.6000000238
52755  31.631  -50.393  18.566 0.6000000238
56842  35.786  -46.892  24.355 0.4000000060
56843  34.679  -46.903  24.053 0.3000000119
55848  34.213  -47.630  23.738 0.3000000119
54880  33.700  -48.341  23.431 0.3000000119
55849  33.509  -47.533  23.006 0.3000000119
54902  33.206  -48.257  22.566 0.3000000119
55863  33.214  -47.508  22.103 0.3000000119
55885  33.142  -47.490  21.218 0.3000000119
54940  32.648  -48.796  20.149 0.4000000060
54948  33.000  -48.133  19.776 0.4000000060
131875  32.036  -49.684  18.537 0.6000000238
54949  32.719  -48.747  19.260 0.4000000060
123438  33.199  -48.153  18.909 0.4000000060
54957  32.842  -48.695  18.434 0.5000000000
53875  31.887  -49.739  17.920 0.6000000238
53907  32.075  -48.986  14.585 0.6999999881
53915  30.945  -49.634  14.092 0.8000000119
127521  35.994  -46.015  24.271 0.4000000060
57844  35.099  -46.143  24.198 0.3000000119
134220  34.234  -46.146  23.664 0.3000000119
56863  33.421  -46.718  22.448 0.3000000119
56881  33.286  -46.936  21.642 0.3000000119
130845  33.286  -46.781  20.900 0.4000000060
55906  33.365  -47.451  19.439 0.4000000060
55910  33.504  -47.540  18.680 0.4000000060
54966  32.904  -48.691  17.621 0.4000000060
53881  32.357  -49.223  17.370 0.5000000000
54965  33.429  -48.130  16.981 0.4000000060
53882  31.729  -49.746  17.069 0.6000000238
54976  32.803  -48.681  16.771 0.4000000060
53894  32.078  -49.105  15.596 0.6999999881
143934  32.561  -48.682  16.003 0.4000000060
54975  33.266  -48.145  15.872 0.4000000060
54990  32.640  -48.538  15.173 0.6000000238
55000  32.829  -48.527  14.028 0.5000000000
53914  32.119  -48.784  13.375 0.6000000238
130762  31.465  -49.365  14.193 0.6999999881
127749  36.649  -44.915  23.869 0.3000000119
57845  34.613  -45.431  23.827 0.3000000119
57846  33.791  -45.376  23.311 0.3000000119
130291  33.416  -45.948  22.314 0.3000000119
132821  33.363  -46.120  20.737 0.3000000119
56898  33.419  -46.568  19.980 0.4000000060
56905  33.646  -46.844  18.997 0.3000000119
56912  34.088  -46.386  18.408 0.3000000119
56913  33.838  -47.176  18.132 0.3000000119
56919  34.368  -46.636  17.392 0.3000000119
55917  33.905  -47.433  17.205 0.3000000119
55916  34.605  -46.959  16.353 0.3000000119
55923  34.019  -47.537  16.172 0.3000000119
55937  35.051  -47.140  15.293 0.3000000119
55938  34.248  -47.643  15.051 0.3000000119
55954  34.419  -47.680  13.946 0.4000000060
54999  33.693  -48.113  13.423 0.5000000000
55013  33.066  -48.438  12.988 0.5000000000
121558  31.578  -48.630  12.572 0.5000000000
128270  35.512  -44.137  23.785 0.3000000119
58858  34.162  -44.677  23.506 0.3000000119
58859  33.568  -44.594  22.971 0.3000000119
58874  33.379  -44.635  22.136 0.3000000119
57893  33.443  -45.491  20.224 0.3000000119
140959  34.445  -45.980  17.850 0.3000000119
141219  35.051  -46.448  16.443 0.3000000119
56926  35.689  -46.606  15.493 0.3000000119
55953  35.202  -47.226  14.355 0.3000000119
55963  34.164  -47.644  13.221 0.4000000060
133717  32.591  -48.310  12.283 0.5000000000
55972  32.220  -47.771  11.711 0.5000000000
55973  31.271  -47.798  11.704 0.5000000000
59788  35.190  -43.394  23.625 0.3000000119
59789  33.843  -43.864  23.244 0.3000000119
132515  33.511  -43.701  22.481 0.3000000119
132359  33.396  -44.823  21.070 0.3000000119
58898  33.492  -44.573  20.157 0.3000000119
58919  33.812  -44.921  19.368 0.3000000119
128371  34.702  -45.268  17.676 0.3000000119
57912  36.010  -46.068  15.882 0.3000000119
55962  34.967  -47.175  13.719 0.4000000060
56976  32.806  -47.216  12.037 0.4000000060
133458  31.808  -46.880  11.815 0.4000000060
122547  32.073  -46.328  12.095 0.4000000060
137673  31.440  -47.268  11.685 0.5000000000
56977  31.049  -46.570  11.803 0.4000000060
60745  37.077  -42.803  23.570 0.3000000119
59787  35.974  -43.516  23.699 0.3000000119
131860  33.448  -43.214  21.661 0.3000000119
132606  33.454  -44.110  20.673 0.3000000119
143612  33.673  -44.316  19.692 0.3000000119
58924  34.387  -44.615  18.464 0.3000000119
58931  35.815  -45.210  16.583 0.3000000119
56939  36.056  -46.617  14.594 0.3000000119
56938  36.746  -46.199  14.767 0.3000000119
137495  35.384  -47.025  13.813 0.3000000119
56964  34.472  -47.217  13.312 0.4000000060
56965  32.700  -46.231  12.596 0.3000000119
60747  35.792  -42.290  23.569 0.3000000119
143398  34.174  -42.581  23.258 0.3000000119
61771  34.361  -41.849  23.246 0.3000000119
60749  33.760  -43.039  23.040 0.3000000119
60780  33.521  -42.489  21.224 0.3000000119
59841  33.841  -43.113  19.704 0.3000000119
142676  33.944  -42.525  19.725 0.3000000119
58918  34.002  -43.933  19.203 0.3000000119
58932  35.088  -44.465  17.594 0.3000000119
59855  34.726  -43.625  18.251 0.3000000119
56925  36.921  -46.229  14.992 0.3000000119
61770  35.206  -41.730  23.482 0.3000000119
60764  33.570  -42.584  22.336 0.3000000119
61772  33.796  -41.697  22.647 0.3000000119
61801  33.551  -41.657  21.769 0.3000000119
60788  33.707  -42.515  20.264 0.3000000119
59862  35.540  -43.838  17.436 0.3000000119
131152  35.964  -44.380  16.831 0.3000000119
57923  37.328  -45.603  15.012 0.3000000119
133271  34.772  -41.177  23.373 0.3000000119
62712  34.231  -40.207  22.700 0.3000000119
62734  33.694  -40.824  21.300 0.3000000119
62713  33.779  -40.886  22.276 0.4000000060
61815  34.044  -42.019  19.739 0.3000000119
60800  34.237  -42.531  19.258 0.3000000119
60820  34.776  -42.549  18.496 0.3000000119
61808  33.957  -40.771  20.449 0.4000000060
62733  33.842  -40.074  21.827 0.4000000060
61814  34.293  -41.144  19.677 0.4000000060
63733  34.287  -39.403  22.284 0.3000000119
63749  34.167  -39.319  21.348 0.4000000060
128110  35.599  -65.000  9.500 1.0000000000
37359  37.166  -66.245  7.929 0.8999999762
50657  30.428  -52.505  16.303 0.6999999881
52784  31.156  -50.323  15.538 0.8000000119
53908  31.550  -49.598  15.084 0.8000000119
53895  31.577  -49.671  16.106 0.6999999881
24641  32.227  -78.598  20.757 0.6000000238
24642  31.524  -78.428  20.653 0.6000000238
134575  30.396  -76.148  19.778 0.6000000238
23628  37.580  -79.291  19.215 0.5000000000
23626  39.138  -79.916  19.936 0.5000000000
124910  33.880  -70.093  11.557 0.8999999762
119801  34.003  -75.956  21.440 0.5000000000
25537  39.627  -77.537  21.577 0.4000000060
25539  37.833  -76.946  21.291 0.5000000000
24611  39.621  -78.366  21.383 0.4000000060
30114  30.484  -72.288  18.280 0.6999999881
142152  32.473  -69.818  14.103 0.8999999762
31051  31.202  -71.190  21.346 0.6999999881
138015  37.307  -76.319  21.252 0.5000000000
27373  39.555  -75.560  21.529 0.5000000000
32062  31.028  -70.082  18.250 0.8000000119
24610  40.432  -78.190  21.559 0.4000000060
33165  31.649  -69.762  15.907 0.8000000119
31052  30.776  -71.316  20.496 0.6999999881
28310  37.862  -74.106  21.047 0.4000000060
36348  31.961  -66.728  13.268 0.8000000119
36397  36.405  -66.551  7.624 0.8000000119
31033  32.387  -71.722  22.378 0.6000000238
29197  36.591  -73.178  20.700 0.4000000060
29194  39.449  -74.088  20.363 0.4000000060
34176  31.521  -68.528  17.795 0.8000000119
30093  36.384  -72.455  20.379 0.5000000000
31042  35.288  -71.766  21.389 0.5000000000
39485  37.484  -64.462  7.884 1.0000000000
138787  34.924  -69.754  22.348 0.6999999881
39462  33.982  -63.917  10.967 1.0000000000
39474  35.296  -64.115  10.130 1.0000000000
43449  38.075  -59.742  8.524 1.0000000000
43441  38.201  -59.836  8.589 1.0000000000
133665  31.616  -63.772  14.597 0.8000000119
121042  35.151  -60.467  12.599 1.0000000000
42266  35.564  -60.774  11.801 1.0000000000
138718  32.516  -62.135  17.766 0.6999999881
125014  38.164  -59.158  14.827 0.8000000119
45520  36.887  -58.105  14.728 1.0000000000
45540  37.115  -57.682  12.928 1.0000000000
44509  36.894  -58.390  15.513 1.0000000000
38266  34.211  -63.993  20.184 0.6000000238
39380  33.045  -63.030  19.162 0.6999999881
43342  43.542  -59.429  18.423 0.4000000060
142967  31.713  -61.481  11.169 1.0000000000
124438  32.512  -60.573  11.174 1.0000000000
45481  42.967  -57.384  19.135 0.4000000060
46538  32.620  -56.765  14.526 1.0000000000
42187  43.417  -60.307  18.534 0.4000000060
44438  42.790  -58.186  19.631 0.5000000000
43324  43.318  -59.707  19.049 0.5000000000
49527  39.158  -53.481  20.292 0.4000000060
48515  39.700  -54.099  20.115 0.4000000060
133337  40.654  -57.139  21.075 0.5000000000
51717  30.333  -51.893  14.861 0.8000000119
48456  36.581  -54.869  22.954 0.5000000000
45411  35.725  -57.409  22.432 0.5000000000
45431  34.159  -57.375  21.238 0.5000000000
45463  33.522  -56.864  19.520 0.6999999881
123767  33.287  -56.263  21.118 0.6000000238
48477  33.115  -54.945  22.189 0.5000000000
47506  32.511  -55.080  20.413 0.5000000000
51701  30.860  -51.044  17.325 0.6999999881
52765  31.408  -50.401  17.634 0.6999999881
139706  32.193  -49.186  16.523 0.6000000238
133475  33.759  -45.961  19.274 0.3000000119
28371  32.531  -74.057  13.580 0.5000000000
28380  33.292  -74.125  12.827 0.5000000000
30182  33.324  -72.360  12.859 0.5000000000
26544  31.946  -75.967  13.146 0.5000000000
28381  32.754  -74.767  13.151 0.5000000000
26537  30.894  -76.138  14.281 0.5000000000
28373  31.768  -74.936  14.181 0.5000000000
27456  32.173  -75.234  13.502 0.5000000000
26538  30.340  -76.675  14.762 0.5000000000
26520  30.073  -76.690  16.536 0.4000000060
138687  30.578  -75.659  15.730 0.5000000000
25601  29.836  -77.419  17.081 0.4000000060
123616  30.406  -75.881  16.549 0.5000000000
24682  30.260  -78.490  18.809 0.5000000000
128223  30.175  -76.500  17.274 0.5000000000
37348  30.687  -65.921  10.431 0.6999999881
37349  29.883  -65.640  10.955 0.6999999881
125342  32.383  -65.113  9.410 0.8000000119
135345  33.193  -65.701  8.888 0.8000000119
37361  32.115  -65.886  9.374 0.8000000119
124610  30.534  -65.129  10.607 0.6999999881
38372  31.855  -64.401  9.793 0.8999999762
38385  33.535  -64.247  9.094 0.8999999762
39481  34.790  -64.136  8.558 0.8999999762
39477  30.526  -63.675  10.848 0.6000000238
38373  31.004  -64.422  10.420 0.8000000119
38386  32.680  -64.472  9.390 0.8999999762
122731  33.704  -63.481  9.295 0.8999999762
125259  34.968  -62.528  9.118 0.8999999762
40415  36.218  -62.305  8.492 0.8999999762
144038  38.107  -66.459  20.378 0.5000000000
36223  36.662  -66.520  21.533 0.5000000000
141950  36.095  -66.371  21.790 0.5000000000
34109  37.011  -67.947  21.356 0.6000000238
35179  36.526  -67.432  21.761 0.5000000000
35165  35.325  -67.302  22.294 0.5000000000
34111  35.753  -68.664  22.162 0.6000000238
39464  29.776  -63.343  11.342 0.6000000238
144111  31.518  -62.996  10.495 0.8999999762
39482  32.533  -63.693  9.651 0.8999999762
39476  31.488  -63.589  10.312 0.8999999762
40417  32.922  -62.851  9.833 0.8999999762
122080  33.890  -62.683  9.494 0.8999999762
139801  35.043  -61.809  9.341 0.8999999762
37228  37.074  -64.990  19.962 0.5000000000
37209  36.363  -64.946  20.690 0.5000000000
142916  37.895  -65.729  20.107 0.5000000000
120837  37.035  -65.653  20.890 0.5000000000
36254  38.851  -66.333  18.693 0.5000000000
36240  37.567  -66.577  20.902 0.5000000000
40410  31.610  -62.461  10.682 0.8999999762
40411  30.928  -62.955  10.826 0.6999999881
39475  32.080  -62.990  10.236 0.8999999762
40409  32.421  -62.317  10.339 0.8999999762
40416  33.225  -62.117  10.004 0.8999999762
41317  34.491  -61.237  9.747 0.8999999762
37249  38.037  -65.118  18.249 0.5000000000
37229  36.496  -64.496  19.873 0.5000000000
37264  38.592  -65.340  17.871 0.5000000000
36293  38.824  -65.698  17.149 0.5000000000
41311  32.032  -61.842  10.750 0.8999999762
41319  32.744  -61.647  10.447 0.8999999762
123782  33.561  -61.437  10.163 0.8999999762
38282  38.129  -65.070  18.168 0.5000000000
131640  38.677  -64.736  18.323 0.5000000000
38296  38.798  -65.340  17.631 0.5000000000
38280  40.580  -64.381  18.256 0.4000000060
42256  28.952  -60.284  12.917 0.6000000238
43419  28.501  -59.774  13.464 0.6000000238
43431  29.883  -59.930  12.765 0.8000000119
43418  29.312  -59.383  13.440 0.6999999881
44526  29.005  -58.578  13.959 0.6999999881
45544  28.509  -57.773  14.336 0.6999999881
46539  28.239  -56.959  14.480 0.6999999881
44532  30.225  -59.134  12.931 0.8000000119
43430  30.680  -59.632  12.448 0.8000000119
45543  29.470  -57.502  13.453 0.6999999881
46554  28.812  -56.800  13.743 0.6999999881
46555  28.181  -56.074  13.915 0.6999999881
139291  28.899  -55.983  12.952 0.6999999881
47607  28.235  -54.455  12.103 0.6999999881
45553  30.738  -57.131  12.187 0.8000000119
45554  30.113  -56.763  12.339 0.8000000119
46568  29.242  -55.564  11.862 0.6999999881
47605  29.802  -55.126  11.370 0.8000000119
47606  28.938  -54.804  11.627 0.6999999881
47616  29.430  -54.404  11.544 0.8000000119
50677  28.167  -52.135  13.484 0.6000000238
47614  30.637  -55.510  11.192 0.8000000119
47615  30.084  -55.007  11.285 0.8000000119
51727  28.037  -51.210  13.592 0.6000000238
52808  27.860  -50.439  13.598 0.6000000238
141238  28.777  -53.510  13.111 0.8000000119
51726  28.791  -51.374  14.206 0.6000000238
52807  28.668  -50.500  14.070 0.6000000238
53930  28.526  -49.630  13.797 0.6000000238
50676  28.968  -52.113  14.199 0.6999999881
52794  29.715  -50.745  14.351 0.6000000238
53928  31.187  -49.097  13.502 0.6999999881
55015  29.426  -48.910  13.481 0.6000000238
132087  29.495  -49.821  14.074 0.6000000238
55014  30.544  -48.661  13.067 0.6000000238
51718  29.843  -51.612  14.491 0.6999999881
122257  30.275  -79.271  18.542 0.4000000060
119822  29.872  -77.970  17.965 0.5000000000
26511  30.063  -77.101  18.006 0.5000000000
27447  30.669  -75.881  15.038 0.5000000000
27446  31.234  -75.401  14.582 0.5000000000
40422  36.138  -63.196  8.310 0.8999999762
138697  40.810  -64.678  17.498 0.3000000119
44524  30.656  -58.207  12.655 0.8000000119
27457  31.525  -75.670  13.866 0.5000000000
26529  30.254  -76.470  15.703 0.5000000000
37347  31.402  -65.292  9.975 0.8000000119
35178  37.121  -67.199  21.389 0.5000000000
45542  30.191  -57.630  12.878 0.8000000119
46553  29.470  -56.354  12.556 0.6999999881
46567  29.977  -55.870  11.520 0.8000000119
49619  28.495  -53.636  11.998 0.6999999881
49608  28.285  -53.165  12.696 0.6999999881
30113  38.494  -72.543  18.198 0.4000000060
31061  36.773  -71.348  19.771 0.4000000060
31070  37.824  -72.055  18.604 0.4000000060
32047  36.786  -70.564  20.130 0.5000000000
30127  38.664  -72.276  17.519 0.4000000060
135216  39.351  -72.907  17.166 0.4000000060
33088  37.201  -69.265  20.584 0.5000000000
34123  36.833  -68.761  21.190 0.5000000000
32045  37.962  -70.413  19.018 0.5000000000
32060  38.332  -70.838  18.285 0.4000000060
32046  37.294  -70.859  19.390 0.4000000060
31108  39.501  -72.522  16.510 0.4000000060
31088  39.001  -71.890  17.007 0.4000000060
32061  37.791  -71.267  18.703 0.4000000060
30164  40.634  -73.500  15.333 0.4000000060
34122  37.452  -68.460  20.777 0.5000000000
32034  37.468  -69.944  19.877 0.5000000000
32097  39.599  -71.441  16.685 0.4000000060
31107  39.899  -72.063  16.025 0.4000000060
30181  42.226  -73.670  12.972 0.4000000060
30172  41.416  -73.615  14.171 0.4000000060
31123  40.391  -72.627  15.414 0.4000000060
30180  43.044  -73.725  12.722 0.4000000060
29278  41.873  -73.853  13.587 0.4000000060
34138  37.868  -69.015  20.139 0.5000000000
33100  38.246  -69.537  19.378 0.5000000000
33115  38.609  -69.976  18.637 0.4000000060
33247  45.193  -69.458  8.505 0.3000000119
32059  38.955  -70.439  17.962 0.4000000060
32168  44.794  -70.247  8.945 0.3000000119
32110  40.574  -71.488  15.705 0.4000000060
32167  45.920  -70.883  8.679 0.3000000119
31177  44.366  -71.508  9.902 0.3000000119
31154  43.662  -72.296  10.917 0.3000000119
31148  43.144  -72.564  11.675 0.3000000119
31141  42.172  -72.755  12.939 0.4000000060
31130  41.876  -71.968  13.769 0.4000000060
31122  40.976  -72.042  15.027 0.4000000060
31167  44.515  -72.234  10.413 0.3000000119
30192  43.588  -73.046  11.578 0.3000000119
142660  43.033  -73.374  12.054 0.4000000060
34137  38.509  -68.640  19.663 0.4000000060
34157  38.876  -69.087  18.969 0.4000000060
33135  39.577  -69.977  17.618 0.4000000060
33114  39.290  -69.504  18.318 0.4000000060
34274  43.873  -68.905  8.993 0.3000000119
34262  43.391  -68.464  10.543 0.3000000119
33234  44.009  -69.767  9.171 0.3000000119
33223  43.516  -70.088  10.455 0.3000000119
33195  43.120  -69.999  11.915 0.3000000119
33196  42.806  -70.279  12.646 0.4000000060
32126  42.484  -71.046  13.309 0.4000000060
32118  41.620  -71.279  14.655 0.4000000060
131094  43.838  -70.435  9.755 0.3000000119
32137  43.405  -70.979  11.222 0.3000000119
32131  43.152  -71.091  12.027 0.3000000119
34121  38.124  -68.099  20.387 0.4000000060
35309  42.165  -67.316  12.448 0.3000000119
128506  41.698  -67.591  13.517 0.3000000119
34214  41.724  -68.035  14.475 0.4000000060
35269  41.112  -67.409  14.840 0.4000000060
140392  40.923  -68.089  16.585 0.4000000060
34187  40.560  -68.382  17.223 0.4000000060
35324  43.130  -67.686  11.304 0.3000000119
34249  42.674  -67.960  11.845 0.3000000119
35298  42.001  -67.536  12.878 0.3000000119
33176  42.371  -68.874  14.115 0.4000000060
34198  41.617  -68.510  15.362 0.4000000060
134296  40.777  -68.987  16.837 0.4000000060
33208  42.870  -68.915  11.788 0.3000000119
120780  42.640  -69.212  12.824 0.3000000119
33187  42.543  -69.664  13.465 0.4000000060
33177  42.096  -69.235  14.894 0.4000000060
33150  41.566  -69.715  15.545 0.4000000060
33207  43.250  -69.572  11.208 0.3000000119
130157  42.795  -69.318  12.307 0.3000000119
32117  42.260  -70.240  14.259 0.4000000060
32109  41.309  -70.850  15.396 0.4000000060
126954  38.912  -66.121  17.655 0.4000000060
123518  38.771  -65.993  15.824 0.4000000060
36277  39.454  -66.942  18.462 0.4000000060
35209  39.136  -67.220  19.234 0.4000000060
35287  40.194  -66.069  14.387 0.3000000119
36291  39.776  -66.647  16.646 0.4000000060
35245  40.221  -67.580  17.507 0.4000000060
133849  39.468  -67.734  18.810 0.4000000060
35286  40.775  -66.779  13.955 0.4000000060
35257  40.385  -67.006  16.065 0.4000000060
34156  39.473  -68.539  18.616 0.4000000060
48592  28.048  -53.812  12.094 0.6000000238
48580  27.432  -54.142  12.825 0.6000000238
131621  27.680  -51.878  13.355 0.5000000000
50678  27.792  -52.781  12.828 0.5000000000
53931  27.663  -49.627  13.498 0.5000000000
125987  28.352  -48.867  13.416 0.5000000000
55030  29.833  -48.188  12.539 0.5000000000
55029  30.923  -48.243  12.109 0.4000000060
121747  38.005  -44.370  15.638 0.3000000119
59877  37.701  -43.781  15.604 0.3000000119
58947  36.279  -43.790  15.380 0.3000000119
139086  34.978  -41.758  18.540 0.3000000119
60828  35.672  -43.026  17.573 0.3000000119
60827  36.888  -43.035  16.789 0.3000000119
59868  38.203  -43.369  16.041 0.3000000119
60844  36.532  -42.855  15.569 0.3000000119
60845  35.011  -42.733  15.373 0.3000000119
61859  35.447  -41.908  15.549 0.3000000119
61835  34.843  -41.162  18.880 0.3000000119
60819  35.617  -42.040  17.926 0.3000000119
137393  36.364  -42.507  17.312 0.3000000119
60826  37.519  -42.498  16.498 0.3000000119
60835  38.588  -42.799  15.890 0.3000000119
60842  38.664  -42.520  15.846 0.3000000119
61858  36.799  -42.127  15.660 0.3000000119
130983  36.172  -41.240  15.687 0.3000000119
62819  34.053  -40.549  14.136 0.3000000119
123321  34.337  -40.215  20.002 0.3000000119
62767  35.290  -40.626  18.639 0.3000000119
61844  36.238  -41.342  17.629 0.3000000119
62788  36.907  -40.851  17.275 0.3000000119
61843  37.447  -41.582  16.664 0.3000000119
62787  37.821  -40.876  16.444 0.3000000119
62799  38.323  -41.108  15.927 0.3000000119
62808  35.614  -40.210  15.422 0.3000000119
63764  34.419  -39.389  20.374 0.3000000119
120058  35.362  -38.992  19.071 0.3000000119
126051  35.446  -39.851  18.718 0.3000000119
63794  37.151  -40.075  17.272 0.3000000119
63793  38.187  -40.270  16.152 0.3000000119
62806  38.282  -41.040  15.905 0.3000000119
64778  38.316  -39.577  16.032 0.3000000119
64743  34.904  -38.708  19.869 0.3000000119
64742  35.369  -38.322  19.313 0.3000000119
63774  35.827  -39.168  18.454 0.3000000119
64748  36.598  -39.007  17.810 0.3000000119
64764  37.960  -39.320  16.707 0.3000000119
64734  35.165  -38.002  19.886 0.3000000119
64749  35.843  -38.347  18.589 0.3000000119
65688  36.107  -37.349  18.369 0.3000000119
65687  36.732  -37.648  17.748 0.3000000119
66682  35.442  -36.681  19.634 0.3000000119
67679  35.585  -36.025  19.157 0.3000000119
67653  35.393  -35.841  20.016 0.3000000119
29269  41.124  -73.766  14.795 0.4000000060
30101  38.381  -72.730  18.958 0.4000000060
29224  40.058  -73.755  17.564 0.4000000060
29242  41.770  -73.733  15.479 0.4000000060
29244  40.654  -73.756  16.120 0.4000000060
31140  43.612  -73.130  13.249 0.4000000060
30171  42.880  -73.642  13.537 0.4000000060
29258  41.819  -73.885  14.775 0.4000000060
32166  47.122  -70.875  8.337 0.3000000119
31184  46.761  -71.341  8.783 0.3000000119
128259  45.717  -71.936  9.801 0.3000000119
31166  45.215  -72.189  10.388 0.3000000119
30191  44.055  -72.938  11.269 0.3000000119
30187  43.238  -73.453  12.160 0.3000000119
33246  46.189  -69.989  8.332 0.3000000119
34275  43.697  -68.357  9.731 0.3000000119
35325  42.564  -67.257  12.036 0.3000000119
35334  43.965  -67.564  9.920 0.3000000119
37277  39.296  -65.728  16.086 0.4000000060
36305  38.909  -66.037  15.465 0.4000000060
36319  39.516  -65.964  15.041 0.4000000060
37319  41.149  -66.341  13.557 0.3000000119
35299  41.403  -66.774  13.173 0.3000000119
37263  38.994  -65.734  16.799 0.4000000060
47596  27.697  -55.084  13.282 0.6000000238
64735  34.553  -38.534  20.858 0.3000000119
65669  34.915  -37.839  20.594 0.3000000119
121516  35.236  -37.303  20.120 0.3000000119
66657  35.275  -36.514  20.553 0.3000000119
67619  35.308  -35.688  20.990 0.3000000119
142275  45.007  -68.623  8.244 0.3000000119
30103  36.814  -72.061  19.733 0.4000000060
32035  36.823  -69.891  20.501 0.5000000000
32096  40.276  -70.977  16.413 0.4000000060
33235  43.590  -69.295  9.802 0.3000000119
35246  39.632  -66.774  17.614 0.4000000060
63768  34.853  -39.584  19.508 0.3000000119
62807  37.107  -40.653  15.749 0.3000000119
64765  37.265  -38.393  17.492 0.3000000119
68605  35.382  -34.993  20.455 0.3000000119
29215  39.291  -73.412  18.780 0.3000000119
29214  40.165  -73.897  18.431 0.3000000119
31187  34.930  -71.100  8.147 0.6000000238
32171  34.578  -70.356  8.168 0.6999999881
31188  33.684  -70.813  8.529 0.6999999881
29223  40.626  -73.800  17.179 0.3000000119
26465  40.614  -76.352  21.909 0.3000000119
27372  40.340  -75.604  21.740 0.3000000119
33239  31.383  -69.046  9.559 0.6999999881
29204  40.150  -74.004  19.410 0.3000000119
33238  32.142  -69.576  9.033 0.6999999881
32160  32.648  -70.914  8.874 0.6999999881
30111  40.725  -73.659  18.422 0.3000000119
30126  40.917  -73.741  17.623 0.3000000119
32172  33.077  -70.123  8.548 0.6999999881
31087  41.603  -72.156  17.451 0.3000000119
32094  42.677  -70.824  16.585 0.3000000119
31086  42.170  -71.458  17.030 0.3000000119
30125  41.408  -73.287  17.139 0.3000000119
32108  43.510  -70.790  15.415 0.3000000119
31121  42.775  -72.508  15.519 0.3000000119
31105  42.496  -71.928  16.309 0.3000000119
28281  40.167  -75.053  21.466 0.3000000119
28308  40.002  -74.545  21.034 0.4000000060
34279  31.544  -68.138  9.531 0.6999999881
31068  40.748  -72.410  18.819 0.3000000119
119815  40.195  -74.032  19.693 0.3000000119
34278  32.283  -68.686  9.061 0.6999999881
33252  33.079  -69.207  8.542 0.6999999881
31067  41.235  -71.683  18.242 0.3000000119
32077  41.743  -71.007  17.694 0.3000000119
32076  42.308  -70.434  17.269 0.3000000119
30144  41.621  -73.495  16.304 0.3000000119
33164  43.503  -69.765  15.585 0.3000000119
122764  40.198  -74.086  20.923 0.4000000060
35345  31.760  -67.350  9.475 0.6999999881
31059  40.472  -71.716  19.724 0.3000000119
30100  40.514  -73.322  19.385 0.3000000119
133473  41.376  -70.545  18.445 0.3000000119
32058  40.764  -71.075  19.097 0.3000000119
123487  32.426  -67.864  9.050 0.6999999881
33133  41.898  -70.052  17.881 0.3000000119
34288  33.422  -68.345  8.514 0.6999999881
30161  42.913  -73.164  14.602 0.3000000119
30162  42.322  -73.573  15.077 0.3000000119
126071  43.799  -70.221  14.870 0.3000000119
31120  43.376  -71.955  15.116 0.3000000119
36389  31.955  -66.638  9.403 0.6999999881
32043  40.940  -70.026  19.199 0.3000000119
36388  32.886  -66.439  8.935 0.6999999881
34154  41.632  -68.776  18.660 0.3000000119
33113  41.501  -69.613  18.577 0.3000000119
129884  33.731  -67.036  8.462 0.6999999881
31128  44.106  -71.941  13.831 0.3000000119
33098  41.132  -69.195  19.260 0.3000000119
31129  43.546  -72.601  14.215 0.3000000119
37291  40.523  -65.589  15.297 0.3000000119
31178  36.206  -71.868  8.460 0.5000000000
30213  33.175  -72.269  9.593 0.6999999881
30212  34.461  -72.286  9.126 0.6000000238
29307  33.855  -72.816  9.759 0.6000000238
31179  36.083  -71.662  8.152 0.6000000238
33240  30.581  -69.392  9.999 0.6999999881
133124  40.788  -73.419  22.119 0.3000000119
35346  30.917  -67.518  10.050 0.6999999881
143208  40.517  -73.856  21.672 0.4000000060
141939  31.337  -66.881  9.825 0.6999999881
31048  40.295  -71.140  20.708 0.4000000060
30091  40.338  -73.305  20.427 0.4000000060
37362  31.353  -66.216  9.870 0.6999999881
32044  40.489  -70.389  19.985 0.3000000119
34120  40.587  -68.593  20.675 0.3000000119
35195  40.693  -67.672  20.932 0.3000000119
31181  33.733  -71.534  8.877 0.6000000238
35208  40.898  -68.053  20.104 0.3000000119
132137  40.385  -70.037  20.881 0.3000000119
27467  33.616  -75.044  12.398 0.5000000000
30194  35.533  -72.930  11.134 0.5000000000
28384  36.004  -74.570  10.554 0.5000000000
26584  30.841  -77.117  9.991 0.4000000060
26586  28.812  -77.074  10.139 0.5000000000
29288  34.886  -73.337  11.660 0.4000000060
29285  34.104  -73.732  12.277 0.5000000000
30193  36.002  -72.888  10.327 0.5000000000
26587  27.783  -77.115  9.936 0.4000000060
25674  27.049  -77.455  9.303 0.4000000060
26585  29.798  -77.106  10.123 0.5000000000
30210  36.019  -72.459  9.238 0.4000000060
140422  26.368  -77.252  9.443 0.4000000060
25688  26.355  -77.881  9.016 0.4000000060
26572  29.258  -76.494  10.623 0.5000000000
27486  30.698  -75.743  10.874 0.5000000000
28397  31.994  -74.720  10.991 0.4000000060
29306  34.894  -72.971  9.492 0.5000000000
30205  32.807  -73.087  10.217 0.4000000060
29298  34.065  -73.524  10.108 0.4000000060
25675  25.751  -77.372  9.413 0.4000000060
27492  23.789  -75.295  10.418 0.4000000060
26574  27.256  -76.488  10.619 0.4000000060
28391  24.696  -74.084  11.123 0.4000000060
27488  28.743  -75.909  11.128 0.5000000000
26573  28.266  -76.546  10.692 0.4000000060
29293  25.418  -73.639  11.396 0.4000000060
27487  29.717  -75.833  10.995 0.5000000000
30198  26.045  -72.852  11.652 0.4000000060
28398  31.057  -74.992  11.176 0.5000000000
123390  31.137  -74.159  11.167 0.5000000000
30197  26.647  -72.171  11.686 0.4000000060
31159  26.340  -71.268  11.663 0.4000000060
29299  31.945  -73.689  10.781 0.6000000238
139053  24.113  -74.774  10.603 0.4000000060
26575  26.285  -76.325  10.467 0.4000000060
28399  24.624  -74.665  10.829 0.4000000060
27476  28.265  -75.191  11.431 0.5000000000
27489  27.746  -75.937  11.214 0.4000000060
28390  25.318  -74.511  11.205 0.4000000060
27475  29.231  -75.177  11.335 0.5000000000
29292  26.450  -73.593  11.582 0.4000000060
143380  30.467  -74.507  11.314 0.5000000000
29300  30.940  -73.273  10.926 0.5000000000
32141  27.195  -70.820  11.610 0.4000000060
30206  31.654  -72.772  10.453 0.6000000238
30214  32.221  -72.330  9.964 0.6000000238
27491  24.544  -75.326  10.495 0.4000000060
27490  26.743  -75.881  11.113 0.4000000060
27479  25.257  -75.259  10.845 0.4000000060
27478  26.175  -75.089  11.311 0.4000000060
28389  26.886  -74.341  11.550 0.4000000060
29289  29.368  -73.656  11.441 0.5000000000
29291  27.412  -73.571  11.611 0.4000000060
122195  26.985  -72.882  11.636 0.4000000060
124752  30.288  -73.820  11.325 0.5000000000
31158  27.292  -71.633  11.628 0.4000000060
31182  32.232  -71.602  9.449 0.6000000238
30215  31.399  -71.989  10.010 0.6000000238
135327  25.325  -76.837  9.734 0.4000000060
129296  25.909  -75.785  10.875 0.4000000060
143319  26.028  -74.244  11.452 0.4000000060
28387  28.784  -74.386  11.489 0.5000000000
28388  27.843  -74.357  11.574 0.5000000000
29290  28.379  -73.481  11.552 0.5000000000
120666  27.789  -72.831  11.586 0.5000000000
29301  29.953  -72.930  11.120 0.5000000000
30195  29.040  -72.901  11.398 0.5000000000
30196  28.806  -72.243  11.278 0.5000000000
142038  27.384  -72.313  11.626 0.4000000060
30207  30.700  -72.430  10.521 0.6000000238
31157  27.954  -71.136  11.449 0.5000000000
32140  27.782  -70.337  11.438 0.4000000060
32161  31.674  -70.868  9.308 0.6000000238
31183  31.298  -71.366  9.684 0.6000000238
30208  29.863  -72.109  10.675 0.6000000238
143435  29.366  -72.418  11.106 0.5000000000
121654  28.075  -72.043  11.516 0.5000000000
31171  30.546  -71.546  10.180 0.6000000238
31172  29.626  -71.386  10.616 0.6000000238
31173  28.796  -71.407  11.144 0.5000000000
123831  30.873  -70.803  9.749 0.6000000238
32162  31.286  -70.036  9.495 0.6000000238
142423  29.476  -66.727  10.997 0.5000000000
136423  29.919  -67.929  10.466 0.6000000238
35340  29.078  -67.738  11.055 0.5000000000
34265  29.899  -68.887  10.365 0.6000000238
34266  29.238  -68.549  10.804 0.6000000238
33228  28.745  -69.132  11.102 0.5000000000
33211  28.280  -69.748  11.283 0.5000000000
32151  30.105  -70.700  10.282 0.6000000238
32152  29.297  -70.607  10.734 0.5000000000
32153  28.528  -70.516  11.189 0.5000000000
33212  27.526  -69.612  11.541 0.5000000000
36382  29.999  -66.509  10.701 0.5000000000
36373  29.306  -66.277  11.190 0.5000000000
35338  30.252  -67.164  10.455 0.6000000238
33227  29.329  -69.236  10.691 0.6000000238
137569  29.002  -69.839  10.902 0.5000000000
34280  30.701  -68.468  10.010 0.6000000238
135256  36.137  -74.370  9.776 0.4000000060
29305  35.786  -73.066  9.586 0.4000000060
31170  35.950  -71.529  9.636 0.5000000000
30204  36.094  -72.641  9.587 0.4000000060
138924  30.522  -70.139  10.013 0.6000000238
28379  34.119  -74.442  12.197 0.5000000000
26561  36.284  -75.738  9.939 0.5000000000
28385  35.090  -74.293  11.504 0.5000000000
134805  35.863  -73.713  10.626 0.5000000000
26571  30.253  -76.469  10.530 0.5000000000
26588  26.768  -76.851  9.842 0.4000000060
30199  25.008  -72.735  11.401 0.4000000060
129392  25.656  -72.041  11.618 0.4000000060
27477  27.280  -75.171  11.429 0.4000000060
135154  25.258  -76.095  10.224 0.4000000060
33226  29.805  -69.815  10.409 0.6000000238
29302  23.967  -74.115  10.832 0.3000000119
29294  24.361  -73.422  11.176 0.3000000119
31160  25.144  -71.211  11.578 0.3000000119
133937  24.515  -71.915  11.444 0.3000000119
22605  38.689  -80.188  18.998 0.5000000000
22607  31.079  -79.938  19.227 0.5000000000
23610  39.542  -79.505  20.572 0.5000000000
23611  38.748  -79.346  20.384 0.5000000000
23627  38.418  -79.702  19.545 0.5000000000
23630  33.012  -79.503  19.603 0.5000000000
23632  31.436  -79.558  19.755 0.5000000000
23649  32.550  -80.098  19.170 0.5000000000
24636  38.406  -78.652  20.817 0.5000000000
24660  35.637  -78.213  19.139 0.6000000238
24680  35.442  -78.616  18.557 0.5000000000
24695  35.800  -78.863  17.887 0.5000000000
25538  38.710  -77.307  21.444 0.4000000060
25540  33.114  -77.203  21.343 0.6000000238
25572  34.615  -77.390  20.363 0.6000000238
25612  29.786  -77.309  16.082 0.4000000060
26468  37.893  -76.051  21.448 0.5000000000
26470  35.643  -76.149  20.908 0.4000000060
26471  34.807  -76.102  21.027 0.4000000060
26475  30.923  -76.279  21.297 0.6999999881
26497  35.117  -76.723  20.573 0.6000000238
26545  31.226  -76.438  13.550 0.5000000000
26589  25.949  -76.746  9.807 0.4000000060
27361  31.900  -74.776  22.253 0.6000000238
27375  37.250  -75.659  21.366 0.5000000000
27380  32.012  -75.623  22.052 0.6000000238
27413  30.348  -75.942  18.848 0.6000000238
27466  34.555  -74.907  11.734 0.5000000000
27471  36.385  -75.081  10.025 0.5000000000
27474  30.149  -75.125  11.244 0.5000000000
28258  40.767  -74.871  21.970 0.3000000119
28283  38.280  -74.791  21.333 0.5000000000
28284  37.302  -74.790  21.342 0.4000000060
28286  35.350  -74.981  21.349 0.4000000060
28315  30.425  -74.515  19.683 0.8000000119
28386  29.715  -74.453  11.415 0.5000000000
28394  36.289  -74.526  9.903 0.4000000060
29163  31.735  -73.419  22.308 0.6000000238
29179  40.545  -74.366  21.754 0.3000000119
29181  35.388  -73.363  21.302 0.4000000060
29193  40.113  -74.116  20.269 0.3000000119
29195  38.379  -73.677  20.524 0.4000000060
29203  40.356  -73.860  18.807 0.3000000119
29207  30.426  -72.960  19.652 0.6999999881
29213  40.563  -73.793  18.047 0.3000000119
29216  30.471  -73.616  18.100 0.8000000119
29222  41.100  -73.719  16.731 0.3000000119
29243  41.257  -73.796  15.800 0.4000000060
29259  41.388  -73.906  15.051 0.4000000060
29260  40.973  -73.895  15.357 0.4000000060
29267  42.176  -73.863  14.056 0.4000000060
29268  41.608  -73.859  14.355 0.4000000060
29277  42.401  -73.779  13.131 0.4000000060
29279  32.823  -73.478  13.319 0.6999999881
29284  42.774  -73.598  12.582 0.4000000060
29286  33.328  -73.206  12.845 0.5000000000
30074  32.057  -72.623  22.394 0.6000000238
30081  40.441  -73.146  21.581 0.4000000060
30082  35.318  -72.596  21.287 0.5000000000
30086  30.806  -72.690  21.249 0.6999999881
30092  37.071  -72.698  20.147 0.4000000060
30110  41.123  -73.002  17.942 0.3000000119
30112  39.304  -73.183  17.905 0.4000000060
30128  30.589  -72.439  17.494 0.8000000119
30143  42.237  -73.105  15.954 0.3000000119
30145  40.024  -73.101  15.919 0.4000000060
30146  39.962  -73.490  16.685 0.4000000060
30163  40.867  -73.188  14.757 0.4000000060
30165  31.452  -72.574  15.419 0.8000000119
30179  43.693  -73.344  12.388 0.4000000060
30185  44.568  -72.730  11.432 0.3000000119
30186  43.891  -73.233  11.760 0.3000000119
30190  44.592  -72.567  10.873 0.3000000119
30203  44.030  -72.652  10.881 0.3000000119
30211  35.700  -72.232  8.817 0.5000000000
31032  33.341  -71.688  22.428 0.6000000238
31060  37.294  -71.648  19.208 0.4000000060
31069  38.197  -71.710  18.054 0.4000000060
31089  38.655  -71.329  17.620 0.4000000060
31104  43.059  -71.348  15.881 0.3000000119
31106  41.932  -72.571  16.713 0.3000000119
31131  41.316  -72.651  14.251 0.4000000060
31142  41.701  -73.337  13.491 0.4000000060
31149  42.662  -73.260  12.377 0.4000000060
31168  44.021  -72.100  10.433 0.3000000119
31169  36.190  -72.114  9.121 0.4000000060
31175  46.203  -71.556  9.219 0.3000000119
31176  45.030  -71.961  9.953 0.3000000119
31180  35.306  -71.719  8.365 0.6000000238
32015  32.996  -70.796  22.455 0.6000000238
32027  36.113  -70.255  21.129 0.5000000000
32029  34.468  -70.337  22.376 0.6999999881
32030  31.810  -69.983  21.656 0.6999999881
32036  31.107  -70.609  20.672 0.6999999881
32078  39.937  -70.478  17.034 0.4000000060
32079  39.278  -70.918  17.323 0.4000000060
32080  31.109  -70.315  17.329 0.8000000119
32095  40.966  -70.384  16.071 0.4000000060
32116  43.805  -71.335  14.632 0.3000000119
32132  42.719  -71.887  12.436 0.3000000119
32139  34.388  -70.905  11.527 0.6999999881
32148  43.751  -71.285  10.353 0.3000000119
32156  45.219  -71.346  9.379 0.3000000119
32157  44.392  -70.658  9.389 0.3000000119
32158  36.438  -70.760  8.069 0.6999999881
32169  36.339  -70.696  7.894 0.6999999881
32170  35.852  -70.596  7.792 0.6999999881
33064  33.177  -69.757  22.412 0.6999999881
33076  36.242  -69.157  21.600 0.5000000000
33079  31.443  -69.843  20.800 0.6999999881
33087  40.540  -69.432  20.420 0.3000000119
33089  36.642  -69.459  20.989 0.5000000000
33090  31.277  -69.549  20.028 0.8000000119
33099  40.708  -69.558  19.780 0.3000000119
33132  42.326  -69.682  17.485 0.3000000119
33134  40.274  -69.441  17.248 0.4000000060
33151  40.562  -69.896  16.647 0.4000000060
33248  44.321  -69.336  8.764 0.3000000119
33249  36.285  -70.175  7.796 0.8000000119
34110  36.391  -68.286  21.757 0.6000000238
34134  41.277  -68.400  19.388 0.3000000119
34135  40.764  -68.856  19.930 0.3000000119
34136  39.098  -68.183  19.245 0.4000000060
34155  39.841  -67.708  18.233 0.4000000060
34175  39.989  -68.782  17.901 0.4000000060
34216  31.972  -68.388  15.007 0.8000000119
34225  42.392  -68.536  13.242 0.3000000119
34234  42.525  -68.350  12.444 0.3000000119
34248  43.116  -68.589  11.230 0.3000000119
34285  44.494  -68.563  8.489 0.3000000119
35167  33.725  -68.162  22.272 0.6999999881
35180  35.903  -67.780  22.198 0.5000000000
35196  38.191  -67.133  20.465 0.5000000000
35197  37.601  -67.583  20.923 0.5000000000
35210  38.669  -67.664  19.849 0.4000000060
35230  41.780  -67.842  18.821 0.3000000119
35256  41.118  -67.693  15.748 0.4000000060
35270  40.168  -66.413  14.902 0.4000000060
35288  32.108  -68.068  14.275 0.8000000119
35335  43.548  -67.802  10.491 0.3000000119
35339  29.606  -67.171  10.801 0.5000000000
35342  44.097  -68.141  8.984 0.3000000119
35344  32.615  -67.142  9.030 0.6999999881
35354  33.277  -67.611  8.609 0.6999999881
36224  35.460  -66.374  21.920 0.5000000000
36255  38.557  -66.548  19.784 0.5000000000
36278  38.584  -65.571  17.974 0.5000000000
36292  38.819  -66.038  16.617 0.4000000060
36304  39.042  -66.087  15.363 0.4000000060
36320  31.599  -66.938  15.519 0.8000000119
36336  40.781  -66.292  13.879 0.3000000119
36370  42.900  -66.940  11.832 0.3000000119
36381  30.787  -66.708  10.279 0.6000000238
37196  36.100  -65.707  21.435 0.5000000000
37197  34.619  -66.036  21.654 0.6000000238
37198  33.980  -65.792  21.351 0.6000000238
37250  37.478  -65.032  18.875 0.5000000000
37278  38.790  -66.009  16.159 0.4000000060
37292  39.417  -65.932  15.202 0.4000000060
37327  32.386  -65.004  12.234 1.0000000000
37338  32.803  -64.927  11.647 0.8999999762
37360  33.409  -64.959  8.927 0.8999999762
38251  33.984  -64.628  20.627 0.6000000238
38267  33.426  -64.207  20.088 0.6000000238
38279  41.494  -64.133  18.034 0.3000000119
38281  39.552  -64.615  18.301 0.4000000060
38283  37.528  -64.659  18.729 0.5000000000
38284  36.818  -64.078  18.944 0.6999999881
38286  31.775  -64.148  18.570 0.6999999881
38295  39.697  -65.097  17.252 0.5000000000
38307  31.408  -64.234  16.899 0.6999999881
38342  31.868  -64.564  13.402 0.8000000119
38358  33.384  -64.493  11.330 1.0000000000
38382  37.635  -64.379  8.010 1.0000000000
38383  37.243  -64.881  7.839 1.0000000000
38384  37.080  -65.432  8.188 0.8999999762
38390  36.061  -64.859  7.923 1.0000000000
39353  39.929  -63.334  19.474 0.6000000238
39357  35.448  -63.576  19.434 0.6999999881
39360  32.873  -63.790  19.531 0.6000000238
39378  35.622  -63.092  18.891 0.6999999881
39381  32.351  -63.435  18.784 0.6000000238
39435  31.883  -63.858  13.742 0.6999999881
39461  34.470  -63.408  10.871 1.0000000000
39480  34.949  -63.357  8.720 0.8999999762
40289  40.362  -62.602  19.822 0.6000000238
40290  39.599  -62.685  19.717 0.6999999881
40304  41.645  -62.939  19.240 0.4000000060
40308  34.400  -62.357  18.596 0.6999999881
40311  32.126  -63.004  18.278 0.6000000238
40352  32.092  -62.179  15.363 0.8000000119
40377  32.696  -62.441  13.409 0.8999999762
40403  31.465  -61.907  11.069 1.0000000000
40405  29.594  -62.061  11.663 0.6999999881
40414  38.204  -62.951  8.012 1.0000000000
40420  38.030  -62.885  7.833 1.0000000000
41167  40.165  -61.324  20.496 0.6999999881
41188  38.162  -61.358  19.021 0.6999999881
41200  42.681  -61.773  19.010 0.5000000000
41202  37.067  -61.666  18.510 0.6999999881
41205  33.738  -61.931  18.241 0.6999999881
41224  32.807  -61.519  17.453 0.6999999881
41237  33.459  -60.540  16.554 0.8000000119
41288  33.459  -61.237  13.509 0.8999999762
41312  31.040  -61.473  11.518 0.8999999762
41318  34.088  -61.924  9.662 0.8999999762
41321  38.268  -61.942  8.140 1.0000000000
41324  38.134  -62.166  7.781 1.0000000000
42129  40.008  -60.083  21.185 0.6000000238
42151  42.051  -60.117  20.366 0.6000000238
42155  38.865  -60.737  20.688 0.6999999881
42173  43.091  -60.202  19.283 0.6000000238
42205  34.118  -60.566  17.179 0.8000000119
42222  36.466  -60.326  16.736 0.6999999881
42239  33.620  -60.299  15.671 0.8000000119
42248  33.496  -60.523  14.829 0.8000000119
42274  33.259  -60.265  10.887 1.0000000000
42283  33.981  -60.666  10.327 0.8999999762
42287  38.129  -60.631  8.301 1.0000000000
42292  38.213  -61.609  7.949 1.0000000000
43286  38.691  -59.526  21.453 0.6000000238
43287  37.769  -59.557  21.416 0.6000000238
43303  42.459  -59.583  20.141 0.5000000000
43304  41.860  -59.465  20.581 0.6000000238
43305  41.169  -59.399  21.001 0.6000000238
43325  42.934  -59.648  19.576 0.5000000000
43326  37.697  -60.369  18.885 0.6999999881
43343  38.004  -60.256  17.915 0.6999999881
43344  37.350  -59.827  18.509 0.6999999881
43345  36.285  -59.430  18.982 0.6999999881
43363  38.396  -59.895  16.988 0.6999999881
43396  38.156  -59.369  15.385 0.8000000119
43406  37.843  -59.306  14.554 0.8000000119
43407  36.859  -59.578  14.629 0.6999999881
43427  38.205  -59.130  11.231 1.0000000000
43442  38.307  -59.892  9.211 1.0000000000
44385  37.039  -58.156  22.246 0.5000000000
44399  40.088  -58.695  21.455 0.6000000238
44439  35.138  -58.821  19.747 0.6000000238
44456  43.600  -58.618  18.207 0.4000000060
44457  36.742  -59.223  18.041 0.6999999881
44477  35.663  -58.557  17.805 0.8000000119
44496  37.224  -58.783  16.449 0.8000000119
44497  35.956  -57.963  16.096 1.0000000000
44523  37.993  -58.790  13.519 1.0000000000
44525  29.822  -58.450  13.321 0.8000000119
44531  31.369  -58.352  12.220 0.8999999762
45408  38.413  -57.286  22.081 0.5000000000
45428  36.154  -58.135  22.193 0.5000000000
45430  34.731  -58.117  21.244 0.5000000000
45443  41.787  -57.140  20.331 0.5000000000
45446  33.758  -57.260  20.379 0.6000000238
45461  42.472  -57.287  19.752 0.4000000060
45483  33.799  -57.173  18.757 0.8999999762
45515  34.624  -56.990  16.141 0.8999999762
45527  36.018  -57.318  14.358 1.0000000000
45541  36.144  -57.116  13.431 1.0000000000
45561  34.878  -57.003  10.920 1.0000000000
45563  31.969  -57.540  11.819 0.8999999762
45570  36.552  -57.316  9.981 1.0000000000
46417  36.227  -56.669  22.692 0.5000000000
46418  35.320  -56.632  22.709 0.5000000000
46435  34.398  -56.988  21.995 0.5000000000
46452  41.062  -56.723  20.647 0.5000000000
46453  40.307  -56.417  21.031 0.4000000060
46455  33.338  -56.562  20.309 0.6000000238
46490  43.321  -57.053  18.405 0.4000000060
46508  32.721  -55.768  17.179 0.8999999762
46522  34.024  -56.606  16.501 0.8999999762
46523  33.398  -56.268  16.846 0.8999999762
46535  35.176  -56.701  14.021 1.0000000000
46561  35.525  -56.732  12.046 1.0000000000
46566  30.651  -56.175  11.408 0.8000000119
46574  35.230  -56.763  11.300 1.0000000000
46578  31.008  -55.847  11.184 0.8999999762
46579  30.485  -55.461  11.213 0.8000000119
47452  35.853  -55.441  23.208 0.5000000000
47453  35.146  -55.134  23.394 0.4000000060
47465  37.593  -55.809  22.395 0.5000000000
47484  32.890  -55.511  21.264 0.5000000000
47542  41.875  -55.199  18.955 0.4000000060
47571  32.133  -55.763  16.586 0.8999999762
47572  31.593  -55.415  16.576 1.0000000000
47581  31.019  -55.570  15.345 1.0000000000
47584  30.772  -55.736  14.451 0.8999999762
47595  28.477  -55.316  12.425 0.6999999881
47603  31.326  -56.024  12.285 0.8999999762
47613  31.236  -55.856  11.388 0.8999999762
48447  33.710  -53.848  23.245 0.4000000060
48459  32.577  -54.077  21.973 0.5000000000
48495  39.083  -54.094  20.811 0.4000000060
48513  41.219  -54.818  19.325 0.4000000060
48514  40.486  -54.473  19.679 0.4000000060
48545  43.197  -54.861  17.000 0.4000000060
48548  31.095  -54.361  17.334 0.8999999762
48563  31.156  -55.344  16.043 0.8999999762
48590  29.389  -54.299  11.497 0.8000000119
48591  28.752  -54.041  11.591 0.6999999881
48596  29.058  -53.941  11.543 0.6999999881
49469  35.682  -53.771  23.523 0.4000000060
49470  34.880  -53.520  23.669 0.4000000060
49490  32.671  -53.256  22.416 0.5000000000
49508  37.876  -53.700  22.147 0.5000000000
49509  32.223  -53.328  21.492 0.5000000000
49559  39.705  -52.975  18.817 0.4000000060
49560  31.336  -53.605  18.837 0.6999999881
49574  41.079  -53.199  17.246 0.3000000119
49575  40.449  -52.810  17.713 0.3000000119
49609  27.365  -53.531  12.757 0.6000000238
49618  28.934  -53.679  11.796 0.8000000119
49620  27.714  -53.280  12.551 0.6000000238
50541  36.262  -52.357  23.638 0.3000000119
50543  33.898  -52.470  23.622 0.4000000060
50562  37.436  -52.406  22.737 0.3000000119
50603  38.958  -52.707  20.161 0.4000000060
50605  31.563  -52.344  20.268 0.5000000000
50619  31.382  -52.508  19.633 0.6000000238
50635  39.776  -52.455  18.593 0.4000000060
50669  30.110  -52.888  14.781 0.8999999762
51590  37.164  -51.146  23.466 0.4000000060
51593  33.687  -51.641  23.622 0.3000000119
51615  38.284  -51.170  22.330 0.3000000119
51674  40.372  -51.538  18.428 0.4000000060
51689  30.652  -51.926  17.757 0.6999999881
51700  41.575  -51.892  16.022 0.3000000119
51702  30.544  -51.637  16.751 0.6999999881
51709  30.516  -51.787  15.653 1.0000000000
52672  35.749  -50.983  24.146 0.3000000119
52699  32.840  -50.559  22.819 0.3000000119
53787  36.804  -49.914  23.944 0.3000000119
53789  33.916  -49.193  23.769 0.4000000060
53817  32.801  -49.717  22.495 0.3000000119
53838  32.536  -49.599  21.512 0.3000000119
53874  32.397  -49.282  18.839 0.6000000238
53929  30.370  -49.375  13.772 0.6000000238
54876  37.452  -48.732  23.792 0.3000000119
54926  32.691  -48.861  21.101 0.3000000119
54939  32.917  -48.153  20.691 0.3000000119
54956  33.416  -48.028  17.995 0.4000000060
54989  33.508  -48.104  14.589 0.5000000000
55012  33.474  -48.054  12.626 0.5000000000
55027  33.048  -47.880  12.099 0.5000000000
55028  31.793  -48.229  11.886 0.5000000000
55899  33.215  -47.429  20.327 0.4000000060
55982  30.736  -47.148  11.721 0.5000000000
56844  33.569  -46.058  23.023 0.3000000119
56955  35.898  -46.730  14.337 0.3000000119
56975  33.607  -47.612  12.607 0.4000000060
56978  30.411  -46.495  11.960 0.4000000060
57860  33.465  -45.335  22.643 0.3000000119
57867  33.358  -45.421  21.803 0.3000000119
57897  34.215  -45.544  18.545 0.3000000119
57904  34.978  -45.948  16.996 0.3000000119
57911  37.210  -45.539  15.309 0.3000000119
57959  31.290  -45.827  12.093 0.4000000060
58857  35.014  -44.756  23.892 0.3000000119
58946  37.554  -44.891  15.206 0.3000000119
59786  36.734  -43.510  23.632 0.3000000119
59815  33.395  -43.966  21.463 0.3000000119
59822  33.514  -43.325  20.699 0.3000000119
59840  34.288  -43.139  18.967 0.3000000119
59861  36.756  -43.785  16.582 0.3000000119
59869  37.921  -44.127  15.695 0.3000000119
59876  38.224  -43.370  15.987 0.3000000119
60748  34.959  -42.554  23.507 0.3000000119
60843  37.943  -42.802  15.742 0.3000000119
61785  34.259  -41.021  23.049 0.3000000119
61809  33.732  -41.618  20.600 0.3000000119
61834  35.445  -41.230  18.306 0.3000000119
61851  38.454  -41.514  15.899 0.3000000119
61852  38.589  -42.176  15.889 0.3000000119
61857  38.655  -41.705  15.933 0.3000000119
62753  34.835  -40.426  19.226 0.3000000119
62789  35.997  -40.504  17.999 0.3000000119
62809  34.888  -40.885  15.211 0.3000000119
63810  38.203  -40.428  16.099 0.3000000119
65679  35.530  -37.544  19.233 0.3000000119
66691  35.702  -36.771  18.932 0.3000000119
120442  39.215  -57.228  21.660 0.5000000000
120468  30.229  -61.825  11.605 0.6999999881
120907  31.483  -65.752  17.882 0.6999999881
121215  40.354  -72.317  20.287 0.4000000060
121919  36.566  -41.982  17.294 0.3000000119
121984  32.356  -63.720  13.035 0.8999999762
122033  30.302  -53.293  15.251 1.0000000000
122366  34.494  -41.852  19.055 0.4000000060
122480  38.609  -52.732  20.880 0.4000000060
122625  38.277  -65.654  18.937 0.5000000000
122705  37.523  -61.989  18.926 0.6999999881
122810  33.912  -40.056  20.859 0.4000000060
123747  33.390  -57.078  13.118 1.0000000000
123906  33.343  -46.213  21.553 0.3000000119
123916  40.503  -77.241  21.782 0.4000000060
124103  39.305  -76.725  21.604 0.4000000060
124346  39.344  -62.127  19.880 0.6999999881
124834  35.070  -37.168  21.064 0.3000000119
124944  39.070  -80.547  18.693 0.5000000000
125242  38.206  -60.648  20.414 0.6999999881
125695  31.504  -66.288  15.548 0.8000000119
125706  30.728  -76.865  20.746 0.6999999881
125965  33.504  -78.783  19.989 0.6999999881
126012  32.904  -78.577  20.538 0.6000000238
126728  40.233  -72.147  21.087 0.4000000060
127328  33.851  -46.842  23.377 0.3000000119
127382  33.569  -43.885  19.998 0.3000000119
127385  38.369  -60.002  16.701 0.6999999881
127520  36.325  -42.874  23.616 0.3000000119
127797  31.283  -75.764  21.664 0.6000000238
128247  35.669  -42.929  23.608 0.3000000119
128405  39.166  -76.083  21.593 0.5000000000
128412  38.424  -54.959  21.757 0.5000000000
128736  35.047  -77.886  19.660 0.6000000238
128850  35.628  -70.189  9.561 0.6999999881
129361  36.051  -66.938  22.077 0.5000000000
130087  41.798  -70.254  14.991 0.4000000060
130522  38.160  -59.072  14.396 1.0000000000
130958  33.923  -72.059  12.336 0.6000000238
131013  31.426  -65.114  16.489 0.6999999881
131440  32.534  -68.644  21.659 0.6999999881
131716  34.757  -56.218  22.827 0.5000000000
131756  30.768  -50.994  16.734 0.6999999881
131793  31.468  -65.116  15.759 0.6999999881
132744  34.660  -44.007  23.598 0.3000000119
132913  33.197  -60.897  17.095 0.6999999881
133090  37.919  -41.759  15.715 0.3000000119
133718  35.379  -74.171  21.375 0.4000000060
133815  41.178  -58.125  20.975 0.5000000000
133980  36.711  -77.365  20.547 0.6000000238
134053  43.764  -59.148  17.804 0.4000000060
134183  32.418  -49.225  18.119 0.5000000000
134585  38.180  -59.255  9.122 1.0000000000
134646  45.799  -72.043  10.229 0.3000000119
134940  33.465  -57.755  11.486 1.0000000000
135121  30.495  -72.888  17.986 0.8000000119
135252  33.930  -57.395  11.495 1.0000000000
135284  43.349  -69.168  10.622 0.3000000119
135985  30.403  -50.120  14.294 0.8000000119
136142  33.530  -47.017  12.643 0.4000000060
136293  37.089  -67.014  7.596 0.8000000119
136355  36.595  -46.451  24.199 0.4000000060
137021  32.360  -77.443  21.395 0.6000000238
137574  28.773  -52.854  13.808 0.6999999881
137765  29.272  -71.917  10.938 0.5000000000
138025  36.139  -39.704  18.071 0.3000000119
138509  28.974  -48.367  13.059 0.5000000000
138597  34.368  -43.225  23.407 0.3000000119
138654  31.404  -69.836  16.724 0.8000000119
139707  36.428  -38.121  17.989 0.3000000119
140184  32.236  -66.850  19.901 0.6999999881
140402  36.020  -73.494  9.783 0.4000000060
140965  41.296  -69.041  16.258 0.4000000060
141184  35.705  -64.284  20.221 0.5000000000
141316  31.693  -71.435  22.041 0.6000000238
141339  31.544  -53.034  20.153 0.6999999881
141573  36.779  -67.921  7.599 0.8000000119
141748  28.411  -72.705  11.480 0.5000000000
141776  33.370  -45.604  21.070 0.3000000119
141818  35.499  -49.830  24.251 0.3000000119
141931  38.408  -59.870  16.556 0.6999999881
141992  33.789  -55.480  22.573 0.4000000060
141999  38.400  -61.347  19.449 0.6999999881
142023  30.503  -76.524  20.299 0.6999999881
142082  34.850  -65.243  9.950 1.0000000000
142289  36.845  -61.415  18.174 0.6999999881
142481  31.647  -67.073  18.322 0.8000000119
142856  40.497  -67.531  16.875 0.4000000060
143018  36.177  -45.389  24.105 0.4000000060
143062  34.383  -61.585  11.980 1.0000000000
143097  30.361  -63.151  11.102 0.6000000238
143126  35.656  -46.912  14.020 0.3000000119
143245  33.840  -42.343  22.969 0.3000000119
143370  38.874  -80.070  19.471 0.5000000000
143399  34.883  -38.263  20.271 0.3000000119
143471  32.102  -70.324  9.021 0.6000000238
143476  36.912  -59.989  15.977 0.6999999881
143873  30.791  -52.551  18.312 0.6999999881
144183  33.161  -68.536  22.127 0.6999999881
144215  43.670  -55.257  16.524 0.3000000119
144590  32.248  -64.775  19.440 0.6000000238
