#!ascii label  , from subject sub-v2s3x28847_ses-1 vox2ras=TkReg
1026
56237  -23.176  -24.772  93.787 0.0000000000
142616  -42.709  -12.888  83.453 0.0000000000
157655  -46.989  -5.549  77.311 0.0000000000
70022  -54.852  -12.895  71.384 0.0000000000
64155  -40.554  -17.217  85.254 0.0000000000
75288  -51.906  -7.489  73.088 0.0000000000
148116  -49.788  -4.382  65.635 0.0000000000
132034  -53.202  0.241  63.400 0.0000000000
66482  -45.948  -15.986  83.514 0.0000000000
145746  -47.898  -12.058  80.660 0.0000000000
149474  -44.497  -7.964  81.474 0.0000000000
151875  -22.179  -21.406  97.335 0.0000000000
150231  -24.801  -17.452  94.805 0.0000000000
64094  -28.966  -16.345  92.671 0.0000000000
61756  -33.010  -19.529  92.076 0.0000000000
58478  -36.273  -22.952  91.109 0.0000000000
59619  -39.295  -21.506  89.111 0.0000000000
157614  -42.258  -19.114  86.489 0.0000000000
69968  -48.403  -12.650  76.882 0.0000000000
135901  -56.117  0.581  62.392 0.0000000000
68790  -44.012  -13.477  85.202 0.0000000000
71035  -44.813  -10.685  83.868 0.0000000000
137139  -43.467  -10.450  83.532 0.0000000000
59571  -22.584  -21.706  93.759 0.0000000000
60643  -24.043  -19.485  95.868 0.0000000000
58514  -36.665  -22.491  89.078 0.0000000000
58491  -38.112  -22.136  90.309 0.0000000000
139627  -37.785  -20.074  88.545 0.0000000000
66464  -41.690  -15.145  84.657 0.0000000000
65286  -40.763  -16.741  88.090 0.0000000000
66433  -42.517  -14.588  86.875 0.0000000000
64157  -44.115  -17.524  85.058 0.0000000000
75196  -47.350  -6.841  79.602 0.0000000000
69923  -49.781  -12.618  79.000 0.0000000000
74187  -48.768  -7.950  77.588 0.0000000000
72251  -53.848  -10.259  72.656 0.0000000000
135834  -50.211  -11.024  73.454 0.0000000000
68877  -51.505  -13.657  72.394 0.0000000000
64348  -51.976  -17.017  70.862 0.0000000000
79589  -53.046  -3.104  68.072 0.0000000000
145006  -53.113  -6.679  67.410 0.0000000000
61833  -39.140  -19.286  85.439 0.0000000000
153738  -51.113  -12.483  70.044 0.0000000000
153586  -50.797  -1.663  64.568 0.0000000000
80688  -53.801  -1.427  66.735 0.0000000000
79669  -56.902  -3.592  60.694 0.0000000000
63039  -46.522  -18.075  82.298 0.0000000000
68802  -46.793  -13.834  82.351 0.0000000000
73158  -45.955  -9.072  82.119 0.0000000000
57298  -23.085  -22.573  96.719 0.0000000000
61727  -25.807  -18.251  94.050 0.0000000000
65260  -26.336  -15.825  93.328 0.0000000000
62900  -27.025  -17.436  93.093 0.0000000000
62903  -30.105  -17.649  93.241 0.0000000000
60666  -31.798  -20.176  93.339 0.0000000000
57326  -33.218  -23.043  93.104 0.0000000000
58476  -34.497  -22.346  92.279 0.0000000000
55179  -36.784  -25.019  90.478 0.0000000000
62959  -39.323  -18.408  88.610 0.0000000000
60727  -40.780  -20.031  87.502 0.0000000000
58558  -42.132  -22.881  85.475 0.0000000000
59669  -44.692  -21.739  85.241 0.0000000000
61845  -46.209  -20.034  83.936 0.0000000000
73242  -49.631  -8.845  75.121 0.0000000000
142207  -52.776  -9.174  66.861 0.0000000000
67877  -54.769  -13.612  68.389 0.0000000000
56226  -22.176  -24.225  95.088 0.0000000000
141254  -42.821  -12.382  85.755 0.0000000000
70991  -43.307  -11.534  85.102 0.0000000000
69875  -42.947  -12.021  83.444 0.0000000000
59651  -37.049  -22.136  87.148 0.0000000000
59630  -37.095  -21.312  89.200 0.0000000000
60725  -37.796  -20.350  87.728 0.0000000000
143582  -42.192  -13.776  84.166 0.0000000000
67669  -41.657  -14.178  87.113 0.0000000000
68784  -42.432  -12.821  86.110 0.0000000000
67684  -43.088  -14.289  86.333 0.0000000000
146219  -48.479  -7.370  78.328 0.0000000000
151059  -48.637  -5.458  77.416 0.0000000000
71190  -54.446  -11.737  71.958 0.0000000000
69999  -53.521  -12.299  73.269 0.0000000000
67787  -53.827  -14.403  72.374 0.0000000000
67800  -52.536  -15.461  71.801 0.0000000000
66636  -54.398  -15.118  71.406 0.0000000000
78521  -53.009  -4.376  66.344 0.0000000000
77443  -53.746  -6.006  66.439 0.0000000000
75394  -52.379  -7.482  64.861 0.0000000000
81757  -50.368  -1.540  62.857 0.0000000000
82784  -51.911  -0.404  64.410 0.0000000000
81718  -53.385  -0.821  66.533 0.0000000000
81720  -54.080  -0.449  65.589 0.0000000000
81746  -54.472  -1.144  65.051 0.0000000000
82788  -55.304  -0.050  64.185 0.0000000000
81768  -56.991  -0.943  62.006 0.0000000000
65349  -46.926  -17.137  82.964 0.0000000000
152902  -47.129  -16.339  82.656 0.0000000000
67701  -46.148  -14.766  83.120 0.0000000000
74128  -44.633  -9.000  83.403 0.0000000000
72143  -45.415  -9.853  83.184 0.0000000000
147343  -44.979  -8.124  82.753 0.0000000000
75158  -45.647  -6.735  81.111 0.0000000000
75174  -44.874  -6.820  80.815 0.0000000000
58435  -24.532  -22.455  97.117 0.0000000000
59541  -23.976  -21.249  97.395 0.0000000000
61714  -24.706  -18.604  95.977 0.0000000000
64105  -27.402  -16.882  90.981 0.0000000000
65270  -27.499  -15.716  93.038 0.0000000000
64070  -27.619  -15.768  93.692 0.0000000000
64081  -28.433  -16.192  93.895 0.0000000000
62915  -28.545  -17.860  92.994 0.0000000000
64082  -29.637  -16.900  93.168 0.0000000000
60667  -32.518  -19.448  93.072 0.0000000000
58456  -32.542  -21.836  93.252 0.0000000000
60658  -33.211  -21.087  93.340 0.0000000000
57357  -36.035  -22.755  91.109 0.0000000000
131154  -34.451  -22.171  90.702 0.0000000000
58477  -35.245  -22.729  91.631 0.0000000000
58469  -34.748  -22.995  92.339 0.0000000000
154369  -35.561  -23.918  91.836 0.0000000000
55168  -35.858  -25.242  91.395 0.0000000000
56266  -36.777  -23.828  91.075 0.0000000000
57373  -38.689  -22.435  89.597 0.0000000000
56290  -38.131  -23.693  89.737 0.0000000000
149658  -38.942  -23.078  88.280 0.0000000000
57399  -39.335  -22.478  88.071 0.0000000000
62978  -38.775  -18.467  87.455 0.0000000000
64141  -39.805  -16.977  87.358 0.0000000000
62973  -41.651  -18.043  87.289 0.0000000000
61796  -40.664  -18.854  88.060 0.0000000000
60741  -41.590  -19.991  86.676 0.0000000000
152766  -41.285  -21.314  86.028 0.0000000000
60756  -42.548  -20.587  85.798 0.0000000000
60757  -43.147  -20.157  85.667 0.0000000000
65335  -44.661  -16.869  84.536 0.0000000000
62992  -44.817  -18.520  84.693 0.0000000000
63014  -46.267  -18.438  83.623 0.0000000000
61861  -46.482  -19.276  83.022 0.0000000000
59557  -21.125  -21.653  96.286 0.0000000000
59548  -21.006  -21.914  97.405 0.0000000000
58423  -21.522  -22.356  97.479 0.0000000000
67712  -48.485  -14.437  81.024 0.0000000000
67718  -49.051  -14.158  80.370 0.0000000000
69955  -49.751  -12.539  78.285 0.0000000000
75273  -50.904  -6.851  73.247 0.0000000000
75241  -50.932  -6.523  75.343 0.0000000000
74257  -51.948  -7.664  74.241 0.0000000000
70009  -48.705  -12.853  72.666 0.0000000000
71166  -48.539  -11.647  73.578 0.0000000000
73355  -54.799  -8.556  66.219 0.0000000000
145221  -52.616  -7.363  67.262 0.0000000000
150526  -54.964  -10.098  66.684 0.0000000000
72318  -54.557  -10.671  67.243 0.0000000000
68979  -54.336  -12.813  67.293 0.0000000000
66685  -52.364  -15.145  67.876 0.0000000000
82816  -53.690  -0.363  61.727 0.0000000000
83899  -54.779  0.640  63.009 0.0000000000
141405  -55.270  0.396  61.520 0.0000000000
83921  -56.575  1.061  60.521 0.0000000000
67694  -44.502  -14.626  84.618 0.0000000000
68797  -45.210  -13.395  83.711 0.0000000000
69850  -44.351  -12.065  84.616 0.0000000000
72120  -44.221  -10.356  84.276 0.0000000000
73157  -44.175  -9.721  81.812 0.0000000000
59564  -21.795  -21.498  95.266 0.0000000000
60635  -23.304  -20.533  96.866 0.0000000000
131584  -24.192  -17.835  94.083 0.0000000000
58490  -36.786  -22.565  90.753 0.0000000000
58479  -37.426  -22.532  90.605 0.0000000000
60690  -37.407  -21.551  90.156 0.0000000000
59606  -38.116  -21.659  90.112 0.0000000000
60704  -38.408  -20.613  89.366 0.0000000000
65322  -40.715  -16.353  85.536 0.0000000000
65312  -40.421  -16.077  87.468 0.0000000000
66431  -41.009  -14.870  87.218 0.0000000000
66422  -41.702  -15.222  87.546 0.0000000000
64143  -42.254  -16.583  87.020 0.0000000000
62991  -43.473  -18.720  85.584 0.0000000000
65323  -43.181  -15.973  86.074 0.0000000000
67685  -43.760  -14.467  85.453 0.0000000000
58453  -21.452  -22.668  93.599 0.0000000000
72166  -47.623  -10.521  80.149 0.0000000000
71085  -48.991  -12.038  79.649 0.0000000000
141366  -48.324  -9.920  79.141 0.0000000000
72188  -48.775  -10.527  78.661 0.0000000000
72208  -48.629  -9.632  77.239 0.0000000000
74295  -52.664  -8.384  72.928 0.0000000000
73245  -52.401  -9.096  73.916 0.0000000000
72241  -53.288  -10.309  73.485 0.0000000000
69997  -51.569  -12.181  72.971 0.0000000000
79600  -51.067  -3.389  66.807 0.0000000000
145892  -50.755  -4.983  67.176 0.0000000000
77414  -52.976  -5.166  67.861 0.0000000000
75359  -54.551  -7.432  66.029 0.0000000000
154000  -42.797  -13.546  82.711 0.0000000000
152362  -42.544  -15.161  82.901 0.0000000000
76281  -47.805  -6.153  75.716 0.0000000000
73305  -50.915  -8.976  71.521 0.0000000000
72284  -51.893  -10.090  71.259 0.0000000000
71200  -52.843  -11.444  71.008 0.0000000000
70033  -53.157  -12.253  70.530 0.0000000000
80700  -49.921  -2.800  64.362 0.0000000000
80686  -52.072  -1.763  66.874 0.0000000000
80672  -53.565  -1.926  67.368 0.0000000000
78535  -52.393  -4.062  65.370 0.0000000000
82802  -56.172  -0.384  63.208 0.0000000000
80741  -56.225  -2.705  61.992 0.0000000000
64205  -46.858  -17.269  81.902 0.0000000000
66498  -47.815  -15.339  81.966 0.0000000000
68803  -47.498  -13.794  81.754 0.0000000000
69862  -45.535  -12.091  83.212 0.0000000000
157887  -46.264  -11.270  82.145 0.0000000000
153827  -46.768  -10.844  81.309 0.0000000000
74147  -46.382  -7.848  81.115 0.0000000000
76229  -46.352  -6.096  80.275 0.0000000000
71067  -43.790  -11.685  81.631 0.0000000000
72155  -44.423  -10.540  80.941 0.0000000000
74185  -44.705  -7.823  78.807 0.0000000000
57314  -23.084  -23.866  95.109 0.0000000000
56216  -25.121  -24.198  95.812 0.0000000000
61736  -25.744  -18.971  92.836 0.0000000000
62898  -23.630  -18.407  92.129 0.0000000000
62890  -24.123  -17.566  93.179 0.0000000000
64068  -25.564  -16.407  93.825 0.0000000000
62899  -26.138  -17.321  93.620 0.0000000000
60675  -29.728  -19.953  91.734 0.0000000000
152774  -31.238  -21.020  92.310 0.0000000000
61776  -32.880  -20.153  90.745 0.0000000000
150459  -33.771  -21.474  90.417 0.0000000000
60678  -33.822  -20.953  92.104 0.0000000000
59585  -33.818  -22.044  92.775 0.0000000000
56252  -33.778  -23.699  92.810 0.0000000000
56279  -37.854  -23.460  90.302 0.0000000000
61809  -38.166  -19.584  87.987 0.0000000000
61794  -38.347  -19.209  88.773 0.0000000000
60706  -39.541  -20.066  88.864 0.0000000000
64124  -40.400  -17.474  88.245 0.0000000000
61795  -40.338  -18.965  88.478 0.0000000000
59641  -39.989  -21.057  88.010 0.0000000000
58543  -40.199  -22.104  86.244 0.0000000000
58557  -41.201  -22.909  85.524 0.0000000000
58574  -45.025  -23.184  84.753 0.0000000000
136816  -44.300  -19.115  85.164 0.0000000000
60773  -45.684  -21.251  84.457 0.0000000000
58591  -45.640  -22.119  83.954 0.0000000000
60796  -45.784  -20.443  83.295 0.0000000000
57303  -21.600  -23.534  96.824 0.0000000000
76272  -50.128  -5.812  76.219 0.0000000000
156218  -49.351  -8.097  76.267 0.0000000000
71137  -48.203  -10.561  76.650 0.0000000000
72228  -50.896  -9.571  74.171 0.0000000000
72226  -48.483  -10.134  74.966 0.0000000000
68843  -47.672  -12.908  76.202 0.0000000000
68936  -51.584  -13.100  68.714 0.0000000000
68915  -53.800  -12.687  69.018 0.0000000000
76372  -51.161  -6.549  67.405 0.0000000000
74335  -50.669  -8.109  67.026 0.0000000000
72317  -52.997  -10.822  67.236 0.0000000000
70074  -55.020  -12.064  68.327 0.0000000000
68916  -55.341  -13.306  69.625 0.0000000000
67851  -53.656  -15.145  69.204 0.0000000000
56236  -22.371  -24.937  93.817 0.0000000000
69860  -42.658  -12.050  84.628 0.0000000000
71011  -42.903  -11.443  85.101 0.0000000000
59640  -37.421  -21.134  87.435 0.0000000000
59652  -37.456  -21.437  86.510 0.0000000000
68796  -42.369  -13.001  84.409 0.0000000000
68789  -41.988  -13.245  85.390 0.0000000000
137486  -42.450  -12.459  85.416 0.0000000000
149843  -46.950  -5.358  77.834 0.0000000000
77304  -48.121  -5.367  77.787 0.0000000000
77303  -47.772  -5.317  77.486 0.0000000000
147480  -54.599  -12.382  71.577 0.0000000000
68880  -54.557  -13.230  72.426 0.0000000000
146948  -54.734  -13.819  71.971 0.0000000000
67801  -54.142  -14.893  72.003 0.0000000000
67802  -54.643  -14.441  71.741 0.0000000000
77441  -52.349  -5.027  65.492 0.0000000000
77442  -53.209  -5.464  66.149 0.0000000000
82808  -52.387  -0.225  63.062 0.0000000000
82799  -52.601  0.116  63.986 0.0000000000
82785  -53.093  0.200  64.991 0.0000000000
82800  -53.548  0.480  64.358 0.0000000000
82787  -54.557  -0.048  64.734 0.0000000000
82786  -54.283  0.469  64.341 0.0000000000
65348  -46.246  -16.859  83.477 0.0000000000
152524  -46.702  -16.424  83.134 0.0000000000
143434  -45.696  -15.153  83.492 0.0000000000
74145  -44.488  -8.073  82.240 0.0000000000
74136  -45.000  -8.725  83.236 0.0000000000
75148  -44.834  -7.701  82.291 0.0000000000
135808  -44.751  -7.438  81.594 0.0000000000
74156  -44.677  -7.610  80.727 0.0000000000
59540  -22.849  -21.597  97.358 0.0000000000
62881  -24.945  -17.848  95.498 0.0000000000
64093  -27.973  -16.185  92.223 0.0000000000
65271  -28.410  -15.803  93.435 0.0000000000
65262  -27.939  -15.672  93.889 0.0000000000
64072  -28.436  -15.914  93.870 0.0000000000
138164  -28.774  -16.298  93.587 0.0000000000
65263  -29.008  -16.254  93.326 0.0000000000
61755  -32.783  -18.988  91.823 0.0000000000
61742  -32.691  -19.063  92.466 0.0000000000
61743  -32.935  -19.896  92.588 0.0000000000
60657  -32.876  -20.334  93.198 0.0000000000
60668  -33.428  -20.713  92.803 0.0000000000
57346  -35.443  -23.270  91.765 0.0000000000
57347  -36.191  -23.573  91.396 0.0000000000
56265  -35.987  -24.412  91.536 0.0000000000
57348  -36.931  -23.201  90.996 0.0000000000
58501  -38.874  -21.935  89.543 0.0000000000
57386  -39.022  -22.647  88.951 0.0000000000
58515  -39.212  -22.112  89.079 0.0000000000
58529  -39.597  -21.721  88.349 0.0000000000
139011  -39.306  -17.938  86.814 0.0000000000
64154  -39.908  -17.529  86.018 0.0000000000
61824  -41.718  -19.017  86.993 0.0000000000
60742  -42.338  -19.672  86.278 0.0000000000
61825  -42.813  -19.161  86.010 0.0000000000
65336  -45.303  -16.397  83.987 0.0000000000
64169  -45.662  -17.458  83.933 0.0000000000
64180  -46.486  -17.624  83.377 0.0000000000
59549  -21.619  -21.408  97.026 0.0000000000
156912  -21.564  -21.786  97.437 0.0000000000
59539  -21.942  -21.916  97.450 0.0000000000
68808  -48.195  -13.748  81.201 0.0000000000
68809  -48.726  -13.742  80.665 0.0000000000
69894  -48.492  -12.920  80.560 0.0000000000
69954  -49.192  -12.269  77.630 0.0000000000
68834  -50.207  -13.819  77.752 0.0000000000
68833  -49.244  -13.268  77.424 0.0000000000
67746  -49.395  -14.186  77.239 0.0000000000
138050  -51.504  -7.025  73.367 0.0000000000
76297  -51.473  -6.634  74.217 0.0000000000
75259  -51.972  -7.307  74.002 0.0000000000
77453  -49.038  -4.887  64.931 0.0000000000
72349  -54.851  -9.897  66.067 0.0000000000
73343  -54.679  -9.335  66.500 0.0000000000
71267  -55.206  -11.155  67.044 0.0000000000
68791  -44.540  -12.927  84.489 0.0000000000
141465  -43.875  -12.432  85.136 0.0000000000
71034  -43.362  -10.619  84.201 0.0000000000
71013  -43.791  -10.942  84.602 0.0000000000
72131  -43.719  -9.945  83.845 0.0000000000
73148  -43.964  -9.397  83.479 0.0000000000
72142  -43.747  -9.914  82.935 0.0000000000
144398  -22.503  -21.354  94.520 0.0000000000
136581  -23.688  -18.613  93.151 0.0000000000
58528  -36.694  -22.841  87.893 0.0000000000
57383  -36.212  -23.017  89.423 0.0000000000
57371  -36.499  -22.518  90.628 0.0000000000
156476  -36.620  -22.328  90.100 0.0000000000
59604  -37.170  -22.056  90.489 0.0000000000
59617  -36.954  -21.649  90.022 0.0000000000
60715  -37.594  -20.461  89.095 0.0000000000
60702  -37.344  -21.108  89.753 0.0000000000
60703  -37.664  -20.841  89.476 0.0000000000
60692  -38.032  -21.215  89.839 0.0000000000
61777  -37.917  -20.033  89.015 0.0000000000
140911  -41.205  -15.855  84.977 0.0000000000
156025  -40.816  -15.769  85.749 0.0000000000
66446  -40.942  -15.171  86.115 0.0000000000
67670  -41.923  -14.102  87.169 0.0000000000
67655  -41.659  -14.699  87.383 0.0000000000
66432  -42.032  -14.862  87.425 0.0000000000
65313  -41.994  -15.698  87.476 0.0000000000
142226  -42.562  -15.622  86.834 0.0000000000
138855  -42.797  -16.467  86.380 0.0000000000
147445  -43.253  -13.558  86.013 0.0000000000
66448  -43.538  -15.319  85.699 0.0000000000
66466  -44.352  -15.657  84.771 0.0000000000
59570  -21.848  -22.004  94.225 0.0000000000
73179  -47.335  -8.736  79.907 0.0000000000
73170  -47.760  -9.770  79.668 0.0000000000
73180  -47.922  -8.958  79.199 0.0000000000
146497  -48.854  -7.188  77.799 0.0000000000
74186  -48.490  -8.153  78.210 0.0000000000
73192  -48.554  -9.273  78.249 0.0000000000
72198  -48.752  -10.066  78.099 0.0000000000
73201  -48.677  -8.802  77.474 0.0000000000
73264  -53.530  -9.481  72.896 0.0000000000
73263  -53.366  -9.403  73.160 0.0000000000
72243  -53.836  -10.118  73.049 0.0000000000
70013  -53.067  -13.028  73.043 0.0000000000
69998  -52.601  -12.232  73.225 0.0000000000
68876  -50.444  -13.501  72.254 0.0000000000
67785  -50.991  -14.284  71.890 0.0000000000
79588  -52.510  -3.203  68.065 0.0000000000
78491  -52.150  -4.342  68.116 0.0000000000
144422  -52.706  -3.777  68.156 0.0000000000
73373  -54.663  -8.703  65.551 0.0000000000
67705  -42.715  -14.412  82.568 0.0000000000
70031  -51.134  -11.547  70.501 0.0000000000
70032  -52.058  -12.084  70.435 0.0000000000
81744  -50.407  -1.620  63.674 0.0000000000
80712  -49.908  -2.204  63.472 0.0000000000
80711  -49.640  -2.689  63.704 0.0000000000
80701  -50.499  -2.428  64.930 0.0000000000
80685  -50.976  -2.692  66.111 0.0000000000
80702  -51.348  -1.762  65.619 0.0000000000
81719  -53.867  -0.934  66.357 0.0000000000
81705  -53.536  -1.465  67.002 0.0000000000
152151  -53.677  -2.137  67.057 0.0000000000
79613  -53.257  -3.189  66.397 0.0000000000
80687  -53.538  -2.351  66.053 0.0000000000
79626  -52.703  -3.254  65.081 0.0000000000
80703  -53.998  -1.565  65.727 0.0000000000
80715  -54.692  -1.584  63.849 0.0000000000
83905  -55.504  0.580  62.321 0.0000000000
83894  -56.014  0.277  63.197 0.0000000000
82811  -56.623  0.015  62.496 0.0000000000
80743  -57.053  -1.921  61.511 0.0000000000
157634  -56.764  -1.751  62.034 0.0000000000
63038  -45.722  -18.445  81.784 0.0000000000
64204  -45.991  -17.648  81.401 0.0000000000
66497  -47.335  -15.538  82.437 0.0000000000
65362  -47.609  -16.076  82.088 0.0000000000
67707  -47.455  -14.686  82.194 0.0000000000
69878  -46.828  -12.852  81.938 0.0000000000
69861  -44.940  -12.281  83.931 0.0000000000
151486  -45.554  -12.925  83.251 0.0000000000
145486  -45.037  -11.475  83.769 0.0000000000
72144  -45.849  -9.896  82.484 0.0000000000
71055  -45.769  -10.727  82.706 0.0000000000
71069  -46.314  -10.766  81.961 0.0000000000
72156  -46.405  -10.072  81.694 0.0000000000
152956  -46.543  -9.538  81.306 0.0000000000
73159  -46.421  -8.722  81.304 0.0000000000
76228  -45.570  -6.029  80.392 0.0000000000
76211  -45.891  -6.165  80.686 0.0000000000
57305  -23.616  -23.088  95.855 0.0000000000
56215  -24.133  -23.783  95.285 0.0000000000
136088  -25.452  -22.643  97.031 0.0000000000
147833  -23.869  -20.045  96.481 0.0000000000
60655  -26.278  -20.408  94.496 0.0000000000
60654  -25.765  -19.605  93.465 0.0000000000
62911  -23.847  -17.970  91.379 0.0000000000
65253  -25.838  -15.960  93.453 0.0000000000
65254  -26.574  -16.052  93.477 0.0000000000
64080  -27.850  -16.196  93.880 0.0000000000
64079  -26.866  -16.184  93.501 0.0000000000
61737  -26.273  -18.650  92.414 0.0000000000
62913  -26.868  -18.699  92.150 0.0000000000
61738  -29.434  -18.235  92.919 0.0000000000
61752  -28.296  -18.974  92.122 0.0000000000
138116  -29.133  -19.269  92.129 0.0000000000
61753  -29.840  -19.118  92.547 0.0000000000
61741  -31.774  -19.422  93.379 0.0000000000
61729  -31.489  -18.666  93.311 0.0000000000
61740  -31.199  -19.243  93.274 0.0000000000
60665  -31.233  -20.269  92.872 0.0000000000
59583  -31.836  -21.196  93.046 0.0000000000
58457  -33.060  -22.312  93.342 0.0000000000
58467  -32.758  -22.692  93.075 0.0000000000
57335  -32.964  -23.459  92.813 0.0000000000
56250  -33.185  -24.178  92.443 0.0000000000
56241  -33.461  -23.785  92.759 0.0000000000
58489  -34.752  -22.090  91.652 0.0000000000
59603  -34.078  -21.522  91.436 0.0000000000
59593  -34.178  -21.691  92.185 0.0000000000
60669  -33.762  -21.361  92.621 0.0000000000
57337  -34.889  -23.752  92.257 0.0000000000
57336  -34.210  -23.447  92.716 0.0000000000
56253  -34.324  -24.418  92.543 0.0000000000
55156  -34.143  -25.336  92.305 0.0000000000
55178  -36.172  -25.572  90.919 0.0000000000
158122  -35.824  -26.279  90.878 0.0000000000
55189  -36.277  -25.989  90.349 0.0000000000
57359  -38.042  -22.711  90.412 0.0000000000
57358  -37.437  -23.233  90.676 0.0000000000
60740  -38.242  -20.138  86.427 0.0000000000
147487  -38.598  -19.637  86.033 0.0000000000
62970  -38.718  -18.426  88.240 0.0000000000
61810  -38.455  -18.875  87.912 0.0000000000
62958  -38.727  -18.619  88.622 0.0000000000
61778  -38.564  -19.635  89.086 0.0000000000
62945  -39.499  -18.820  88.796 0.0000000000
65300  -40.651  -16.336  87.899 0.0000000000
153608  -40.151  -16.592  87.957 0.0000000000
60717  -40.508  -19.534  88.102 0.0000000000
60716  -40.054  -19.806  88.511 0.0000000000
60726  -40.253  -20.293  88.122 0.0000000000
58530  -39.906  -21.551  87.426 0.0000000000
59642  -40.483  -20.618  87.487 0.0000000000
59666  -42.030  -21.938  85.500 0.0000000000
58544  -41.154  -22.022  85.706 0.0000000000
57429  -42.168  -23.741  85.590 0.0000000000
58560  -44.264  -22.625  85.368 0.0000000000
136875  -45.112  -22.535  85.113 0.0000000000
138373  -43.375  -17.830  85.639 0.0000000000
155444  -44.029  -18.347  85.247 0.0000000000
63004  -45.854  -19.205  84.186 0.0000000000
61836  -45.620  -20.306  84.464 0.0000000000
60774  -46.127  -20.955  84.077 0.0000000000
59680  -45.807  -21.775  84.181 0.0000000000
59681  -46.086  -21.287  83.962 0.0000000000
59710  -45.500  -21.409  83.545 0.0000000000
60787  -46.128  -20.495  83.737 0.0000000000
63026  -46.690  -18.484  82.887 0.0000000000
61860  -46.072  -19.616  82.856 0.0000000000
63025  -46.289  -18.861  82.588 0.0000000000
57297  -21.991  -22.742  97.179 0.0000000000
57304  -22.424  -23.380  96.022 0.0000000000
71100  -49.400  -12.000  79.186 0.0000000000
68815  -49.704  -13.330  79.448 0.0000000000
143123  -49.884  -13.105  79.122 0.0000000000
76282  -48.618  -5.890  75.386 0.0000000000
77323  -49.589  -5.366  76.071 0.0000000000
74237  -50.874  -7.253  75.300 0.0000000000
74221  -50.546  -6.857  75.831 0.0000000000
73228  -49.291  -8.541  75.781 0.0000000000
72207  -48.526  -9.366  76.232 0.0000000000
72217  -48.849  -9.374  75.351 0.0000000000
72239  -51.234  -10.564  73.623 0.0000000000
72238  -49.979  -10.324  73.894 0.0000000000
71158  -48.192  -10.995  74.464 0.0000000000
71157  -47.541  -11.593  75.170 0.0000000000
69978  -47.457  -12.264  75.641 0.0000000000
68850  -47.002  -13.080  75.356 0.0000000000
158105  -52.895  -12.883  69.343 0.0000000000
70073  -53.467  -12.398  68.338 0.0000000000
139552  -51.822  -5.840  67.738 0.0000000000
77429  -50.563  -5.696  67.104 0.0000000000
76373  -52.141  -6.557  67.594 0.0000000000
74336  -51.873  -8.365  66.981 0.0000000000
75338  -51.449  -7.300  67.267 0.0000000000
152537  -51.757  -9.395  66.933 0.0000000000
146258  -51.208  -10.103  66.990 0.0000000000
143867  -52.292  -10.093  67.004 0.0000000000
70096  -55.296  -12.012  67.655 0.0000000000
71250  -55.073  -11.482  67.599 0.0000000000
70075  -55.193  -12.373  68.262 0.0000000000
143677  -55.362  -12.824  69.029 0.0000000000
135200  -55.093  -13.804  69.221 0.0000000000
66666  -54.530  -14.699  69.714 0.0000000000
146331  -54.392  -14.383  68.879 0.0000000000
68786  -43.282  -12.764  85.750 0.0000000000
69841  -43.320  -12.069  85.409 0.0000000000
70990  -43.013  -11.548  85.270 0.0000000000
71033  -42.969  -11.257  84.436 0.0000000000
71052  -43.208  -11.171  83.462 0.0000000000
59639  -37.004  -21.803  88.175 0.0000000000
60724  -37.440  -20.765  88.403 0.0000000000
67693  -41.953  -14.387  84.426 0.0000000000
67683  -41.348  -14.340  86.540 0.0000000000
67692  -41.590  -14.160  85.547 0.0000000000
68779  -41.826  -13.482  86.571 0.0000000000
68780  -42.007  -13.473  86.752 0.0000000000
67671  -42.422  -13.743  86.715 0.0000000000
68785  -42.567  -13.097  86.301 0.0000000000
74170  -47.636  -7.878  79.402 0.0000000000
76251  -48.263  -6.009  78.420 0.0000000000
75209  -48.652  -6.553  78.109 0.0000000000
75210  -49.224  -6.262  77.398 0.0000000000
72264  -54.137  -11.006  72.330 0.0000000000
71171  -53.908  -11.691  73.286 0.0000000000
70000  -54.123  -12.328  73.145 0.0000000000
68865  -53.832  -13.004  73.069 0.0000000000
141160  -52.531  -13.750  72.577 0.0000000000
150414  -52.030  -14.530  72.159 0.0000000000
67786  -53.016  -14.587  72.361 0.0000000000
66634  -53.094  -15.921  71.523 0.0000000000
65501  -53.314  -16.074  71.225 0.0000000000
78507  -53.364  -3.750  67.205 0.0000000000
78508  -53.239  -4.308  67.626 0.0000000000
77430  -53.426  -4.920  66.913 0.0000000000
76402  -53.624  -6.339  65.800 0.0000000000
81745  -50.996  -0.977  63.520 0.0000000000
146414  -51.074  -1.077  64.228 0.0000000000
81733  -51.669  -1.035  65.103 0.0000000000
82768  -52.730  -0.390  65.632 0.0000000000
82769  -53.619  -0.285  65.776 0.0000000000
81735  -54.485  -0.706  65.083 0.0000000000
81747  -55.039  -0.974  64.360 0.0000000000
83906  -56.713  0.711  61.724 0.0000000000
82817  -57.150  0.067  61.731 0.0000000000
81769  -57.368  -0.998  61.368 0.0000000000
79676  -57.194  -3.849  60.055 0.0000000000
64191  -46.861  -17.516  82.601 0.0000000000
66483  -46.611  -15.599  83.021 0.0000000000
67706  -46.746  -14.746  82.670 0.0000000000
72132  -45.240  -10.015  83.682 0.0000000000
71054  -45.297  -10.412  83.432 0.0000000000
73150  -45.142  -9.331  83.420 0.0000000000
73151  -45.441  -9.157  82.935 0.0000000000
74137  -45.378  -8.397  82.627 0.0000000000
74146  -45.894  -8.086  81.908 0.0000000000
75149  -45.318  -7.649  82.081 0.0000000000
76227  -45.203  -6.408  80.619 0.0000000000
76239  -44.973  -6.445  80.166 0.0000000000
58424  -22.616  -22.139  97.244 0.0000000000
134408  -24.209  -22.706  96.710 0.0000000000
58434  -23.654  -22.280  97.097 0.0000000000
58425  -23.708  -21.950  97.315 0.0000000000
58426  -24.690  -21.957  97.299 0.0000000000
62892  -25.724  -17.437  94.503 0.0000000000
65261  -27.173  -15.757  93.518 0.0000000000
64071  -28.113  -15.812  93.987 0.0000000000
62901  -27.984  -17.132  93.396 0.0000000000
62902  -29.072  -16.975  93.488 0.0000000000
60656  -32.336  -19.993  93.395 0.0000000000
59574  -32.385  -20.924  93.380 0.0000000000
137887  -32.800  -20.757  93.409 0.0000000000
59575  -32.943  -21.478  93.444 0.0000000000
59576  -33.390  -21.953  93.257 0.0000000000
57370  -35.808  -22.899  90.240 0.0000000000
58499  -34.933  -22.825  89.938 0.0000000000
136429  -35.317  -22.509  90.981 0.0000000000
56264  -35.166  -24.638  92.038 0.0000000000
56277  -36.496  -24.688  91.006 0.0000000000
136805  -38.333  -22.395  90.105 0.0000000000
57372  -38.350  -22.945  90.008 0.0000000000
57385  -38.618  -23.290  89.139 0.0000000000
56311  -39.034  -23.254  87.070 0.0000000000
57413  -39.581  -22.670  86.584 0.0000000000
61823  -38.951  -18.844  86.396 0.0000000000
62989  -39.579  -18.461  85.668 0.0000000000
62971  -39.239  -17.719  87.894 0.0000000000
64132  -41.195  -16.629  87.929 0.0000000000
64125  -40.830  -17.249  88.148 0.0000000000
62972  -41.146  -17.550  87.893 0.0000000000
61811  -41.010  -19.294  87.554 0.0000000000
59654  -41.061  -20.646  86.734 0.0000000000
59655  -41.869  -20.992  85.910 0.0000000000
59667  -42.900  -21.680  85.451 0.0000000000
59668  -43.627  -21.253  85.414 0.0000000000
60758  -44.144  -20.662  85.314 0.0000000000
64168  -44.959  -17.727  84.476 0.0000000000
135470  -45.570  -18.276  84.204 0.0000000000
63005  -46.285  -19.273  83.626 0.0000000000
61852  -46.282  -19.660  83.397 0.0000000000
64181  -46.778  -18.075  83.064 0.0000000000
136416  -20.585  -22.292  95.530 0.0000000000
58440  -20.420  -22.153  96.854 0.0000000000
58433  -20.519  -22.405  97.626 0.0000000000
71114  -49.542  -12.035  78.745 0.0000000000
69924  -50.124  -13.305  78.776 0.0000000000
69956  -50.268  -13.417  78.265 0.0000000000
76305  -49.524  -6.400  73.970 0.0000000000
76296  -50.667  -5.700  75.076 0.0000000000
147954  -51.065  -6.108  74.483 0.0000000000
74238  -51.484  -6.994  74.649 0.0000000000
74256  -51.430  -7.920  74.693 0.0000000000
69996  -49.734  -11.725  73.132 0.0000000000
71167  -49.233  -10.999  73.735 0.0000000000
75339  -53.626  -7.490  66.967 0.0000000000
74338  -54.205  -8.377  66.601 0.0000000000
73342  -53.917  -9.097  66.763 0.0000000000
145184  -53.631  -9.961  67.006 0.0000000000
72319  -55.151  -10.763  67.048 0.0000000000
70112  -55.196  -11.734  67.297 0.0000000000
68980  -55.094  -12.166  67.467 0.0000000000
67850  -53.566  -14.548  68.239 0.0000000000
82809  -53.891  0.233  62.726 0.0000000000
83891  -54.104  0.577  63.664 0.0000000000
82810  -54.631  0.296  62.150 0.0000000000
82824  -55.756  0.556  60.783 0.0000000000
83912  -56.282  0.750  61.486 0.0000000000
83913  -56.895  1.098  60.978 0.0000000000
66467  -45.106  -15.446  84.013 0.0000000000
157099  -45.073  -14.713  83.964 0.0000000000
67695  -44.784  -13.912  84.264 0.0000000000
145521  -44.537  -11.405  84.296 0.0000000000
69849  -43.901  -11.574  84.827 0.0000000000
71014  -44.302  -10.779  84.351 0.0000000000
72121  -44.520  -10.162  84.010 0.0000000000
73137  -44.439  -9.460  83.690 0.0000000000
73149  -44.123  -8.892  82.802 0.0000000000
142657  -44.346  -8.734  81.668 0.0000000000
143611  -21.837  -21.247  96.226 0.0000000000
59550  -22.431  -20.882  96.777 0.0000000000
60642  -23.249  -20.345  95.944 0.0000000000
60648  -23.635  -19.792  94.935 0.0000000000
61720  -24.193  -18.788  95.206 0.0000000000
156797  -24.327  -18.117  94.784 0.0000000000
61764  -32.579  -19.357  90.910 0.0000000000
59605  -37.722  -21.813  90.324 0.0000000000
60691  -37.667  -21.344  89.999 0.0000000000
58500  -38.478  -22.028  89.920 0.0000000000
59618  -38.653  -21.456  89.608 0.0000000000
60705  -39.187  -20.838  89.213 0.0000000000
65333  -41.172  -16.906  84.680 0.0000000000
64142  -40.229  -16.589  86.353 0.0000000000
66445  -40.591  -15.683  86.588 0.0000000000
66420  -40.957  -15.493  87.628 0.0000000000
66421  -41.351  -15.296  87.581 0.0000000000
65301  -41.039  -16.027  87.850 0.0000000000
153587  -41.721  -16.355  87.565 0.0000000000
62979  -42.189  -17.625  86.800 0.0000000000
62980  -42.779  -18.200  86.144 0.0000000000
64144  -42.745  -17.269  86.258 0.0000000000
64156  -43.285  -16.921  85.716 0.0000000000
66447  -43.020  -15.151  86.415 0.0000000000
65324  -43.823  -16.388  85.277 0.0000000000
58441  -21.229  -21.955  95.089 0.0000000000
71083  -47.389  -11.181  80.701 0.0000000000
140676  -48.578  -12.192  80.143 0.0000000000
71084  -48.274  -11.453  79.983 0.0000000000
72167  -48.317  -10.676  79.514 0.0000000000
72176  -48.726  -10.702  79.075 0.0000000000
74171  -48.158  -8.083  78.749 0.0000000000
153554  -48.533  -9.996  78.782 0.0000000000
72177  -49.159  -11.339  78.962 0.0000000000
141705  -49.099  -11.143  78.496 0.0000000000
71126  -49.352  -11.647  78.177 0.0000000000
71125  -48.773  -11.317  77.514 0.0000000000
74294  -52.098  -8.117  72.666 0.0000000000
74258  -52.365  -8.092  73.777 0.0000000000
145959  -52.824  -8.788  73.389 0.0000000000
72230  -52.772  -9.726  73.661 0.0000000000
72240  -52.534  -10.482  73.609 0.0000000000
71170  -53.205  -11.337  73.452 0.0000000000
71169  -52.033  -11.404  73.367 0.0000000000
71168  -50.927  -11.528  73.208 0.0000000000
70010  -49.822  -12.657  72.617 0.0000000000
78520  -50.439  -3.628  66.035 0.0000000000
78505  -50.659  -4.261  66.763 0.0000000000
78490  -51.319  -4.532  67.604 0.0000000000
77413  -52.401  -5.080  68.004 0.0000000000
76374  -52.687  -5.840  67.761 0.0000000000
77415  -53.444  -5.409  67.310 0.0000000000
76375  -53.344  -6.118  67.371 0.0000000000
136858  -53.890  -7.000  66.960 0.0000000000
142255  -54.811  -7.974  66.069 0.0000000000
73374  -54.953  -9.186  65.871 0.0000000000
69890  -43.012  -12.819  82.390 0.0000000000
64166  -41.010  -17.699  84.376 0.0000000000
65334  -41.667  -16.649  84.076 0.0000000000
66481  -41.815  -15.922  84.119 0.0000000000
66465  -42.173  -15.389  83.649 0.0000000000
67699  -42.375  -14.507  83.482 0.0000000000
68801  -42.524  -13.715  83.417 0.0000000000
76280  -46.852  -6.547  76.076 0.0000000000
76270  -47.580  -5.670  76.635 0.0000000000
76293  -48.066  -6.599  74.955 0.0000000000
75258  -48.473  -6.929  74.179 0.0000000000
74293  -50.207  -7.602  72.549 0.0000000000
75300  -50.712  -7.935  72.308 0.0000000000
75301  -51.398  -7.945  72.459 0.0000000000
74307  -51.585  -8.546  72.058 0.0000000000
73306  -51.914  -9.250  71.636 0.0000000000
72262  -52.505  -9.812  71.613 0.0000000000
72263  -53.698  -10.493  72.076 0.0000000000
71189  -54.002  -11.275  71.774 0.0000000000
71202  -54.300  -12.099  71.392 0.0000000000
70035  -54.784  -12.772  70.899 0.0000000000
79624  -49.463  -3.327  64.117 0.0000000000
79612  -50.017  -3.346  65.080 0.0000000000
79601  -51.943  -2.604  67.500 0.0000000000
80661  -52.913  -2.403  67.940 0.0000000000
81717  -52.428  -1.052  66.294 0.0000000000
80670  -52.743  -1.872  67.594 0.0000000000
80662  -53.274  -2.433  67.786 0.0000000000
79602  -53.445  -2.679  67.445 0.0000000000
80713  -53.193  -2.513  64.771 0.0000000000
83892  -54.798  0.525  63.665 0.0000000000
82801  -55.767  -0.042  63.694 0.0000000000
81759  -56.084  -1.308  63.051 0.0000000000
81760  -56.574  -1.080  62.565 0.0000000000
64192  -47.272  -16.703  82.104 0.0000000000
65377  -47.643  -15.907  81.566 0.0000000000
67711  -47.966  -14.611  81.614 0.0000000000
69893  -47.646  -12.862  81.256 0.0000000000
67700  -45.466  -14.328  83.543 0.0000000000
68798  -45.997  -13.876  82.977 0.0000000000
140762  -46.093  -12.924  82.616 0.0000000000
71036  -45.443  -11.170  83.295 0.0000000000
69877  -46.096  -11.833  82.447 0.0000000000
69892  -46.880  -11.736  81.494 0.0000000000
72157  -46.924  -10.310  80.887 0.0000000000
73169  -47.036  -9.469  80.514 0.0000000000
74157  -46.907  -7.656  80.236 0.0000000000
75160  -46.383  -7.203  80.793 0.0000000000
75176  -46.681  -6.721  80.252 0.0000000000
76260  -46.289  -5.797  77.608 0.0000000000
69876  -43.297  -11.875  82.505 0.0000000000
71053  -43.558  -10.978  82.635 0.0000000000
71068  -44.161  -11.226  81.098 0.0000000000
72154  -44.013  -10.714  81.824 0.0000000000
73168  -44.667  -9.658  80.741 0.0000000000
135289  -44.697  -8.672  80.618 0.0000000000
74169  -44.868  -8.301  79.688 0.0000000000
75195  -44.808  -7.082  79.764 0.0000000000
76279  -45.869  -6.838  76.383 0.0000000000
56227  -23.621  -24.317  94.486 0.0000000000
56228  -24.623  -24.472  94.863 0.0000000000
59551  -23.049  -20.945  97.316 0.0000000000
62891  -24.910  -16.838  94.202 0.0000000000
62893  -30.591  -17.410  93.194 0.0000000000
61739  -30.439  -18.600  93.142 0.0000000000
61754  -30.544  -19.584  92.722 0.0000000000
58466  -32.189  -22.197  92.742 0.0000000000
57334  -32.457  -23.006  92.454 0.0000000000
61765  -32.982  -19.805  91.507 0.0000000000
59616  -34.090  -22.240  89.578 0.0000000000
60689  -33.396  -20.710  91.241 0.0000000000
60677  -33.386  -20.181  92.080 0.0000000000
59584  -33.518  -21.431  93.100 0.0000000000
58459  -33.639  -22.643  93.049 0.0000000000
58468  -34.066  -22.785  92.778 0.0000000000
57328  -33.756  -23.117  92.943 0.0000000000
57327  -33.553  -23.150  93.000 0.0000000000
56251  -33.817  -24.552  92.566 0.0000000000
56278  -37.233  -24.111  90.656 0.0000000000
56289  -37.527  -24.492  89.959 0.0000000000
55190  -36.889  -25.365  89.943 0.0000000000
60739  -37.841  -20.650  86.847 0.0000000000
61821  -38.122  -20.006  87.181 0.0000000000
62957  -38.397  -18.983  88.526 0.0000000000
61793  -38.012  -19.671  88.770 0.0000000000
153783  -39.037  -20.132  89.200 0.0000000000
65299  -39.803  -17.066  88.007 0.0000000000
64123  -39.721  -17.668  88.279 0.0000000000
62961  -40.601  -18.088  88.209 0.0000000000
62960  -40.003  -18.346  88.555 0.0000000000
61780  -39.836  -19.214  88.738 0.0000000000
59631  -39.678  -20.725  88.627 0.0000000000
156255  -39.603  -21.259  88.599 0.0000000000
58542  -39.659  -22.025  87.372 0.0000000000
59653  -40.505  -21.249  86.740 0.0000000000
61834  -43.726  -19.645  85.461 0.0000000000
61844  -45.051  -19.433  84.708 0.0000000000
61835  -44.634  -20.042  85.022 0.0000000000
60759  -45.075  -21.032  84.946 0.0000000000
59709  -44.391  -21.403  82.791 0.0000000000
60797  -46.175  -19.880  83.279 0.0000000000
60795  -44.882  -20.684  82.722 0.0000000000
56214  -21.711  -24.164  95.761 0.0000000000
68814  -49.224  -13.334  80.063 0.0000000000
77311  -48.424  -5.308  76.909 0.0000000000
77313  -49.486  -5.470  76.530 0.0000000000
75229  -49.845  -6.316  76.626 0.0000000000
76283  -50.619  -5.909  75.502 0.0000000000
74220  -49.994  -6.912  76.414 0.0000000000
131461  -49.277  -7.757  76.782 0.0000000000
73213  -48.885  -8.602  76.620 0.0000000000
146321  -48.257  -11.710  76.851 0.0000000000
147804  -52.099  -8.235  74.193 0.0000000000
73243  -50.574  -8.744  74.688 0.0000000000
72227  -49.524  -9.569  74.577 0.0000000000
71159  -48.981  -10.381  74.287 0.0000000000
71147  -47.928  -10.764  75.542 0.0000000000
69967  -47.764  -11.484  76.035 0.0000000000
70052  -51.798  -12.739  69.900 0.0000000000
70053  -52.566  -12.706  69.959 0.0000000000
147313  -53.671  -12.708  69.887 0.0000000000
77428  -50.078  -5.117  66.484 0.0000000000
76390  -49.706  -5.974  66.437 0.0000000000
75357  -50.292  -6.570  66.977 0.0000000000
75337  -50.466  -7.282  67.070 0.0000000000
75356  -49.665  -7.387  66.771 0.0000000000
72316  -51.701  -10.922  67.185 0.0000000000
71248  -52.277  -11.657  67.435 0.0000000000
71249  -53.693  -11.458  67.539 0.0000000000
70095  -54.196  -11.826  67.921 0.0000000000
70054  -55.022  -12.613  69.317 0.0000000000
70055  -55.132  -12.910  69.890 0.0000000000
67833  -55.330  -13.619  70.411 0.0000000000
66655  -54.597  -15.056  70.669 0.0000000000
66654  -53.868  -15.699  71.051 0.0000000000
65517  -53.123  -16.350  70.744 0.0000000000
66675  -52.757  -15.557  68.746 0.0000000000
66664  -53.017  -16.019  69.763 0.0000000000
64367  -51.879  -17.112  70.448 0.0000000000
57428  -41.340  -23.682  85.570 0.0000000000
58458  -33.397  -22.636  93.178 0.0000000000
59694  -45.903  -21.728  83.973 0.0000000000
61779  -39.252  -19.424  89.025 0.0000000000
61822  -38.423  -19.315  87.041 0.0000000000
62944  -38.893  -18.872  88.950 0.0000000000
63015  -46.555  -18.917  83.166 0.0000000000
64122  -39.087  -18.162  88.342 0.0000000000
64133  -41.697  -17.111  87.499 0.0000000000
65285  -40.281  -16.929  88.131 0.0000000000
65302  -41.460  -15.831  87.676 0.0000000000
65499  -51.996  -16.813  71.139 0.0000000000
65500  -52.662  -16.556  71.111 0.0000000000
65516  -52.404  -16.792  70.773 0.0000000000
65526  -52.433  -16.694  70.210 0.0000000000
66512  -48.637  -14.786  80.635 0.0000000000
66616  -53.471  -15.211  72.010 0.0000000000
66635  -53.721  -15.508  71.561 0.0000000000
66665  -53.799  -15.540  70.221 0.0000000000
67654  -41.336  -14.863  87.378 0.0000000000
67788  -54.350  -14.102  72.255 0.0000000000
67803  -55.027  -13.939  71.435 0.0000000000
67817  -55.002  -14.529  71.080 0.0000000000
67818  -55.305  -13.999  70.849 0.0000000000
67832  -55.201  -14.184  70.220 0.0000000000
68818  -50.178  -13.761  79.068 0.0000000000
68844  -48.425  -13.562  76.750 0.0000000000
68866  -54.251  -12.907  72.908 0.0000000000
68878  -53.455  -13.729  72.695 0.0000000000
68879  -54.086  -13.579  72.688 0.0000000000
68886  -54.853  -13.289  71.746 0.0000000000
68887  -55.157  -13.404  71.034 0.0000000000
68914  -52.090  -13.052  69.332 0.0000000000
68917  -55.222  -13.145  70.439 0.0000000000
68937  -52.593  -12.879  68.801 0.0000000000
68938  -55.407  -13.012  68.681 0.0000000000
68963  -55.157  -12.708  67.877 0.0000000000
69839  -42.805  -11.972  85.511 0.0000000000
69840  -43.026  -11.862  85.463 0.0000000000
69908  -48.994  -12.597  79.964 0.0000000000
69909  -49.469  -12.679  79.462 0.0000000000
69939  -49.895  -12.795  78.655 0.0000000000
70001  -54.447  -12.366  72.792 0.0000000000
70011  -50.991  -12.835  72.592 0.0000000000
70012  -52.070  -12.946  72.794 0.0000000000
70014  -54.681  -12.461  72.109 0.0000000000
70034  -54.292  -12.529  70.550 0.0000000000
70036  -55.060  -13.039  70.923 0.0000000000
71012  -43.239  -11.067  84.820 0.0000000000
71081  -44.111  -11.783  80.820 0.0000000000
71082  -44.515  -11.284  80.404 0.0000000000
71099  -48.877  -11.399  79.355 0.0000000000
71172  -54.236  -11.617  73.060 0.0000000000
71182  -54.409  -11.651  72.574 0.0000000000
71201  -53.695  -11.772  71.213 0.0000000000
71235  -55.270  -11.884  67.842 0.0000000000
71251  -55.159  -11.633  67.366 0.0000000000
71266  -55.045  -11.468  66.957 0.0000000000
72119  -43.801  -10.298  84.244 0.0000000000
72197  -48.883  -10.691  77.852 0.0000000000
72229  -52.048  -9.638  73.919 0.0000000000
72242  -53.881  -10.835  73.242 0.0000000000
72285  -52.656  -10.522  71.374 0.0000000000
72286  -53.384  -10.893  71.566 0.0000000000
73127  -43.759  -9.487  83.905 0.0000000000
73128  -44.305  -9.880  84.026 0.0000000000
73138  -44.835  -9.362  83.577 0.0000000000
73191  -48.317  -9.112  78.696 0.0000000000
73229  -50.290  -8.102  75.264 0.0000000000
73244  -51.729  -8.785  74.318 0.0000000000
73262  -53.114  -9.496  73.450 0.0000000000
73283  -53.017  -9.014  72.622 0.0000000000
73307  -52.763  -9.382  72.017 0.0000000000
73308  -53.376  -9.734  72.343 0.0000000000
73356  -54.879  -9.421  66.252 0.0000000000
74127  -44.000  -8.853  83.342 0.0000000000
74135  -44.523  -8.415  82.975 0.0000000000
74202  -49.425  -7.026  77.163 0.0000000000
74236  -49.904  -7.573  75.933 0.0000000000
74277  -52.578  -8.289  73.352 0.0000000000
74278  -53.003  -8.719  73.113 0.0000000000
74306  -50.753  -8.404  71.938 0.0000000000
74308  -52.371  -8.737  72.302 0.0000000000
74337  -53.223  -8.245  66.862 0.0000000000
74370  -54.754  -8.080  65.787 0.0000000000
74371  -54.997  -8.616  65.953 0.0000000000
75159  -45.904  -7.290  81.405 0.0000000000
75175  -46.137  -6.634  80.806 0.0000000000
75197  -48.089  -6.924  78.841 0.0000000000
75230  -50.444  -6.354  75.990 0.0000000000
75260  -52.260  -7.735  73.478 0.0000000000
75274  -52.519  -8.130  73.155 0.0000000000
75287  -51.163  -7.386  72.778 0.0000000000
75289  -52.388  -7.947  73.179 0.0000000000
75358  -54.321  -7.778  66.491 0.0000000000
76210  -45.457  -6.417  80.846 0.0000000000
76241  -47.620  -6.090  79.063 0.0000000000
76249  -45.068  -6.409  79.432 0.0000000000
76252  -48.760  -6.050  77.944 0.0000000000
76261  -49.029  -5.567  77.289 0.0000000000
76269  -46.489  -6.108  76.844 0.0000000000
76271  -49.578  -5.819  76.792 0.0000000000
76284  -51.110  -6.173  74.840 0.0000000000
76295  -50.138  -5.719  74.764 0.0000000000
76306  -50.607  -6.193  74.002 0.0000000000
76307  -51.319  -6.571  73.839 0.0000000000
76415  -52.939  -6.828  65.294 0.0000000000
77271  -46.051  -5.763  80.186 0.0000000000
77272  -46.545  -5.809  79.794 0.0000000000
77279  -45.293  -6.062  80.028 0.0000000000
77295  -48.358  -5.530  77.966 0.0000000000
77305  -48.976  -5.346  77.025 0.0000000000
77312  -49.034  -5.300  76.717 0.0000000000
77321  -48.736  -5.408  76.167 0.0000000000
77412  -51.470  -5.227  67.716 0.0000000000
78492  -52.781  -4.422  68.105 0.0000000000
78493  -52.994  -3.887  68.013 0.0000000000
78506  -51.672  -3.720  67.729 0.0000000000
79590  -53.179  -3.281  67.771 0.0000000000
80671  -53.276  -1.862  67.587 0.0000000000
80732  -56.416  -1.986  62.365 0.0000000000
80742  -56.696  -2.435  61.704 0.0000000000
81704  -53.043  -1.335  67.207 0.0000000000
81732  -50.147  -2.205  64.095 0.0000000000
81734  -54.172  -0.949  65.958 0.0000000000
81736  -54.987  -0.470  64.430 0.0000000000
81748  -55.585  -0.612  63.774 0.0000000000
82822  -54.324  -0.347  61.219 0.0000000000
83885  -54.928  0.316  64.187 0.0000000000
83893  -55.428  0.313  63.715 0.0000000000
83900  -55.447  0.553  63.048 0.0000000000
133433  -41.105  -18.459  87.723 0.0000000000
134517  -53.143  -10.066  71.803 0.0000000000
136782  -40.734  -15.459  87.353 0.0000000000
137265  -48.898  -12.216  72.989 0.0000000000
138557  -47.329  -5.329  78.167 0.0000000000
139910  -44.911  -10.514  80.019 0.0000000000
140142  -48.528  -5.341  77.113 0.0000000000
140579  -50.890  -9.148  66.967 0.0000000000
141498  -53.898  0.259  65.107 0.0000000000
142578  -51.045  -5.995  67.470 0.0000000000
143339  -54.184  -10.873  72.895 0.0000000000
143381  -54.672  -10.013  67.017 0.0000000000
145676  -46.783  -8.490  80.602 0.0000000000
146900  -51.768  -7.090  73.681 0.0000000000
147674  -53.070  -4.581  67.880 0.0000000000
148010  -50.629  -12.167  72.848 0.0000000000
148812  -41.302  -14.917  85.522 0.0000000000
149697  -49.857  -13.039  77.892 0.0000000000
150433  -47.829  -12.189  76.322 0.0000000000
150806  -47.139  -16.793  82.458 0.0000000000
151340  -48.255  -9.998  75.735 0.0000000000
151606  -42.210  -18.537  86.622 0.0000000000
151806  -46.000  -21.124  83.796 0.0000000000
152463  -42.856  -13.620  86.431 0.0000000000
152652  -54.359  -7.374  66.373 0.0000000000
152994  -53.597  -10.029  73.261 0.0000000000
153779  -45.096  -6.945  81.400 0.0000000000
155174  -25.108  -16.419  93.751 0.0000000000
156364  -50.750  -5.840  74.641 0.0000000000
157786  -44.611  -9.757  83.806 0.0000000000
157787  -52.315  -3.764  68.156 0.0000000000
158093  -45.491  -7.167  81.506 0.0000000000
