#!ascii label  , from subject sub-v2s3x28847_ses-1 vox2ras=TkReg
1525
3445  -27.299  -84.982  9.393 0.5000000000
3926  -26.491  -85.055  9.495 0.6000000238
5605  -32.679  -81.913  12.360 0.3000000119
142377  -25.139  -86.004  9.490 0.5000000000
5015  -31.191  -83.064  9.947 0.4000000060
5016  -31.878  -82.404  9.936 0.4000000060
5626  -32.515  -81.746  10.149 0.4000000060
5616  -32.718  -81.485  11.432 0.3000000119
5636  -32.227  -81.968  9.316 0.4000000060
4437  -27.787  -83.254  11.379 0.5000000000
154996  -27.607  -83.786  10.284 0.5000000000
4447  -26.994  -84.474  9.691 0.5000000000
4430  -27.528  -83.182  12.225 0.6000000238
4436  -27.105  -83.738  11.431 0.5000000000
3920  -26.252  -84.699  9.866 0.6000000238
4996  -33.284  -82.416  13.017 0.3000000119
3910  -25.699  -84.607  10.637 0.5000000000
4460  -30.947  -82.826  9.275 0.5000000000
4451  -30.679  -83.224  9.568 0.5000000000
5606  -33.475  -81.531  12.425 0.3000000119
3901  -26.281  -84.195  11.621 0.6000000238
3919  -25.562  -84.998  9.782 0.5000000000
5026  -31.524  -82.324  9.050 0.5000000000
5025  -31.378  -82.635  9.426 0.4000000060
5637  -32.928  -81.415  9.619 0.4000000060
5627  -33.150  -81.100  10.507 0.3000000119
5617  -33.572  -80.849  11.617 0.3000000119
5645  -31.438  -81.830  8.709 0.4000000060
5646  -32.215  -81.673  8.791 0.4000000060
5647  -33.075  -81.252  8.975 0.4000000060
6264  -27.436  -79.974  10.584 0.6999999881
152166  -28.453  -80.684  11.809 0.6999999881
134876  -28.885  -81.214  11.485 0.6999999881
3927  -27.845  -84.554  9.504 0.5000000000
6248  -26.551  -80.212  11.120 0.6999999881
6249  -27.687  -80.156  11.577 0.6999999881
5604  -28.488  -81.349  12.301 0.8000000119
5005  -28.125  -82.646  11.996 0.5000000000
4994  -27.870  -82.621  12.755 0.6999999881
3936  -28.500  -84.384  9.469 0.5000000000
6225  -27.684  -80.792  13.238 0.6999999881
4457  -29.098  -83.752  9.413 0.4000000060
4459  -30.320  -83.302  9.439 0.5000000000
4997  -34.501  -82.247  13.062 0.3000000119
4982  -27.082  -82.687  13.890 0.6000000238
5035  -30.207  -82.971  9.260 0.5000000000
5036  -30.879  -82.566  9.075 0.5000000000
5607  -34.510  -81.146  12.404 0.3000000119
4418  -26.551  -83.455  13.377 0.5000000000
5644  -30.830  -81.784  8.707 0.5000000000
6294  -30.588  -80.380  7.920 0.4000000060
6286  -31.094  -81.067  8.322 0.4000000060
136879  -32.710  -80.813  8.386 0.4000000060
157691  -33.726  -80.588  9.047 0.4000000060
6277  -33.579  -80.758  9.779 0.4000000060
6295  -31.372  -80.297  7.885 0.3000000119
6287  -31.849  -81.004  8.354 0.4000000060
7610  -24.036  -79.591  9.800 0.5000000000
6261  -24.191  -80.764  9.842 0.6000000238
6914  -24.765  -79.986  8.534 0.6000000238
6263  -26.085  -80.361  10.076 0.6000000238
135997  -24.202  -78.805  10.602 0.5000000000
151517  -23.589  -79.851  10.504 0.5000000000
6901  -23.840  -80.502  10.155 0.6000000238
6262  -24.898  -80.788  9.766 0.6000000238
145410  -25.366  -80.728  10.525 0.6999999881
5013  -28.425  -82.783  10.886 0.6000000238
4410  -35.560  -83.471  14.612 0.3000000119
7583  -23.120  -78.902  12.220 0.6999999881
7602  -23.511  -79.254  11.359 0.6000000238
6889  -23.340  -80.631  11.157 0.6000000238
6245  -23.767  -81.040  10.705 0.6000000238
141895  -24.415  -81.002  10.507 0.6999999881
6235  -26.189  -80.354  12.572 0.6999999881
5624  -29.347  -81.710  10.061 0.6000000238
5014  -28.937  -82.507  10.093 0.6000000238
4449  -28.470  -83.953  9.499 0.5000000000
152222  -24.082  -77.945  13.260 0.6999999881
7601  -22.825  -80.137  11.702 0.6000000238
6880  -22.735  -80.891  12.003 0.6000000238
6232  -23.353  -81.070  11.595 0.6000000238
6234  -24.943  -80.734  12.244 0.6999999881
6224  -26.785  -80.389  13.463 0.6999999881
5034  -29.666  -83.205  9.378 0.5000000000
8286  -23.315  -78.237  13.027 0.6999999881
7590  -21.880  -79.781  12.902 0.6000000238
6206  -22.228  -80.504  13.666 0.6999999881
6222  -23.770  -80.770  13.051 0.6000000238
132860  -25.085  -80.089  13.968 0.6000000238
4973  -27.387  -81.984  14.108 0.6999999881
5635  -29.765  -81.517  9.362 0.5000000000
5643  -30.303  -81.611  8.901 0.5000000000
6207  -23.920  -80.224  14.020 0.6000000238
6209  -26.679  -80.519  14.365 0.6000000238
4972  -26.725  -82.174  14.623 0.6000000238
4408  -26.218  -83.118  14.193 0.6000000238
6284  -29.858  -80.779  8.652 0.5000000000
6250  -34.359  -80.377  11.508 0.3000000119
6854  -21.770  -80.097  14.222 0.6999999881
136932  -22.553  -80.021  14.525 0.6000000238
150023  -22.931  -80.411  14.045 0.6000000238
6836  -25.089  -79.588  15.039 0.6000000238
6194  -25.900  -80.085  15.644 0.5000000000
5572  -25.843  -80.860  16.066 0.5000000000
4971  -25.770  -82.695  14.842 0.5000000000
4417  -25.635  -83.760  13.606 0.5000000000
6285  -30.472  -80.980  8.446 0.5000000000
7640  -32.012  -78.578  7.724 0.3000000119
6945  -31.701  -79.416  7.619 0.3000000119
6296  -32.228  -80.134  7.877 0.3000000119
6932  -33.821  -79.564  8.044 0.4000000060
6288  -33.493  -80.444  8.490 0.4000000060
4407  -25.256  -83.411  14.358 0.5000000000
7639  -31.177  -78.739  7.616 0.3000000119
6944  -30.843  -79.594  7.614 0.3000000119
139435  -25.019  -77.701  10.721 0.5000000000
8316  -25.166  -77.181  9.816 0.5000000000
8330  -24.786  -78.069  8.902 0.5000000000
8297  -25.417  -76.514  12.637 0.5000000000
153321  -24.987  -77.486  12.352 0.5000000000
8304  -24.607  -78.063  11.543 0.5000000000
8315  -24.590  -78.443  9.778 0.5000000000
7619  -24.413  -79.124  9.075 0.5000000000
6282  -25.330  -80.129  8.477 0.6000000238
6915  -26.143  -80.151  8.664 0.6000000238
8287  -24.812  -77.406  13.193 0.5000000000
6916  -27.197  -79.839  8.683 0.6000000238
6266  -28.981  -80.386  10.208 0.8000000119
4962  -35.286  -82.830  15.100 0.3000000119
9031  -24.588  -77.150  14.054 0.6000000238
8296  -24.216  -78.184  12.419 0.6000000238
6929  -27.443  -79.624  7.943 0.4000000060
4974  -36.273  -82.783  14.421 0.3000000119
8278  -23.716  -77.527  13.925 0.6999999881
6275  -28.836  -80.169  9.310 0.5000000000
156799  -29.228  -81.136  10.808 0.6000000238
4987  -35.830  -83.172  13.805 0.3000000119
4998  -35.662  -82.468  13.285 0.3000000119
8277  -22.611  -77.431  14.013 0.6999999881
6930  -28.487  -79.841  7.972 0.4000000060
139642  -35.618  -81.539  12.686 0.3000000119
8284  -21.795  -78.128  13.577 0.6000000238
7581  -21.482  -79.166  13.575 0.6999999881
6283  -29.145  -80.240  8.415 0.4000000060
6267  -33.718  -80.526  10.810 0.3000000119
8276  -21.026  -77.815  14.333 0.6000000238
7572  -21.063  -78.981  14.413 0.6999999881
6834  -23.411  -79.083  15.667 0.6000000238
6835  -24.564  -79.120  15.842 0.5000000000
6819  -25.258  -79.452  16.078 0.5000000000
139746  -25.468  -82.334  15.377 0.6000000238
6931  -29.207  -79.976  7.852 0.4000000060
6293  -29.931  -80.407  8.013 0.4000000060
8346  -30.379  -77.855  8.201 0.3000000119
7629  -31.337  -78.269  7.905 0.3000000119
7630  -32.289  -78.207  7.947 0.3000000119
6947  -33.399  -79.007  7.662 0.4000000060
6268  -34.246  -80.103  10.536 0.3000000119
7554  -22.558  -78.753  16.093 0.6000000238
7512  -24.147  -78.722  17.263 0.5000000000
6805  -24.413  -79.282  17.514 0.5000000000
6184  -25.395  -80.329  16.514 0.5000000000
136942  -24.877  -82.252  15.785 0.5000000000
4970  -24.772  -82.998  15.080 0.6000000238
4406  -24.310  -83.625  14.415 0.5000000000
6943  -29.900  -79.695  7.642 0.3000000119
145383  -30.377  -78.850  7.546 0.3000000119
7532  -23.574  -78.471  16.777 0.5000000000
5551  -24.845  -80.007  17.261 0.5000000000
4945  -24.256  -81.993  16.356 0.5000000000
5563  -23.709  -81.625  16.956 0.5000000000
9826  -26.340  -75.331  12.752 0.5000000000
136081  -25.781  -75.746  11.919 0.5000000000
9063  -25.527  -75.943  10.272 0.5000000000
9075  -25.344  -76.107  9.273 0.5000000000
8331  -25.090  -77.090  8.796 0.5000000000
140654  -25.053  -77.695  8.184 0.5000000000
9803  -25.743  -75.440  13.736 0.5000000000
8305  -25.375  -76.899  11.622 0.5000000000
8344  -25.131  -78.388  7.858 0.4000000060
145427  -25.326  -76.306  13.579 0.5000000000
6939  -25.623  -78.996  7.712 0.4000000060
5585  -34.857  -81.693  14.907 0.3000000119
5586  -35.812  -81.980  14.806 0.3000000119
9025  -25.132  -75.957  14.582 0.6000000238
6940  -26.417  -79.406  7.791 0.4000000060
9012  -23.766  -76.260  15.277 0.6000000238
9024  -24.208  -76.692  14.786 0.6000000238
4988  -36.656  -82.674  14.024 0.3000000119
148228  -36.346  -82.744  13.765 0.3000000119
9023  -23.348  -76.802  14.674 0.6000000238
9783  -22.193  -75.896  14.672 0.6000000238
138274  -28.490  -78.690  7.534 0.4000000060
140170  -29.082  -79.400  7.616 0.4000000060
6237  -35.252  -80.482  12.109 0.3000000119
139708  -21.782  -77.258  14.111 0.6999999881
7638  -29.525  -78.782  7.537 0.3000000119
8359  -30.008  -78.090  7.745 0.3000000119
9845  -25.947  -75.356  11.288 0.5000000000
9052  -25.692  -75.842  11.127 0.5000000000
134199  -25.881  -75.162  10.598 0.5000000000
9879  -25.453  -75.081  8.777 0.4000000060
9804  -26.050  -75.220  13.521 0.5000000000
9088  -25.343  -76.371  8.257 0.4000000060
141038  -25.401  -77.258  7.817 0.4000000060
9785  -26.415  -75.168  14.203 0.6000000238
8354  -25.793  -77.986  7.587 0.4000000060
7636  -26.567  -78.626  7.553 0.4000000060
4975  -36.866  -82.274  14.291 0.3000000119
153513  -36.392  -82.465  14.525 0.3000000119
9011  -22.950  -76.034  15.223 0.6000000238
6941  -27.442  -79.132  7.620 0.4000000060
7637  -27.525  -78.175  7.513 0.4000000060
8358  -29.118  -77.853  7.680 0.4000000060
9021  -21.486  -76.591  14.323 0.6000000238
135108  -26.720  -75.288  11.867 0.5000000000
9846  -26.251  -75.051  10.896 0.5000000000
152672  -26.613  -74.472  9.897 0.4000000060
9880  -25.794  -74.137  9.232 0.4000000060
9805  -26.888  -75.348  13.481 0.5000000000
9827  -27.371  -75.486  12.684 0.5000000000
9893  -25.873  -74.364  8.323 0.4000000060
9784  -25.805  -75.141  14.301 0.6000000238
9768  -26.942  -75.252  15.033 0.6000000238
9786  -27.500  -75.536  14.346 0.6000000238
153463  -25.830  -75.131  7.796 0.4000000060
9767  -25.356  -75.093  15.133 0.6000000238
10589  -26.076  -74.862  14.884 0.6000000238
9092  -27.316  -76.168  7.467 0.4000000060
8356  -27.500  -77.167  7.465 0.4000000060
9766  -24.409  -75.742  15.442 0.6000000238
9093  -28.081  -76.532  7.548 0.4000000060
8357  -28.280  -77.550  7.566 0.4000000060
9094  -28.700  -76.743  7.835 0.4000000060
5608  -36.453  -81.936  13.187 0.3000000119
6239  -36.969  -81.201  12.805 0.3000000119
9765  -23.616  -75.554  15.687 0.6000000238
8345  -29.318  -77.154  8.218 0.4000000060
6251  -35.984  -79.971  11.855 0.3000000119
6238  -36.234  -80.941  12.461 0.3000000119
141787  -22.437  -75.402  15.106 0.6000000238
9782  -21.355  -75.884  14.294 0.6000000238
10587  -22.164  -74.190  14.606 0.6999999881
11304  -23.135  -73.576  16.375 0.6999999881
135071  -21.951  -75.103  14.562 0.6000000238
11321  -22.503  -73.256  15.097 0.6999999881
11303  -22.754  -72.664  15.974 0.6999999881
11320  -22.296  -73.273  14.037 0.6000000238
12065  -24.211  -72.802  17.216 0.6999999881
12032  -24.494  -72.526  18.253 0.6000000238
135844  -22.630  -71.988  14.089 0.6999999881
12063  -22.770  -71.780  16.321 0.6999999881
9847  -27.275  -75.191  10.955 0.5000000000
9806  -28.186  -75.782  13.560 0.5000000000
9828  -28.486  -75.741  12.585 0.5000000000
135251  -27.936  -75.614  11.812 0.5000000000
134867  -28.229  -75.024  10.169 0.5000000000
10660  -26.073  -73.894  9.358 0.4000000060
10669  -26.249  -73.678  8.758 0.4000000060
10574  -27.352  -75.201  16.011 0.6000000238
9769  -27.968  -75.588  15.252 0.6000000238
9787  -28.499  -75.727  14.522 0.6000000238
9807  -28.956  -75.789  13.963 0.6000000238
9896  -26.410  -74.481  7.740 0.4000000060
10573  -25.723  -74.612  15.700 0.6000000238
9754  -28.498  -75.425  16.053 0.6000000238
9755  -29.367  -75.255  15.878 0.6000000238
136139  -26.376  -75.759  7.544 0.4000000060
10572  -24.166  -74.968  16.080 0.6000000238
136084  -25.718  -74.279  16.369 0.6000000238
10537  -27.137  -74.685  16.868 0.6000000238
10538  -27.791  -74.565  17.551 0.6000000238
10539  -28.746  -74.590  17.440 0.6000000238
136485  -27.852  -75.625  7.504 0.4000000060
9895  -30.196  -74.591  8.227 0.4000000060
10553  -24.948  -74.266  16.294 0.6000000238
11286  -26.231  -74.200  17.022 0.6000000238
155348  -26.982  -74.352  17.528 0.6000000238
10528  -28.375  -74.167  18.164 0.6000000238
11254  -29.497  -73.166  18.215 0.6000000238
147913  -28.493  -75.741  7.671 0.4000000060
9883  -29.741  -75.612  8.562 0.4000000060
10571  -23.316  -74.644  16.107 0.6000000238
11285  -25.344  -73.850  16.852 0.5000000000
11267  -26.489  -73.916  17.881 0.6000000238
11252  -27.889  -73.713  18.820 0.6000000238
11243  -28.396  -73.117  19.330 0.6000000238
12017  -29.319  -72.004  19.171 0.6999999881
9764  -22.824  -75.099  15.580 0.6999999881
11284  -24.555  -73.547  16.824 0.6000000238
11250  -25.936  -73.447  18.349 0.6000000238
11251  -26.859  -73.656  18.683 0.6000000238
12016  -28.775  -72.401  19.626 0.6000000238
12805  -29.249  -71.078  19.355 0.6000000238
13530  -29.136  -69.982  19.123 0.6000000238
158054  -27.191  -72.712  20.153 0.6000000238
12015  -27.997  -72.672  20.011 0.6000000238
12804  -28.901  -71.254  20.047 0.6000000238
146082  -28.957  -70.484  20.019 0.6000000238
12049  -25.144  -73.071  17.962 0.6000000238
11241  -26.228  -73.229  19.190 0.6000000238
11997  -27.517  -72.195  20.546 0.5000000000
12792  -27.800  -71.465  20.899 0.6000000238
13514  -28.560  -70.164  20.744 0.6000000238
12014  -26.446  -72.843  19.934 0.5000000000
12081  -22.585  -71.533  15.318 0.6999999881
12031  -23.726  -72.056  18.079 0.6999999881
147145  -24.068  -72.362  18.824 0.5000000000
11995  -24.836  -72.480  20.229 0.6000000238
12791  -26.059  -72.032  21.159 0.5000000000
12769  -27.251  -71.075  21.499 0.5000000000
12790  -25.166  -72.150  21.080 0.6000000238
15000  -17.802  -68.757  16.545 0.6000000238
14270  -17.740  -69.054  17.484 0.6000000238
142297  -17.198  -70.053  17.493 0.6000000238
141690  -28.787  -75.646  11.850 0.5000000000
9829  -29.249  -75.544  12.343 0.5000000000
9848  -28.590  -75.475  11.092 0.5000000000
10661  -27.901  -73.614  8.349 0.5000000000
10670  -27.007  -73.447  8.218 0.4000000060
10557  -29.783  -74.573  16.262 0.5000000000
9771  -29.545  -75.319  15.170 0.5000000000
11305  -30.270  -73.917  15.635 0.5000000000
10671  -28.023  -73.444  7.857 0.4000000060
11384  -29.168  -73.435  7.852 0.4000000060
12082  -30.239  -72.894  15.710 0.5000000000
9898  -28.131  -74.606  7.519 0.4000000060
133924  -28.894  -74.202  7.554 0.4000000060
9894  -29.547  -74.362  7.771 0.4000000060
12050  -29.855  -72.558  17.610 0.5000000000
11287  -30.093  -73.716  16.537 0.5000000000
9899  -28.851  -74.919  7.662 0.4000000060
12034  -29.567  -72.313  18.419 0.6000000238
12827  -29.740  -71.645  17.748 0.6000000238
13544  -29.361  -70.644  18.607 0.6000000238
13562  -29.516  -70.772  17.859 0.5000000000
14253  -28.770  -68.990  19.169 0.4000000060
14260  -28.856  -69.288  18.322 0.4000000060
14988  -28.435  -68.860  17.528 0.4000000060
14957  -28.588  -68.808  20.570 0.6000000238
14242  -28.809  -69.475  20.094 0.6000000238
15781  -28.054  -67.695  18.692 0.5000000000
149294  -27.918  -67.852  18.013 0.4000000060
147899  -27.588  -67.729  17.347 0.4000000060
16675  -26.944  -66.411  16.918 0.4000000060
12111  -22.563  -71.209  13.228 0.6999999881
13513  -28.031  -70.692  21.211 0.6000000238
15768  -28.251  -67.582  19.650 0.5000000000
16676  -27.170  -66.207  17.695 0.4000000060
152140  -23.430  -72.261  18.726 0.6000000238
147083  -26.370  -71.321  21.650 0.5000000000
13498  -27.494  -70.332  21.749 0.5000000000
15758  -28.450  -68.035  20.563 0.5000000000
147842  -27.849  -66.714  19.728 0.5000000000
15767  -27.784  -66.895  18.966 0.4000000060
17484  -27.356  -65.591  18.482 0.4000000060
11994  -23.896  -72.403  20.313 0.6000000238
14211  -27.435  -69.180  22.238 0.5000000000
15803  -18.974  -67.679  15.648 0.6999999881
15787  -18.741  -67.771  16.885 0.6000000238
16673  -19.842  -66.709  16.549 0.6999999881
17488  -20.574  -65.813  17.342 0.6000000238
14258  -17.740  -69.839  18.311 0.6000000238
15789  -20.073  -67.036  18.055 0.6000000238
17483  -20.889  -65.718  18.383 0.6000000238
133679  -21.163  -65.035  18.697 0.6000000238
148082  -21.491  -63.590  19.659 0.6000000238
13542  -16.996  -71.096  17.817 0.5000000000
14974  -19.179  -68.208  18.836 0.6000000238
15779  -20.263  -67.219  18.775 0.6000000238
16665  -20.928  -66.212  18.933 0.6000000238
147085  -21.380  -65.031  19.547 0.6000000238
10649  -28.792  -74.390  9.513 0.5000000000
12812  -17.529  -71.568  18.389 0.5000000000
14259  -18.194  -69.803  18.976 0.5000000000
16652  -20.747  -66.803  19.184 0.5000000000
17474  -21.503  -65.767  20.135 0.5000000000
135658  -29.523  -75.422  13.817 0.4000000060
10607  -29.774  -75.206  12.903 0.5000000000
10662  -29.183  -73.571  8.604 0.5000000000
11379  -28.727  -73.435  7.908 0.4000000060
13528  -18.306  -70.597  19.346 0.5000000000
14962  -18.649  -69.020  19.224 0.5000000000
15766  -21.106  -67.114  19.904 0.5000000000
11339  -30.251  -74.110  13.751 0.5000000000
11385  -30.104  -73.207  7.972 0.4000000060
11387  -31.458  -72.821  8.522 0.4000000060
12813  -18.158  -71.796  18.820 0.5000000000
14252  -19.214  -69.560  20.053 0.5000000000
14964  -20.107  -68.181  19.965 0.6000000238
15756  -21.491  -67.465  20.685 0.6000000238
10678  -29.895  -73.456  7.814 0.4000000060
12802  -19.214  -71.562  19.839 0.6000000238
13511  -19.700  -70.402  20.531 0.6000000238
14956  -20.530  -68.686  20.639 0.6999999881
12844  -29.920  -71.807  16.845 0.4000000060
13580  -29.585  -70.954  16.931 0.5000000000
12110  -20.856  -71.425  13.300 0.6000000238
13561  -29.159  -70.079  17.028 0.5000000000
14281  -28.468  -69.315  16.579 0.4000000060
12094  -20.892  -71.489  14.398 0.6000000238
14272  -28.863  -69.507  17.538 0.4000000060
12871  -21.803  -70.889  13.774 0.6000000238
12841  -22.037  -71.406  16.163 0.6000000238
15806  -27.152  -67.650  16.383 0.4000000060
12011  -22.708  -72.410  19.301 0.6000000238
12842  -22.538  -71.641  16.493 0.6999999881
12789  -24.289  -72.176  21.008 0.6000000238
13495  -24.918  -70.868  22.164 0.6000000238
12768  -25.481  -71.469  21.670 0.5000000000
13497  -26.713  -70.598  22.031 0.5000000000
16687  -19.972  -66.677  15.383 0.6999999881
17489  -20.797  -64.995  16.874 0.6999999881
19144  -21.394  -63.740  17.465 0.6000000238
154387  -21.066  -64.487  17.428 0.6000000238
20021  -21.691  -62.886  18.016 0.6000000238
19131  -21.431  -63.597  18.582 0.6000000238
20006  -21.711  -62.750  20.018 0.6999999881
19976  -21.850  -62.850  20.932 0.6000000238
149197  -21.567  -64.072  20.507 0.6000000238
10626  -30.073  -74.311  11.918 0.5000000000
10638  -29.828  -74.537  10.982 0.5000000000
9866  -29.188  -74.993  10.509 0.5000000000
10650  -29.574  -74.149  9.815 0.5000000000
137758  -21.563  -64.880  20.394 0.6000000238
19092  -21.773  -63.654  21.237 0.5000000000
132606  -30.047  -73.670  10.112 0.5000000000
11380  -29.836  -73.242  8.097 0.5000000000
11381  -30.731  -72.888  8.241 0.4000000060
16638  -22.296  -66.662  21.575 0.6000000238
17466  -21.820  -66.190  21.000 0.6000000238
18250  -22.068  -63.975  22.132 0.5000000000
139346  -30.251  -73.074  14.835 0.5000000000
12079  -19.914  -72.626  16.038 0.6000000238
11264  -19.706  -72.733  17.060 0.4000000060
12027  -19.511  -72.505  18.708 0.6000000238
14240  -20.684  -69.565  21.116 0.6000000238
15744  -21.656  -68.063  21.123 0.6000000238
134674  -22.236  -65.648  21.912 0.6000000238
142954  -29.894  -71.825  15.676 0.4000000060
133811  -29.910  -72.163  14.790 0.4000000060
12044  -20.626  -72.339  17.308 0.5000000000
12028  -20.335  -72.489  19.186 0.5000000000
12803  -19.843  -71.796  20.135 0.6000000238
13512  -20.334  -70.885  20.858 0.6999999881
14224  -21.411  -69.698  21.490 0.6000000238
14942  -22.028  -68.430  21.461 0.6000000238
134088  -22.754  -67.183  22.090 0.6000000238
13579  -29.063  -70.396  15.845 0.5000000000
12080  -20.970  -71.661  15.456 0.6000000238
12009  -20.337  -72.210  19.983 0.6000000238
12765  -21.056  -71.165  21.205 0.6000000238
14943  -22.435  -68.931  21.826 0.6000000238
15730  -22.760  -67.867  22.036 0.6000000238
16612  -23.254  -66.791  22.747 0.6000000238
156183  -28.770  -69.846  16.202 0.4000000060
12045  -21.441  -72.135  17.558 0.5000000000
147471  -20.935  -72.440  19.561 0.6000000238
157112  -21.788  -71.366  21.361 0.6000000238
14207  -22.862  -69.547  22.165 0.6000000238
15731  -23.411  -67.728  22.598 0.6000000238
157279  -21.522  -71.538  16.011 0.6000000238
12046  -22.254  -71.960  17.776 0.6000000238
12010  -21.708  -72.447  19.472 0.6000000238
12787  -22.447  -71.901  21.095 0.6000000238
13493  -22.590  -70.382  21.990 0.6000000238
144492  -23.867  -71.715  21.492 0.6000000238
11993  -22.999  -72.383  20.300 0.6000000238
13475  -25.370  -70.086  22.491 0.5000000000
14210  -26.665  -69.267  22.595 0.5000000000
16698  -20.479  -66.082  14.895 0.6999999881
17503  -20.996  -64.922  15.709 0.6999999881
17520  -20.800  -65.745  13.157 0.6999999881
153627  -21.669  -63.985  13.937 0.6999999881
18303  -21.428  -64.260  15.355 0.6999999881
19155  -21.575  -63.658  16.298 0.6999999881
20040  -22.189  -62.259  17.493 0.6000000238
20022  -22.114  -62.158  18.490 0.6000000238
20969  -22.973  -60.906  19.408 0.5000000000
20007  -22.061  -62.085  19.466 0.6999999881
20968  -22.530  -61.466  19.839 0.5000000000
152790  -22.637  -61.445  20.559 0.5000000000
20934  -22.632  -61.986  21.895 0.5000000000
11361  -30.161  -73.422  11.050 0.4000000060
12137  -30.489  -72.646  9.927 0.5000000000
12144  -30.647  -72.702  8.751 0.5000000000
12145  -30.946  -72.494  8.742 0.4000000060
11338  -30.167  -73.140  13.939 0.4000000060
12129  -30.001  -72.030  11.140 0.4000000060
18240  -22.612  -64.323  22.950 0.6000000238
16630  -22.684  -66.449  22.268 0.6000000238
17452  -22.613  -65.129  22.750 0.6000000238
15711  -23.946  -67.106  23.267 0.6000000238
131765  -23.882  -64.948  23.713 0.6000000238
146935  -24.309  -69.236  22.696 0.6000000238
14926  -23.871  -68.606  22.729 0.6000000238
17441  -24.470  -65.606  23.722 0.6000000238
13494  -23.885  -71.039  22.091 0.6000000238
153940  -24.923  -67.239  23.506 0.5000000000
13474  -24.362  -70.050  22.461 0.6000000238
14928  -25.464  -68.682  23.102 0.5000000000
14209  -25.854  -69.353  22.791 0.5000000000
151114  -20.739  -65.249  13.019 0.6999999881
134373  -21.306  -64.352  13.214 0.6999999881
19162  -22.104  -63.163  14.731 0.6999999881
19161  -21.741  -63.621  15.264 0.6999999881
139114  -22.315  -62.623  15.386 0.6000000238
20050  -22.337  -62.313  16.366 0.6999999881
21001  -22.578  -61.464  17.939 0.4000000060
152759  -20.187  -64.501  13.358 0.6999999881
19175  -21.275  -63.883  13.155 0.6999999881
20061  -22.432  -62.417  13.708 0.6000000238
21021  -22.923  -61.865  14.237 0.6000000238
20989  -22.977  -60.880  18.548 0.5000000000
18301  -18.538  -64.844  15.919 0.6999999881
19160  -19.576  -63.626  14.744 0.6999999881
22011  -24.052  -59.861  19.440 0.5000000000
18300  -17.608  -64.951  16.632 0.6999999881
21990  -24.038  -59.920  20.403 0.5000000000
19153  -17.033  -64.108  17.242 0.6000000238
20035  -17.562  -63.070  17.692 0.6000000238
20034  -16.466  -62.066  17.446 0.6000000238
22047  -16.864  -60.424  17.638 0.5000000000
22026  -17.624  -60.772  18.317 0.5000000000
12914  -30.813  -71.732  10.170 0.4000000060
17442  -25.243  -65.435  23.689 0.6000000238
21012  -23.343  -60.786  16.344 0.5000000000
21002  -22.920  -61.105  17.134 0.5000000000
19168  -20.727  -63.118  13.423 0.6000000238
20068  -21.973  -62.860  13.221 0.6000000238
21032  -22.843  -61.793  13.744 0.6000000238
22065  -23.836  -60.383  15.555 0.6000000238
22051  -23.931  -59.926  17.594 0.5000000000
138162  -23.488  -60.401  18.143 0.5000000000
22030  -24.004  -59.862  18.519 0.5000000000
19154  -19.432  -63.617  15.965 0.6999999881
20056  -20.264  -62.530  14.446 0.6000000238
21030  -20.826  -62.116  13.957 0.6000000238
21045  -22.635  -61.657  13.639 0.6000000238
22100  -23.690  -60.291  13.684 0.6000000238
23056  -25.150  -58.755  19.307 0.5000000000
18287  -18.922  -64.151  16.499 0.6999999881
20049  -20.196  -62.401  15.642 0.6000000238
22077  -20.838  -61.117  15.246 0.6000000238
22088  -21.263  -60.718  14.592 0.6000000238
23108  -22.973  -59.417  13.788 0.6000000238
19143  -19.259  -63.564  17.047 0.6000000238
20038  -20.217  -62.335  16.796 0.6000000238
22063  -21.007  -60.942  16.159 0.6000000238
22078  -21.197  -60.358  15.478 0.6000000238
20036  -18.612  -63.160  17.822 0.6000000238
20020  -20.135  -62.151  17.932 0.6000000238
22048  -21.124  -60.771  17.153 0.6000000238
22064  -21.315  -60.120  16.351 0.6000000238
20018  -17.666  -62.213  17.970 0.5000000000
20985  -18.306  -61.763  18.508 0.5000000000
149732  -19.795  -61.366  19.276 0.5000000000
22027  -21.135  -60.588  18.175 0.6000000238
22049  -21.390  -59.911  17.366 0.6000000238
12907  -30.427  -71.370  11.059 0.4000000060
23078  -16.003  -59.071  17.524 0.5000000000
22007  -19.551  -60.695  19.820 0.5000000000
22009  -20.894  -60.316  19.201 0.6000000238
22028  -21.358  -59.735  18.430 0.6000000238
24063  -16.684  -58.626  18.488 0.5000000000
21986  -18.225  -59.783  20.059 0.5000000000
21987  -19.143  -60.217  20.198 0.4000000060
22008  -20.316  -60.226  19.928 0.5000000000
23054  -21.143  -59.423  19.355 0.6000000238
148062  -24.174  -59.788  15.950 0.6000000238
24077  -24.835  -58.737  17.484 0.5000000000
139234  -24.484  -59.342  17.984 0.5000000000
22080  -24.269  -59.873  14.956 0.6000000238
24085  -24.706  -58.755  16.638 0.5000000000
24114  -24.175  -58.712  13.797 0.6999999881
25032  -24.641  -57.544  15.411 0.6999999881
23107  -22.014  -59.378  14.462 0.6000000238
24105  -23.536  -58.005  14.035 0.6999999881
147035  -21.492  -59.082  15.112 0.6000000238
25049  -22.554  -57.763  14.545 0.6999999881
24093  -21.451  -58.537  15.768 0.6000000238
25048  -21.955  -57.606  15.040 0.6999999881
141939  -21.422  -58.272  16.790 0.6000000238
25031  -21.520  -57.652  16.147 0.6999999881
24030  -16.012  -57.824  19.418 0.5000000000
24047  -17.353  -58.823  19.903 0.5000000000
23038  -19.412  -59.585  20.601 0.4000000060
24049  -20.905  -58.781  19.965 0.6000000238
24076  -21.433  -57.963  17.770 0.6000000238
24031  -16.833  -58.113  20.327 0.5000000000
24032  -18.510  -59.022  20.867 0.4000000060
24048  -20.450  -58.186  20.538 0.5000000000
23070  -25.022  -58.740  18.409 0.5000000000
131361  -25.362  -58.002  17.906 0.5000000000
24086  -24.764  -58.288  16.031 0.6000000238
25975  -24.833  -56.816  16.221 0.5000000000
25962  -25.281  -56.521  17.233 0.5000000000
25050  -24.124  -57.505  14.162 0.6999999881
26003  -23.959  -57.214  14.088 0.6999999881
136127  -23.305  -57.087  14.369 0.6000000238
25021  -21.461  -57.384  17.054 0.6999999881
25983  -22.375  -56.509  15.226 0.6000000238
24994  -21.311  -57.670  18.794 0.6000000238
25961  -21.513  -56.505  17.386 0.6000000238
24978  -17.276  -57.742  21.191 0.5000000000
153905  -19.917  -57.786  21.099 0.4000000060
24993  -20.855  -56.976  19.457 0.6000000238
25905  -18.019  -56.234  21.453 0.4000000060
153195  -18.530  -56.765  21.420 0.4000000060
25924  -19.684  -56.153  20.535 0.5000000000
24992  -20.344  -57.143  20.497 0.5000000000
25985  -24.546  -56.709  15.245 0.6000000238
26914  -24.853  -55.879  16.466 0.5000000000
25984  -24.308  -56.197  14.657 0.6000000238
27868  -24.834  -55.046  16.660 0.5000000000
26931  -24.083  -55.693  14.438 0.6000000238
26930  -23.980  -55.119  14.352 0.6000000238
27878  -24.323  -54.398  14.774 0.5000000000
27885  -23.585  -54.532  14.580 0.6000000238
26911  -21.808  -55.929  16.755 0.6999999881
26912  -22.351  -55.400  16.069 0.5000000000
25952  -21.279  -56.191  18.328 0.6000000238
25951  -20.793  -56.190  19.045 0.5000000000
26865  -18.993  -55.202  20.337 0.4000000060
153885  -20.214  -55.395  19.196 0.5000000000
23991  -13.486  -58.473  23.203 0.4000000060
24935  -14.003  -57.754  23.229 0.3000000119
25864  -13.927  -56.317  23.157 0.4000000060
28776  -24.815  -53.565  17.435 0.5000000000
25862  -12.341  -56.484  22.788 0.3000000119
26812  -13.215  -55.640  23.062 0.4000000060
28800  -24.154  -53.402  14.471 0.5000000000
28784  -24.587  -53.401  16.083 0.5000000000
27784  -11.381  -53.985  22.177 0.3000000119
149950  -12.268  -54.843  23.187 0.4000000060
28798  -23.692  -53.597  14.493 0.5000000000
27798  -12.107  -53.837  21.633 0.3000000119
27866  -22.590  -54.497  16.116 0.6000000238
149158  -21.731  -54.972  17.984 0.6999999881
27858  -22.477  -54.005  17.210 0.6000000238
26876  -19.436  -54.696  19.357 0.5000000000
27848  -21.304  -54.523  18.413 0.5000000000
156786  -19.932  -54.813  18.967 0.4000000060
28768  -21.548  -53.673  18.374 0.4000000060
22996  -15.369  -59.217  23.695 0.3000000119
135441  -14.795  -57.934  23.469 0.3000000119
25879  -14.559  -57.023  23.374 0.3000000119
131698  -14.708  -56.162  23.418 0.3000000119
27758  -13.415  -54.823  23.229 0.4000000060
142285  -24.471  -52.885  15.012 0.5000000000
28690  -11.740  -53.055  22.740 0.4000000060
27769  -12.442  -53.782  23.162 0.4000000060
29748  -24.345  -52.224  14.658 0.5000000000
27815  -12.044  -52.926  21.695 0.4000000060
29665  -12.120  -52.131  22.014 0.4000000060
140614  -23.171  -53.060  14.942 0.5000000000
29758  -23.933  -52.006  14.207 0.5000000000
27816  -12.790  -53.198  21.549 0.4000000060
28783  -22.725  -53.531  16.100 0.5000000000
28775  -22.262  -53.585  17.944 0.5000000000
145303  -22.539  -53.125  17.341 0.5000000000
27831  -17.736  -53.831  19.907 0.3000000119
27845  -18.862  -53.834  18.961 0.4000000060
29716  -20.823  -52.919  18.539 0.4000000060
29725  -21.993  -52.776  18.234 0.4000000060
22985  -15.977  -60.034  23.923 0.3000000119
24936  -15.452  -57.403  23.545 0.3000000119
26814  -15.369  -55.881  23.505 0.4000000060
27770  -14.810  -54.300  23.201 0.4000000060
30682  -25.074  -51.244  18.725 0.4000000060
28692  -14.207  -53.298  22.834 0.4000000060
30681  -24.676  -51.326  17.728 0.4000000060
152689  -12.190  -52.828  22.998 0.4000000060
146259  -13.281  -52.378  22.631 0.4000000060
30706  -24.524  -51.616  15.234 0.4000000060
29651  -13.027  -51.849  22.224 0.4000000060
29747  -23.411  -52.028  14.711 0.5000000000
29680  -12.934  -51.937  21.686 0.4000000060
28733  -15.461  -53.136  20.633 0.3000000119
30717  -23.354  -51.215  14.883 0.5000000000
28766  -18.364  -53.112  18.600 0.3000000119
22997  -16.337  -59.274  23.721 0.3000000119
24937  -16.391  -57.736  23.567 0.3000000119
25866  -15.902  -56.246  23.544 0.3000000119
26815  -16.044  -55.659  23.484 0.4000000060
27771  -15.628  -54.428  23.179 0.4000000060
28704  -16.541  -53.091  22.280 0.3000000119
151633  -15.139  -53.816  22.954 0.4000000060
31557  -25.205  -50.389  19.051 0.4000000060
32482  -26.011  -49.158  20.214 0.4000000060
29652  -14.924  -52.173  22.143 0.4000000060
146232  -24.566  -50.943  16.673 0.4000000060
30719  -24.334  -51.033  14.429 0.4000000060
29667  -13.579  -51.516  21.461 0.3000000119
30727  -24.139  -51.243  14.185 0.4000000060
28732  -14.271  -52.775  21.073 0.3000000119
29695  -14.569  -51.143  20.495 0.3000000119
29698  -16.836  -52.463  18.962 0.3000000119
30680  -21.120  -52.066  18.418 0.4000000060
22998  -17.320  -59.352  23.780 0.3000000119
135473  -16.678  -56.271  23.529 0.4000000060
27762  -16.799  -54.958  23.141 0.4000000060
27772  -16.351  -54.422  22.991 0.4000000060
34465  -26.873  -47.774  20.631 0.4000000060
33457  -25.553  -48.780  19.511 0.4000000060
29653  -15.983  -52.249  21.861 0.4000000060
32499  -24.724  -49.083  18.023 0.4000000060
30615  -14.805  -51.262  21.446 0.4000000060
31599  -24.565  -50.161  16.059 0.4000000060
147360  -24.704  -48.738  17.019 0.4000000060
30626  -14.533  -50.719  20.941 0.3000000119
32523  -24.678  -49.463  14.919 0.4000000060
30675  -15.874  -51.013  18.996 0.3000000119
31609  -24.141  -50.574  14.186 0.5000000000
29697  -15.841  -51.811  19.276 0.3000000119
138359  -16.603  -51.146  18.429 0.3000000119
31608  -23.600  -50.609  14.656 0.5000000000
30692  -19.258  -51.750  17.973 0.3000000119
31585  -22.589  -50.796  16.966 0.4000000060
29715  -19.615  -52.931  18.456 0.4000000060
24938  -17.529  -58.186  23.578 0.3000000119
28695  -17.223  -53.555  22.372 0.3000000119
29668  -16.828  -51.972  21.529 0.3000000119
147829  -26.317  -47.403  19.826 0.4000000060
30627  -15.831  -51.210  21.307 0.3000000119
33474  -25.145  -48.434  18.572 0.4000000060
34500  -25.956  -47.078  19.029 0.3000000119
31522  -15.024  -50.553  21.034 0.3000000119
33502  -24.965  -48.044  16.284 0.4000000060
33485  -24.975  -47.944  17.590 0.4000000060
31571  -16.066  -50.148  18.924 0.3000000119
31572  -16.876  -50.454  18.234 0.3000000119
32546  -24.290  -49.747  14.270 0.4000000060
30676  -17.318  -51.777  18.217 0.3000000119
31582  -19.443  -50.906  17.719 0.3000000119
31583  -20.621  -50.470  17.858 0.3000000119
31597  -22.627  -50.028  16.760 0.3000000119
30628  -16.729  -51.185  20.953 0.3000000119
30642  -17.737  -51.065  20.464 0.3000000119
31524  -16.512  -50.367  20.336 0.3000000119
35469  -26.375  -46.419  18.634 0.3000000119
34510  -25.300  -47.341  16.879 0.4000000060
35480  -26.241  -46.233  17.782 0.4000000060
134690  -17.306  -48.565  18.284 0.3000000119
33517  -25.202  -48.209  14.846 0.4000000060
34527  -25.401  -47.451  15.645 0.4000000060
31581  -17.646  -50.327  17.751 0.3000000119
32509  -18.608  -50.233  17.495 0.3000000119
33515  -23.972  -49.070  14.401 0.3000000119
32521  -21.945  -49.404  17.369 0.3000000119
142271  -17.584  -47.838  18.181 0.3000000119
136622  -17.792  -49.168  17.673 0.3000000119
35513  -25.775  -46.797  15.107 0.3000000119
35514  -26.095  -46.061  15.835 0.3000000119
147630  -18.890  -49.373  17.416 0.3000000119
34550  -24.768  -48.066  14.026 0.3000000119
32511  -21.021  -49.544  17.635 0.3000000119
147662  -23.379  -49.195  15.509 0.3000000119
34522  -18.201  -46.802  17.746 0.3000000119
36451  -18.607  -45.671  17.988 0.3000000119
33497  -18.915  -47.826  17.423 0.3000000119
34541  -25.396  -47.541  14.405 0.3000000119
35492  -18.792  -46.399  17.552 0.3000000119
153042  -19.381  -45.686  17.538 0.3000000119
30679  -20.008  -52.245  18.331 0.4000000060
28765  -17.623  -52.821  18.727 0.3000000119
29724  -18.506  -52.088  18.017 0.3000000119
131811  -29.021  -81.825  10.902 0.6000000238
4444  -28.447  -83.423  9.807 0.5000000000
4443  -26.648  -84.287  10.548 0.5000000000
4448  -27.757  -84.208  9.606 0.5000000000
4450  -30.096  -83.880  9.612 0.5000000000
6226  -28.200  -80.907  12.637 0.6999999881
6903  -28.127  -79.922  9.768 0.6999999881
152136  -27.122  -80.351  12.821 0.6999999881
4983  -27.811  -82.182  13.435 0.6999999881
3937  -29.195  -84.255  9.458 0.4000000060
5584  -27.167  -81.344  14.384 0.6999999881
5024  -29.991  -82.455  9.270 0.5000000000
6927  -24.954  -79.391  8.084 0.6000000238
6273  -24.706  -80.493  9.078 0.6000000238
7628  -24.754  -78.769  8.327 0.5000000000
6247  -25.389  -80.667  11.448 0.6999999881
4422  -35.386  -83.616  14.249 0.3000000119
6233  -23.788  -81.075  12.166 0.6000000238
6223  -25.796  -80.379  13.044 0.6999999881
6276  -29.396  -80.622  9.381 0.5000000000
5023  -29.268  -82.887  9.495 0.6000000238
6208  -25.929  -79.959  14.627 0.6000000238
4958  -26.687  -81.221  14.993 0.6999999881
6855  -23.850  -79.629  14.867 0.5000000000
151846  -25.703  -81.606  15.775 0.5000000000
6269  -35.093  -79.727  11.192 0.3000000119
6853  -21.368  -79.463  14.828 0.6000000238
5571  -25.243  -81.359  16.314 0.5000000000
7641  -32.896  -78.467  7.724 0.3000000119
6917  -28.246  -79.898  8.595 0.5000000000
6904  -34.786  -79.641  10.216 0.3000000119
5564  -24.718  -81.018  16.908 0.5000000000
144145  -26.037  -76.915  7.558 0.4000000060
4999  -36.828  -82.397  13.784 0.3000000119
150769  -26.443  -74.867  15.521 0.6000000238
10570  -22.691  -74.060  15.865 0.6999999881
11265  -24.906  -73.287  17.332 0.6000000238
148561  -24.771  -72.591  19.185 0.6000000238
10555  -28.120  -75.043  16.837 0.6000000238
10590  -30.008  -75.002  14.474 0.5000000000
10675  -27.328  -73.784  7.735 0.4000000060
11269  -29.226  -73.943  17.896 0.6000000238
11270  -29.782  -73.463  17.401 0.5000000000
11242  -27.301  -73.214  19.512 0.6000000238
14261  -29.231  -70.029  18.109 0.4000000060
12855  -22.336  -71.161  14.961 0.6000000238
12826  -22.804  -71.639  17.214 0.6999999881
14986  -18.952  -67.862  17.995 0.6000000238
9849  -29.316  -75.331  11.457 0.4000000060
15002  -27.803  -68.452  16.718 0.4000000060
14226  -28.081  -69.185  21.660 0.4000000060
12899  -22.343  -71.070  12.317 0.6000000238
16674  -20.144  -66.574  17.361 0.6000000238
15764  -19.823  -67.831  19.222 0.6000000238
11371  -30.004  -73.234  9.025 0.5000000000
12801  -18.509  -71.326  19.423 0.5000000000
17465  -21.726  -65.419  20.968 0.6000000238
12026  -18.576  -72.417  18.484 0.4000000060
11992  -22.049  -72.322  20.265 0.5000000000
13590  -29.258  -70.958  15.090 0.5000000000
13492  -21.727  -70.592  21.604 0.6000000238
11991  -21.128  -72.239  20.200 0.5000000000
19152  -15.896  -63.373  17.148 0.6000000238
22006  -17.691  -60.082  18.883 0.5000000000
22089  -23.870  -60.439  13.839 0.5000000000
149709  -20.902  -61.417  14.468 0.6000000238
148755  -21.799  -60.794  13.974 0.6000000238
23100  -24.419  -59.279  14.508 0.6000000238
20037  -19.543  -62.833  17.591 0.6000000238
24045  -16.084  -58.324  18.463 0.5000000000
25022  -25.223  -57.379  17.115 0.5000000000
25973  -22.085  -56.264  15.890 0.6000000238
137724  -17.853  -58.377  21.080 0.5000000000
134653  -21.600  -55.644  17.693 0.6000000238
25877  -12.991  -56.949  22.756 0.3000000119
27867  -24.570  -54.310  15.805 0.5000000000
27832  -18.549  -54.219  19.627 0.3000000119
29717  -24.671  -52.135  17.615 0.4000000060
30696  -24.563  -51.750  16.473 0.4000000060
27846  -19.690  -54.246  18.817 0.4000000060
28750  -18.043  -53.489  19.089 0.3000000119
30705  -22.913  -51.464  15.877 0.5000000000
32500  -25.112  -49.393  18.893 0.4000000060
23994  -16.766  -58.606  23.624 0.3000000119
30641  -14.744  -50.653  20.542 0.3000000119
32537  -24.452  -49.404  14.358 0.4000000060
135590  -21.928  -50.981  17.784 0.3000000119
31555  -15.279  -50.235  20.076 0.3000000119
32535  -23.246  -49.974  15.598 0.4000000060
157499  -18.963  -57.725  23.558 0.3000000119
32479  -16.279  -49.392  19.214 0.3000000119
33527  -25.001  -48.217  14.152 0.4000000060
33496  -18.172  -47.525  17.636 0.3000000119
5526  -21.464  -81.426  19.568 0.5000000000
5537  -21.959  -81.369  18.676 0.5000000000
5548  -21.871  -82.022  18.043 0.5000000000
5549  -22.482  -81.479  17.892 0.4000000060
6129  -20.429  -80.739  20.392 0.5000000000
6130  -21.179  -80.582  20.056 0.5000000000
6161  -21.868  -80.525  19.298 0.5000000000
5538  -22.564  -80.540  18.611 0.5000000000
134944  -23.359  -80.570  18.050 0.5000000000
5550  -24.092  -80.720  17.493 0.4000000060
6760  -20.136  -80.045  20.308 0.4000000060
6146  -20.794  -79.808  20.141 0.5000000000
6162  -22.423  -79.593  19.111 0.5000000000
6175  -24.078  -79.787  17.872 0.4000000060
6771  -20.442  -79.102  20.016 0.5000000000
6772  -21.246  -78.868  19.852 0.5000000000
6147  -21.569  -79.651  19.698 0.5000000000
7470  -20.740  -78.179  19.644 0.5000000000
6773  -22.097  -78.775  19.415 0.5000000000
7471  -21.617  -78.070  19.413 0.5000000000
7489  -23.043  -78.307  18.265 0.5000000000
7511  -23.381  -78.376  17.647 0.4000000060
7486  -19.380  -78.152  18.850 0.5000000000
146272  -21.195  -77.485  18.449 0.5000000000
7510  -22.464  -77.799  18.051 0.5000000000
7580  -18.250  -78.330  13.897 0.5000000000
7485  -18.694  -78.162  18.085 0.5000000000
7527  -18.300  -78.308  16.842 0.5000000000
8237  -19.689  -77.750  17.244 0.5000000000
7528  -18.969  -78.230  16.537 0.5000000000
8238  -20.473  -77.500  17.875 0.5000000000
7529  -19.996  -78.381  16.299 0.5000000000
7509  -21.501  -77.587  17.682 0.5000000000
7531  -22.803  -78.107  17.104 0.5000000000
7569  -18.400  -78.619  14.687 0.5000000000
8282  -18.533  -77.348  13.754 0.5000000000
9843  -19.666  -75.664  12.053 0.5000000000
7570  -19.155  -78.430  15.142 0.5000000000
9029  -19.530  -76.205  13.914 0.5000000000
9824  -20.124  -75.284  12.666 0.5000000000
7553  -19.451  -78.533  15.810 0.5000000000
8274  -19.501  -77.658  14.703 0.5000000000
9019  -19.793  -76.715  14.413 0.5000000000
6831  -20.425  -78.665  15.781 0.5000000000
7571  -19.949  -78.354  15.304 0.5000000000
7530  -20.935  -78.685  16.129 0.5000000000
139187  -21.911  -78.415  16.479 0.5000000000
6833  -22.049  -79.575  15.096 0.5000000000
12128  -22.224  -71.425  11.623 0.5000000000
11352  -22.356  -72.116  11.898 0.6000000238
10623  -20.960  -74.604  12.223 0.5000000000
9800  -19.937  -75.619  13.536 0.5000000000
10605  -21.414  -74.531  13.148 0.5000000000
9030  -20.402  -75.903  14.127 0.5000000000
9802  -21.284  -75.239  13.954 0.5000000000
150650  -20.494  -78.292  14.842 0.5000000000
151171  -21.018  -79.028  15.455 0.5000000000
12119  -20.858  -71.398  12.198 0.5000000000
12898  -22.143  -70.972  12.256 0.5000000000
11337  -22.537  -72.246  12.994 0.6000000238
154398  -16.466  -70.382  13.638 0.5000000000
154351  -17.195  -69.562  15.616 0.6000000238
13612  -16.409  -70.088  12.798 0.5000000000
14293  -17.412  -69.506  14.349 0.5000000000
15001  -18.354  -68.287  15.894 0.6000000238
15820  -18.980  -68.092  14.533 0.6000000238
14308  -17.702  -69.314  13.055 0.5000000000
15050  -18.955  -68.244  12.824 0.6000000238
15841  -18.940  -67.960  12.711 0.5000000000
15821  -19.613  -67.361  14.485 0.6000000238
15832  -19.918  -67.200  13.169 0.6000000238
16707  -18.683  -67.561  12.937 0.5000000000
16709  -19.920  -66.937  12.995 0.6000000238
152585  -20.753  -65.905  13.180 0.6000000238
16696  -18.007  -66.933  14.052 0.5000000000
16701  -19.044  -66.780  13.200 0.5000000000
17500  -17.044  -65.654  16.231 0.5000000000
135680  -14.525  -62.940  16.587 0.6000000238
148075  -14.846  -64.122  16.587 0.5000000000
17512  -18.467  -65.536  14.937 0.6000000238
17518  -19.296  -65.857  13.589 0.5000000000
18299  -16.418  -64.570  16.911 0.5000000000
19139  -14.726  -61.910  16.690 0.6000000238
141572  -15.127  -62.677  16.747 0.6000000238
20999  -16.378  -60.899  17.384 0.6000000238
6918  -34.912  -79.427  9.244 0.3000000119
7633  -35.362  -77.737  8.102 0.3000000119
6933  -34.539  -79.143  8.277 0.3000000119
136004  -35.720  -76.426  8.252 0.3000000119
140920  -34.111  -78.659  7.782 0.3000000119
6289  -34.181  -79.999  8.715 0.3000000119
6278  -34.227  -80.118  9.525 0.3000000119
6788  -23.777  -78.824  18.042 0.4000000060
8275  -20.102  -77.492  14.745 0.5000000000
10606  -21.810  -74.372  13.954 0.5000000000
14280  -16.871  -69.997  16.366 0.5000000000
6163  -23.283  -79.606  18.464 0.4000000060
6787  -22.918  -78.803  18.756 0.5000000000
8220  -19.627  -77.674  18.205 0.5000000000
6830  -17.731  -79.027  14.944 0.5000000000
141754  -18.238  -78.534  16.209 0.5000000000
8294  -18.449  -77.154  12.977 0.5000000000
9040  -18.863  -76.503  13.409 0.5000000000
8283  -19.072  -76.883  14.276 0.5000000000
9801  -20.637  -75.167  13.349 0.5000000000
6948  -34.360  -77.940  7.719 0.3000000119
7632  -34.742  -78.214  7.883 0.3000000119
8350  -34.933  -76.822  7.959 0.3000000119
35498  -26.125  -46.105  16.871 0.3000000119
3428  -24.705  -85.425  9.775 0.5000000000
3925  -25.593  -85.440  9.607 0.6000000238
3938  -29.783  -83.927  9.509 0.5000000000
4397  -35.835  -83.183  14.622 0.3000000119
4411  -36.050  -83.159  14.237 0.3000000119
4419  -27.369  -83.023  13.112 0.6999999881
4458  -29.715  -83.622  9.431 0.4000000060
4957  -26.179  -81.876  15.288 0.6000000238
4963  -35.889  -82.894  14.755 0.3000000119
4984  -28.314  -82.063  12.651 0.8000000119
5006  -28.630  -81.993  11.782 0.5000000000
5573  -26.279  -80.996  15.619 0.5000000000
5596  -27.616  -81.410  13.731 0.6999999881
5597  -28.136  -81.409  13.056 0.6999999881
5609  -37.188  -81.835  13.584 0.3000000119
5615  -29.015  -80.724  10.971 0.6999999881
5625  -29.348  -80.914  10.215 0.5000000000
6145  -19.634  -80.331  20.179 0.4000000060
6195  -26.360  -80.465  15.085 0.6000000238
6210  -27.296  -80.834  13.936 0.6999999881
6221  -22.833  -80.772  13.259 0.6000000238
6236  -27.747  -80.449  12.429 0.6999999881
6246  -24.063  -81.146  11.338 0.6999999881
6265  -28.440  -80.233  10.911 0.6999999881
6274  -25.558  -80.474  9.134 0.6000000238
6297  -33.091  -79.902  7.872 0.4000000060
6818  -24.808  -79.163  16.776 0.5000000000
6832  -21.538  -79.090  15.604 0.5000000000
6871  -21.469  -79.753  14.091 0.6999999881
6872  -21.751  -80.199  13.515 0.6999999881
6879  -22.271  -80.707  12.820 0.6000000238
6902  -26.847  -79.999  9.498 0.6000000238
6913  -24.278  -80.144  9.190 0.6000000238
6926  -24.572  -79.573  8.556 0.6000000238
6928  -26.242  -79.821  8.184 0.6000000238
6934  -35.226  -78.649  8.525 0.3000000119
6942  -28.348  -79.507  7.762 0.4000000060
6946  -32.580  -79.226  7.618 0.3000000119
7469  -19.931  -78.457  19.575 0.5000000000
7487  -20.166  -77.733  19.126 0.5000000000
7488  -22.416  -78.096  18.854 0.5000000000
7508  -18.834  -77.957  17.387 0.5000000000
7533  -24.223  -78.770  16.506 0.5000000000
7551  -17.566  -78.888  15.854 0.5000000000
7552  -18.534  -78.602  15.462 0.5000000000
7582  -22.355  -78.954  12.589 0.6000000238
7591  -22.311  -80.128  12.277 0.6999999881
7642  -34.165  -77.502  7.845 0.3000000119
7643  -34.826  -77.388  7.812 0.3000000119
8202  -21.008  -77.598  19.138 0.5000000000
8221  -20.461  -77.531  18.645 0.5000000000
8222  -21.808  -77.661  18.745 0.5000000000
8252  -20.643  -77.814  16.970 0.5000000000
8273  -18.823  -77.869  14.436 0.5000000000
8285  -22.599  -78.132  13.267 0.6999999881
8351  -35.439  -76.871  8.017 0.3000000119
8355  -26.722  -77.628  7.486 0.4000000060
9020  -20.572  -76.638  14.371 0.6000000238
9022  -22.412  -76.611  14.487 0.6000000238
9089  -29.076  -75.828  8.113 0.4000000060
9091  -25.680  -76.100  7.816 0.4000000060
9770  -28.904  -75.617  15.297 0.6000000238
9788  -29.282  -75.564  14.576 0.6000000238
9823  -19.425  -75.818  13.103 0.5000000000
9825  -25.840  -75.531  12.881 0.5000000000
9864  -25.659  -74.992  9.724 0.4000000060
9865  -25.968  -74.455  9.964 0.4000000060
9881  -26.674  -73.705  8.905 0.5000000000
9882  -27.763  -74.302  9.360 0.5000000000
9892  -25.575  -75.350  8.099 0.4000000060
9897  -27.170  -74.957  7.506 0.4000000060
10540  -29.526  -74.301  17.106 0.5000000000
10552  -23.940  -74.094  16.502 0.6000000238
10554  -26.418  -74.616  16.212 0.6000000238
10556  -29.083  -75.008  16.682 0.5000000000
10575  -29.972  -74.783  15.409 0.5000000000
10588  -22.389  -74.586  15.171 0.6999999881
10625  -29.794  -75.056  12.008 0.4000000060
10672  -30.369  -73.645  7.984 0.4000000060
10674  -26.523  -73.745  8.146 0.4000000060
10676  -28.471  -73.680  7.687 0.4000000060
10677  -29.229  -73.734  7.652 0.4000000060
11240  -25.349  -72.918  18.764 0.6000000238
11253  -28.840  -73.530  18.619 0.6000000238
11266  -25.670  -73.623  17.539 0.5000000000
11268  -27.387  -74.134  18.161 0.6000000238
11282  -23.195  -72.499  16.529 0.6999999881
11283  -23.776  -73.046  16.805 0.6999999881
11322  -30.309  -74.055  14.712 0.5000000000
11336  -22.021  -73.564  13.155 0.5000000000
11354  -30.123  -73.583  12.075 0.4000000060
11386  -30.707  -72.999  8.118 0.4000000060
11996  -25.788  -72.493  20.459 0.6000000238
11998  -28.427  -71.868  20.285 0.6000000238
12007  -18.860  -72.041  19.234 0.4000000060
12008  -19.644  -72.148  19.577 0.6000000238
12012  -23.565  -72.432  19.501 0.6000000238
12013  -25.584  -72.767  19.643 0.5000000000
12029  -21.349  -72.438  18.622 0.6000000238
12030  -22.996  -71.878  18.107 0.6999999881
12033  -29.162  -72.802  18.952 0.6999999881
12047  -23.937  -72.271  17.562 0.6000000238
12048  -24.531  -72.765  17.657 0.6000000238
12062  -20.709  -72.129  16.441 0.6000000238
12064  -23.470  -72.070  16.976 0.6999999881
12066  -30.128  -72.721  16.687 0.5000000000
12093  -20.040  -72.530  15.010 0.6000000238
12095  -22.559  -71.248  14.377 0.6000000238
12096  -29.891  -72.405  14.136 0.4000000060
12120  -22.454  -71.431  12.375 0.6000000238
12127  -22.042  -71.601  11.055 0.5000000000
12138  -30.852  -72.201  9.555 0.4000000060
12766  -23.159  -71.504  21.626 0.6000000238
12767  -24.597  -71.591  21.611 0.6000000238
12784  -19.697  -71.214  20.402 0.6000000238
12785  -20.532  -71.627  20.538 0.6000000238
12786  -21.480  -71.777  20.813 0.6000000238
12788  -23.433  -72.114  21.034 0.6000000238
12793  -28.508  -71.007  20.580 0.6000000238
12814  -23.318  -71.834  17.400 0.6999999881
12815  -29.501  -71.426  18.556 0.6000000238
12824  -21.466  -71.772  16.726 0.5000000000
12825  -22.157  -71.602  16.952 0.6000000238
12843  -23.040  -71.687  16.855 0.6999999881
12854  -21.954  -71.135  15.339 0.6000000238
12872  -22.177  -70.939  14.500 0.6000000238
12887  -21.669  -70.945  12.690 0.5000000000
12888  -22.266  -70.866  12.962 0.6000000238
12897  -21.633  -71.137  11.796 0.5000000000
12906  -22.102  -71.263  11.655 0.5000000000
12913  -30.406  -71.796  10.627 0.4000000060
12917  -31.142  -72.121  9.415 0.4000000060
13473  -23.380  -70.238  22.278 0.6000000238
13476  -26.253  -70.020  22.446 0.5000000000
13477  -27.062  -69.890  22.249 0.5000000000
13496  -25.845  -70.766  22.167 0.5000000000
13499  -28.146  -69.924  21.425 0.6000000238
13529  -18.923  -70.704  20.017 0.5000000000
13543  -17.900  -71.120  18.965 0.5000000000
13560  -16.747  -70.612  17.048 0.6000000238
14208  -23.627  -69.376  22.478 0.6000000238
14223  -20.871  -70.410  21.282 0.6000000238
14225  -22.154  -69.721  21.794 0.6000000238
14227  -28.511  -69.361  20.991 0.6000000238
14239  -20.003  -69.549  20.610 0.6999999881
14241  -21.311  -68.791  21.227 0.6000000238
14251  -18.599  -69.935  19.570 0.5000000000
14271  -18.162  -69.059  18.407 0.6000000238
14292  -16.757  -70.112  14.933 0.5000000000
14307  -17.031  -69.900  13.264 0.5000000000
14925  -23.047  -68.606  22.267 0.6000000238
14927  -24.668  -68.691  22.978 0.6000000238
14929  -26.349  -68.517  23.035 0.5000000000
14930  -27.102  -68.545  22.643 0.5000000000
14945  -28.385  -68.573  21.223 0.4000000060
14955  -19.783  -68.876  20.246 0.6000000238
14963  -19.421  -68.589  19.617 0.5000000000
14965  -28.597  -68.532  19.876 0.6000000238
14975  -28.378  -68.448  18.352 0.4000000060
14985  -18.381  -68.426  17.736 0.6000000238
14987  -28.030  -68.265  17.602 0.4000000060
15016  -18.149  -69.020  13.838 0.6000000238
15017  -18.816  -68.523  13.476 0.6000000238
15033  -18.373  -68.759  12.938 0.6000000238
15034  -19.383  -67.649  12.913 0.5000000000
15049  -18.441  -68.401  12.787 0.5000000000
15732  -24.296  -67.949  23.146 0.6000000238
15745  -22.185  -67.595  21.438 0.6000000238
15755  -20.816  -67.812  20.271 0.6000000238
15765  -20.497  -67.476  19.548 0.6000000238
15778  -19.645  -67.530  18.407 0.6000000238
15780  -27.579  -67.095  18.056 0.4000000060
15788  -19.548  -67.203  17.375 0.6000000238
15790  -26.837  -66.901  16.487 0.4000000060
15791  -27.169  -66.987  17.178 0.4000000060
15804  -19.437  -67.178  16.083 0.6000000238
15830  -17.848  -67.767  13.201 0.5000000000
15831  -19.390  -67.934  13.294 0.6000000238
15840  -18.403  -68.059  12.747 0.5000000000
16613  -24.309  -66.390  23.565 0.6000000238
16614  -25.114  -66.272  23.671 0.6000000238
16644  -21.519  -66.655  20.363 0.6000000238
16645  -21.855  -66.914  21.003 0.6000000238
16653  -21.215  -66.393  19.598 0.5000000000
16664  -20.527  -66.493  18.299 0.6000000238
16666  -27.416  -66.348  18.492 0.4000000060
16688  -20.247  -66.214  16.318 0.6999999881
16697  -20.261  -66.709  13.916 0.6999999881
16702  -20.406  -66.374  13.140 0.6000000238
16708  -19.388  -67.354  12.912 0.6000000238
17440  -23.736  -65.718  23.521 0.6000000238
17453  -22.994  -65.899  22.934 0.6000000238
17501  -17.965  -65.482  15.917 0.6999999881
17502  -20.600  -65.565  16.074 0.6999999881
17510  -16.214  -66.077  16.003 0.5000000000
17513  -20.839  -65.712  13.957 0.6000000238
17517  -18.522  -66.213  14.145 0.5000000000
17519  -20.133  -65.882  13.001 0.5000000000
17521  -20.995  -65.420  13.242 0.6000000238
17525  -19.856  -66.607  12.949 0.5000000000
17526  -20.414  -66.172  13.081 0.6999999881
18223  -23.360  -64.266  23.487 0.6000000238
18241  -23.160  -65.055  23.327 0.6000000238
18249  -21.792  -64.618  21.376 0.6000000238
18268  -21.328  -64.330  19.096 0.6000000238
18281  -21.181  -64.363  18.197 0.6000000238
18286  -18.105  -64.393  16.969 0.6999999881
18288  -21.205  -64.342  16.578 0.6000000238
18297  -14.019  -63.844  16.434 0.5000000000
18298  -15.375  -63.778  16.797 0.6000000238
18302  -19.178  -64.243  15.364 0.6999999881
18307  -19.095  -64.953  14.533 0.6000000238
18308  -19.544  -64.305  14.106 0.6999999881
18309  -21.212  -64.984  14.252 0.6999999881
18313  -19.817  -65.098  13.399 0.6999999881
18314  -21.191  -64.816  13.309 0.6999999881
18319  -21.062  -65.104  13.070 0.6999999881
19093  -22.103  -63.128  21.854 0.5000000000
19140  -15.446  -62.014  16.914 0.6000000238
19141  -16.634  -63.108  17.425 0.6000000238
19142  -18.428  -63.792  17.335 0.6000000238
19151  -13.798  -62.848  16.576 0.6000000238
19156  -21.957  -63.048  15.871 0.6999999881
19167  -20.071  -63.733  13.690 0.6000000238
19169  -22.176  -63.097  13.681 0.6000000238
19174  -20.741  -64.195  13.159 0.6999999881
19176  -21.762  -63.483  13.266 0.6000000238
19177  -22.094  -62.890  13.330 0.6000000238
19977  -22.296  -62.369  21.467 0.5000000000
19990  -22.177  -62.057  20.485 0.5000000000
20019  -18.849  -62.552  18.320 0.6000000238
20039  -21.781  -62.953  16.949 0.6000000238
20048  -19.826  -63.009  15.217 0.6000000238
20055  -20.014  -63.127  14.185 0.6000000238
20057  -22.472  -62.546  14.471 0.6000000238
20067  -21.531  -63.227  13.221 0.6000000238
20069  -22.284  -62.356  13.502 0.6000000238
20935  -22.984  -61.475  21.876 0.5000000000
20949  -22.589  -61.716  21.227 0.5000000000
20950  -22.996  -60.956  20.258 0.5000000000
20966  -18.704  -61.168  19.215 0.5000000000
20967  -20.260  -60.809  19.503 0.6000000238
20984  -17.376  -61.240  17.929 0.5000000000
20986  -19.369  -62.000  18.728 0.5000000000
20987  -20.572  -61.101  18.873 0.5000000000
20988  -22.515  -61.475  18.949 0.5000000000
21000  -20.639  -61.550  17.006 0.6000000238
21010  -20.562  -61.699  15.967 0.6000000238
21011  -22.820  -61.492  16.241 0.5000000000
21020  -20.480  -61.805  14.909 0.6000000238
21022  -23.336  -61.198  15.084 0.6000000238
21031  -21.477  -61.552  13.812 0.6000000238
21033  -23.467  -61.179  13.974 0.6000000238
21043  -21.450  -62.517  13.399 0.6000000238
21044  -22.029  -62.089  13.399 0.6000000238
21046  -23.314  -61.042  13.722 0.6000000238
21921  -15.619  -60.776  24.294 0.3000000119
21988  -19.748  -60.128  20.240 0.5000000000
22010  -23.498  -60.415  19.881 0.5000000000
22025  -15.757  -59.258  17.585 0.5000000000
22029  -23.504  -60.390  18.992 0.5000000000
22050  -23.411  -60.510  17.298 0.5000000000
22066  -23.844  -60.120  16.623 0.5000000000
22079  -23.928  -60.517  14.417 0.6000000238
22090  -24.319  -59.977  14.016 0.5000000000
22098  -22.252  -61.233  13.622 0.6000000238
22099  -23.030  -60.809  13.549 0.6000000238
22987  -17.992  -60.016  24.202 0.3000000119
23039  -20.139  -59.749  20.347 0.5000000000
23053  -20.636  -59.541  20.018 0.5000000000
23066  -16.250  -58.807  17.812 0.5000000000
23067  -16.849  -59.091  17.987 0.5000000000
23068  -21.414  -59.029  18.643 0.6000000238
23069  -24.580  -59.314  18.933 0.5000000000
23079  -16.245  -59.220  17.501 0.5000000000
23081  -21.449  -58.937  17.674 0.6000000238
23082  -24.382  -59.421  16.881 0.5000000000
23089  -21.396  -59.194  16.570 0.6000000238
23090  -24.497  -59.144  15.721 0.6000000238
23099  -21.388  -59.501  15.662 0.6000000238
23109  -24.283  -59.374  13.852 0.6000000238
23114  -22.467  -60.296  13.834 0.6000000238
23115  -24.137  -59.940  13.709 0.6000000238
23983  -18.244  -59.159  23.857 0.3000000119
23992  -14.269  -58.499  23.442 0.3000000119
23993  -15.683  -58.372  23.597 0.3000000119
24029  -15.611  -57.977  19.558 0.5000000000
24033  -19.747  -58.625  21.006 0.4000000060
24034  -20.331  -59.083  20.514 0.4000000060
24046  -16.488  -58.224  19.074 0.5000000000
24050  -21.287  -58.546  19.206 0.6000000238
24064  -21.422  -58.429  18.418 0.6000000238
24094  -24.544  -58.466  15.011 0.6000000238
24103  -21.796  -58.352  14.878 0.6000000238
24104  -22.676  -58.602  14.233 0.6999999881
24106  -24.392  -58.663  14.148 0.6999999881
24112  -23.469  -58.804  13.786 0.6999999881
24113  -23.944  -58.595  13.700 0.6999999881
24924  -16.115  -56.883  23.560 0.3000000119
24926  -18.059  -57.492  23.528 0.3000000119
24933  -12.507  -57.263  22.687 0.3000000119
24934  -13.266  -57.599  22.880 0.4000000060
24961  -17.686  -57.047  21.463 0.5000000000
24979  -18.328  -57.570  21.431 0.5000000000
24980  -19.400  -57.038  21.270 0.4000000060
25009  -21.173  -56.838  18.737 0.6000000238
25010  -21.391  -57.099  18.030 0.6000000238
25040  -22.447  -57.050  14.856 0.6000000238
25041  -24.337  -57.044  14.607 0.6999999881
25056  -24.082  -58.049  13.916 0.6999999881
25863  -13.099  -56.365  22.851 0.3000000119
25865  -15.339  -56.592  23.527 0.3000000119
25878  -13.672  -57.016  22.995 0.4000000060
25923  -18.878  -56.091  21.150 0.4000000060
25937  -20.325  -56.216  19.798 0.5000000000
25974  -24.569  -56.019  15.464 0.6000000238
25982  -21.870  -57.093  15.556 0.6999999881
25993  -23.044  -56.349  14.658 0.6000000238
25994  -23.864  -56.184  14.300 0.6000000238
25995  -24.078  -56.601  14.325 0.6999999881
26810  -11.758  -55.925  22.751 0.3000000119
26811  -12.250  -55.729  23.023 0.3000000119
26813  -14.136  -55.579  23.304 0.4000000060
26816  -16.756  -55.522  23.387 0.4000000060
26836  -11.278  -54.922  22.114 0.3000000119
26877  -19.755  -55.503  19.830 0.5000000000
26889  -20.824  -55.594  18.784 0.5000000000
26890  -21.259  -55.312  18.379 0.6999999881
26901  -22.145  -54.968  17.158 0.6000000238
26902  -25.258  -55.675  17.408 0.5000000000
26913  -24.559  -55.177  15.621 0.5000000000
26920  -22.630  -55.816  15.199 0.6000000238
26921  -24.326  -55.389  14.747 0.6000000238
26929  -23.432  -55.482  14.599 0.6000000238
27759  -14.439  -54.916  23.353 0.4000000060
27760  -15.355  -55.103  23.416 0.4000000060
27761  -16.166  -55.012  23.326 0.4000000060
27768  -11.628  -54.105  22.965 0.4000000060
27797  -11.661  -53.314  21.930 0.4000000060
27814  -11.844  -52.759  21.854 0.4000000060
27817  -13.871  -53.601  21.485 0.4000000060
27821  -18.115  -54.627  20.452 0.3000000119
27847  -20.514  -54.862  18.731 0.5000000000
27857  -22.054  -54.314  17.963 0.5000000000
27859  -24.775  -54.261  16.935 0.5000000000
27877  -22.868  -54.960  15.157 0.6000000238
27886  -24.063  -54.139  14.429 0.5000000000
27887  -24.104  -54.922  14.495 0.6000000238
28686  -13.769  -54.059  23.162 0.4000000060
28689  -11.480  -53.684  22.556 0.4000000060
28691  -13.056  -53.065  22.945 0.4000000060
28693  -15.771  -53.786  22.820 0.3000000119
28694  -16.508  -53.737  22.626 0.3000000119
28702  -11.482  -53.098  22.300 0.4000000060
28703  -11.813  -52.489  22.371 0.4000000060
28719  -11.742  -52.627  22.015 0.4000000060
28729  -12.041  -52.430  21.857 0.4000000060
28730  -12.552  -52.391  21.674 0.4000000060
28731  -13.329  -52.433  21.420 0.4000000060
28748  -16.304  -52.716  19.725 0.3000000119
28767  -19.205  -53.420  18.627 0.4000000060
28791  -23.037  -54.019  15.075 0.5000000000
28792  -24.432  -53.520  14.944 0.5000000000
28799  -24.054  -53.266  14.319 0.5000000000
29641  -11.999  -52.430  22.638 0.4000000060
29642  -12.472  -52.285  22.643 0.4000000060
29643  -14.043  -52.251  22.430 0.4000000060
29644  -15.035  -53.041  22.671 0.4000000060
29645  -15.831  -53.008  22.463 0.4000000060
29650  -12.259  -52.092  22.335 0.4000000060
29654  -17.019  -52.818  21.912 0.3000000119
29666  -12.761  -51.777  21.937 0.4000000060
29679  -12.441  -52.033  21.903 0.4000000060
29681  -13.861  -51.602  21.075 0.4000000060
29682  -14.681  -51.995  20.420 0.3000000119
29683  -15.495  -52.206  19.934 0.3000000119
29696  -15.149  -51.528  19.959 0.3000000119
29711  -16.615  -51.820  18.645 0.3000000119
29712  -17.296  -52.290  18.521 0.3000000119
29713  -17.942  -52.413  18.256 0.3000000119
29714  -18.724  -52.719  18.327 0.3000000119
29726  -22.457  -52.349  17.551 0.4000000060
29727  -24.625  -52.707  16.943 0.4000000060
29735  -22.771  -52.451  16.230 0.5000000000
29736  -24.526  -52.456  15.631 0.5000000000
29757  -23.851  -52.749  14.309 0.5000000000
29759  -24.116  -52.029  14.293 0.5000000000
30614  -13.993  -51.237  21.284 0.3000000119
30625  -14.175  -51.057  20.971 0.3000000119
30658  -15.196  -50.853  19.806 0.3000000119
30674  -15.576  -50.319  19.528 0.3000000119
30677  -17.922  -51.826  17.929 0.3000000119
30678  -19.146  -52.357  18.197 0.3000000119
30690  -17.545  -51.225  17.896 0.3000000119
30691  -18.409  -51.267  17.700 0.3000000119
30693  -20.254  -51.446  18.134 0.4000000060
30694  -22.012  -51.828  18.062 0.4000000060
30695  -22.564  -51.623  17.218 0.5000000000
30718  -23.910  -51.279  14.191 0.5000000000
31523  -15.684  -50.512  20.723 0.3000000119
31534  -15.050  -50.436  20.567 0.3000000119
31556  -15.766  -49.821  19.630 0.3000000119
31573  -24.816  -50.693  18.286 0.4000000060
31580  -16.472  -49.547  18.694 0.3000000119
31584  -21.868  -50.165  17.564 0.3000000119
31586  -24.633  -50.454  17.422 0.4000000060
31598  -23.078  -50.698  15.741 0.4000000060
31610  -24.445  -50.275  14.626 0.4000000060
31616  -24.214  -50.413  14.280 0.4000000060
32480  -16.626  -48.967  19.119 0.3000000119
32481  -25.546  -49.689  19.671 0.4000000060
32498  -16.729  -48.939  18.788 0.3000000119
32508  -17.010  -49.405  18.234 0.3000000119
32512  -24.634  -49.614  17.217 0.4000000060
32522  -22.674  -49.285  16.607 0.3000000119
32536  -23.827  -49.884  14.508 0.3000000119
33458  -26.112  -48.254  20.082 0.4000000060
33480  -17.699  -48.042  17.864 0.3000000119
33481  -18.383  -48.429  17.515 0.3000000119
33482  -19.377  -48.683  17.406 0.3000000119
33484  -21.268  -48.933  17.458 0.3000000119
33501  -24.853  -48.773  15.502 0.4000000060
33516  -24.876  -48.860  14.440 0.4000000060
33525  -24.516  -48.908  14.234 0.3000000119
33526  -24.774  -48.714  14.205 0.4000000060
34481  -25.685  -47.874  19.307 0.4000000060
34499  -25.456  -47.545  18.448 0.4000000060
34508  -17.815  -47.211  17.984 0.3000000119
34509  -18.022  -46.616  18.002 0.3000000119
34523  -18.599  -47.121  17.480 0.3000000119
34524  -19.381  -47.176  17.392 0.3000000119
35468  -25.788  -46.832  18.208 0.3000000119
35478  -18.324  -46.188  17.893 0.3000000119
35479  -25.699  -46.715  17.355 0.4000000060
35493  -19.848  -46.444  17.393 0.3000000119
35497  -25.680  -46.712  16.342 0.4000000060
36452  -19.139  -45.136  17.890 0.3000000119
36462  -18.833  -45.647  17.796 0.3000000119
36463  -19.312  -45.199  17.674 0.3000000119
36464  -19.865  -44.999  17.398 0.3000000119
132233  -18.136  -68.405  16.976 0.6000000238
132686  -19.057  -58.090  21.360 0.5000000000
132687  -22.231  -64.730  22.258 0.6000000238
133296  -37.056  -82.305  14.047 0.3000000119
133442  -21.187  -68.157  20.771 0.6000000238
133728  -23.065  -70.917  22.071 0.6000000238
134100  -21.417  -59.838  14.943 0.6000000238
134208  -27.294  -84.706  9.505 0.5000000000
134959  -24.230  -52.767  14.502 0.5000000000
135171  -22.938  -81.051  12.376 0.6000000238
135411  -18.726  -58.389  23.688 0.3000000119
135667  -23.287  -60.073  13.608 0.6000000238
135718  -24.824  -84.888  10.287 0.5000000000
136129  -21.677  -71.082  14.701 0.6000000238
136202  -22.721  -71.931  14.944 0.6999999881
136322  -14.989  -59.931  23.908 0.3000000119
136362  -20.939  -57.867  19.781 0.6000000238
136528  -18.635  -68.490  18.467 0.6000000238
137755  -22.659  -61.987  15.308 0.6000000238
138453  -21.208  -65.699  19.197 0.6000000238
138536  -19.785  -63.000  16.423 0.6000000238
138745  -28.407  -68.265  19.149 0.5000000000
138915  -20.688  -61.349  17.981 0.6000000238
139000  -17.735  -68.954  15.437 0.6000000238
139482  -26.114  -75.442  11.897 0.5000000000
139562  -24.841  -80.582  13.014 0.6000000238
139617  -20.810  -65.441  14.975 0.6999999881
139637  -29.466  -71.442  14.631 0.4000000060
139914  -20.292  -70.188  20.913 0.6999999881
140023  -25.023  -58.147  16.935 0.5000000000
140148  -14.112  -51.599  21.845 0.4000000060
140533  -24.387  -57.895  14.456 0.6999999881
140781  -21.766  -60.205  14.395 0.6000000238
140906  -23.001  -61.117  21.107 0.5000000000
141202  -21.644  -56.804  16.438 0.6999999881
141555  -24.081  -52.667  14.297 0.5000000000
141611  -20.918  -65.053  17.831 0.6000000238
141711  -22.494  -68.267  21.786 0.6000000238
141735  -19.884  -72.664  17.861 0.4000000060
141810  -14.914  -58.628  23.572 0.3000000119
142107  -29.582  -71.172  16.093 0.5000000000
142262  -22.145  -72.072  10.779 0.5000000000
142497  -26.804  -76.753  7.455 0.4000000060
143839  -25.286  -84.452  11.699 0.6000000238
143879  -24.527  -50.979  15.461 0.4000000060
144133  -25.007  -69.371  22.759 0.6000000238
144164  -30.062  -74.864  13.573 0.5000000000
144191  -18.404  -68.581  14.671 0.6000000238
144297  -21.676  -62.804  19.042 0.6000000238
144407  -21.154  -64.656  13.115 0.6999999881
144437  -22.337  -71.441  15.665 0.6999999881
144585  -29.058  -75.738  13.221 0.5000000000
144745  -20.568  -66.169  13.610 0.6000000238
144778  -30.498  -82.318  9.067 0.5000000000
144911  -23.875  -59.416  13.605 0.6999999881
144937  -24.757  -49.941  18.214 0.4000000060
145053  -21.638  -57.833  15.441 0.6999999881
145109  -20.777  -78.872  15.170 0.5000000000
145228  -17.377  -69.351  16.549 0.5000000000
145381  -26.940  -71.825  21.127 0.5000000000
145642  -22.208  -72.324  18.664 0.6000000238
145742  -25.409  -47.263  17.736 0.4000000060
145808  -22.336  -70.971  13.764 0.6000000238
145816  -18.695  -60.481  19.747 0.4000000060
146035  -29.006  -71.745  19.744 0.6000000238
146251  -26.003  -80.158  13.792 0.6000000238
146385  -19.134  -76.153  12.543 0.5000000000
147231  -17.896  -70.456  18.852 0.5000000000
147566  -26.854  -80.203  12.069 0.6999999881
147788  -25.707  -46.785  13.961 0.3000000119
147807  -21.888  -69.097  21.553 0.6000000238
148302  -24.639  -49.346  16.174 0.4000000060
148547  -20.530  -72.530  18.206 0.5000000000
148569  -17.578  -63.756  17.418 0.6000000238
149963  -24.929  -57.643  16.363 0.6000000238
150684  -21.437  -77.992  16.853 0.5000000000
151018  -23.294  -81.309  17.515 0.4000000060
151473  -21.901  -78.802  13.034 0.6999999881
151869  -22.542  -61.713  17.061 0.6999999881
152276  -26.652  -72.402  20.587 0.5000000000
152651  -14.829  -55.535  23.439 0.3000000119
153037  -17.471  -58.824  23.659 0.3000000119
153039  -20.354  -53.865  18.586 0.4000000060
153128  -13.407  -51.597  21.657 0.4000000060
154006  -17.295  -59.230  18.973 0.5000000000
154388  -25.540  -79.676  8.021 0.6000000238
154636  -24.919  -74.847  15.732 0.6000000238
155337  -24.254  -72.492  19.595 0.5000000000
155462  -24.812  -48.529  17.847 0.4000000060
155681  -29.572  -80.353  8.143 0.4000000060
155721  -18.863  -78.548  15.911 0.5000000000
156066  -25.028  -84.663  10.916 0.5000000000
156211  -24.236  -58.187  14.022 0.6999999881
156276  -35.153  -81.883  12.867 0.3000000119
156301  -17.104  -51.237  18.142 0.3000000119
156378  -23.643  -66.386  23.293 0.6000000238
156525  -25.406  -76.733  10.762 0.5000000000
156532  -29.995  -74.753  12.424 0.5000000000
156689  -21.229  -51.321  18.199 0.3000000119
156831  -17.419  -54.302  20.591 0.3000000119
157062  -22.422  -71.156  21.727 0.6000000238
157282  -22.115  -77.854  17.265 0.5000000000
157295  -25.140  -79.853  8.228 0.6000000238
157299  -21.638  -63.364  20.474 0.6000000238
157329  -19.512  -50.117  17.561 0.3000000119
157659  -20.164  -61.674  18.635 0.6000000238
157745  -30.706  -78.278  7.754 0.3000000119
157790  -21.444  -64.381  19.847 0.6000000238
157832  -25.174  -79.744  16.748 0.5000000000
157861  -21.812  -77.580  18.285 0.5000000000
157873  -24.246  -51.587  14.382 0.4000000060
157906  -17.489  -70.727  18.396 0.5000000000
158136  -27.658  -69.714  21.890 0.5000000000
158150  -19.491  -62.446  18.219 0.6000000238
158216  -23.042  -60.843  17.825 0.5000000000
158274  -20.769  -59.890  19.657 0.5000000000
