#!ascii label  , from subject sub-v2s3x28797_ses-1 vox2ras=TkReg
995
43191  24.543  -30.389  48.645 0.0000000000
59391  38.551  -13.705  33.405 0.0000000000
52137  29.544  -21.206  38.007 0.0000000000
42132  9.893  -31.749  56.406 0.0000000000
43122  23.327  -30.823  54.619 0.0000000000
54880  32.361  -18.709  36.364 0.0000000000
45115  16.492  -28.020  51.661 0.0000000000
42158  13.862  -31.552  54.547 0.0000000000
43140  20.918  -29.645  53.437 0.0000000000
59441  37.522  -13.860  30.001 0.0000000000
49154  24.634  -24.294  47.836 0.0000000000
48255  25.344  -25.351  43.545 0.0000000000
46119  27.012  -27.245  48.923 0.0000000000
104677  31.301  -14.823  29.341 0.0000000000
56768  35.536  -16.891  25.984 0.0000000000
112662  40.882  -16.769  33.938 0.0000000000
54915  40.718  -18.502  32.488 0.0000000000
53118  36.263  -20.087  33.612 0.0000000000
97722  34.988  -21.545  37.387 0.0000000000
38959  25.674  -34.188  52.480 0.0000000000
102729  8.325  -34.577  60.190 0.0000000000
39877  4.180  -33.245  61.668 0.0000000000
40956  3.000  -32.203  65.720 0.0000000000
43153  24.481  -31.568  51.707 0.0000000000
39979  22.652  -33.478  54.349 0.0000000000
53955  24.443  -19.958  40.447 0.0000000000
107955  30.081  -23.244  41.858 0.0000000000
59485  37.298  -13.544  23.508 0.0000000000
109507  37.817  -13.410  31.599 0.0000000000
103796  41.661  -13.034  31.780 0.0000000000
47156  23.962  -26.631  49.014 0.0000000000
47180  25.060  -26.727  47.460 0.0000000000
45136  25.619  -28.644  48.190 0.0000000000
58471  35.711  -14.901  34.509 0.0000000000
58492  30.560  -14.362  33.227 0.0000000000
97636  34.089  -15.000  32.095 0.0000000000
57575  34.266  -15.690  30.193 0.0000000000
35769  2.056  -37.242  65.592 0.0000000000
55806  37.391  -17.995  33.127 0.0000000000
117645  35.971  -17.733  34.857 0.0000000000
53996  30.563  -19.827  36.504 0.0000000000
53095  32.600  -20.585  35.712 0.0000000000
52134  32.480  -21.734  37.605 0.0000000000
99808  31.977  -21.933  40.300 0.0000000000
41077  11.569  -32.248  55.635 0.0000000000
39939  13.277  -33.600  57.427 0.0000000000
39941  11.450  -33.823  57.035 0.0000000000
38871  10.808  -35.006  59.503 0.0000000000
39943  9.013  -33.316  57.526 0.0000000000
42089  5.512  -31.782  60.446 0.0000000000
40976  3.234  -32.453  63.832 0.0000000000
42166  24.047  -32.112  53.306 0.0000000000
41108  23.173  -33.165  52.624 0.0000000000
115997  22.308  -32.236  53.604 0.0000000000
44101  18.682  -29.435  54.415 0.0000000000
44082  20.250  -29.755  55.504 0.0000000000
49171  28.686  -24.906  45.754 0.0000000000
49191  28.369  -24.892  43.052 0.0000000000
55771  35.026  -17.670  36.512 0.0000000000
55756  30.645  -17.782  37.594 0.0000000000
54871  28.610  -18.739  37.441 0.0000000000
116548  16.884  -29.438  53.991 0.0000000000
43109  15.409  -30.488  55.407 0.0000000000
44124  14.560  -29.719  52.925 0.0000000000
44106  12.658  -29.230  54.395 0.0000000000
44072  11.270  -29.286  56.530 0.0000000000
44116  22.168  -29.501  53.719 0.0000000000
45092  20.960  -27.913  52.472 0.0000000000
45095  18.783  -28.640  51.739 0.0000000000
51090  26.295  -22.195  46.354 0.0000000000
98019  24.721  -23.161  43.962 0.0000000000
49172  24.468  -24.839  45.459 0.0000000000
48223  26.339  -25.849  46.468 0.0000000000
58571  34.155  -14.378  25.168 0.0000000000
57608  33.084  -15.848  27.236 0.0000000000
103214  35.901  -16.844  28.702 0.0000000000
59376  41.205  -13.567  34.217 0.0000000000
57557  40.934  -15.780  31.490 0.0000000000
56698  39.549  -16.938  32.315 0.0000000000
54027  38.921  -19.400  32.925 0.0000000000
53090  37.849  -20.675  35.017 0.0000000000
54005  33.978  -19.164  34.933 0.0000000000
116296  35.266  -21.072  35.326 0.0000000000
41135  25.802  -32.873  50.106 0.0000000000
43170  27.270  -30.735  49.862 0.0000000000
58449  38.903  -14.406  35.604 0.0000000000
43069  8.251  -30.470  58.264 0.0000000000
41026  6.505  -32.164  59.056 0.0000000000
38856  6.428  -34.448  60.557 0.0000000000
37822  5.517  -35.652  62.126 0.0000000000
37824  4.035  -35.568  62.654 0.0000000000
38782  2.131  -35.061  64.122 0.0000000000
38749  1.282  -34.195  65.939 0.0000000000
39812  0.710  -33.704  66.765 0.0000000000
102064  24.059  -30.436  50.346 0.0000000000
40021  23.930  -33.302  51.269 0.0000000000
116128  23.958  -34.393  53.245 0.0000000000
43124  21.300  -30.792  54.402 0.0000000000
53046  26.768  -20.443  38.649 0.0000000000
98757  25.055  -23.726  41.610 0.0000000000
50191  27.455  -22.963  40.502 0.0000000000
52081  29.290  -21.612  40.562 0.0000000000
45122  28.029  -29.006  50.078 0.0000000000
57664  38.742  -14.712  22.555 0.0000000000
107395  36.520  -15.393  24.259 0.0000000000
102299  38.648  -16.318  23.718 0.0000000000
59403  38.337  -13.420  32.367 0.0000000000
59413  39.366  -12.931  32.075 0.0000000000
59402  40.969  -12.895  32.942 0.0000000000
99493  23.758  -28.169  49.037 0.0000000000
45144  24.552  -27.958  47.807 0.0000000000
44171  24.862  -29.753  48.329 0.0000000000
116952  37.769  -14.073  33.574 0.0000000000
58488  34.641  -14.961  33.380 0.0000000000
58497  37.018  -14.232  33.151 0.0000000000
107996  35.615  -14.445  32.026 0.0000000000
36797  1.411  -36.797  65.712 0.0000000000
55781  37.277  -17.421  35.353 0.0000000000
97718  36.660  -17.504  35.955 0.0000000000
52136  30.127  -20.943  37.227 0.0000000000
52150  30.888  -21.036  36.808 0.0000000000
110946  30.780  -21.445  37.394 0.0000000000
52120  31.863  -21.906  38.448 0.0000000000
52100  30.249  -21.845  39.509 0.0000000000
41078  11.005  -31.795  55.750 0.0000000000
39958  11.203  -33.244  56.442 0.0000000000
41063  10.325  -32.747  56.451 0.0000000000
39923  9.855  -33.835  57.506 0.0000000000
41048  9.129  -32.579  57.031 0.0000000000
42155  23.795  -31.711  54.182 0.0000000000
42167  22.797  -32.156  53.494 0.0000000000
43137  22.723  -31.242  53.914 0.0000000000
44084  17.824  -29.337  55.153 0.0000000000
53912  25.549  -19.855  44.410 0.0000000000
49170  29.467  -24.641  45.421 0.0000000000
55757  29.745  -17.853  37.584 0.0000000000
117288  28.647  -17.413  38.244 0.0000000000
109957  16.568  -29.090  52.505 0.0000000000
44123  15.322  -29.675  52.912 0.0000000000
45098  15.646  -28.330  51.957 0.0000000000
45082  13.583  -27.942  53.774 0.0000000000
45057  12.579  -28.311  55.109 0.0000000000
44087  12.103  -29.130  55.277 0.0000000000
46065  22.337  -27.944  53.510 0.0000000000
46081  17.999  -27.300  51.947 0.0000000000
46094  19.107  -27.714  51.775 0.0000000000
45114  17.338  -28.327  51.725 0.0000000000
108931  17.764  -29.307  53.017 0.0000000000
50111  24.890  -23.755  46.491 0.0000000000
49164  24.538  -24.311  47.099 0.0000000000
47167  26.499  -26.851  48.279 0.0000000000
47193  25.542  -26.078  46.819 0.0000000000
47178  26.985  -26.267  47.902 0.0000000000
106081  27.547  -25.814  47.465 0.0000000000
47165  28.159  -26.228  48.948 0.0000000000
58518  30.565  -14.354  31.278 0.0000000000
58560  32.088  -14.710  27.199 0.0000000000
57597  32.411  -15.686  28.401 0.0000000000
57573  36.170  -14.966  30.307 0.0000000000
57587  34.784  -16.103  29.595 0.0000000000
57585  36.653  -15.436  29.722 0.0000000000
57534  41.972  -14.906  33.778 0.0000000000
57542  41.389  -15.723  33.039 0.0000000000
104387  40.812  -16.413  33.322 0.0000000000
54916  36.964  -18.583  33.143 0.0000000000
54928  37.797  -18.459  32.738 0.0000000000
54028  37.530  -19.289  32.977 0.0000000000
53103  38.269  -20.321  34.269 0.0000000000
53104  37.217  -20.398  34.042 0.0000000000
54879  33.586  -18.163  36.535 0.0000000000
54891  34.299  -18.553  35.096 0.0000000000
54893  32.828  -19.107  35.782 0.0000000000
111518  33.705  -21.426  36.285 0.0000000000
52160  34.168  -21.221  35.748 0.0000000000
52146  35.456  -21.464  36.628 0.0000000000
52145  36.324  -21.407  36.617 0.0000000000
114249  25.719  -33.405  50.869 0.0000000000
113149  26.567  -33.058  50.784 0.0000000000
56669  42.173  -16.212  34.734 0.0000000000
58465  41.761  -14.107  35.135 0.0000000000
58467  40.396  -13.896  34.946 0.0000000000
43110  14.660  -31.089  54.888 0.0000000000
101903  14.311  -32.041  55.861 0.0000000000
38872  9.405  -34.503  59.430 0.0000000000
38832  10.391  -35.114  61.380 0.0000000000
38854  8.948  -34.830  60.876 0.0000000000
110918  8.226  -34.823  60.916 0.0000000000
43051  8.136  -30.062  59.220 0.0000000000
42112  7.570  -31.291  58.227 0.0000000000
114904  6.935  -30.774  59.290 0.0000000000
41004  4.651  -32.677  61.240 0.0000000000
41017  5.613  -32.709  60.154 0.0000000000
38837  5.582  -34.297  60.903 0.0000000000
38836  6.084  -34.941  61.042 0.0000000000
37838  5.004  -34.568  61.429 0.0000000000
37805  4.813  -35.900  62.691 0.0000000000
38818  3.747  -34.730  62.278 0.0000000000
40965  3.066  -32.371  64.700 0.0000000000
38781  2.440  -34.315  63.783 0.0000000000
108262  1.990  -34.002  64.604 0.0000000000
38765  1.549  -34.896  65.082 0.0000000000
39832  1.675  -33.628  65.665 0.0000000000
43163  24.896  -30.489  51.433 0.0000000000
44150  24.610  -29.566  50.916 0.0000000000
117186  24.105  -31.155  50.804 0.0000000000
42210  24.018  -31.970  50.216 0.0000000000
42194  23.920  -32.006  50.986 0.0000000000
116458  22.794  -33.281  53.174 0.0000000000
39990  23.148  -33.733  52.854 0.0000000000
39978  22.983  -33.799  53.668 0.0000000000
44117  21.628  -28.936  53.287 0.0000000000
42169  21.748  -30.984  53.815 0.0000000000
43125  20.784  -30.034  54.421 0.0000000000
42128  21.694  -31.563  56.058 0.0000000000
55826  40.537  -16.629  31.550 0.0000000000
56706  41.211  -16.027  31.005 0.0000000000
55813  41.741  -17.425  31.718 0.0000000000
54848  25.068  -18.727  39.496 0.0000000000
53973  25.832  -19.190  38.834 0.0000000000
53047  25.598  -20.578  39.235 0.0000000000
49193  24.794  -24.736  43.229 0.0000000000
50162  24.741  -23.356  42.467 0.0000000000
49206  25.309  -25.011  42.602 0.0000000000
49202  28.945  -24.500  42.454 0.0000000000
49214  27.263  -24.451  41.331 0.0000000000
50173  28.815  -23.356  41.231 0.0000000000
51151  28.190  -21.962  40.595 0.0000000000
51129  29.742  -22.457  41.438 0.0000000000
52060  30.536  -21.763  41.317 0.0000000000
115771  27.918  -30.386  50.395 0.0000000000
105580  37.850  -13.928  23.163 0.0000000000
57625  34.594  -15.730  25.527 0.0000000000
57634  35.187  -15.338  24.892 0.0000000000
56784  35.930  -15.879  24.749 0.0000000000
56781  38.730  -17.050  24.448 0.0000000000
55891  40.325  -17.066  23.992 0.0000000000
47124  16.546  -26.841  52.580 0.0000000000
46083  15.287  -27.827  52.118 0.0000000000
59432  37.261  -13.788  30.452 0.0000000000
60332  38.944  -12.822  29.958 0.0000000000
117045  39.095  -12.662  31.152 0.0000000000
48192  24.343  -25.405  48.765 0.0000000000
48205  24.229  -25.555  47.952 0.0000000000
105091  24.116  -26.876  47.979 0.0000000000
46129  24.949  -27.500  47.638 0.0000000000
46120  26.185  -27.851  48.330 0.0000000000
58475  31.511  -14.595  34.572 0.0000000000
99509  32.987  -15.247  34.108 0.0000000000
58502  32.250  -15.275  32.591 0.0000000000
57560  32.167  -15.331  31.131 0.0000000000
57577  32.355  -15.500  30.338 0.0000000000
57558  33.927  -15.384  30.909 0.0000000000
58514  35.378  -14.695  31.393 0.0000000000
36795  2.839  -37.133  65.038 0.0000000000
56670  40.289  -17.159  34.596 0.0000000000
55793  39.214  -17.071  34.091 0.0000000000
114000  38.357  -17.155  34.196 0.0000000000
55807  36.735  -17.915  33.731 0.0000000000
54917  36.058  -18.735  33.602 0.0000000000
53995  31.323  -19.634  36.239 0.0000000000
103416  32.683  -19.855  35.582 0.0000000000
53079  31.936  -20.768  36.026 0.0000000000
107112  32.221  -21.539  36.882 0.0000000000
52133  33.433  -21.712  37.831 0.0000000000
52119  32.836  -21.835  38.528 0.0000000000
52098  32.902  -21.914  40.031 0.0000000000
38947  25.593  -34.479  53.388 0.0000000000
42143  13.153  -32.027  54.900 0.0000000000
41074  13.758  -32.439  55.821 0.0000000000
41061  12.590  -32.884  56.037 0.0000000000
39940  12.370  -33.874  57.285 0.0000000000
38887  11.585  -34.642  58.440 0.0000000000
38889  9.313  -34.227  58.754 0.0000000000
38873  8.615  -34.264  59.314 0.0000000000
43037  6.519  -30.364  60.791 0.0000000000
42066  4.986  -31.136  62.290 0.0000000000
40987  4.453  -31.973  61.891 0.0000000000
39861  3.620  -33.648  62.245 0.0000000000
40975  3.709  -32.010  63.286 0.0000000000
40964  3.707  -31.750  64.240 0.0000000000
101709  3.670  -31.531  66.104 0.0000000000
42178  24.964  -31.876  52.847 0.0000000000
41107  23.659  -32.738  51.936 0.0000000000
42180  23.217  -32.667  52.802 0.0000000000
107930  22.636  -32.700  53.359 0.0000000000
42156  22.041  -32.360  53.801 0.0000000000
44100  19.571  -29.512  54.132 0.0000000000
44099  20.194  -29.646  54.366 0.0000000000
100915  19.479  -29.534  55.055 0.0000000000
112110  40.409  -19.563  33.946 0.0000000000
53009  24.583  -20.522  42.088 0.0000000000
48231  27.455  -25.556  45.061 0.0000000000
104402  26.848  -25.503  43.419 0.0000000000
48230  28.003  -25.264  44.527 0.0000000000
49179  29.495  -24.632  44.402 0.0000000000
59486  36.485  -13.660  23.846 0.0000000000
37768  -0.588  -35.694  66.506 0.0000000000
98486  34.124  -17.730  37.927 0.0000000000
54866  32.932  -18.198  37.056 0.0000000000
54868  31.119  -18.337  37.035 0.0000000000
54869  30.234  -18.465  37.083 0.0000000000
53986  29.091  -19.552  37.204 0.0000000000
53068  28.429  -20.220  37.778 0.0000000000
100500  17.065  -29.370  54.819 0.0000000000
44071  16.040  -29.796  55.912 0.0000000000
44103  16.403  -29.613  54.403 0.0000000000
43126  15.154  -30.525  54.354 0.0000000000
43127  14.384  -30.861  54.059 0.0000000000
106396  14.167  -28.159  52.900 0.0000000000
44125  13.816  -29.476  53.182 0.0000000000
43128  13.527  -30.832  53.959 0.0000000000
43111  12.141  -30.982  54.714 0.0000000000
43112  11.512  -30.515  55.326 0.0000000000
43096  10.552  -30.412  56.321 0.0000000000
43123  22.658  -30.176  54.143 0.0000000000
44098  22.783  -29.000  54.154 0.0000000000
45078  22.320  -28.412  53.532 0.0000000000
44118  20.929  -28.834  52.714 0.0000000000
46067  20.777  -27.459  52.907 0.0000000000
45093  20.372  -27.994  52.016 0.0000000000
108849  20.059  -29.136  52.627 0.0000000000
44120  18.355  -29.377  53.410 0.0000000000
44102  17.650  -29.392  54.050 0.0000000000
51097  26.230  -21.683  45.580 0.0000000000
52011  25.544  -21.264  44.433 0.0000000000
51098  25.576  -22.564  45.422 0.0000000000
50122  24.580  -24.216  45.017 0.0000000000
48246  24.944  -25.292  44.492 0.0000000000
48225  24.477  -25.348  46.696 0.0000000000
97328  25.707  -25.749  45.950 0.0000000000
116928  25.883  -25.694  45.224 0.0000000000
48221  27.905  -25.408  45.967 0.0000000000
48213  28.803  -25.173  47.623 0.0000000000
59467  32.995  -13.654  25.939 0.0000000000
57617  33.388  -15.538  26.440 0.0000000000
56758  34.437  -16.651  26.768 0.0000000000
113375  33.226  -16.221  28.634 0.0000000000
56749  34.266  -16.699  27.589 0.0000000000
59389  40.629  -13.370  33.735 0.0000000000
59388  41.254  -13.364  33.465 0.0000000000
57541  41.763  -14.749  32.964 0.0000000000
56697  40.244  -16.432  31.952 0.0000000000
55815  40.007  -17.408  31.803 0.0000000000
55817  38.857  -17.369  32.630 0.0000000000
54927  38.695  -18.094  32.394 0.0000000000
101661  39.779  -19.216  33.032 0.0000000000
54016  39.494  -19.712  33.733 0.0000000000
53088  39.574  -20.463  35.439 0.0000000000
97870  35.451  -17.672  35.777 0.0000000000
54890  34.860  -18.400  34.714 0.0000000000
54918  35.292  -19.397  33.777 0.0000000000
53094  33.444  -20.282  35.250 0.0000000000
53107  34.268  -20.326  34.814 0.0000000000
53106  35.539  -20.337  34.081 0.0000000000
53091  36.917  -20.823  35.000 0.0000000000
42226  24.855  -31.660  49.118 0.0000000000
43179  26.286  -30.699  49.125 0.0000000000
41152  26.313  -32.105  49.739 0.0000000000
42193  27.689  -31.904  50.960 0.0000000000
58469  37.442  -14.550  34.847 0.0000000000
58484  38.234  -14.205  34.285 0.0000000000
43081  10.211  -30.009  56.987 0.0000000000
43068  9.340  -30.080  58.187 0.0000000000
42121  9.074  -31.471  56.929 0.0000000000
41049  8.526  -32.320  57.389 0.0000000000
39926  7.773  -33.090  58.362 0.0000000000
39907  7.104  -33.251  59.043 0.0000000000
41027  5.892  -31.986  59.672 0.0000000000
39908  6.270  -32.994  59.612 0.0000000000
38855  7.406  -34.611  60.464 0.0000000000
101721  6.821  -34.994  61.143 0.0000000000
38835  7.167  -35.499  61.971 0.0000000000
36814  3.890  -36.434  63.730 0.0000000000
38797  2.919  -34.152  62.961 0.0000000000
38798  2.768  -35.101  63.406 0.0000000000
37807  2.618  -35.882  63.832 0.0000000000
37793  2.008  -35.940  64.509 0.0000000000
37780  1.418  -36.010  65.255 0.0000000000
38766  0.991  -35.117  65.770 0.0000000000
39823  1.573  -33.342  66.491 0.0000000000
38750  0.972  -34.127  66.434 0.0000000000
37754  0.292  -34.563  66.479 0.0000000000
45123  23.955  -28.507  49.738 0.0000000000
45110  24.473  -28.710  50.648 0.0000000000
43181  24.108  -30.694  49.035 0.0000000000
41154  24.437  -32.150  49.670 0.0000000000
40032  24.805  -33.151  50.405 0.0000000000
40003  24.831  -34.071  51.886 0.0000000000
40022  23.629  -33.266  51.793 0.0000000000
40004  23.928  -33.883  51.833 0.0000000000
38960  24.560  -34.342  52.674 0.0000000000
43138  22.086  -30.650  53.770 0.0000000000
42157  21.700  -31.647  54.044 0.0000000000
41087  21.747  -32.231  54.434 0.0000000000
43107  21.292  -30.939  55.486 0.0000000000
42141  21.486  -31.643  54.903 0.0000000000
41072  22.397  -32.853  55.619 0.0000000000
109282  41.642  -13.620  32.045 0.0000000000
54857  27.239  -18.325  38.211 0.0000000000
113065  27.085  -19.945  38.189 0.0000000000
53057  28.308  -20.820  38.395 0.0000000000
52023  25.062  -21.356  43.705 0.0000000000
104972  24.731  -21.963  42.290 0.0000000000
51155  24.665  -21.868  40.598 0.0000000000
49215  26.248  -24.540  41.450 0.0000000000
50193  25.859  -23.092  40.513 0.0000000000
51154  25.302  -22.287  40.183 0.0000000000
52083  26.955  -21.539  39.772 0.0000000000
97963  27.789  -21.335  39.899 0.0000000000
52101  29.411  -21.563  39.706 0.0000000000
99068  29.942  -21.683  40.462 0.0000000000
44164  26.354  -29.727  48.888 0.0000000000
45129  27.210  -29.121  49.377 0.0000000000
45128  27.737  -28.276  49.651 0.0000000000
45120  28.994  -28.085  50.549 0.0000000000
46103  28.772  -27.519  50.143 0.0000000000
109746  39.123  -13.158  21.876 0.0000000000
104496  35.799  -13.855  24.235 0.0000000000
57648  37.015  -14.890  23.776 0.0000000000
56782  37.908  -17.016  24.720 0.0000000000
56798  37.977  -15.878  23.828 0.0000000000
57647  37.719  -15.118  23.548 0.0000000000
112684  39.021  -15.480  22.768 0.0000000000
105570  39.697  -15.831  22.098 0.0000000000
59392  37.772  -13.780  32.955 0.0000000000
100574  39.189  -13.369  32.868 0.0000000000
108631  40.095  -13.122  32.927 0.0000000000
45131  23.813  -29.064  48.768 0.0000000000
45137  24.661  -28.903  48.105 0.0000000000
37781  0.734  -36.065  65.935 0.0000000000
113195  30.174  -21.510  37.890 0.0000000000
52121  30.781  -21.830  38.379 0.0000000000
98089  29.819  -21.634  38.675 0.0000000000
42131  10.416  -31.284  56.091 0.0000000000
117669  10.497  -32.055  56.076 0.0000000000
41047  9.714  -33.172  56.967 0.0000000000
41064  9.581  -32.390  56.701 0.0000000000
44069  17.806  -29.230  56.157 0.0000000000
52974  25.882  -20.527  44.748 0.0000000000
45097  16.481  -28.529  51.945 0.0000000000
44138  15.817  -29.030  52.363 0.0000000000
46096  17.445  -27.738  51.663 0.0000000000
47179  25.996  -26.541  47.530 0.0000000000
47166  27.414  -26.579  48.586 0.0000000000
58534  31.119  -14.768  30.871 0.0000000000
58535  30.609  -14.307  30.389 0.0000000000
58544  30.705  -14.263  29.442 0.0000000000
58548  31.188  -14.487  28.564 0.0000000000
57598  31.773  -15.233  28.888 0.0000000000
58542  37.041  -14.428  29.994 0.0000000000
57586  35.763  -15.781  29.724 0.0000000000
57584  37.527  -15.135  29.578 0.0000000000
103989  3.903  -36.989  64.987 0.0000000000
56680  41.726  -16.106  33.887 0.0000000000
56681  40.061  -16.897  33.556 0.0000000000
54029  36.612  -19.381  33.284 0.0000000000
53117  37.072  -19.881  33.363 0.0000000000
109679  33.010  -18.556  36.208 0.0000000000
54892  33.574  -18.696  35.604 0.0000000000
99574  34.042  -21.600  37.154 0.0000000000
52147  34.572  -21.477  36.495 0.0000000000
97622  25.717  -33.807  51.664 0.0000000000
40019  26.654  -33.402  51.466 0.0000000000
40002  26.617  -33.755  52.284 0.0000000000
105504  41.335  -16.792  34.421 0.0000000000
103022  42.198  -15.045  34.453 0.0000000000
111434  14.330  -31.691  55.211 0.0000000000
106146  9.157  -34.652  60.077 0.0000000000
39876  5.259  -33.315  60.660 0.0000000000
38838  4.806  -33.785  61.186 0.0000000000
37823  4.692  -35.213  61.965 0.0000000000
38817  4.291  -34.257  61.700 0.0000000000
39840  2.340  -32.994  65.204 0.0000000000
43152  25.557  -31.105  52.418 0.0000000000
41096  22.438  -33.083  53.724 0.0000000000
39965  23.303  -33.940  54.688 0.0000000000
43139  21.648  -30.004  53.751 0.0000000000
54925  40.342  -18.043  31.986 0.0000000000
55814  40.778  -17.405  31.601 0.0000000000
54924  41.158  -18.057  32.158 0.0000000000
54839  24.443  -18.907  40.423 0.0000000000
53966  24.723  -19.578  39.845 0.0000000000
53974  25.271  -19.798  39.270 0.0000000000
105294  24.874  -20.489  39.799 0.0000000000
48260  25.763  -25.364  42.810 0.0000000000
50160  29.741  -24.003  42.285 0.0000000000
50161  28.930  -24.136  41.782 0.0000000000
50172  29.533  -23.530  41.663 0.0000000000
51140  28.964  -22.086  41.092 0.0000000000
51128  30.480  -22.393  41.838 0.0000000000
59484  38.058  -13.292  23.140 0.0000000000
99288  34.807  -16.480  26.041 0.0000000000
112043  35.341  -16.207  25.383 0.0000000000
100506  36.200  -16.709  25.323 0.0000000000
47113  17.281  -26.591  53.092 0.0000000000
101530  15.895  -26.720  53.064 0.0000000000
47098  16.535  -26.299  53.764 0.0000000000
59415  37.186  -13.584  31.233 0.0000000000
97545  37.867  -13.342  30.790 0.0000000000
59414  38.485  -13.103  31.407 0.0000000000
60295  40.527  -12.647  32.212 0.0000000000
60294  41.247  -12.580  32.040 0.0000000000
47168  24.084  -26.250  48.435 0.0000000000
104641  23.917  -26.924  48.445 0.0000000000
45143  25.224  -28.078  47.813 0.0000000000
97889  35.025  -15.147  35.082 0.0000000000
58473  33.292  -15.241  34.774 0.0000000000
58472  34.841  -15.109  34.314 0.0000000000
97670  34.225  -14.948  32.701 0.0000000000
58489  33.640  -15.151  33.361 0.0000000000
58501  33.316  -15.210  32.508 0.0000000000
57550  31.814  -15.220  31.864 0.0000000000
57549  32.691  -15.321  31.795 0.0000000000
57559  33.003  -15.415  30.995 0.0000000000
58516  33.585  -15.239  31.634 0.0000000000
115151  36.684  -13.865  31.638 0.0000000000
58513  36.141  -14.266  31.558 0.0000000000
97345  36.088  -14.470  30.937 0.0000000000
36796  2.030  -36.673  65.021 0.0000000000
116369  39.440  -17.122  34.840 0.0000000000
110024  38.786  -17.123  35.073 0.0000000000
98024  36.485  -17.607  34.807 0.0000000000
55795  37.117  -17.470  34.365 0.0000000000
55796  35.992  -18.073  34.306 0.0000000000
100686  31.219  -20.473  36.304 0.0000000000
117392  31.222  -21.352  37.004 0.0000000000
52149  31.628  -21.219  36.586 0.0000000000
111308  33.051  -21.577  36.816 0.0000000000
52099  31.260  -22.011  39.555 0.0000000000
97653  32.339  -21.964  39.327 0.0000000000
41076  12.361  -32.317  55.399 0.0000000000
39957  12.031  -33.409  56.509 0.0000000000
38886  12.366  -34.323  58.116 0.0000000000
38901  11.734  -34.186  57.723 0.0000000000
38902  10.840  -34.163  57.789 0.0000000000
38888  10.000  -34.252  58.301 0.0000000000
39924  9.322  -33.948  58.049 0.0000000000
39925  8.579  -33.733  58.365 0.0000000000
42067  4.363  -31.576  62.773 0.0000000000
40955  3.682  -31.628  65.179 0.0000000000
42165  25.320  -31.927  53.887 0.0000000000
42179  23.824  -32.294  52.159 0.0000000000
53942  24.470  -19.527  42.020 0.0000000000
113254  28.167  -25.231  45.246 0.0000000000
49161  30.218  -24.431  45.991 0.0000000000
37755  -0.271  -34.905  66.586 0.0000000000
97798  33.356  -17.761  37.856 0.0000000000
55758  28.838  -17.968  37.668 0.0000000000
54870  29.382  -18.593  37.211 0.0000000000
53987  28.314  -19.412  37.545 0.0000000000
44085  16.555  -29.527  55.375 0.0000000000
44104  15.659  -29.979  53.828 0.0000000000
43141  14.877  -30.287  53.516 0.0000000000
43142  14.095  -30.328  53.447 0.0000000000
47114  15.146  -27.136  52.986 0.0000000000
46084  14.665  -27.767  52.611 0.0000000000
107054  13.243  -28.930  53.696 0.0000000000
44105  13.269  -29.927  53.711 0.0000000000
43129  12.639  -30.335  54.288 0.0000000000
42159  12.958  -31.339  54.420 0.0000000000
44088  11.565  -29.618  55.695 0.0000000000
42146  10.971  -30.906  55.707 0.0000000000
43095  11.084  -30.003  56.019 0.0000000000
44097  23.208  -29.728  54.782 0.0000000000
45066  23.282  -28.579  54.770 0.0000000000
45079  21.584  -28.152  52.881 0.0000000000
45080  20.876  -28.141  52.359 0.0000000000
45112  19.003  -28.055  51.563 0.0000000000
45111  19.712  -27.884  51.827 0.0000000000
45094  19.627  -28.328  51.793 0.0000000000
44134  20.254  -28.545  52.209 0.0000000000
44135  19.420  -28.990  52.173 0.0000000000
44119  19.262  -29.381  53.171 0.0000000000
44136  18.429  -29.154  52.338 0.0000000000
44121  17.073  -29.315  53.168 0.0000000000
50112  24.589  -24.238  45.794 0.0000000000
50121  24.997  -23.483  45.597 0.0000000000
49181  24.571  -24.945  44.648 0.0000000000
48234  24.719  -25.227  45.143 0.0000000000
47181  24.402  -26.343  47.688 0.0000000000
48216  24.411  -25.591  47.373 0.0000000000
47194  24.763  -25.991  47.032 0.0000000000
48215  26.585  -25.999  47.162 0.0000000000
98618  26.737  -25.725  45.713 0.0000000000
48222  27.260  -25.726  46.635 0.0000000000
98338  28.217  -25.570  47.754 0.0000000000
60362  32.731  -12.745  26.234 0.0000000000
104122  32.279  -13.431  26.609 0.0000000000
57609  32.455  -15.448  27.564 0.0000000000
57618  32.691  -15.125  26.770 0.0000000000
57616  34.082  -16.030  26.185 0.0000000000
56759  33.724  -16.315  26.978 0.0000000000
57576  33.258  -15.679  30.246 0.0000000000
57589  32.553  -15.737  29.393 0.0000000000
57588  33.522  -16.030  29.559 0.0000000000
56726  35.384  -16.481  29.071 0.0000000000
109327  34.647  -16.514  28.847 0.0000000000
56735  35.071  -16.949  28.188 0.0000000000
56748  34.838  -17.037  27.336 0.0000000000
58483  41.725  -13.927  33.746 0.0000000000
56690  40.188  -16.484  32.636 0.0000000000
57548  41.002  -15.640  32.179 0.0000000000
55827  39.805  -16.909  31.862 0.0000000000
55816  39.348  -17.433  32.064 0.0000000000
55805  38.464  -17.251  33.315 0.0000000000
55818  38.060  -17.745  32.851 0.0000000000
54035  38.367  -18.965  32.653 0.0000000000
54034  39.194  -18.755  32.478 0.0000000000
53102  39.234  -20.180  34.526 0.0000000000
53089  38.743  -20.563  35.194 0.0000000000
55770  35.942  -17.558  36.512 0.0000000000
54905  34.604  -19.203  34.355 0.0000000000
53093  34.591  -20.910  35.259 0.0000000000
109385  35.006  -20.604  34.683 0.0000000000
53092  35.927  -20.903  35.006 0.0000000000
41153  25.320  -32.270  49.504 0.0000000000
42225  25.771  -31.583  49.221 0.0000000000
41121  27.382  -32.758  51.354 0.0000000000
99554  36.760  -14.699  35.464 0.0000000000
98699  38.234  -14.453  35.186 0.0000000000
109914  41.746  -13.994  34.477 0.0000000000
58468  39.253  -14.170  34.862 0.0000000000
106721  40.727  -13.590  34.451 0.0000000000
59377  39.981  -13.691  34.294 0.0000000000
44057  16.173  -29.708  56.826 0.0000000000
43093  15.635  -30.323  56.414 0.0000000000
41060  13.341  -32.796  56.233 0.0000000000
38852  10.593  -35.073  60.495 0.0000000000
43083  8.776  -30.674  57.530 0.0000000000
42111  8.261  -31.336  57.619 0.0000000000
41038  7.179  -32.220  58.448 0.0000000000
39906  7.942  -33.750  58.920 0.0000000000
42078  5.803  -30.955  61.016 0.0000000000
42088  6.059  -31.138  60.169 0.0000000000
39892  5.972  -33.651  60.247 0.0000000000
39891  6.762  -33.930  59.832 0.0000000000
37836  6.216  -35.383  61.634 0.0000000000
37821  6.345  -35.803  62.431 0.0000000000
109291  4.215  -36.078  63.177 0.0000000000
39849  3.217  -32.966  63.043 0.0000000000
36808  2.675  -36.551  64.362 0.0000000000
39822  2.219  -32.629  67.192 0.0000000000
104747  1.455  -33.234  66.944 0.0000000000
46105  24.082  -27.601  49.786 0.0000000000
111970  23.944  -30.556  49.535 0.0000000000
44159  23.891  -29.598  49.729 0.0000000000
42227  24.174  -31.336  49.466 0.0000000000
40033  24.144  -33.111  50.746 0.0000000000
41137  24.216  -32.647  50.267 0.0000000000
40020  24.651  -33.570  51.194 0.0000000000
38948  23.459  -34.157  53.246 0.0000000000
38961  23.643  -34.124  52.603 0.0000000000
107253  24.657  -34.538  53.739 0.0000000000
43108  20.906  -30.256  55.491 0.0000000000
41073  21.826  -32.322  55.281 0.0000000000
58496  41.666  -13.790  32.909 0.0000000000
59401  41.386  -13.079  32.658 0.0000000000
57547  41.518  -14.667  31.873 0.0000000000
55740  27.344  -17.510  38.555 0.0000000000
55741  26.706  -17.944  38.580 0.0000000000
103483  25.966  -20.127  38.795 0.0000000000
53059  26.524  -19.632  38.462 0.0000000000
53058  27.569  -20.493  38.312 0.0000000000
115825  27.262  -20.821  38.831 0.0000000000
106109  25.009  -22.124  44.032 0.0000000000
109677  24.749  -22.788  41.848 0.0000000000
51130  24.624  -22.066  41.417 0.0000000000
51141  25.016  -22.922  40.892 0.0000000000
49192  27.381  -25.210  42.800 0.0000000000
48253  26.450  -25.369  42.706 0.0000000000
49204  26.847  -24.993  42.029 0.0000000000
50174  27.773  -23.687  40.925 0.0000000000
50175  26.641  -23.772  40.761 0.0000000000
50192  26.648  -22.941  40.345 0.0000000000
51153  26.252  -22.345  40.000 0.0000000000
52084  25.771  -21.667  39.680 0.0000000000
51152  27.229  -22.163  40.226 0.0000000000
52062  28.984  -21.696  40.784 0.0000000000
52082  28.461  -21.564  40.357 0.0000000000
52102  28.602  -21.364  39.875 0.0000000000
102964  29.976  -21.675  40.973 0.0000000000
101244  31.006  -21.731  41.392 0.0000000000
44157  28.327  -29.756  50.520 0.0000000000
44158  27.642  -29.834  49.950 0.0000000000
47154  28.619  -26.806  49.590 0.0000000000
59489  38.849  -13.878  22.067 0.0000000000
58595  39.223  -14.666  21.795 0.0000000000
59473  33.878  -13.447  25.269 0.0000000000
101261  35.877  -15.168  24.469 0.0000000000
58580  35.524  -14.575  24.478 0.0000000000
58579  36.299  -14.534  24.076 0.0000000000
116505  38.157  -16.527  24.185 0.0000000000
57646  38.504  -15.410  23.248 0.0000000000
56797  39.163  -16.094  23.183 0.0000000000
59404  37.268  -13.704  32.189 0.0000000000
46114  23.819  -27.400  48.870 0.0000000000
46121  24.080  -27.474  48.066 0.0000000000
99246  24.057  -28.208  48.334 0.0000000000
100017  25.539  -29.376  48.382 0.0000000000
58485  37.269  -14.463  34.045 0.0000000000
58487  35.546  -14.786  33.653 0.0000000000
58486  36.409  -14.625  33.850 0.0000000000
114285  36.161  -14.493  33.148 0.0000000000
58499  35.431  -14.631  32.773 0.0000000000
58500  34.850  -14.743  32.160 0.0000000000
58498  36.324  -14.187  32.349 0.0000000000
55780  38.119  -17.398  35.746 0.0000000000
55782  35.987  -17.611  35.462 0.0000000000
53081  29.874  -20.114  36.838 0.0000000000
53080  30.517  -20.494  36.687 0.0000000000
52135  31.561  -21.648  37.431 0.0000000000
99153  11.063  -32.526  56.038 0.0000000000
39942  10.531  -33.598  56.932 0.0000000000
42058  4.406  -31.261  63.756 0.0000000000
44083  18.664  -29.370  55.573 0.0000000000
101783  25.130  -20.079  43.774 0.0000000000
49162  29.311  -24.672  46.420 0.0000000000
55739  29.350  -17.334  38.191 0.0000000000
117138  28.319  -18.339  37.693 0.0000000000
44122  16.253  -29.511  53.263 0.0000000000
44139  15.011  -29.049  52.373 0.0000000000
45067  12.998  -28.341  54.375 0.0000000000
117625  12.300  -29.684  54.655 0.0000000000
46066  21.542  -27.745  53.108 0.0000000000
46080  18.735  -27.289  52.116 0.0000000000
46079  19.530  -27.442  52.220 0.0000000000
46095  18.420  -27.733  51.664 0.0000000000
45113  18.176  -28.229  51.529 0.0000000000
45096  18.030  -28.703  51.787 0.0000000000
44137  17.364  -28.954  52.218 0.0000000000
51091  25.528  -22.953  46.149 0.0000000000
49165  24.397  -24.726  46.388 0.0000000000
48204  27.829  -25.968  48.226 0.0000000000
58504  30.561  -14.406  32.226 0.0000000000
59434  29.762  -13.132  30.301 0.0000000000
59462  31.895  -14.014  26.973 0.0000000000
58561  31.512  -14.241  27.637 0.0000000000
57610  31.792  -15.046  27.988 0.0000000000
57574  35.268  -15.446  30.292 0.0000000000
116540  34.143  -16.049  29.646 0.0000000000
56725  36.265  -16.290  29.280 0.0000000000
56734  36.710  -16.829  28.776 0.0000000000
56724  37.158  -16.106  29.318 0.0000000000
114952  38.232  -19.529  33.000 0.0000000000
53115  38.655  -19.875  33.597 0.0000000000
53116  37.812  -19.939  33.420 0.0000000000
54878  34.215  -18.020  35.989 0.0000000000
115719  33.123  -21.349  36.163 0.0000000000
52161  33.302  -21.049  35.687 0.0000000000
113119  34.980  -21.326  35.857 0.0000000000
52159  35.774  -21.312  35.867 0.0000000000
57524  42.363  -14.936  35.138 0.0000000000
58466  41.152  -13.706  34.876 0.0000000000
43094  14.917  -31.134  55.992 0.0000000000
42130  14.791  -31.759  56.910 0.0000000000
104024  9.951  -34.774  59.904 0.0000000000
38853  9.758  -34.907  60.734 0.0000000000
38834  8.658  -35.200  61.631 0.0000000000
98199  7.726  -35.052  61.352 0.0000000000
43070  7.475  -30.621  58.842 0.0000000000
42098  6.934  -31.334  58.811 0.0000000000
41018  5.141  -32.405  60.706 0.0000000000
37837  5.512  -35.069  61.469 0.0000000000
39850  2.620  -33.283  63.976 0.0000000000
115920  24.010  -31.212  50.156 0.0000000000
41122  23.907  -32.715  51.003 0.0000000000
38936  23.777  -34.381  54.006 0.0000000000
104783  20.743  -29.879  56.459 0.0000000000
43092  21.330  -30.472  56.478 0.0000000000
55825  41.257  -16.699  31.187 0.0000000000
54838  24.739  -17.933  40.175 0.0000000000
102075  25.310  -17.774  39.605 0.0000000000
54847  25.936  -18.070  38.965 0.0000000000
114764  26.279  -20.743  39.030 0.0000000000
113618  24.698  -22.883  43.307 0.0000000000
50146  24.664  -23.849  43.179 0.0000000000
98673  24.965  -24.288  42.426 0.0000000000
49216  25.502  -24.477  41.843 0.0000000000
49203  27.992  -24.713  42.079 0.0000000000
49213  28.178  -24.175  41.392 0.0000000000
50190  28.279  -22.844  40.808 0.0000000000
52061  29.703  -21.722  41.095 0.0000000000
52039  30.319  -21.843  41.441 0.0000000000
42208  27.880  -31.097  50.602 0.0000000000
43162  28.460  -30.512  50.923 0.0000000000
44148  28.938  -29.835  51.127 0.0000000000
59490  38.318  -13.909  22.696 0.0000000000
113484  34.498  -15.034  25.194 0.0000000000
56780  39.424  -16.758  23.825 0.0000000000
117610  40.530  -16.833  23.438 0.0000000000
46082  16.546  -27.485  51.854 0.0000000000
112718  15.916  -27.818  51.762 0.0000000000
47125  15.850  -27.287  52.238 0.0000000000
100513  18.766  -26.602  53.688 0.0000000000
47112  18.160  -26.805  52.725 0.0000000000
47123  17.303  -27.047  52.142 0.0000000000
59431  38.150  -13.388  29.970 0.0000000000
60306  38.613  -12.918  30.512 0.0000000000
60305  39.925  -12.435  31.422 0.0000000000
49147  24.368  -24.890  48.216 0.0000000000
46130  24.537  -27.198  47.750 0.0000000000
46128  25.588  -27.192  47.880 0.0000000000
112026  32.072  -15.078  34.016 0.0000000000
97888  33.918  -15.223  34.178 0.0000000000
58490  32.681  -15.247  33.323 0.0000000000
58503  31.264  -15.006  32.679 0.0000000000
58517  31.117  -14.856  31.698 0.0000000000
57561  31.564  -15.098  31.228 0.0000000000
57578  31.660  -15.188  30.564 0.0000000000
57590  31.750  -15.292  29.759 0.0000000000
58515  34.456  -15.038  31.509 0.0000000000
58533  34.832  -15.186  30.860 0.0000000000
58532  35.550  -14.889  30.756 0.0000000000
58531  36.628  -14.278  30.549 0.0000000000
105362  37.619  -17.500  33.630 0.0000000000
55794  37.850  -17.286  34.750 0.0000000000
54030  35.912  -19.537  33.505 0.0000000000
54881  31.569  -18.890  36.471 0.0000000000
53994  32.086  -19.413  36.012 0.0000000000
54007  31.927  -20.154  35.866 0.0000000000
52148  32.505  -21.226  36.154 0.0000000000
52118  33.739  -21.740  38.756 0.0000000000
97726  33.149  -21.857  39.255 0.0000000000
52097  33.867  -21.767  39.711 0.0000000000
38946  26.623  -34.135  53.183 0.0000000000
102241  26.300  -34.535  53.877 0.0000000000
42142  13.807  -32.166  55.189 0.0000000000
41075  13.190  -32.471  55.539 0.0000000000
39956  12.853  -33.311  56.694 0.0000000000
41062  11.806  -32.828  55.978 0.0000000000
99757  10.025  -34.560  59.100 0.0000000000
42079  5.090  -31.607  61.314 0.0000000000
111497  4.267  -32.597  61.752 0.0000000000
40988  3.881  -32.530  62.323 0.0000000000
98363  20.185  -29.443  53.382 0.0000000000
107560  19.459  -29.473  55.983 0.0000000000
44066  20.071  -29.580  56.462 0.0000000000
54025  40.628  -18.993  33.116 0.0000000000
54914  41.466  -18.621  33.078 0.0000000000
113586  24.272  -19.484  41.070 0.0000000000
53025  24.348  -20.294  41.206 0.0000000000
48244  26.232  -25.639  43.926 0.0000000000
48254  26.078  -25.550  43.240 0.0000000000
48243  27.159  -25.563  44.220 0.0000000000
48242  27.751  -25.265  43.675 0.0000000000
107459  28.744  -24.907  44.914 0.0000000000
49180  28.641  -24.914  43.989 0.0000000000
49190  29.447  -24.533  43.249 0.0000000000
50145  30.222  -24.043  42.965 0.0000000000
55872  36.586  -17.473  26.644 0.0000000000
55883  36.814  -17.340  25.777 0.0000000000
37767  0.014  -35.735  66.442 0.0000000000
115789  34.940  -17.653  37.237 0.0000000000
97719  34.323  -17.782  37.073 0.0000000000
55753  33.650  -17.906  37.336 0.0000000000
54867  32.019  -18.242  37.043 0.0000000000
54882  30.737  -19.077  36.591 0.0000000000
53997  29.936  -19.281  36.803 0.0000000000
53067  29.321  -20.500  37.479 0.0000000000
53056  28.920  -20.816  38.114 0.0000000000
112276  17.192  -29.332  55.601 0.0000000000
44086  15.889  -29.940  54.916 0.0000000000
45099  14.789  -28.362  52.317 0.0000000000
45081  14.292  -28.938  52.683 0.0000000000
111236  13.753  -28.679  53.186 0.0000000000
42144  12.472  -31.716  54.874 0.0000000000
42145  11.672  -31.549  55.244 0.0000000000
103377  11.963  -30.051  54.893 0.0000000000
112911  23.004  -28.088  53.988 0.0000000000
46078  20.287  -27.707  52.284 0.0000000000
52010  26.078  -21.130  45.092 0.0000000000
51107  25.661  -21.876  44.879 0.0000000000
117354  25.205  -22.581  44.624 0.0000000000
50131  24.866  -23.339  44.766 0.0000000000
50132  24.557  -24.258  44.050 0.0000000000
49194  24.732  -25.031  43.959 0.0000000000
48245  25.614  -25.574  44.520 0.0000000000
49155  24.257  -24.961  47.350 0.0000000000
99860  24.622  -25.299  45.851 0.0000000000
48224  24.982  -25.701  46.247 0.0000000000
48233  25.148  -25.532  45.324 0.0000000000
48232  26.510  -25.684  44.761 0.0000000000
48214  28.181  -25.350  46.984 0.0000000000
49163  28.582  -24.983  46.440 0.0000000000
58572  33.545  -14.271  25.574 0.0000000000
59468  32.475  -14.275  26.554 0.0000000000
58566  33.095  -14.684  26.084 0.0000000000
57626  33.842  -15.135  25.664 0.0000000000
56737  32.876  -16.070  27.940 0.0000000000
56727  34.023  -16.337  29.111 0.0000000000
56736  34.094  -16.542  28.354 0.0000000000
56750  33.503  -16.387  27.807 0.0000000000
56757  35.114  -17.028  26.665 0.0000000000
55873  35.823  -17.295  26.644 0.0000000000
59390  39.592  -13.501  33.571 0.0000000000
56691  39.204  -16.927  32.995 0.0000000000
54926  39.584  -18.083  32.110 0.0000000000
54026  40.019  -18.628  32.421 0.0000000000
54015  39.909  -19.901  34.442 0.0000000000
55784  34.853  -17.954  35.466 0.0000000000
55783  35.456  -17.907  34.911 0.0000000000
54904  35.327  -18.617  34.175 0.0000000000
53119  35.478  -19.949  33.680 0.0000000000
54006  33.439  -19.496  35.299 0.0000000000
54018  34.074  -19.790  34.689 0.0000000000
109164  33.934  -20.760  35.322 0.0000000000
54017  34.747  -20.024  34.017 0.0000000000
53105  36.354  -20.542  34.309 0.0000000000
52158  36.610  -21.220  35.796 0.0000000000
52157  37.504  -21.014  35.762 0.0000000000
52156  38.316  -20.828  35.806 0.0000000000
43180  25.214  -31.009  48.798 0.0000000000
42224  26.607  -31.372  49.590 0.0000000000
41134  26.888  -32.436  50.473 0.0000000000
42209  27.159  -31.622  50.181 0.0000000000
58451  35.771  -14.941  35.495 0.0000000000
58470  36.576  -14.719  34.690 0.0000000000
59378  39.113  -13.829  34.092 0.0000000000
41059  14.084  -32.469  56.528 0.0000000000
44073  10.814  -29.642  56.767 0.0000000000
43097  9.858  -30.841  56.578 0.0000000000
43082  9.477  -30.383  57.224 0.0000000000
108420  8.285  -32.997  57.832 0.0000000000
41037  7.839  -32.192  57.877 0.0000000000
38874  7.668  -34.139  59.573 0.0000000000
43053  6.703  -30.568  59.928 0.0000000000
42099  6.442  -31.312  59.444 0.0000000000
37804  5.616  -36.057  62.972 0.0000000000
36806  4.305  -36.722  64.302 0.0000000000
36807  3.447  -36.732  64.350 0.0000000000
111133  3.308  -35.128  62.830 0.0000000000
37806  3.412  -35.869  63.301 0.0000000000
36815  3.208  -36.350  63.888 0.0000000000
39831  2.296  -32.669  66.350 0.0000000000
104612  0.495  -35.122  66.197 0.0000000000
44165  23.876  -30.066  48.889 0.0000000000
42241  24.539  -31.060  48.920 0.0000000000
41136  24.833  -32.728  49.875 0.0000000000
40005  23.446  -33.652  52.290 0.0000000000
42168  22.104  -31.659  53.737 0.0000000000
41086  22.121  -32.889  54.551 0.0000000000
39966  22.751  -33.433  55.139 0.0000000000
58512  41.689  -14.113  31.123 0.0000000000
57556  41.469  -15.251  30.969 0.0000000000
56648  28.107  -17.084  38.617 0.0000000000
54856  28.023  -17.893  38.043 0.0000000000
54872  27.857  -18.793  37.741 0.0000000000
54858  26.543  -18.714  38.490 0.0000000000
53979  27.130  -19.193  38.113 0.0000000000
53069  27.686  -19.709  37.841 0.0000000000
52975  25.346  -20.623  44.095 0.0000000000
52989  24.986  -20.697  43.413 0.0000000000
51118  24.747  -22.235  42.988 0.0000000000
52040  24.799  -21.375  42.947 0.0000000000
53008  24.771  -20.770  42.751 0.0000000000
52041  24.687  -21.319  42.152 0.0000000000
106896  24.466  -21.198  41.272 0.0000000000
53037  24.533  -20.912  40.507 0.0000000000
49205  25.929  -25.073  42.167 0.0000000000
50176  25.628  -23.878  41.061 0.0000000000
52085  24.936  -21.434  39.961 0.0000000000
52105  25.421  -21.050  39.546 0.0000000000
52104  26.188  -21.136  39.357 0.0000000000
52103  27.006  -21.047  39.297 0.0000000000
102558  27.794  -21.578  40.194 0.0000000000
52123  27.870  -21.095  39.071 0.0000000000
52122  28.904  -21.284  38.810 0.0000000000
99085  30.564  -21.851  40.333 0.0000000000
52080  30.476  -21.726  40.964 0.0000000000
52079  31.110  -21.826  40.721 0.0000000000
43190  25.444  -30.210  48.577 0.0000000000
105090  27.006  -30.035  49.407 0.0000000000
45130  26.354  -28.816  48.702 0.0000000000
46113  27.019  -28.129  49.095 0.0000000000
46112  27.572  -27.644  49.320 0.0000000000
44156  28.837  -28.919  50.700 0.0000000000
45121  28.413  -28.220  50.155 0.0000000000
46111  28.152  -27.575  49.704 0.0000000000
47155  27.819  -26.985  49.206 0.0000000000
58581  34.824  -14.522  24.784 0.0000000000
58588  36.893  -14.208  23.671 0.0000000000
56783  36.725  -16.183  24.568 0.0000000000
99476  37.525  -16.360  24.367 0.0000000000
57633  37.245  -15.642  24.023 0.0000000000
58587  37.485  -14.374  23.456 0.0000000000
58586  38.122  -14.547  23.123 0.0000000000
56811  39.510  -15.950  22.642 0.0000000000
57663  39.287  -15.335  22.253 0.0000000000
44172  24.307  -29.677  48.495 0.0000000000
55884  36.153  -17.259  26.033 0.0000000000
58543  31.177  -14.791  30.061 0.0000000000
59416  36.633  -13.951  31.024 0.0000000000
59417  30.105  -13.756  30.786 0.0000000000
107419  31.864  -15.154  33.282 0.0000000000
116648  34.796  -14.804  32.747 0.0000000000
