#!ascii label  , from subject sub-v2s3x28846_ses-1 vox2ras=TkReg
1425
55595  -36.948  -21.438  32.402 0.0000000000
64629  -48.611  -12.581  25.188 0.0000000000
129262  -44.207  -19.352  27.430 0.0000000000
42397  -17.015  -34.716  58.939 0.0000000000
55575  -37.760  -21.698  35.147 0.0000000000
41391  -30.816  -35.457  55.889 0.0000000000
43569  -41.001  -33.774  50.407 0.0000000000
48670  -43.850  -28.688  42.715 0.0000000000
52474  -44.125  -24.089  39.935 0.0000000000
45573  -21.602  -31.416  51.316 0.0000000000
44435  -26.246  -32.663  56.682 0.0000000000
43561  -26.387  -33.504  50.328 0.0000000000
46697  -34.124  -30.682  46.675 0.0000000000
45704  -39.984  -30.974  45.001 0.0000000000
59549  -38.769  -16.868  36.739 0.0000000000
59585  -42.990  -18.083  35.074 0.0000000000
60669  -47.099  -16.835  25.636 0.0000000000
56616  -40.497  -20.799  30.132 0.0000000000
63705  -45.216  -13.481  21.570 0.0000000000
39370  -15.897  -37.575  61.509 0.0000000000
57533  -41.125  -19.406  38.936 0.0000000000
58529  -34.279  -18.743  35.533 0.0000000000
44578  -30.732  -32.897  48.106 0.0000000000
131508  -35.036  -31.726  52.583 0.0000000000
59610  -46.754  -17.444  32.272 0.0000000000
66681  -51.751  -10.557  18.077 0.0000000000
48701  -41.164  -28.450  40.800 0.0000000000
50562  -41.644  -26.580  39.490 0.0000000000
44545  -24.004  -32.357  50.395 0.0000000000
46774  -36.299  -30.522  42.653 0.0000000000
47727  -39.168  -29.923  42.011 0.0000000000
46759  -42.470  -30.071  43.756 0.0000000000
57571  -37.985  -18.815  34.594 0.0000000000
59570  -40.813  -17.642  36.260 0.0000000000
57594  -40.526  -20.017  33.901 0.0000000000
62660  -47.983  -14.316  26.226 0.0000000000
60657  -51.223  -15.961  26.822 0.0000000000
118043  -48.897  -10.478  24.227 0.0000000000
41351  -14.151  -35.894  56.893 0.0000000000
40275  -16.352  -36.231  59.543 0.0000000000
54465  -40.678  -22.848  36.776 0.0000000000
55531  -42.570  -21.627  38.480 0.0000000000
56538  -39.963  -20.961  36.768 0.0000000000
57540  -37.455  -19.228  37.795 0.0000000000
56547  -35.917  -20.056  35.907 0.0000000000
42448  -28.412  -34.739  56.526 0.0000000000
42400  -28.674  -33.908  60.044 0.0000000000
41343  -30.476  -35.396  58.879 0.0000000000
43439  -33.529  -34.001  58.197 0.0000000000
43650  -27.772  -32.976  45.952 0.0000000000
46709  -29.915  -30.830  45.034 0.0000000000
44581  -37.437  -32.293  48.677 0.0000000000
45612  -35.161  -31.026  49.752 0.0000000000
44552  -37.618  -31.997  50.797 0.0000000000
44472  -37.789  -32.389  54.734 0.0000000000
44466  -18.622  -32.228  54.970 0.0000000000
136518  -20.024  -30.597  56.456 0.0000000000
47572  -20.313  -29.409  59.094 0.0000000000
57657  -41.697  -19.963  28.789 0.0000000000
57624  -43.379  -19.259  31.461 0.0000000000
132187  -45.709  -18.498  29.931 0.0000000000
66713  -53.510  -10.040  16.370 0.0000000000
42361  -17.788  -34.445  61.848 0.0000000000
130235  -46.369  -28.493  43.885 0.0000000000
51489  -46.578  -25.472  42.298 0.0000000000
50532  -44.464  -26.378  41.374 0.0000000000
52480  -41.623  -24.481  38.134 0.0000000000
46636  -21.958  -31.227  53.668 0.0000000000
45517  -24.714  -31.353  56.558 0.0000000000
45548  -24.241  -31.847  53.529 0.0000000000
131880  -26.524  -33.206  53.922 0.0000000000
42494  -28.649  -34.299  53.385 0.0000000000
47691  -31.625  -28.980  44.721 0.0000000000
46750  -33.695  -30.230  43.358 0.0000000000
45682  -36.721  -31.511  45.480 0.0000000000
44601  -40.453  -32.867  47.475 0.0000000000
45687  -42.812  -31.380  45.933 0.0000000000
46738  -44.770  -30.393  44.888 0.0000000000
45571  -20.071  -32.095  51.078 0.0000000000
60502  -41.210  -16.828  39.629 0.0000000000
61492  -43.485  -15.159  40.528 0.0000000000
61527  -41.208  -15.632  37.913 0.0000000000
60542  -43.138  -16.298  36.917 0.0000000000
116815  -46.198  -18.568  26.563 0.0000000000
58640  -47.955  -18.184  29.135 0.0000000000
59682  -49.772  -17.951  27.665 0.0000000000
37691  -15.089  -39.164  66.526 0.0000000000
55611  -39.294  -21.533  31.392 0.0000000000
56658  -39.068  -20.556  28.186 0.0000000000
58684  -42.418  -18.138  25.982 0.0000000000
60666  -43.890  -16.982  25.072 0.0000000000
61660  -44.727  -14.997  24.347 0.0000000000
64637  -44.332  -12.176  24.068 0.0000000000
65639  -44.793  -11.130  23.159 0.0000000000
63694  -42.955  -13.228  22.749 0.0000000000
115250  -18.569  -36.299  63.199 0.0000000000
39354  -17.566  -37.172  64.127 0.0000000000
39333  -16.211  -37.823  65.828 0.0000000000
57475  -46.504  -19.611  42.792 0.0000000000
53421  -46.330  -23.074  41.371 0.0000000000
55487  -45.193  -20.688  41.051 0.0000000000
57504  -42.406  -18.564  40.265 0.0000000000
124768  -39.230  -18.285  39.025 0.0000000000
59566  -36.568  -17.204  36.398 0.0000000000
56566  -35.630  -19.766  33.559 0.0000000000
44407  -26.707  -31.895  59.269 0.0000000000
43580  -28.413  -33.879  49.350 0.0000000000
42538  -30.709  -33.988  51.913 0.0000000000
45640  -32.446  -31.116  47.269 0.0000000000
44548  -32.659  -32.285  50.695 0.0000000000
43504  -33.265  -33.166  53.994 0.0000000000
44453  -34.867  -32.761  55.630 0.0000000000
42442  -15.407  -34.907  55.950 0.0000000000
43477  -17.172  -33.401  55.159 0.0000000000
43434  -17.497  -33.256  58.146 0.0000000000
57607  -41.894  -20.002  32.789 0.0000000000
118856  -45.050  -17.757  33.568 0.0000000000
60564  -47.438  -16.270  34.288 0.0000000000
118398  -48.524  -17.086  31.669 0.0000000000
65648  -45.959  -10.594  22.660 0.0000000000
67634  -47.900  -9.378  21.953 0.0000000000
67640  -50.210  -8.699  20.412 0.0000000000
65683  -50.481  -11.445  18.714 0.0000000000
68706  -51.669  -7.941  18.675 0.0000000000
48712  -39.748  -28.778  40.191 0.0000000000
48726  -40.200  -28.208  39.826 0.0000000000
48738  -39.141  -28.149  38.829 0.0000000000
47744  -37.869  -29.799  41.104 0.0000000000
47759  -38.506  -29.445  40.455 0.0000000000
47746  -39.801  -29.514  41.419 0.0000000000
56568  -37.955  -20.167  33.618 0.0000000000
57572  -38.958  -19.183  34.578 0.0000000000
56569  -38.989  -20.429  33.562 0.0000000000
63656  -48.200  -13.683  26.067 0.0000000000
62662  -49.888  -14.018  25.450 0.0000000000
63658  -50.195  -13.277  25.465 0.0000000000
64631  -50.196  -11.991  25.390 0.0000000000
116127  -48.385  -11.791  24.537 0.0000000000
41353  -16.090  -35.200  57.675 0.0000000000
41323  -16.022  -36.053  58.827 0.0000000000
41324  -16.663  -35.481  59.195 0.0000000000
54477  -39.423  -22.507  35.683 0.0000000000
55539  -40.438  -21.894  36.545 0.0000000000
54489  -38.957  -21.685  35.721 0.0000000000
56535  -37.788  -20.374  36.436 0.0000000000
55559  -37.033  -21.027  35.443 0.0000000000
47574  -22.231  -29.584  57.695 0.0000000000
41390  -29.914  -35.454  56.126 0.0000000000
41356  -29.658  -35.415  58.157 0.0000000000
41357  -30.541  -35.528  57.789 0.0000000000
131561  -32.188  -34.884  58.799 0.0000000000
42450  -32.209  -34.877  57.047 0.0000000000
43584  -38.815  -33.166  48.894 0.0000000000
122574  -37.459  -31.996  50.051 0.0000000000
44534  -38.968  -32.924  50.746 0.0000000000
113653  -38.870  -32.687  52.263 0.0000000000
46626  -21.178  -30.984  54.733 0.0000000000
46609  -21.310  -30.379  56.172 0.0000000000
47573  -21.369  -29.618  57.599 0.0000000000
122008  -46.645  -17.861  43.557 0.0000000000
122858  -43.057  -19.532  28.051 0.0000000000
132027  -44.122  -19.176  29.991 0.0000000000
58637  -45.582  -18.791  29.187 0.0000000000
48687  -45.135  -28.311  42.961 0.0000000000
49597  -45.211  -27.492  42.506 0.0000000000
132841  -43.838  -27.508  41.754 0.0000000000
51529  -41.886  -25.792  39.163 0.0000000000
51550  -40.610  -25.329  37.602 0.0000000000
53472  -40.525  -23.883  36.839 0.0000000000
45558  -21.781  -31.357  52.832 0.0000000000
45547  -23.227  -31.446  53.561 0.0000000000
45560  -22.983  -31.493  52.643 0.0000000000
132828  -25.146  -32.914  50.820 0.0000000000
121277  -26.038  -33.071  52.832 0.0000000000
43533  -26.581  -33.331  52.419 0.0000000000
43520  -28.120  -34.102  54.152 0.0000000000
117174  -28.007  -33.923  51.953 0.0000000000
47726  -33.081  -29.759  43.153 0.0000000000
46732  -38.043  -30.670  43.928 0.0000000000
45718  -36.240  -30.982  43.917 0.0000000000
115651  -38.208  -31.235  45.149 0.0000000000
45663  -38.537  -31.972  46.333 0.0000000000
124891  -39.991  -31.798  46.072 0.0000000000
44621  -41.892  -32.132  46.677 0.0000000000
45686  -41.414  -31.253  45.431 0.0000000000
47731  -43.217  -29.232  42.935 0.0000000000
46737  -43.911  -30.269  44.339 0.0000000000
47714  -44.721  -29.410  43.664 0.0000000000
48658  -46.008  -29.288  44.251 0.0000000000
45572  -20.984  -31.539  51.040 0.0000000000
60523  -39.456  -16.641  38.183 0.0000000000
60513  -40.954  -15.973  38.851 0.0000000000
60539  -40.134  -16.374  37.142 0.0000000000
58537  -42.120  -18.317  35.383 0.0000000000
59551  -42.069  -17.176  36.473 0.0000000000
59552  -43.065  -17.078  36.318 0.0000000000
61542  -44.791  -15.625  36.630 0.0000000000
59572  -43.946  -17.062  35.700 0.0000000000
58700  -47.199  -17.797  25.809 0.0000000000
58690  -48.280  -18.323  26.715 0.0000000000
59693  -49.379  -17.419  26.401 0.0000000000
61629  -52.518  -15.109  27.689 0.0000000000
59706  -42.805  -17.567  25.218 0.0000000000
60681  -41.680  -16.459  24.420 0.0000000000
62674  -42.633  -14.197  24.623 0.0000000000
63669  -42.833  -13.298  24.495 0.0000000000
62676  -44.206  -13.631  24.458 0.0000000000
63686  -43.515  -12.654  24.252 0.0000000000
64648  -43.367  -12.640  23.449 0.0000000000
39393  -14.908  -37.273  59.900 0.0000000000
39361  -15.512  -37.923  62.384 0.0000000000
126058  -18.466  -33.789  63.905 0.0000000000
41292  -18.273  -35.252  62.542 0.0000000000
42357  -18.783  -34.850  63.713 0.0000000000
40228  -19.350  -36.565  65.270 0.0000000000
40221  -18.387  -37.107  65.809 0.0000000000
134346  -16.829  -37.437  65.671 0.0000000000
39324  -18.269  -38.096  66.496 0.0000000000
38479  -17.885  -38.661  66.511 0.0000000000
52455  -45.051  -24.887  40.941 0.0000000000
52457  -46.276  -24.412  41.610 0.0000000000
53432  -44.648  -23.600  40.255 0.0000000000
56520  -42.395  -20.581  38.596 0.0000000000
55521  -43.777  -21.409  39.568 0.0000000000
56506  -42.768  -19.924  39.293 0.0000000000
56492  -43.724  -19.703  40.363 0.0000000000
57519  -42.179  -19.092  39.694 0.0000000000
57518  -40.671  -18.775  39.568 0.0000000000
57532  -40.179  -19.202  38.992 0.0000000000
57547  -35.060  -18.448  36.508 0.0000000000
59536  -36.569  -17.692  37.411 0.0000000000
58531  -35.401  -17.825  36.050 0.0000000000
58552  -35.792  -17.888  35.067 0.0000000000
57589  -34.903  -19.031  34.104 0.0000000000
45519  -25.690  -32.091  56.855 0.0000000000
45512  -25.713  -31.628  57.802 0.0000000000
44421  -26.935  -32.601  58.597 0.0000000000
44596  -29.510  -33.056  47.010 0.0000000000
43624  -28.166  -33.569  47.127 0.0000000000
43605  -29.747  -33.540  48.938 0.0000000000
42558  -29.878  -33.883  50.855 0.0000000000
43583  -30.932  -33.168  49.897 0.0000000000
46712  -33.304  -29.996  45.599 0.0000000000
46710  -31.900  -29.900  45.748 0.0000000000
121805  -33.746  -30.570  46.873 0.0000000000
45577  -34.920  -31.351  51.104 0.0000000000
45594  -33.855  -31.471  50.007 0.0000000000
44529  -33.837  -31.955  52.031 0.0000000000
44528  -32.927  -32.535  52.168 0.0000000000
115816  -34.146  -32.262  53.331 0.0000000000
43487  -34.117  -33.171  55.689 0.0000000000
44488  -34.798  -32.280  53.964 0.0000000000
45629  -44.490  -31.178  48.609 0.0000000000
44465  -17.769  -32.924  54.579 0.0000000000
44428  -18.057  -32.631  56.469 0.0000000000
43462  -17.387  -33.333  56.128 0.0000000000
47552  -19.942  -29.419  59.985 0.0000000000
55629  -39.964  -21.219  30.755 0.0000000000
56586  -40.743  -20.897  32.086 0.0000000000
113429  -41.387  -20.555  31.632 0.0000000000
58593  -44.942  -18.302  32.026 0.0000000000
58592  -44.339  -18.469  32.415 0.0000000000
118854  -45.664  -17.714  32.905 0.0000000000
60571  -46.068  -16.952  34.249 0.0000000000
60572  -46.755  -16.895  33.758 0.0000000000
116956  -49.012  -17.582  29.942 0.0000000000
59640  -48.620  -17.418  30.617 0.0000000000
59623  -49.861  -17.239  31.072 0.0000000000
64661  -44.779  -11.527  22.778 0.0000000000
66643  -45.760  -10.552  22.920 0.0000000000
127206  -45.567  -11.468  22.511 0.0000000000
136830  -47.736  -11.826  21.919 0.0000000000
65661  -49.006  -11.404  21.110 0.0000000000
66659  -48.911  -9.472  21.518 0.0000000000
66665  -49.413  -10.454  20.883 0.0000000000
64727  -49.996  -12.228  17.074 0.0000000000
64726  -49.143  -12.295  17.928 0.0000000000
65684  -51.050  -11.353  18.180 0.0000000000
67654  -51.144  -9.628  19.055 0.0000000000
67665  -52.173  -9.218  18.011 0.0000000000
67666  -52.868  -9.071  17.281 0.0000000000
67698  -54.353  -8.684  15.374 0.0000000000
48684  -42.166  -28.763  41.854 0.0000000000
49621  -42.468  -27.471  40.826 0.0000000000
49620  -41.643  -27.735  40.492 0.0000000000
49642  -40.293  -27.189  38.827 0.0000000000
45592  -22.782  -31.595  50.939 0.0000000000
46789  -36.631  -30.301  41.943 0.0000000000
113478  -37.985  -30.287  42.548 0.0000000000
46756  -39.466  -30.377  43.552 0.0000000000
46735  -40.900  -30.529  44.256 0.0000000000
133959  -40.446  -29.866  42.477 0.0000000000
47729  -41.563  -29.390  42.283 0.0000000000
58534  -38.790  -17.961  35.662 0.0000000000
127123  -40.093  -17.390  36.371 0.0000000000
58555  -39.372  -18.725  35.135 0.0000000000
58556  -40.446  -18.827  35.247 0.0000000000
57574  -41.035  -19.443  34.428 0.0000000000
61646  -48.082  -15.376  25.596 0.0000000000
60656  -49.745  -16.476  26.090 0.0000000000
61647  -49.634  -15.461  25.633 0.0000000000
61634  -51.274  -15.038  26.517 0.0000000000
117975  -49.354  -9.624  24.113 0.0000000000
40274  -15.494  -36.686  59.330 0.0000000000
39381  -16.331  -37.096  60.779 0.0000000000
53461  -42.448  -23.387  38.490 0.0000000000
127762  -43.593  -22.933  39.348 0.0000000000
54467  -42.022  -22.089  37.907 0.0000000000
56529  -41.216  -20.742  37.675 0.0000000000
56528  -40.394  -20.430  37.543 0.0000000000
57541  -39.083  -19.509  38.244 0.0000000000
56536  -38.129  -19.991  36.986 0.0000000000
56534  -36.093  -19.332  36.863 0.0000000000
57556  -34.398  -18.988  36.016 0.0000000000
42432  -27.353  -33.747  57.161 0.0000000000
127447  -27.200  -33.267  58.065 0.0000000000
114410  -28.356  -34.611  58.009 0.0000000000
41330  -29.639  -35.148  59.220 0.0000000000
42421  -33.531  -34.190  59.048 0.0000000000
44631  -28.881  -32.410  45.632 0.0000000000
44616  -29.975  -32.530  46.654 0.0000000000
45642  -35.488  -31.348  47.310 0.0000000000
46670  -34.917  -31.034  47.777 0.0000000000
45627  -36.413  -31.458  49.267 0.0000000000
45597  -36.313  -31.364  50.579 0.0000000000
44531  -36.380  -31.642  51.932 0.0000000000
116074  -36.143  -31.955  53.466 0.0000000000
44512  -37.473  -32.125  52.819 0.0000000000
117210  -19.712  -31.989  53.000 0.0000000000
45542  -19.203  -31.950  54.320 0.0000000000
45516  -19.636  -31.044  56.320 0.0000000000
46597  -19.183  -30.831  57.545 0.0000000000
46599  -20.519  -29.826  57.619 0.0000000000
56640  -41.567  -20.258  29.523 0.0000000000
56598  -42.417  -19.903  30.849 0.0000000000
57643  -42.660  -19.780  30.127 0.0000000000
58624  -44.720  -18.652  30.716 0.0000000000
58608  -46.019  -18.133  31.025 0.0000000000
64677  -44.280  -13.108  20.379 0.0000000000
63706  -46.116  -13.354  21.421 0.0000000000
64678  -45.121  -13.150  20.205 0.0000000000
65725  -50.816  -12.175  16.965 0.0000000000
66693  -52.984  -10.115  17.092 0.0000000000
65741  -52.104  -12.118  15.966 0.0000000000
65742  -53.099  -11.611  15.657 0.0000000000
118460  -17.427  -33.304  59.760 0.0000000000
42383  -17.363  -34.191  59.987 0.0000000000
50505  -47.496  -26.170  43.437 0.0000000000
50504  -46.916  -26.631  43.170 0.0000000000
50533  -45.183  -26.140  41.635 0.0000000000
51520  -44.400  -25.206  40.626 0.0000000000
50549  -42.735  -26.650  40.383 0.0000000000
51530  -42.541  -25.455  39.438 0.0000000000
52472  -42.859  -24.586  39.226 0.0000000000
53473  -41.303  -23.551  37.522 0.0000000000
53481  -40.023  -23.417  36.234 0.0000000000
46621  -22.216  -30.934  55.132 0.0000000000
46612  -23.554  -30.844  56.079 0.0000000000
46622  -23.299  -31.113  55.440 0.0000000000
117019  -24.684  -31.556  55.773 0.0000000000
44451  -25.574  -32.436  55.066 0.0000000000
133510  -24.293  -32.176  52.330 0.0000000000
44469  -26.053  -32.867  54.448 0.0000000000
43483  -26.970  -33.499  55.485 0.0000000000
125615  -27.710  -34.071  55.334 0.0000000000
42465  -28.531  -34.532  55.027 0.0000000000
42467  -30.166  -35.326  55.258 0.0000000000
47709  -33.103  -29.717  43.898 0.0000000000
117816  -33.822  -30.366  44.819 0.0000000000
116993  -34.493  -30.586  43.155 0.0000000000
45700  -35.641  -31.229  44.633 0.0000000000
45660  -35.520  -31.403  46.287 0.0000000000
115164  -36.927  -32.074  47.030 0.0000000000
44599  -38.488  -32.747  47.534 0.0000000000
43607  -40.746  -33.580  48.840 0.0000000000
43587  -42.115  -33.379  49.612 0.0000000000
130063  -41.846  -33.086  48.234 0.0000000000
44604  -43.116  -32.132  47.538 0.0000000000
45646  -44.267  -31.311  47.593 0.0000000000
46715  -42.383  -31.069  45.235 0.0000000000
46698  -43.951  -30.990  45.772 0.0000000000
46700  -45.093  -30.668  46.468 0.0000000000
47680  -46.506  -29.697  46.336 0.0000000000
113771  -20.286  -31.676  53.035 0.0000000000
59505  -42.236  -17.622  40.385 0.0000000000
60489  -42.044  -16.670  39.915 0.0000000000
61504  -42.591  -15.200  39.345 0.0000000000
125203  -42.426  -15.197  38.813 0.0000000000
128034  -40.771  -16.560  36.963 0.0000000000
60527  -42.456  -15.937  37.387 0.0000000000
57711  -44.680  -19.120  26.877 0.0000000000
58651  -46.382  -18.751  28.419 0.0000000000
58671  -46.835  -18.721  27.295 0.0000000000
58654  -49.138  -18.197  28.214 0.0000000000
59656  -50.474  -17.753  29.251 0.0000000000
60648  -50.936  -16.747  27.182 0.0000000000
59669  -51.277  -17.517  28.767 0.0000000000
54527  -35.977  -22.354  31.128 0.0000000000
55596  -37.936  -21.460  32.366 0.0000000000
54528  -36.850  -22.291  31.032 0.0000000000
55627  -38.325  -21.780  30.156 0.0000000000
55652  -38.865  -21.321  29.568 0.0000000000
56637  -39.369  -20.862  29.009 0.0000000000
56659  -40.392  -20.115  28.438 0.0000000000
57676  -41.641  -19.407  28.055 0.0000000000
57696  -42.027  -18.824  27.449 0.0000000000
58668  -43.278  -18.807  27.139 0.0000000000
58685  -43.709  -18.211  26.800 0.0000000000
59691  -44.857  -17.539  26.327 0.0000000000
60668  -45.407  -16.272  26.161 0.0000000000
136075  -41.955  -15.638  24.390 0.0000000000
61659  -44.791  -15.955  24.802 0.0000000000
129841  -45.973  -15.739  26.326 0.0000000000
62657  -46.333  -14.928  25.795 0.0000000000
62658  -47.121  -14.203  25.734 0.0000000000
130200  -46.642  -12.520  24.132 0.0000000000
64639  -46.369  -11.410  23.703 0.0000000000
64650  -44.812  -11.489  23.650 0.0000000000
64660  -43.787  -12.316  23.050 0.0000000000
63704  -44.264  -13.589  21.633 0.0000000000
63714  -43.879  -13.548  21.165 0.0000000000
134611  -17.547  -35.007  61.056 0.0000000000
40248  -17.629  -36.546  61.688 0.0000000000
39363  -17.328  -37.217  62.355 0.0000000000
40234  -18.929  -36.380  64.209 0.0000000000
40233  -18.268  -36.803  63.530 0.0000000000
116997  -16.991  -37.500  63.214 0.0000000000
39353  -16.633  -37.495  64.338 0.0000000000
39345  -15.657  -37.991  65.542 0.0000000000
39332  -15.083  -38.228  66.014 0.0000000000
38478  -16.105  -38.461  66.312 0.0000000000
121555  -45.473  -18.720  42.457 0.0000000000
54408  -46.557  -22.424  41.607 0.0000000000
54422  -44.625  -22.650  40.153 0.0000000000
55507  -45.347  -21.626  40.793 0.0000000000
56479  -45.610  -20.297  41.651 0.0000000000
57494  -44.437  -19.169  41.401 0.0000000000
58479  -43.023  -18.341  40.736 0.0000000000
58478  -41.682  -18.190  40.153 0.0000000000
59528  -39.679  -17.499  39.130 0.0000000000
59539  -38.793  -17.089  38.008 0.0000000000
58512  -37.661  -18.581  38.263 0.0000000000
59537  -37.162  -17.586  37.617 0.0000000000
59548  -37.683  -17.040  36.793 0.0000000000
127928  -37.554  -18.063  35.086 0.0000000000
57570  -36.354  -18.720  34.319 0.0000000000
56582  -36.363  -20.617  33.024 0.0000000000
114663  -35.208  -21.121  34.715 0.0000000000
56556  -34.228  -20.239  35.453 0.0000000000
56555  -33.551  -20.160  35.274 0.0000000000
57587  -33.549  -19.533  34.676 0.0000000000
124277  -33.746  -19.708  33.930 0.0000000000
56580  -34.289  -20.388  33.177 0.0000000000
55593  -34.961  -21.244  32.414 0.0000000000
55607  -35.535  -21.954  31.763 0.0000000000
43427  -27.998  -32.873  60.145 0.0000000000
43579  -26.010  -33.550  49.384 0.0000000000
43602  -27.189  -33.945  48.128 0.0000000000
43562  -27.314  -33.770  50.383 0.0000000000
43547  -28.589  -34.000  51.229 0.0000000000
127725  -29.939  -34.610  52.886 0.0000000000
126730  -31.290  -34.691  53.896 0.0000000000
46729  -30.608  -30.058  45.172 0.0000000000
46693  -30.872  -31.133  45.883 0.0000000000
45622  -31.964  -31.925  47.813 0.0000000000
45624  -34.175  -31.074  48.657 0.0000000000
44565  -32.783  -31.928  49.272 0.0000000000
44564  -31.766  -32.534  49.340 0.0000000000
43566  -31.913  -32.924  51.102 0.0000000000
43521  -31.958  -33.736  53.153 0.0000000000
42483  -32.341  -34.138  54.764 0.0000000000
43468  -33.150  -33.977  56.159 0.0000000000
43469  -33.864  -33.428  56.692 0.0000000000
41368  -14.901  -35.404  56.439 0.0000000000
42428  -16.486  -34.543  57.243 0.0000000000
43495  -16.918  -33.404  54.245 0.0000000000
43494  -16.133  -33.749  53.986 0.0000000000
43461  -16.641  -33.946  55.738 0.0000000000
122759  -16.941  -33.939  56.725 0.0000000000
42413  -17.293  -34.007  58.513 0.0000000000
44390  -17.596  -32.553  59.432 0.0000000000
46577  -19.163  -29.898  59.672 0.0000000000
56585  -39.441  -21.052  32.906 0.0000000000
57595  -41.462  -19.793  33.600 0.0000000000
58573  -42.769  -18.903  33.811 0.0000000000
57608  -43.062  -19.316  32.206 0.0000000000
58574  -43.491  -18.614  33.465 0.0000000000
58559  -43.331  -18.360  34.277 0.0000000000
59573  -44.836  -17.020  35.113 0.0000000000
58638  -46.338  -18.427  29.587 0.0000000000
133243  -47.273  -17.557  30.968 0.0000000000
59611  -47.569  -17.220  32.224 0.0000000000
65630  -47.384  -11.192  23.827 0.0000000000
66635  -47.252  -10.313  23.383 0.0000000000
67624  -48.077  -9.231  23.007 0.0000000000
64662  -46.741  -11.678  22.260 0.0000000000
66657  -47.382  -10.002  22.025 0.0000000000
68675  -48.506  -8.803  22.766 0.0000000000
68687  -49.309  -8.137  22.233 0.0000000000
69634  -50.399  -7.470  21.420 0.0000000000
130678  -49.311  -12.127  19.555 0.0000000000
66671  -50.103  -10.406  20.039 0.0000000000
122567  -50.664  -8.512  19.739 0.0000000000
127121  -54.004  -8.252  16.039 0.0000000000
47774  -39.010  -29.035  39.921 0.0000000000
48725  -39.456  -28.461  39.524 0.0000000000
47758  -37.695  -29.529  40.216 0.0000000000
47760  -39.324  -29.280  40.651 0.0000000000
56583  -37.433  -20.827  33.089 0.0000000000
64628  -48.273  -13.276  25.592 0.0000000000
63657  -48.994  -13.276  25.768 0.0000000000
118900  -48.856  -12.879  25.657 0.0000000000
116044  -49.539  -12.676  25.470 0.0000000000
64630  -49.410  -12.288  25.362 0.0000000000
65631  -49.118  -12.041  25.153 0.0000000000
41338  -16.401  -35.321  58.476 0.0000000000
119215  -38.377  -21.943  35.257 0.0000000000
55560  -37.975  -21.134  35.745 0.0000000000
46601  -22.805  -30.100  57.021 0.0000000000
41373  -30.655  -35.516  56.775 0.0000000000
41358  -31.453  -35.334  57.406 0.0000000000
41374  -31.515  -35.290  56.490 0.0000000000
43585  -39.532  -33.465  49.278 0.0000000000
44554  -38.837  -33.057  49.802 0.0000000000
43567  -39.631  -33.414  50.177 0.0000000000
127142  -40.682  -33.530  51.060 0.0000000000
47578  -21.815  -29.954  56.870 0.0000000000
57678  -43.703  -19.520  28.057 0.0000000000
57679  -44.487  -19.423  28.130 0.0000000000
48686  -44.481  -28.149  42.576 0.0000000000
49596  -44.372  -27.487  42.065 0.0000000000
121458  -43.819  -28.026  42.134 0.0000000000
50583  -40.300  -26.086  37.863 0.0000000000
51539  -40.922  -25.761  38.224 0.0000000000
45559  -22.233  -31.375  52.345 0.0000000000
45574  -22.170  -31.407  51.514 0.0000000000
43544  -25.860  -33.195  51.123 0.0000000000
43545  -26.435  -33.336  51.732 0.0000000000
43546  -27.166  -33.585  51.863 0.0000000000
127667  -26.805  -33.537  51.113 0.0000000000
46733  -38.859  -30.610  44.089 0.0000000000
119613  -38.364  -30.863  44.540 0.0000000000
45703  -39.066  -30.951  44.949 0.0000000000
45685  -39.612  -31.387  45.599 0.0000000000
124302  -40.505  -31.412  45.625 0.0000000000
47713  -43.993  -29.315  43.300 0.0000000000
48671  -44.596  -28.813  43.131 0.0000000000
114772  -21.331  -31.450  52.074 0.0000000000
60538  -39.465  -16.531  37.321 0.0000000000
60524  -40.092  -16.177  37.704 0.0000000000
59571  -42.556  -17.687  35.793 0.0000000000
114449  -43.313  -17.534  35.521 0.0000000000
59709  -47.937  -17.419  25.691 0.0000000000
120182  -48.565  -17.789  26.193 0.0000000000
125317  -52.683  -15.682  28.247 0.0000000000
59721  -41.336  -17.286  24.647 0.0000000000
63684  -42.117  -13.318  24.005 0.0000000000
63685  -42.796  -13.043  23.806 0.0000000000
39380  -15.356  -37.469  60.693 0.0000000000
123982  -14.791  -37.942  61.477 0.0000000000
41285  -19.572  -34.733  65.133 0.0000000000
119557  -17.844  -37.510  66.216 0.0000000000
52464  -44.603  -24.428  40.455 0.0000000000
52465  -45.293  -23.972  40.758 0.0000000000
56519  -41.622  -20.200  38.312 0.0000000000
57534  -42.021  -19.588  38.931 0.0000000000
116325  -41.443  -19.027  39.492 0.0000000000
58530  -34.685  -18.369  35.983 0.0000000000
58551  -34.903  -18.193  35.330 0.0000000000
57568  -34.488  -18.671  34.756 0.0000000000
128518  -26.127  -32.273  57.406 0.0000000000
43450  -26.678  -32.881  57.511 0.0000000000
43626  -29.988  -33.299  48.229 0.0000000000
43625  -29.413  -33.362  47.621 0.0000000000
43582  -30.131  -33.522  49.624 0.0000000000
44563  -30.659  -33.127  48.940 0.0000000000
117322  -33.647  -30.348  46.292 0.0000000000
46696  -33.177  -30.225  46.327 0.0000000000
132064  -34.795  -31.623  51.903 0.0000000000
44550  -34.157  -31.660  51.235 0.0000000000
44509  -34.366  -31.908  52.635 0.0000000000
114752  -34.870  -31.926  53.168 0.0000000000
46671  -45.149  -30.614  49.167 0.0000000000
45506  -18.670  -31.263  57.800 0.0000000000
56596  -40.859  -20.891  31.066 0.0000000000
118855  -46.109  -17.652  32.373 0.0000000000
59609  -45.573  -17.987  32.176 0.0000000000
59599  -46.405  -17.417  33.000 0.0000000000
59641  -49.793  -17.565  30.067 0.0000000000
127110  -49.253  -17.367  30.650 0.0000000000
63696  -44.603  -13.088  22.401 0.0000000000
63697  -45.598  -13.017  22.199 0.0000000000
65670  -49.016  -12.145  20.347 0.0000000000
65699  -51.315  -11.595  17.541 0.0000000000
127135  -50.442  -11.943  17.775 0.0000000000
127462  -51.579  -9.773  18.521 0.0000000000
66692  -52.426  -10.020  17.638 0.0000000000
117509  -41.363  -28.935  41.518 0.0000000000
48702  -41.919  -28.248  41.153 0.0000000000
49629  -39.888  -27.840  39.170 0.0000000000
49630  -40.606  -27.556  39.498 0.0000000000
49641  -39.563  -27.493  38.490 0.0000000000
46799  -35.983  -30.139  41.244 0.0000000000
46791  -38.344  -30.029  41.885 0.0000000000
46790  -37.506  -30.172  41.885 0.0000000000
46776  -38.678  -30.178  42.487 0.0000000000
46755  -38.568  -30.384  43.226 0.0000000000
46777  -39.333  -30.165  42.760 0.0000000000
46757  -40.184  -30.123  43.020 0.0000000000
47728  -39.946  -29.883  42.261 0.0000000000
47747  -40.601  -29.058  41.143 0.0000000000
120715  -40.678  -29.537  41.952 0.0000000000
58554  -38.407  -18.420  35.097 0.0000000000
57593  -39.504  -19.952  34.085 0.0000000000
57573  -39.976  -19.420  34.589 0.0000000000
61645  -47.333  -14.608  26.194 0.0000000000
116048  -48.845  -15.019  25.394 0.0000000000
62649  -51.637  -14.198  26.470 0.0000000000
62643  -52.227  -14.582  27.046 0.0000000000
63649  -52.542  -13.598  26.999 0.0000000000
66636  -49.821  -10.351  24.649 0.0000000000
40287  -15.110  -36.503  58.564 0.0000000000
40260  -15.884  -36.895  60.050 0.0000000000
40261  -16.695  -36.426  60.269 0.0000000000
54452  -41.945  -22.962  37.987 0.0000000000
54453  -42.555  -22.566  38.465 0.0000000000
54466  -41.410  -22.529  37.417 0.0000000000
133235  -40.798  -21.272  37.083 0.0000000000
56527  -39.505  -20.096  37.554 0.0000000000
56537  -39.036  -20.428  36.907 0.0000000000
56548  -37.014  -20.234  36.204 0.0000000000
57557  -35.105  -19.048  36.597 0.0000000000
56546  -34.665  -19.564  35.871 0.0000000000
42433  -28.054  -34.438  57.275 0.0000000000
42402  -30.412  -35.066  60.000 0.0000000000
113551  -32.880  -34.462  58.520 0.0000000000
45679  -29.396  -31.746  45.271 0.0000000000
45656  -29.661  -32.185  45.941 0.0000000000
45680  -30.149  -31.453  45.612 0.0000000000
45644  -36.915  -32.150  48.015 0.0000000000
45626  -36.242  -31.531  48.524 0.0000000000
134522  -36.785  -31.824  48.808 0.0000000000
45598  -36.729  -31.509  49.925 0.0000000000
136595  -37.033  -31.642  50.510 0.0000000000
44551  -36.874  -31.634  51.243 0.0000000000
44532  -37.160  -31.886  52.019 0.0000000000
115394  -37.995  -32.263  52.135 0.0000000000
45543  -19.941  -31.663  53.747 0.0000000000
44484  -19.068  -32.236  53.411 0.0000000000
46618  -20.187  -30.799  55.879 0.0000000000
46598  -19.614  -30.699  56.991 0.0000000000
46608  -20.222  -30.305  56.983 0.0000000000
135733  -21.775  -29.316  58.293 0.0000000000
57658  -42.386  -19.920  29.324 0.0000000000
58636  -45.037  -18.737  29.902 0.0000000000
58625  -45.487  -18.413  30.557 0.0000000000
64743  -50.286  -12.300  16.315 0.0000000000
65726  -51.701  -11.836  16.775 0.0000000000
64744  -51.141  -12.279  16.149 0.0000000000
43416  -17.463  -33.376  60.617 0.0000000000
43392  -18.636  -32.883  64.587 0.0000000000
49589  -46.831  -27.541  43.652 0.0000000000
50515  -44.832  -26.859  41.870 0.0000000000
50516  -45.593  -26.603  42.226 0.0000000000
51504  -44.774  -25.663  41.149 0.0000000000
51503  -44.115  -25.954  40.831 0.0000000000
50548  -42.034  -27.007  40.127 0.0000000000
50530  -43.177  -26.978  40.931 0.0000000000
51540  -41.516  -25.388  38.521 0.0000000000
51541  -42.140  -24.985  38.826 0.0000000000
51531  -43.137  -25.220  39.707 0.0000000000
126747  -42.328  -24.165  38.585 0.0000000000
113176  -22.706  -31.179  54.840 0.0000000000
45537  -23.893  -31.512  54.373 0.0000000000
45538  -24.754  -31.871  54.931 0.0000000000
45528  -25.234  -32.007  55.585 0.0000000000
45549  -24.648  -32.008  54.120 0.0000000000
45576  -23.669  -31.884  52.067 0.0000000000
44526  -24.363  -32.336  51.701 0.0000000000
44506  -25.379  -32.675  52.847 0.0000000000
44486  -25.847  -32.858  53.585 0.0000000000
43501  -26.754  -33.325  54.607 0.0000000000
43502  -27.460  -33.768  54.702 0.0000000000
42479  -29.001  -34.585  54.040 0.0000000000
42480  -29.557  -34.999  54.627 0.0000000000
126914  -32.490  -29.315  43.519 0.0000000000
47693  -33.156  -29.753  44.748 0.0000000000
46730  -33.592  -30.177  44.140 0.0000000000
46773  -35.399  -30.640  42.845 0.0000000000
46753  -35.978  -30.759  43.277 0.0000000000
45701  -36.709  -31.243  44.725 0.0000000000
45681  -36.011  -31.465  45.389 0.0000000000
125434  -36.321  -31.631  45.963 0.0000000000
45662  -37.057  -31.802  46.086 0.0000000000
44619  -39.965  -32.329  46.753 0.0000000000
44618  -39.022  -32.422  46.860 0.0000000000
44600  -39.507  -32.943  47.615 0.0000000000
43606  -39.515  -33.321  48.480 0.0000000000
43627  -40.218  -33.306  48.214 0.0000000000
43608  -41.569  -33.437  48.840 0.0000000000
44584  -41.076  -33.196  48.047 0.0000000000
45667  -42.808  -31.830  46.642 0.0000000000
44603  -42.424  -32.313  47.256 0.0000000000
45645  -43.621  -31.651  47.120 0.0000000000
46758  -41.656  -30.299  43.980 0.0000000000
45706  -41.572  -30.786  44.698 0.0000000000
120740  -42.368  -30.520  44.439 0.0000000000
117454  -43.962  -30.723  45.134 0.0000000000
46717  -44.622  -30.723  45.675 0.0000000000
46718  -45.607  -30.264  45.653 0.0000000000
47665  -45.904  -30.214  46.814 0.0000000000
134005  -46.653  -28.843  44.558 0.0000000000
121598  -47.076  -28.169  44.442 0.0000000000
45556  -20.045  -32.001  52.234 0.0000000000
46635  -21.537  -31.295  53.514 0.0000000000
59504  -41.591  -17.523  40.055 0.0000000000
60490  -42.790  -16.834  40.545 0.0000000000
61517  -40.705  -15.790  38.084 0.0000000000
61503  -41.778  -15.521  38.958 0.0000000000
61518  -41.459  -15.593  38.387 0.0000000000
59550  -40.420  -16.954  36.695 0.0000000000
127124  -41.197  -17.100  36.559 0.0000000000
60541  -42.308  -16.515  36.971 0.0000000000
61519  -42.878  -15.216  38.375 0.0000000000
61529  -43.192  -15.596  37.579 0.0000000000
61530  -44.256  -15.358  37.391 0.0000000000
58687  -45.317  -18.927  26.777 0.0000000000
58674  -49.037  -18.233  27.302 0.0000000000
58673  -48.354  -18.413  27.612 0.0000000000
59667  -49.932  -17.958  28.512 0.0000000000
59668  -50.541  -17.685  28.262 0.0000000000
128527  -50.555  -16.419  26.612 0.0000000000
59694  -50.191  -17.147  26.728 0.0000000000
60637  -51.999  -16.955  28.473 0.0000000000
126113  -14.503  -38.776  66.643 0.0000000000
38476  -13.801  -38.813  66.873 0.0000000000
37690  -14.349  -39.147  66.686 0.0000000000
55626  -37.529  -22.042  29.882 0.0000000000
55651  -38.032  -21.573  29.275 0.0000000000
121854  -39.751  -20.468  28.592 0.0000000000
129259  -39.726  -20.217  28.103 0.0000000000
57675  -40.795  -19.551  27.921 0.0000000000
128589  -40.464  -19.529  27.300 0.0000000000
57695  -41.150  -19.121  27.206 0.0000000000
58667  -42.498  -18.374  27.027 0.0000000000
59681  -42.984  -17.908  26.868 0.0000000000
130270  -43.500  -17.294  25.312 0.0000000000
60654  -44.081  -17.104  26.112 0.0000000000
60655  -44.646  -16.831  26.267 0.0000000000
60667  -44.538  -16.626  25.718 0.0000000000
120924  -44.139  -15.432  24.377 0.0000000000
61658  -43.351  -15.260  24.370 0.0000000000
61643  -45.506  -15.480  25.119 0.0000000000
61644  -46.417  -15.290  26.287 0.0000000000
63671  -44.780  -13.144  24.286 0.0000000000
63672  -46.172  -13.978  24.477 0.0000000000
132846  -46.715  -13.436  24.518 0.0000000000
64638  -45.494  -12.512  24.068 0.0000000000
64649  -44.015  -12.115  23.690 0.0000000000
63695  -43.704  -13.369  22.349 0.0000000000
38505  -13.970  -38.497  62.942 0.0000000000
42372  -17.493  -34.234  60.883 0.0000000000
41310  -17.322  -34.985  60.334 0.0000000000
40239  -18.299  -36.127  62.371 0.0000000000
41300  -17.909  -35.597  61.632 0.0000000000
40238  -18.028  -36.731  62.633 0.0000000000
40235  -19.705  -35.754  65.181 0.0000000000
40220  -18.443  -36.832  64.670 0.0000000000
135087  -17.699  -37.179  63.095 0.0000000000
113102  -16.087  -37.819  63.368 0.0000000000
135444  -17.060  -37.575  66.016 0.0000000000
39346  -16.393  -37.562  65.264 0.0000000000
39322  -15.590  -38.273  66.125 0.0000000000
121699  -18.363  -39.192  66.327 0.0000000000
126419  -46.886  -19.278  43.349 0.0000000000
57474  -46.291  -18.969  42.937 0.0000000000
130162  -45.884  -19.327  42.475 0.0000000000
51475  -47.095  -25.872  42.851 0.0000000000
51476  -47.790  -25.497  43.349 0.0000000000
51490  -47.361  -25.077  42.653 0.0000000000
117067  -45.997  -23.842  41.291 0.0000000000
53408  -46.811  -23.767  41.787 0.0000000000
53409  -47.632  -23.119  42.399 0.0000000000
118888  -46.944  -22.920  41.789 0.0000000000
54436  -43.300  -22.163  39.020 0.0000000000
54437  -43.993  -22.365  39.616 0.0000000000
55505  -44.145  -20.712  40.117 0.0000000000
55522  -44.392  -21.711  40.007 0.0000000000
55506  -44.747  -21.124  40.501 0.0000000000
55488  -45.788  -21.236  41.396 0.0000000000
56480  -46.287  -20.767  41.950 0.0000000000
57505  -43.240  -18.877  40.639 0.0000000000
57506  -43.885  -19.207  40.907 0.0000000000
57493  -43.648  -18.636  41.117 0.0000000000
122893  -42.440  -18.183  40.479 0.0000000000
58502  -39.765  -18.655  39.437 0.0000000000
124721  -40.321  -18.173  39.722 0.0000000000
59527  -39.079  -17.545  38.715 0.0000000000
56526  -38.491  -19.664  37.801 0.0000000000
58513  -38.411  -19.107  38.498 0.0000000000
134247  -37.971  -19.171  38.192 0.0000000000
59546  -36.228  -17.514  36.944 0.0000000000
59547  -36.851  -17.132  36.850 0.0000000000
59567  -37.252  -17.135  36.223 0.0000000000
58533  -37.783  -17.638  35.639 0.0000000000
58532  -36.598  -17.467  35.667 0.0000000000
57590  -35.812  -19.165  34.042 0.0000000000
56567  -36.750  -19.760  33.640 0.0000000000
55573  -34.058  -21.184  34.617 0.0000000000
56554  -33.370  -20.230  34.712 0.0000000000
56544  -33.673  -19.619  35.298 0.0000000000
56564  -33.233  -20.149  34.199 0.0000000000
56579  -33.394  -20.442  33.433 0.0000000000
121762  -24.181  -30.853  56.742 0.0000000000
45511  -24.869  -31.064  57.552 0.0000000000
43438  -28.027  -33.657  59.232 0.0000000000
43437  -27.502  -33.112  58.961 0.0000000000
43603  -28.438  -33.830  48.475 0.0000000000
113302  -27.988  -33.808  47.807 0.0000000000
123204  -27.614  -33.967  48.920 0.0000000000
43563  -28.332  -33.908  50.291 0.0000000000
43548  -30.566  -33.793  51.145 0.0000000000
42537  -30.061  -34.092  51.587 0.0000000000
42515  -30.726  -34.359  52.679 0.0000000000
42495  -30.646  -34.740  53.440 0.0000000000
47677  -31.357  -29.550  45.225 0.0000000000
46695  -32.461  -30.400  46.413 0.0000000000
46694  -31.581  -30.679  46.144 0.0000000000
45659  -31.870  -31.062  46.719 0.0000000000
45658  -31.219  -31.480  46.503 0.0000000000
45639  -31.590  -31.730  47.143 0.0000000000
133218  -35.092  -31.097  48.386 0.0000000000
46669  -34.580  -30.994  48.090 0.0000000000
44566  -33.143  -31.848  50.003 0.0000000000
45610  -33.618  -31.432  49.352 0.0000000000
44580  -32.334  -31.991  48.545 0.0000000000
118120  -32.419  -32.245  49.944 0.0000000000
44547  -31.810  -32.758  50.289 0.0000000000
118842  -32.563  -32.568  51.451 0.0000000000
43537  -32.963  -32.796  52.914 0.0000000000
43536  -32.342  -33.222  52.678 0.0000000000
43522  -32.661  -33.331  53.484 0.0000000000
42496  -31.972  -34.036  53.939 0.0000000000
43503  -32.779  -33.631  54.338 0.0000000000
42468  -32.375  -34.450  55.621 0.0000000000
43485  -32.943  -33.847  55.220 0.0000000000
43470  -34.679  -32.998  56.546 0.0000000000
131724  -36.924  -32.051  53.358 0.0000000000
44471  -36.780  -32.206  54.207 0.0000000000
44569  -42.820  -32.779  49.552 0.0000000000
42427  -15.727  -35.081  56.791 0.0000000000
44483  -18.379  -32.488  53.994 0.0000000000
44503  -18.122  -32.749  52.972 0.0000000000
42475  -16.365  -33.873  54.831 0.0000000000
43446  -17.566  -33.158  57.201 0.0000000000
43433  -17.173  -33.960  57.660 0.0000000000
121391  -17.460  -33.254  58.961 0.0000000000
117819  -17.706  -32.585  58.596 0.0000000000
121703  -19.696  -30.233  57.756 0.0000000000
46587  -18.988  -30.634  58.242 0.0000000000
46588  -19.488  -29.893  58.831 0.0000000000
61477  -44.473  -15.227  41.752 0.0000000000
55610  -38.342  -21.784  31.539 0.0000000000
55597  -38.913  -21.451  32.265 0.0000000000
56587  -41.513  -20.387  32.263 0.0000000000
56571  -40.950  -20.450  33.005 0.0000000000
57596  -42.270  -19.468  33.335 0.0000000000
57623  -42.735  -19.596  31.507 0.0000000000
59597  -44.557  -18.219  33.164 0.0000000000
58591  -43.615  -18.799  32.659 0.0000000000
58575  -44.034  -18.433  33.119 0.0000000000
59596  -44.181  -18.136  33.855 0.0000000000
118163  -44.672  -17.564  34.342 0.0000000000
60563  -46.570  -16.469  34.572 0.0000000000
60562  -45.743  -16.663  34.835 0.0000000000
61563  -47.185  -15.839  35.009 0.0000000000
58639  -47.148  -18.323  29.251 0.0000000000
114622  -48.389  -17.293  31.170 0.0000000000
59639  -47.855  -17.520  30.613 0.0000000000
116538  -47.854  -17.317  31.486 0.0000000000
65640  -45.302  -10.912  23.275 0.0000000000
66644  -46.639  -10.065  22.856 0.0000000000
66645  -47.431  -9.665  23.054 0.0000000000
67623  -47.274  -9.671  22.609 0.0000000000
127630  -46.581  -12.769  21.931 0.0000000000
65655  -48.125  -11.148  21.778 0.0000000000
67629  -47.447  -9.551  22.271 0.0000000000
131563  -47.866  -9.208  22.097 0.0000000000
68686  -48.431  -8.815  22.219 0.0000000000
67635  -48.401  -8.979  21.842 0.0000000000
67646  -49.757  -9.481  20.621 0.0000000000
67639  -49.394  -8.756  21.280 0.0000000000
68693  -50.191  -8.018  20.929 0.0000000000
68698  -50.637  -7.936  20.116 0.0000000000
65698  -49.817  -12.090  18.329 0.0000000000
64692  -49.196  -12.301  18.752 0.0000000000
65682  -49.806  -11.830  19.156 0.0000000000
65672  -50.197  -11.196  19.483 0.0000000000
67655  -51.563  -8.925  18.568 0.0000000000
67648  -51.104  -8.716  19.203 0.0000000000
68699  -51.120  -7.962  19.456 0.0000000000
69644  -51.226  -7.404  19.935 0.0000000000
69645  -51.806  -7.088  19.385 0.0000000000
67682  -53.443  -8.930  16.507 0.0000000000
67683  -53.823  -8.999  15.883 0.0000000000
48713  -40.443  -28.588  40.480 0.0000000000
47743  -36.964  -30.023  41.246 0.0000000000
135739  -37.198  -29.754  40.648 0.0000000000
47745  -38.839  -29.669  41.256 0.0000000000
134427  -39.994  -29.073  40.765 0.0000000000
57591  -37.443  -19.217  34.126 0.0000000000
57592  -38.490  -19.643  34.092 0.0000000000
136051  -50.465  -12.665  25.483 0.0000000000
124711  -51.290  -11.371  25.476 0.0000000000
65622  -49.776  -11.672  25.147 0.0000000000
129640  -48.856  -11.316  24.568 0.0000000000
41352  -15.238  -35.709  57.225 0.0000000000
41337  -15.645  -35.874  58.083 0.0000000000
41309  -16.976  -35.676  59.892 0.0000000000
54478  -40.011  -22.609  36.161 0.0000000000
136717  -41.004  -22.049  36.965 0.0000000000
122067  -39.745  -21.808  36.121 0.0000000000
55550  -39.312  -21.129  36.294 0.0000000000
55549  -38.577  -20.790  36.295 0.0000000000
42449  -29.096  -35.214  56.382 0.0000000000
42434  -28.831  -35.132  57.393 0.0000000000
41372  -29.721  -35.472  57.067 0.0000000000
41344  -31.400  -35.309  58.420 0.0000000000
42435  -32.225  -34.898  57.960 0.0000000000
42436  -32.851  -34.402  57.590 0.0000000000
44582  -38.220  -32.796  48.414 0.0000000000
44568  -38.012  -32.528  49.374 0.0000000000
44553  -38.204  -32.471  50.344 0.0000000000
44533  -38.325  -32.438  51.302 0.0000000000
132240  -39.128  -32.884  51.550 0.0000000000
44535  -39.794  -33.002  52.260 0.0000000000
46619  -20.842  -30.695  55.580 0.0000000000
131265  -20.554  -30.437  56.310 0.0000000000
46600  -20.945  -30.022  56.893 0.0000000000
57677  -42.403  -19.664  28.448 0.0000000000
57659  -43.228  -19.595  29.627 0.0000000000
57660  -43.901  -19.495  28.905 0.0000000000
58649  -44.749  -19.201  29.043 0.0000000000
49588  -45.886  -27.980  43.201 0.0000000000
49611  -44.135  -27.014  41.592 0.0000000000
50574  -41.282  -26.167  38.836 0.0000000000
131761  -41.159  -25.110  37.956 0.0000000000
52486  -40.908  -24.513  37.505 0.0000000000
52495  -40.287  -24.813  36.960 0.0000000000
46629  -22.487  -31.251  53.998 0.0000000000
45546  -22.344  -31.341  53.194 0.0000000000
45561  -23.857  -31.802  52.823 0.0000000000
113036  -24.515  -32.534  50.968 0.0000000000
124286  -24.926  -32.545  52.215 0.0000000000
44527  -25.095  -32.768  51.481 0.0000000000
44507  -25.743  -33.011  52.092 0.0000000000
43518  -26.624  -33.303  53.220 0.0000000000
43519  -27.278  -33.603  53.813 0.0000000000
43534  -27.430  -33.662  52.762 0.0000000000
127198  -27.963  -33.936  53.361 0.0000000000
43535  -28.332  -34.094  52.702 0.0000000000
46754  -37.624  -30.507  43.241 0.0000000000
124734  -36.761  -30.641  43.260 0.0000000000
45719  -37.181  -30.847  43.927 0.0000000000
45702  -37.653  -31.028  44.589 0.0000000000
45683  -37.396  -31.422  45.305 0.0000000000
119728  -37.971  -31.704  45.825 0.0000000000
45684  -38.788  -31.498  45.689 0.0000000000
45664  -39.316  -31.901  46.216 0.0000000000
44620  -40.977  -32.351  46.865 0.0000000000
45665  -40.544  -31.955  46.249 0.0000000000
45666  -41.243  -31.794  46.098 0.0000000000
112927  -42.082  -31.557  45.991 0.0000000000
47712  -42.643  -29.661  43.201 0.0000000000
130396  -43.045  -30.265  44.187 0.0000000000
115796  -43.358  -29.815  43.628 0.0000000000
47694  -44.168  -29.782  43.804 0.0000000000
47695  -44.757  -29.930  44.206 0.0000000000
46739  -45.517  -29.886  44.666 0.0000000000
47715  -45.306  -29.535  44.049 0.0000000000
48672  -45.443  -28.879  43.570 0.0000000000
126385  -20.708  -31.668  51.800 0.0000000000
59516  -40.464  -17.053  39.396 0.0000000000
60512  -40.139  -16.346  38.549 0.0000000000
60525  -40.780  -16.041  37.498 0.0000000000
58536  -41.177  -18.345  35.688 0.0000000000
116120  -41.681  -17.775  36.054 0.0000000000
60543  -43.954  -15.948  36.791 0.0000000000
60553  -43.759  -16.556  36.352 0.0000000000
60554  -44.597  -16.366  36.051 0.0000000000
58688  -46.606  -18.076  26.008 0.0000000000
114565  -47.248  -18.380  26.417 0.0000000000
58689  -47.853  -18.069  26.064 0.0000000000
58691  -49.104  -18.039  26.770 0.0000000000
112971  -49.753  -17.738  26.992 0.0000000000
61628  -51.826  -15.394  27.116 0.0000000000
129456  -51.875  -16.237  27.645 0.0000000000
69617  -50.136  -7.478  22.911 0.0000000000
56672  -39.376  -20.122  27.510 0.0000000000
59705  -41.879  -17.841  25.129 0.0000000000
59722  -42.262  -17.173  24.633 0.0000000000
59723  -43.193  -16.937  24.673 0.0000000000
62675  -43.574  -14.130  24.536 0.0000000000
62677  -45.444  -14.510  24.444 0.0000000000
63670  -43.525  -13.108  24.627 0.0000000000
126312  -43.907  -12.704  24.477 0.0000000000
133924  -43.915  -12.378  24.201 0.0000000000
39360  -14.676  -38.184  62.394 0.0000000000
42362  -18.136  -34.175  62.961 0.0000000000
133875  -18.632  -35.745  63.089 0.0000000000
134661  -17.774  -37.072  65.139 0.0000000000
39347  -17.046  -37.223  65.124 0.0000000000
39334  -17.443  -37.243  65.789 0.0000000000
39323  -16.573  -37.991  66.158 0.0000000000
130744  -17.442  -37.963  66.366 0.0000000000
51506  -46.127  -25.084  41.734 0.0000000000
52443  -46.774  -24.679  42.067 0.0000000000
52456  -45.686  -24.601  41.303 0.0000000000
53420  -45.686  -23.151  40.909 0.0000000000
55520  -43.140  -21.018  39.040 0.0000000000
56507  -43.492  -20.322  39.696 0.0000000000
56493  -44.485  -20.030  40.774 0.0000000000
57520  -43.031  -19.324  39.955 0.0000000000
58490  -41.521  -18.556  39.829 0.0000000000
57531  -39.225  -19.019  38.884 0.0000000000
125686  -36.425  -18.919  37.524 0.0000000000
58511  -36.786  -18.388  37.862 0.0000000000
58518  -35.605  -17.907  36.885 0.0000000000
136152  -36.019  -17.468  36.424 0.0000000000
57569  -35.286  -18.412  34.573 0.0000000000
45518  -25.257  -31.799  56.266 0.0000000000
115239  -25.251  -31.590  56.998 0.0000000000
44420  -26.371  -32.120  58.239 0.0000000000
42387  -29.178  -33.565  61.260 0.0000000000
121210  -28.595  -33.049  60.975 0.0000000000
43651  -28.421  -32.814  45.973 0.0000000000
43641  -28.862  -33.325  47.046 0.0000000000
43604  -29.234  -33.639  48.323 0.0000000000
112869  -29.089  -33.773  49.039 0.0000000000
42573  -29.057  -33.819  49.793 0.0000000000
42557  -29.683  -33.725  50.116 0.0000000000
43564  -30.370  -33.617  50.389 0.0000000000
47679  -32.683  -29.549  45.247 0.0000000000
47678  -32.085  -29.357  45.280 0.0000000000
46711  -32.578  -29.842  45.786 0.0000000000
46680  -33.239  -30.592  47.009 0.0000000000
45596  -35.446  -31.170  50.534 0.0000000000
45611  -34.404  -31.126  49.536 0.0000000000
45595  -34.520  -31.289  50.416 0.0000000000
44549  -33.596  -31.771  50.625 0.0000000000
113154  -33.268  -32.082  51.375 0.0000000000
44508  -33.607  -32.319  52.756 0.0000000000
43523  -33.408  -32.756  53.420 0.0000000000
127952  -33.549  -33.274  54.797 0.0000000000
44487  -33.923  -32.771  54.029 0.0000000000
43505  -34.395  -32.790  54.801 0.0000000000
44470  -35.223  -32.426  54.853 0.0000000000
44446  -17.965  -32.777  55.535 0.0000000000
129538  -17.799  -32.664  57.886 0.0000000000
115365  -21.004  -29.107  59.428 0.0000000000
55598  -39.837  -21.301  32.186 0.0000000000
55612  -40.164  -21.232  31.536 0.0000000000
135900  -41.967  -20.113  32.258 0.0000000000
58606  -44.499  -18.575  31.546 0.0000000000
58605  -43.805  -18.879  31.867 0.0000000000
59608  -45.045  -18.117  32.728 0.0000000000
59586  -45.385  -17.261  34.322 0.0000000000
59598  -45.882  -17.361  33.640 0.0000000000
58641  -48.737  -18.015  29.169 0.0000000000
59654  -48.292  -17.704  29.918 0.0000000000
59622  -49.021  -17.113  31.342 0.0000000000
66642  -45.142  -10.807  23.053 0.0000000000
65647  -45.199  -10.810  22.949 0.0000000000
66658  -48.443  -10.191  21.608 0.0000000000
119610  -49.273  -12.292  17.210 0.0000000000
119383  -49.724  -12.198  17.661 0.0000000000
66672  -50.665  -10.484  19.315 0.0000000000
66680  -51.167  -10.584  18.697 0.0000000000
68718  -52.115  -8.344  18.146 0.0000000000
66714  -53.995  -9.683  15.576 0.0000000000
66728  -54.606  -9.176  14.816 0.0000000000
48685  -43.059  -28.565  42.197 0.0000000000
49610  -43.328  -27.820  41.683 0.0000000000
48703  -42.664  -28.069  41.487 0.0000000000
49631  -41.329  -27.301  39.821 0.0000000000
49619  -40.916  -27.960  40.163 0.0000000000
50561  -40.979  -26.893  39.156 0.0000000000
50573  -40.630  -26.485  38.521 0.0000000000
43560  -25.520  -33.198  50.252 0.0000000000
131995  -35.204  -30.293  41.556 0.0000000000
46788  -35.731  -30.408  42.067 0.0000000000
46775  -37.152  -30.398  42.585 0.0000000000
46734  -39.651  -30.641  44.334 0.0000000000
127697  -40.302  -30.684  44.486 0.0000000000
115807  -40.234  -30.412  43.867 0.0000000000
119832  -40.943  -30.171  43.508 0.0000000000
47710  -40.940  -29.837  42.719 0.0000000000
47711  -41.803  -29.852  43.132 0.0000000000
47730  -42.406  -29.263  42.596 0.0000000000
59568  -38.234  -17.208  36.194 0.0000000000
118358  -39.743  -16.964  36.661 0.0000000000
59569  -39.339  -17.486  36.190 0.0000000000
127927  -39.646  -18.232  35.642 0.0000000000
58535  -40.261  -18.024  35.917 0.0000000000
58557  -41.579  -18.878  34.925 0.0000000000
58558  -42.484  -18.630  34.577 0.0000000000
60670  -47.982  -16.412  25.498 0.0000000000
59710  -48.788  -16.996  25.753 0.0000000000
60671  -48.867  -16.000  25.476 0.0000000000
61633  -50.487  -15.696  26.269 0.0000000000
128542  -49.549  -14.666  25.487 0.0000000000
61648  -50.423  -14.780  25.829 0.0000000000
65623  -50.508  -11.182  25.221 0.0000000000
66637  -50.318  -9.455  24.598 0.0000000000
67617  -48.888  -9.008  23.447 0.0000000000
40273  -14.512  -37.060  59.116 0.0000000000
53445  -43.486  -23.789  39.386 0.0000000000
53446  -44.114  -23.246  39.744 0.0000000000
53462  -43.060  -23.119  38.907 0.0000000000
55540  -41.436  -21.651  37.454 0.0000000000
55530  -41.952  -21.143  37.967 0.0000000000
56518  -40.767  -19.916  38.232 0.0000000000
57542  -39.860  -19.708  38.263 0.0000000000
57549  -37.129  -19.660  37.019 0.0000000000
57548  -35.670  -18.602  37.035 0.0000000000
43467  -26.801  -33.341  56.480 0.0000000000
43451  -27.771  -33.927  58.203 0.0000000000
42417  -28.433  -34.363  58.876 0.0000000000
42418  -28.952  -35.039  58.515 0.0000000000
124166  -29.034  -34.712  59.398 0.0000000000
42401  -29.549  -34.512  60.329 0.0000000000
44615  -29.086  -32.842  46.377 0.0000000000
122644  -30.253  -32.876  47.431 0.0000000000
46682  -34.763  -31.069  47.021 0.0000000000
46681  -34.294  -30.873  47.377 0.0000000000
115511  -35.633  -31.177  49.000 0.0000000000
44567  -37.109  -31.908  49.361 0.0000000000
45613  -35.966  -31.175  49.864 0.0000000000
45578  -35.757  -31.428  51.402 0.0000000000
44530  -35.658  -31.630  52.251 0.0000000000
44510  -35.588  -31.803  52.947 0.0000000000
44511  -36.473  -31.826  52.681 0.0000000000
44490  -37.676  -32.320  53.729 0.0000000000
44513  -38.520  -32.523  53.193 0.0000000000
44491  -38.569  -32.537  54.309 0.0000000000
45534  -19.261  -31.709  54.988 0.0000000000
45507  -19.015  -31.289  56.978 0.0000000000
46589  -20.133  -29.686  58.308 0.0000000000
47563  -20.964  -29.373  58.471 0.0000000000
56617  -41.263  -20.523  30.251 0.0000000000
56618  -42.042  -20.215  30.165 0.0000000000
57644  -43.225  -19.452  30.667 0.0000000000
58623  -43.973  -19.006  31.041 0.0000000000
58607  -45.338  -18.280  31.376 0.0000000000
59620  -46.220  -17.798  31.666 0.0000000000
63715  -44.747  -13.550  20.955 0.0000000000
63716  -45.598  -13.446  20.798 0.0000000000
63717  -46.331  -13.325  20.657 0.0000000000
65700  -52.210  -10.993  17.376 0.0000000000
65727  -52.805  -11.209  16.561 0.0000000000
65728  -53.603  -10.769  15.994 0.0000000000
43423  -17.360  -34.009  59.264 0.0000000000
134254  -17.265  -34.482  59.447 0.0000000000
43408  -17.575  -33.445  61.554 0.0000000000
43398  -18.042  -33.173  63.569 0.0000000000
50517  -46.368  -26.261  42.530 0.0000000000
49598  -46.178  -27.115  42.810 0.0000000000
51488  -45.893  -25.842  41.948 0.0000000000
51505  -45.449  -25.377  41.448 0.0000000000
131840  -44.076  -24.766  40.220 0.0000000000
124517  -43.546  -27.241  41.394 0.0000000000
50550  -43.432  -26.277  40.585 0.0000000000
50563  -42.317  -26.245  39.740 0.0000000000
51518  -42.996  -25.903  40.008 0.0000000000
51519  -43.678  -25.432  40.260 0.0000000000
52473  -43.581  -24.656  39.780 0.0000000000
121515  -42.862  -23.822  38.885 0.0000000000
53460  -41.941  -23.703  38.126 0.0000000000
46611  -23.072  -30.533  56.296 0.0000000000
136314  -23.666  -31.110  55.738 0.0000000000
129506  -23.060  -31.300  54.340 0.0000000000
45527  -23.952  -31.324  55.304 0.0000000000
44434  -25.802  -32.434  55.937 0.0000000000
45575  -22.895  -31.554  51.770 0.0000000000
44505  -24.631  -32.241  52.871 0.0000000000
44485  -25.013  -32.361  53.534 0.0000000000
44468  -25.311  -32.423  54.281 0.0000000000
44452  -26.255  -32.949  55.243 0.0000000000
43484  -27.442  -33.916  56.132 0.0000000000
42464  -28.086  -34.419  55.890 0.0000000000
135927  -27.924  -34.135  54.806 0.0000000000
126751  -28.669  -34.834  55.854 0.0000000000
42466  -29.287  -35.125  55.529 0.0000000000
114916  -31.803  -28.923  43.103 0.0000000000
47692  -32.423  -29.220  44.543 0.0000000000
46713  -34.157  -30.645  45.715 0.0000000000
46752  -35.170  -30.908  43.786 0.0000000000
46751  -34.206  -30.608  43.985 0.0000000000
46731  -34.641  -30.936  44.704 0.0000000000
46714  -35.106  -31.218  45.468 0.0000000000
130239  -34.708  -31.055  46.234 0.0000000000
45661  -36.234  -31.729  46.701 0.0000000000
44598  -37.724  -32.545  47.972 0.0000000000
131254  -37.768  -32.066  46.540 0.0000000000
44617  -37.673  -32.386  47.294 0.0000000000
44583  -38.907  -33.093  48.155 0.0000000000
136538  -40.068  -33.595  48.852 0.0000000000
120904  -40.361  -33.714  49.634 0.0000000000
43570  -41.804  -33.473  50.447 0.0000000000
43586  -41.283  -33.702  49.617 0.0000000000
43609  -42.321  -33.100  48.838 0.0000000000
116910  -42.900  -32.639  48.815 0.0000000000
44602  -41.697  -32.677  47.477 0.0000000000
44585  -42.541  -32.654  48.049 0.0000000000
44586  -43.323  -32.212  48.434 0.0000000000
45628  -43.808  -31.715  48.020 0.0000000000
46683  -44.922  -30.806  48.076 0.0000000000
45705  -40.770  -30.935  44.920 0.0000000000
46736  -43.162  -30.661  44.795 0.0000000000
46716  -43.301  -31.046  45.519 0.0000000000
45668  -43.554  -31.331  46.293 0.0000000000
46699  -44.326  -31.024  46.330 0.0000000000
113598  -44.677  -30.977  47.091 0.0000000000
47696  -46.473  -29.479  45.194 0.0000000000
44504  -18.983  -32.425  52.378 0.0000000000
45557  -20.801  -31.523  52.588 0.0000000000
45544  -20.861  -31.370  53.442 0.0000000000
133350  -21.741  -30.994  54.705 0.0000000000
60479  -43.506  -16.834  41.169 0.0000000000
125734  -41.558  -16.068  39.350 0.0000000000
60503  -42.111  -15.796  39.490 0.0000000000
61505  -43.283  -14.813  39.846 0.0000000000
60540  -41.450  -16.543  36.986 0.0000000000
60526  -41.629  -15.927  37.499 0.0000000000
61528  -42.055  -15.452  38.026 0.0000000000
62536  -43.318  -14.691  38.860 0.0000000000
134929  -44.486  -19.246  27.074 0.0000000000
58650  -45.355  -19.191  28.216 0.0000000000
58670  -45.861  -19.025  27.362 0.0000000000
58652  -47.535  -18.526  28.171 0.0000000000
58672  -47.669  -18.560  27.180 0.0000000000
58653  -48.356  -18.313  28.431 0.0000000000
59655  -49.540  -17.889  29.189 0.0000000000
59683  -50.421  -17.457  27.428 0.0000000000
59684  -51.226  -17.213  27.918 0.0000000000
39331  -13.993  -38.243  66.133 0.0000000000
55608  -36.471  -21.981  31.738 0.0000000000
55609  -37.402  -21.936  31.650 0.0000000000
122749  -37.744  -22.104  30.803 0.0000000000
131899  -38.579  -21.819  30.890 0.0000000000
55628  -39.128  -21.472  30.440 0.0000000000
56615  -39.685  -21.033  29.850 0.0000000000
56636  -38.555  -21.090  28.719 0.0000000000
56638  -40.234  -20.571  29.229 0.0000000000
56639  -40.994  -20.236  29.002 0.0000000000
56673  -40.098  -19.850  27.743 0.0000000000
56660  -41.091  -19.818  28.451 0.0000000000
57697  -42.596  -19.334  27.823 0.0000000000
57698  -43.424  -19.287  27.497 0.0000000000
58683  -41.757  -18.598  26.618 0.0000000000
134235  -42.795  -19.033  27.408 0.0000000000
58669  -44.100  -19.122  26.944 0.0000000000
58686  -44.604  -18.567  26.576 0.0000000000
123012  -45.423  -18.421  26.421 0.0000000000
59689  -43.413  -17.583  26.296 0.0000000000
59690  -44.137  -17.440  26.494 0.0000000000
59692  -45.827  -17.894  26.067 0.0000000000
59708  -46.390  -17.324  25.839 0.0000000000
121485  -46.029  -15.914  26.387 0.0000000000
136472  -42.496  -16.319  24.402 0.0000000000
60682  -43.145  -16.107  24.359 0.0000000000
60683  -43.941  -16.322  24.551 0.0000000000
135032  -45.686  -15.912  26.367 0.0000000000
119512  -46.892  -14.707  26.293 0.0000000000
63655  -47.756  -13.787  26.083 0.0000000000
63673  -47.498  -13.410  24.985 0.0000000000
64640  -47.704  -12.417  24.488 0.0000000000
64651  -45.575  -11.614  23.775 0.0000000000
132629  -44.413  -11.598  23.514 0.0000000000
121965  -44.256  -11.645  23.114 0.0000000000
41325  -17.149  -34.939  59.611 0.0000000000
40262  -17.390  -35.900  60.739 0.0000000000
133381  -17.033  -36.677  60.937 0.0000000000
40247  -16.840  -37.197  61.551 0.0000000000
41284  -19.142  -35.750  63.977 0.0000000000
39362  -16.450  -37.592  62.359 0.0000000000
39352  -15.860  -37.866  64.544 0.0000000000
39321  -14.403  -38.483  66.425 0.0000000000
38477  -15.256  -38.675  66.431 0.0000000000
126273  -16.941  -38.545  66.411 0.0000000000
37692  -16.151  -39.080  66.417 0.0000000000
58439  -46.936  -18.587  43.608 0.0000000000
58454  -45.454  -18.067  42.676 0.0000000000
51477  -48.520  -25.128  44.017 0.0000000000
54423  -45.289  -22.465  40.618 0.0000000000
125144  -44.888  -21.927  40.377 0.0000000000
54407  -45.931  -22.255  41.170 0.0000000000
55489  -46.463  -21.678  41.716 0.0000000000
56467  -46.032  -19.950  42.237 0.0000000000
56478  -45.005  -19.893  41.383 0.0000000000
57495  -45.310  -19.409  41.921 0.0000000000
57487  -44.794  -18.747  41.909 0.0000000000
58468  -44.187  -18.414  41.593 0.0000000000
59506  -42.991  -17.757  40.867 0.0000000000
59517  -40.987  -17.779  39.888 0.0000000000
134088  -40.999  -18.364  39.826 0.0000000000
58501  -38.489  -18.266  38.753 0.0000000000
59538  -37.991  -17.475  37.841 0.0000000000
58553  -36.904  -18.213  34.769 0.0000000000
114717  -37.133  -21.853  34.767 0.0000000000
55574  -36.183  -21.042  34.991 0.0000000000
56557  -35.146  -20.361  35.522 0.0000000000
56545  -33.902  -19.554  35.576 0.0000000000
128765  -33.900  -19.278  35.597 0.0000000000
57567  -33.845  -19.071  35.067 0.0000000000
57588  -34.065  -19.126  34.301 0.0000000000
56565  -34.580  -19.636  33.665 0.0000000000
55592  -33.977  -21.145  32.509 0.0000000000
56581  -35.301  -20.482  33.027 0.0000000000
55594  -35.960  -21.361  32.401 0.0000000000
118499  -23.589  -30.465  56.837 0.0000000000
46603  -24.153  -30.458  57.576 0.0000000000
43600  -25.307  -33.439  48.578 0.0000000000
116718  -27.709  -33.799  51.144 0.0000000000
116381  -29.119  -34.410  52.740 0.0000000000
42536  -29.387  -34.074  51.385 0.0000000000
42514  -29.599  -34.293  52.146 0.0000000000
136471  -29.323  -34.592  53.352 0.0000000000
129223  -29.860  -34.846  53.758 0.0000000000
42481  -30.616  -35.078  54.359 0.0000000000
41403  -30.997  -35.284  55.153 0.0000000000
117702  -30.086  -29.908  44.785 0.0000000000
115542  -31.144  -30.314  45.613 0.0000000000
132833  -30.541  -30.784  45.452 0.0000000000
45657  -30.468  -31.865  46.244 0.0000000000
45638  -30.825  -32.224  46.898 0.0000000000
44597  -31.162  -32.405  47.615 0.0000000000
46668  -33.881  -30.859  47.688 0.0000000000
45641  -33.162  -31.055  47.661 0.0000000000
45609  -33.283  -31.338  48.457 0.0000000000
45623  -32.649  -31.484  47.962 0.0000000000
44579  -31.446  -32.505  48.397 0.0000000000
43565  -31.129  -33.352  50.718 0.0000000000
43549  -31.302  -33.549  51.514 0.0000000000
43550  -32.079  -33.103  51.897 0.0000000000
42516  -31.500  -33.794  52.435 0.0000000000
116839  -31.356  -34.280  53.240 0.0000000000
42482  -31.653  -34.782  54.742 0.0000000000
41392  -31.615  -35.145  55.657 0.0000000000
133219  -32.135  -34.874  56.267 0.0000000000
42451  -32.692  -34.398  56.641 0.0000000000
43452  -33.358  -33.945  57.204 0.0000000000
43486  -33.511  -33.553  55.706 0.0000000000
44489  -35.412  -31.959  53.536 0.0000000000
119958  -35.727  -32.143  54.144 0.0000000000
44454  -35.651  -32.472  55.707 0.0000000000
42412  -16.771  -34.636  58.108 0.0000000000
42460  -15.866  -34.370  55.417 0.0000000000
42443  -16.172  -34.504  56.296 0.0000000000
56584  -38.472  -21.036  33.075 0.0000000000
56570  -39.974  -20.536  33.410 0.0000000000
123228  -40.221  -20.902  32.721 0.0000000000
57575  -41.980  -19.250  34.137 0.0000000000
56597  -41.698  -20.397  30.953 0.0000000000
57622  -42.047  -20.152  31.689 0.0000000000
120618  -42.362  -19.786  32.198 0.0000000000
58590  -42.982  -19.173  33.038 0.0000000000
119443  -43.900  -17.673  34.822 0.0000000000
60555  -45.446  -16.294  35.552 0.0000000000
59653  -47.654  -17.892  29.880 0.0000000000
59638  -47.033  -17.942  30.278 0.0000000000
58626  -46.230  -18.211  30.427 0.0000000000
59621  -46.648  -17.797  30.984 0.0000000000
117757  -47.043  -17.480  31.565 0.0000000000
60581  -47.237  -17.120  32.957 0.0000000000
60573  -47.679  -16.552  33.541 0.0000000000
121478  -48.194  -10.910  24.018 0.0000000000
65641  -46.229  -10.529  23.250 0.0000000000
132209  -48.069  -10.223  23.627 0.0000000000
67616  -48.420  -9.680  23.538 0.0000000000
65654  -46.909  -10.510  22.263 0.0000000000
66652  -46.725  -10.031  22.564 0.0000000000
67630  -47.808  -9.264  22.376 0.0000000000
68682  -49.132  -8.319  22.652 0.0000000000
127468  -48.958  -8.626  21.887 0.0000000000
68692  -49.632  -8.051  21.637 0.0000000000
69627  -50.251  -7.424  22.111 0.0000000000
69628  -51.108  -6.779  21.745 0.0000000000
65671  -49.630  -11.426  20.111 0.0000000000
67647  -50.507  -9.384  19.740 0.0000000000
68729  -53.403  -7.997  16.747 0.0000000000
42447  -27.834  -34.293  56.572 0.0000000000
42513  -28.846  -34.183  52.022 0.0000000000
42556  -29.177  -33.907  50.593 0.0000000000
43568  -40.329  -33.613  50.466 0.0000000000
43581  -29.524  -33.657  49.494 0.0000000000
43640  -28.319  -33.195  46.499 0.0000000000
44436  -35.319  -32.661  56.351 0.0000000000
45526  -23.327  -31.278  54.878 0.0000000000
45625  -34.876  -31.045  48.892 0.0000000000
45643  -36.197  -31.655  47.649 0.0000000000
50531  -43.804  -26.640  41.134 0.0000000000
53433  -45.115  -23.176  40.520 0.0000000000
57680  -44.925  -19.273  27.329 0.0000000000
58438  -46.110  -18.317  43.056 0.0000000000
58510  -36.102  -18.169  37.429 0.0000000000
59707  -45.407  -16.596  26.201 0.0000000000
62659  -47.527  -14.212  26.211 0.0000000000
113013  -35.551  -31.267  48.152 0.0000000000
113597  -28.696  -33.635  47.716 0.0000000000
114013  -43.105  -19.665  28.702 0.0000000000
117426  -26.396  -33.009  55.954 0.0000000000
120643  -24.107  -31.161  56.033 0.0000000000
120880  -43.032  -27.511  41.270 0.0000000000
122005  -27.726  -33.908  49.709 0.0000000000
123678  -47.000  -15.493  26.085 0.0000000000
127703  -40.915  -20.490  29.616 0.0000000000
130741  -42.494  -19.551  32.706 0.0000000000
131234  -37.621  -32.001  51.469 0.0000000000
134004  -27.844  -33.901  48.306 0.0000000000
134024  -44.097  -31.311  46.847 0.0000000000
134935  -49.435  -18.028  27.160 0.0000000000
135064  -41.055  -32.790  47.439 0.0000000000
135246  -38.312  -32.357  46.866 0.0000000000
135882  -30.210  -34.303  52.213 0.0000000000
