#!ascii label  , from subject sub-v2s3x28807_ses-1 vox2ras=TkReg
2084
83484  -31.608  -75.779  -6.811 0.1000000015
81445  -30.695  -76.349  -7.881 0.1000000015
83119  -29.129  -77.039  -8.816 0.1000000015
84159  -30.166  -77.466  -8.612 0.1000000015
83156  -29.910  -78.347  -9.128 0.1000000015
81404  -30.792  -78.824  -8.818 0.1000000015
94845  -28.339  -79.262  -11.601 0.1000000015
94904  -30.102  -80.431  -10.464 0.1000000015
94253  -30.645  -80.470  -10.284 0.1000000015
94188  -29.696  -81.142  -11.968 0.1000000015
99768  -30.121  -81.526  -11.463 0.1000000015
94949  -31.098  -80.415  -10.976 0.1000000015
94166  -29.693  -81.497  -12.927 0.1000000015
94855  -30.373  -81.036  -12.436 0.1000000015
94877  -31.920  -77.744  -13.273 0.1000000015
94814  -30.240  -80.471  -13.490 0.1000000015
94947  -29.935  -80.697  -13.667 0.1000000015
6647  -33.466  -76.572  -4.348 0.1000000015
94760  -31.287  -76.393  -7.457 0.1000000015
6666  -32.699  -76.483  -5.521 0.1000000015
94338  -30.658  -77.232  -8.156 0.1000000015
6114  -32.825  -77.150  -6.107 0.1000000015
82832  -31.896  -77.383  -7.118 0.1000000015
82475  -31.318  -77.537  -7.728 0.1000000015
98760  -32.413  -77.883  -7.490 0.1000000015
81430  -30.744  -79.457  -9.543 0.1000000015
82496  -32.038  -78.739  -8.944 0.1000000015
8394  -31.729  -72.099  -8.786 0.1000000015
81433  -31.251  -73.552  -10.600 0.1000000015
81440  -32.065  -73.285  -10.376 0.1000000015
83190  -32.419  -74.229  -11.021 0.1000000015
81429  -31.712  -75.777  -12.270 0.1000000015
82369  -32.253  -77.071  -12.735 0.1000000015
94944  -32.312  -78.053  -11.782 0.1000000015
94878  -31.272  -78.675  -13.489 0.1000000015
82362  -31.324  -79.874  -12.272 0.1000000015
86301  -34.234  -76.242  -2.907 0.1000000015
6633  -35.899  -75.670  -3.339 0.2000000030
6632  -34.867  -76.294  -3.572 0.2000000030
6631  -33.828  -76.464  -3.619 0.1000000015
6649  -35.573  -75.832  -4.466 0.1000000015
6668  -35.006  -76.306  -5.441 0.1000000015
6104  -33.916  -76.877  -5.067 0.1000000015
11374  -39.039  -67.541  -9.466 0.1000000015
10748  -39.177  -68.009  -9.409 0.1000000015
90683  -34.337  -76.598  -7.005 0.1000000015
90534  -33.698  -77.110  -7.542 0.1000000015
5656  -33.067  -77.681  -8.181 0.1000000015
10128  -37.932  -69.343  -10.229 0.1000000015
10114  -37.556  -69.658  -9.465 0.1000000015
10092  -37.250  -70.097  -8.679 0.1000000015
9513  -35.924  -70.783  -7.727 0.1000000015
85388  -35.049  -70.992  -7.585 0.1000000015
8946  -34.730  -71.427  -7.255 0.1000000015
6130  -34.138  -76.616  -8.792 0.1000000015
94142  -32.184  -78.649  -10.073 0.1000000015
10091  -35.908  -70.393  -8.699 0.1000000015
9512  -34.946  -70.601  -8.188 0.1000000015
90110  -33.162  -72.008  -7.712 0.1000000015
7811  -33.132  -73.038  -8.074 0.1000000015
7812  -33.767  -73.991  -7.887 0.1000000015
83802  -33.341  -74.348  -9.484 0.1000000015
82432  -32.855  -77.794  -10.013 0.1000000015
94329  -32.380  -78.104  -11.207 0.1000000015
9499  -34.072  -70.869  -7.745 0.1000000015
8382  -32.499  -72.070  -8.138 0.1000000015
8395  -32.473  -72.667  -8.742 0.1000000015
81432  -33.358  -74.972  -10.915 0.1000000015
82967  -33.001  -76.652  -12.378 0.1000000015
7270  -32.804  -74.014  -10.098 0.1000000015
83328  -33.043  -75.636  -11.631 0.1000000015
94950  -33.053  -77.344  -11.211 0.1000000015
94812  -31.815  -78.792  -11.925 0.1000000015
6620  -36.273  -75.487  -2.174 0.2000000030
100647  -34.588  -76.145  -2.218 0.1000000015
6601  -35.028  -76.135  -0.428 0.2000000030
6067  -34.044  -76.438  -0.656 0.2000000030
6634  -37.047  -74.860  -2.932 0.1000000015
6650  -36.621  -75.003  -4.069 0.1000000015
12001  -38.651  -66.767  -10.539 0.1000000015
12002  -39.226  -66.972  -10.505 0.1000000015
6669  -35.869  -75.439  -5.464 0.1000000015
6685  -34.991  -75.975  -6.571 0.1000000015
6693  -35.117  -75.629  -7.612 0.1000000015
10094  -38.758  -68.348  -8.650 0.1000000015
9514  -37.019  -70.389  -7.804 0.1000000015
89413  -34.612  -76.220  -8.117 0.1000000015
9500  -35.827  -71.195  -7.013 0.1000000015
92317  -33.868  -73.255  -7.433 0.1000000015
7229  -34.665  -73.902  -7.380 0.1000000015
89285  -35.067  -74.713  -9.849 0.1000000015
7271  -35.066  -75.006  -10.418 0.1000000015
82703  -33.720  -76.859  -9.760 0.1000000015
81431  -33.626  -76.394  -10.960 0.1000000015
91417  -37.617  -72.924  -0.260 0.1000000015
7147  -37.125  -73.632  0.317 0.1000000015
7154  -38.153  -72.865  -0.857 0.1000000015
7153  -37.691  -73.427  -0.472 0.1000000015
6589  -37.173  -74.324  -0.296 0.1000000015
6588  -36.499  -74.685  0.430 0.2000000030
86952  -35.854  -75.592  -0.317 0.2000000030
6587  -35.472  -75.560  0.830 0.2000000030
6054  -34.485  -76.307  0.622 0.2000000030
7182  -37.740  -74.176  -3.822 0.1000000015
7183  -38.182  -73.700  -2.536 0.1000000015
7193  -37.273  -74.291  -4.696 0.1000000015
11988  -38.996  -66.987  -9.892 0.1000000015
11349  -38.178  -67.764  -8.213 0.1000000015
11335  -37.975  -68.226  -7.555 0.1000000015
10708  -37.401  -68.355  -7.011 0.1000000015
6670  -36.478  -74.868  -5.060 0.1000000015
7214  -36.371  -74.545  -5.991 0.1000000015
12016  -38.176  -66.820  -11.458 0.1000000015
12000  -37.391  -66.551  -10.750 0.1000000015
11350  -38.926  -67.867  -8.665 0.1000000015
10725  -38.487  -68.436  -7.900 0.1000000015
9501  -37.652  -69.866  -7.019 0.1000000015
9492  -37.434  -69.978  -6.337 0.1000000015
8932  -35.461  -71.749  -6.572 0.1000000015
7786  -35.969  -72.824  -5.912 0.1000000015
7813  -35.639  -74.141  -7.266 0.1000000015
7800  -36.166  -73.705  -6.386 0.1000000015
6686  -35.651  -75.140  -7.171 0.1000000015
12027  -37.830  -66.855  -12.468 0.1000000015
8931  -34.520  -72.009  -6.971 0.1000000015
8373  -35.214  -72.472  -6.398 0.1000000015
7247  -35.267  -74.632  -8.188 0.1000000015
6717  -35.228  -75.096  -9.547 0.1000000015
83870  -38.958  -66.823  -13.174 0.1000000015
12678  -38.972  -66.398  -14.316 0.1000000015
97156  -39.837  -66.872  -14.958 0.1000000015
12687  -38.269  -65.906  -14.964 0.1000000015
8324  -35.680  -72.451  -2.738 0.1000000015
8313  -37.552  -72.618  -1.151 0.1000000015
8325  -37.171  -72.344  -2.508 0.1000000015
7723  -36.684  -73.483  0.418 0.1000000015
7146  -36.494  -73.895  0.905 0.1000000015
6576  -35.850  -74.498  1.314 0.2000000030
8336  -36.521  -72.181  -3.602 0.1000000015
97427  -38.393  -72.031  -2.694 0.1000000015
8327  -38.439  -72.282  -2.330 0.1000000015
8908  -35.910  -71.751  -4.156 0.1000000015
8337  -38.105  -71.926  -3.579 0.1000000015
12658  -35.380  -65.783  -11.648 0.1000000015
11999  -36.162  -66.176  -10.951 0.1000000015
11986  -35.819  -66.052  -9.973 0.1000000015
11987  -37.815  -66.786  -9.755 0.1000000015
11372  -37.507  -67.181  -8.810 0.1000000015
99795  -37.334  -67.466  -8.269 0.1000000015
8351  -37.258  -71.854  -4.708 0.1000000015
7771  -38.753  -72.455  -4.079 0.1000000015
7194  -38.166  -73.293  -4.742 0.1000000015
86043  -36.698  -66.386  -10.115 0.1000000015
10705  -37.587  -68.830  -6.512 0.1000000015
10072  -37.142  -69.153  -6.079 0.1000000015
9491  -37.049  -70.395  -5.917 0.1000000015
7787  -37.084  -73.061  -5.706 0.1000000015
8366  -38.029  -72.335  -5.347 0.1000000015
7215  -37.192  -73.794  -5.507 0.1000000015
12666  -34.892  -65.250  -12.371 0.1000000015
10073  -37.727  -69.318  -6.509 0.1000000015
8925  -36.632  -70.760  -5.422 0.1000000015
8374  -36.082  -71.962  -5.889 0.1000000015
8365  -36.837  -72.165  -5.434 0.1000000015
7231  -36.537  -73.851  -6.092 0.1000000015
12014  -36.059  -66.278  -11.987 0.1000000015
12026  -36.739  -66.428  -12.720 0.1000000015
12667  -35.787  -65.771  -12.807 0.1000000015
12035  -37.920  -66.260  -13.394 0.1000000015
12677  -37.846  -65.739  -14.193 0.1000000015
12698  -38.795  -66.449  -15.694 0.1000000015
12054  -39.363  -66.931  -16.163 0.1000000015
7735  -36.699  -72.920  -0.297 0.1000000015
97506  -35.451  -72.040  -3.445 0.1000000015
8893  -34.668  -71.855  -2.853 0.1000000015
8323  -34.682  -72.563  -1.938 0.1000000015
8915  -34.044  -71.113  -4.108 0.1000000015
7734  -34.275  -73.188  -0.966 0.1000000015
7710  -35.914  -73.892  1.175 0.1000000015
9472  -35.597  -70.398  -4.821 0.1000000015
8916  -35.243  -71.070  -4.309 0.1000000015
7137  -35.179  -74.514  1.618 0.2000000030
12650  -35.189  -65.743  -10.635 0.1000000015
11969  -36.454  -66.575  -9.278 0.1000000015
11348  -36.432  -67.112  -8.393 0.1000000015
8917  -36.229  -71.166  -4.930 0.1000000015
7709  -34.889  -73.963  1.149 0.1000000015
7136  -34.354  -74.607  1.674 0.2000000030
11334  -37.122  -67.749  -7.708 0.1000000015
10071  -36.295  -68.898  -5.925 0.1000000015
9483  -36.781  -70.045  -5.400 0.1000000015
8918  -36.286  -70.338  -5.202 0.1000000015
99922  -36.670  -71.695  -5.100 0.1000000015
12676  -36.797  -65.613  -13.646 0.1000000015
13389  -36.390  -64.748  -14.131 0.1000000015
13395  -36.552  -64.524  -14.858 0.1000000015
12686  -37.157  -65.212  -14.602 0.1000000015
12697  -37.401  -65.439  -15.290 0.1000000015
12053  -38.098  -66.398  -16.076 0.1000000015
9470  -33.366  -70.610  -4.543 0.1000000015
8906  -33.716  -71.459  -3.247 0.1000000015
9480  -33.777  -69.981  -4.993 0.1000000015
8907  -34.837  -71.485  -3.672 0.1000000015
100138  -35.335  -73.134  -1.037 0.1000000015
9471  -34.457  -70.528  -4.576 0.1000000015
8892  -33.812  -71.746  -2.213 0.1000000015
7722  -35.459  -73.523  0.170 0.1000000015
10061  -35.121  -69.185  -5.343 0.1000000015
12657  -34.579  -65.389  -11.303 0.1000000015
12649  -34.372  -65.419  -10.325 0.1000000015
88072  -34.103  -65.639  -9.432 0.1000000015
98373  -35.505  -66.165  -9.313 0.1000000015
11346  -34.770  -66.508  -8.351 0.1000000015
11326  -35.067  -67.644  -7.078 0.1000000015
10703  -35.733  -68.332  -6.462 0.1000000015
10691  -35.339  -68.755  -5.884 0.1000000015
9481  -34.867  -69.794  -4.967 0.1000000015
8304  -33.246  -72.649  -0.525 0.1000000015
11333  -35.837  -67.387  -7.699 0.1000000015
10707  -36.330  -67.964  -7.040 0.1000000015
9482  -35.934  -69.749  -5.205 0.1000000015
7707  -32.721  -73.809  0.557 0.1000000015
13381  -34.440  -64.573  -13.014 0.1000000015
12675  -35.466  -64.837  -13.442 0.1000000015
13388  -35.816  -64.352  -14.348 0.1000000015
13393  -35.173  -64.083  -14.817 0.1000000015
13401  -36.448  -64.555  -15.190 0.1000000015
12695  -34.237  -65.273  -15.597 0.1000000015
9479  -32.762  -70.130  -5.039 0.1000000015
9469  -32.346  -70.658  -4.468 0.1000000015
9462  -32.990  -71.098  -3.934 0.1000000015
89476  -32.241  -69.648  -5.518 0.1000000015
8905  -32.600  -71.443  -3.130 0.1000000015
10059  -33.201  -69.487  -5.519 0.1000000015
10688  -32.634  -69.020  -5.974 0.1000000015
100864  -33.112  -71.580  -2.494 0.1000000015
8311  -33.620  -72.128  -1.321 0.1000000015
10690  -34.393  -68.767  -5.858 0.1000000015
10689  -33.501  -68.852  -5.912 0.1000000015
8880  -32.971  -71.736  -1.715 0.1000000015
96301  -33.821  -65.012  -10.963 0.1000000015
11968  -35.550  -66.516  -8.740 0.1000000015
10702  -34.666  -68.254  -6.433 0.1000000015
10701  -33.706  -68.270  -6.329 0.1000000015
7721  -33.986  -73.600  0.020 0.1000000015
96721  -33.335  -64.498  -11.587 0.1000000015
12648  -33.583  -65.140  -10.065 0.1000000015
11985  -34.843  -66.040  -8.984 0.1000000015
11984  -34.068  -66.139  -8.663 0.1000000015
11332  -34.857  -66.994  -7.741 0.1000000015
8303  -32.475  -72.332  -0.188 0.1000000015
13380  -33.648  -64.217  -12.552 0.1000000015
14137  -33.493  -63.051  -13.516 0.1000000015
14130  -33.338  -63.420  -12.892 0.1000000015
14919  -33.039  -62.690  -13.697 0.1000000015
13387  -34.958  -64.136  -13.905 0.1000000015
14144  -34.539  -63.686  -14.333 0.1000000015
14151  -33.625  -63.586  -14.896 0.1000000015
14143  -33.263  -62.974  -14.346 0.1000000015
11323  -32.136  -67.966  -6.822 0.1000000015
10699  -31.461  -68.263  -6.521 0.1000000015
97859  -31.855  -69.201  -5.908 0.1000000015
9468  -31.374  -70.637  -4.290 0.1000000015
11329  -31.652  -67.369  -7.324 0.1000000015
9461  -31.970  -71.102  -3.759 0.1000000015
11967  -33.260  -66.253  -8.464 0.1000000015
11948  -32.934  -66.848  -7.935 0.1000000015
11330  -32.546  -67.398  -7.375 0.1000000015
10700  -32.863  -68.362  -6.329 0.1000000015
8904  -31.651  -71.432  -2.882 0.1000000015
13370  -32.648  -64.100  -11.227 0.1000000015
13361  -33.065  -64.673  -10.660 0.1000000015
88078  -33.323  -65.438  -9.441 0.1000000015
11949  -33.933  -66.686  -7.939 0.1000000015
93266  -34.236  -67.225  -7.403 0.1000000015
8879  -32.141  -71.689  -1.438 0.1000000015
14121  -32.292  -63.460  -11.723 0.1000000015
8310  -32.724  -72.028  -0.946 0.1000000015
7720  -32.978  -73.121  0.212 0.1000000015
14129  -32.644  -63.170  -12.537 0.1000000015
14909  -32.435  -62.462  -12.991 0.1000000015
15713  -31.871  -62.090  -13.211 0.1000000015
14918  -32.261  -62.399  -13.547 0.1000000015
14927  -32.358  -62.549  -14.053 0.1000000015
14917  -31.611  -62.043  -13.737 0.1000000015
85086  -30.948  -61.877  -14.276 0.1000000015
14150  -32.690  -63.625  -15.118 0.1000000015
92011  -31.317  -69.612  -5.455 0.1000000015
9478  -31.761  -70.180  -4.958 0.1000000015
10050  -30.692  -70.078  -4.738 0.1000000015
9467  -30.613  -70.540  -4.013 0.1000000015
13359  -31.652  -63.960  -10.168 0.1000000015
12629  -32.706  -65.673  -8.981 0.1000000015
89023  -31.913  -65.794  -8.739 0.1000000015
11947  -32.018  -66.933  -7.908 0.1000000015
98861  -31.508  -62.382  -11.715 0.1000000015
14901  -31.623  -63.049  -11.370 0.1000000015
14111  -31.975  -63.698  -10.908 0.1000000015
12640  -32.691  -64.968  -9.788 0.1000000015
12630  -33.496  -65.818  -8.962 0.1000000015
8891  -32.339  -71.577  -2.225 0.1000000015
14902  -32.029  -62.736  -12.151 0.1000000015
14908  -31.620  -62.026  -12.509 0.1000000015
16466  -31.103  -61.206  -12.429 0.1000000015
15712  -31.367  -61.572  -13.136 0.1000000015
16487  -30.803  -60.913  -13.137 0.1000000015
88712  -30.882  -61.439  -13.723 0.1000000015
16486  -30.279  -60.163  -13.292 0.1000000015
16496  -30.495  -60.790  -13.783 0.1000000015
15719  -30.431  -61.176  -14.626 0.1000000015
11328  -30.802  -67.181  -7.236 0.1000000015
10698  -30.673  -68.218  -6.429 0.1000000015
10686  -30.145  -68.750  -5.877 0.1000000015
10058  -30.428  -69.376  -5.375 0.1000000015
10685  -29.341  -68.546  -5.608 0.1000000015
11946  -31.173  -66.808  -7.724 0.1000000015
11966  -32.383  -66.318  -8.392 0.1000000015
15698  -31.161  -61.691  -11.683 0.1000000015
14890  -30.990  -62.371  -10.861 0.1000000015
17205  -30.346  -59.661  -12.519 0.1000000015
98896  -29.904  -59.798  -13.719 0.1000000015
17222  -29.649  -59.401  -14.235 0.1000000015
11322  -30.336  -67.570  -6.763 0.1000000015
10697  -29.790  -68.093  -6.256 0.1000000015
11964  -30.727  -66.300  -8.012 0.1000000015
14109  -30.757  -63.028  -10.211 0.1000000015
13349  -31.952  -64.559  -9.838 0.1000000015
12639  -31.806  -65.136  -9.266 0.1000000015
11965  -31.438  -66.263  -8.309 0.1000000015
16465  -30.769  -60.817  -11.622 0.1000000015
88886  -30.531  -60.018  -11.813 0.1000000015
17215  -29.807  -59.257  -13.239 0.1000000015
89927  -29.412  -58.515  -13.858 0.1000000015
96271  -29.128  -57.973  -14.382 0.1000000015
11944  -29.804  -66.345  -7.305 0.1000000015
13342  -30.425  -65.036  -8.573 0.1000000015
12627  -30.734  -65.805  -8.348 0.1000000015
95410  -30.023  -65.765  -7.875 0.1000000015
98191  -30.239  -61.582  -10.380 0.1000000015
14874  -30.330  -62.482  -10.006 0.1000000015
14097  -30.982  -63.644  -9.863 0.1000000015
14089  -30.547  -64.103  -9.139 0.1000000015
98254  -30.999  -64.881  -9.119 0.1000000015
15697  -30.752  -61.430  -11.058 0.1000000015
17941  -30.361  -58.759  -12.397 0.1000000015
17940  -29.695  -58.264  -12.909 0.1000000015
18661  -29.768  -57.380  -12.562 0.1000000015
18670  -29.191  -57.528  -13.649 0.1000000015
13341  -29.871  -64.218  -8.503 0.1000000015
14873  -29.821  -62.698  -9.371 0.1000000015
14088  -29.850  -63.436  -8.963 0.1000000015
16452  -30.389  -60.662  -10.884 0.1000000015
17202  -30.593  -59.121  -11.838 0.1000000015
18651  -31.312  -57.224  -12.153 0.1000000015
19373  -29.899  -56.536  -12.214 0.1000000015
17196  -29.950  -59.915  -10.506 0.1000000015
84937  -30.463  -59.647  -11.161 0.1000000015
17928  -30.931  -58.502  -11.301 0.1000000015
17933  -31.149  -58.163  -11.879 0.1000000015
18662  -30.810  -57.899  -12.247 0.1000000015
19360  -31.463  -56.435  -11.811 0.1000000015
20086  -31.051  -55.487  -11.350 0.1000000015
19361  -32.169  -56.262  -11.245 0.1000000015
17927  -30.457  -58.962  -10.636 0.1000000015
88461  -31.776  -57.630  -11.445 0.1000000015
18652  -32.336  -57.073  -11.572 0.1000000015
18648  -32.493  -56.795  -11.167 0.1000000015
81405  -28.840  -77.694  -9.525 0.1000000015
82478  -29.113  -79.015  -10.256 0.1000000015
94406  -31.233  -78.460  -8.373 0.1000000015
94365  -29.918  -79.404  -9.783 0.1000000015
94946  -29.612  -80.586  -11.101 0.1000000015
94364  -31.370  -79.235  -9.148 0.1000000015
6684  -32.290  -76.819  -6.379 0.1000000015
6124  -33.448  -77.221  -6.441 0.1000000015
94339  -32.059  -78.284  -7.948 0.1000000015
94255  -32.692  -78.097  -8.915 0.1000000015
7822  -32.199  -72.899  -9.636 0.1000000015
83226  -30.776  -74.734  -11.744 0.1000000015
81416  -31.900  -74.836  -11.652 0.1000000015
6648  -34.447  -76.573  -4.400 0.1000000015
6619  -35.222  -76.066  -2.654 0.2000000030
6125  -34.157  -76.806  -5.971 0.1000000015
11373  -38.556  -67.390  -9.116 0.1000000015
9515  -37.790  -69.759  -7.798 0.1000000015
8383  -33.786  -72.375  -7.397 0.1000000015
8945  -33.726  -71.521  -7.545 0.1000000015
7823  -32.796  -73.541  -9.110 0.1000000015
8372  -34.448  -72.856  -6.894 0.1000000015
7246  -34.697  -74.510  -8.827 0.1000000015
81452  -34.011  -74.745  -10.294 0.1000000015
84299  -34.472  -75.353  -10.628 0.1000000015
6603  -37.396  -74.471  -1.489 0.1000000015
6602  -36.548  -75.248  -0.877 0.2000000030
88148  -35.432  -75.897  -1.502 0.2000000030
7167  -38.123  -73.417  -1.323 0.1000000015
89560  -35.769  -75.333  -6.312 0.1000000015
6139  -34.841  -75.710  -9.070 0.1000000015
10076  -38.211  -69.163  -7.297 0.1000000015
7799  -35.229  -73.310  -6.527 0.1000000015
7263  -35.271  -74.850  -9.213 0.1000000015
86219  -34.756  -75.501  -9.927 0.1000000015
7759  -38.761  -72.572  -2.925 0.1000000015
7230  -36.001  -74.424  -6.850 0.1000000015
12015  -36.939  -66.642  -11.773 0.1000000015
8933  -36.493  -71.209  -6.152 0.1000000015
7248  -35.504  -74.763  -7.943 0.1000000015
12036  -39.659  -66.988  -14.175 0.1000000015
8312  -36.149  -72.774  -1.632 0.1000000015
8326  -38.149  -72.300  -1.915 0.1000000015
6558  -34.656  -75.074  2.044 0.2000000030
8352  -38.514  -72.101  -4.425 0.1000000015
97794  -37.999  -72.844  -5.405 0.1000000015
93974  -35.895  -69.186  -5.491 0.1000000015
8924  -36.588  -71.453  -5.541 0.1000000015
7708  -33.708  -73.974  0.914 0.1000000015
14145  -35.277  -64.150  -14.545 0.1000000015
83797  -36.740  -65.620  -15.787 0.1000000015
10060  -34.174  -69.298  -5.386 0.1000000015
14131  -34.059  -63.635  -13.527 0.1000000015
97138  -35.711  -64.261  -15.122 0.1000000015
11325  -33.999  -67.744  -6.921 0.1000000015
11324  -33.094  -67.838  -6.840 0.1000000015
14926  -31.455  -62.407  -14.481 0.1000000015
15727  -30.810  -62.000  -15.041 0.1000000015
12628  -31.204  -65.500  -8.742 0.1000000015
8247  -33.200  -72.785  6.367 0.5000000000
100474  -25.595  -82.079  1.837 0.5000000000
4026  -26.198  -80.377  2.884 0.5000000000
8816  -33.619  -72.090  6.180 0.5000000000
96571  -31.969  -73.378  5.877 0.5000000000
7057  -31.986  -74.266  6.068 0.5000000000
3569  -25.946  -80.789  2.400 0.5000000000
9385  -35.134  -71.079  4.892 0.5000000000
9371  -34.231  -71.344  5.773 0.5000000000
8246  -32.317  -72.144  6.184 0.5000000000
4533  -25.916  -79.863  3.136 0.5000000000
96900  -32.802  -71.474  6.215 0.5000000000
8815  -31.805  -71.404  6.020 0.5000000000
9370  -32.500  -70.861  6.021 0.4000000060
8260  -31.244  -72.081  5.913 0.4000000060
4561  -24.592  -79.735  1.136 0.5000000000
4089  -25.574  -80.027  -0.030 0.5000000000
5077  -24.615  -79.053  0.838 0.5000000000
84813  -24.778  -78.205  0.937 0.5000000000
6032  -25.096  -76.745  0.804 0.5000000000
6025  -24.715  -76.775  1.625 0.5000000000
6556  -24.661  -75.083  1.534 0.4000000060
7688  -24.569  -73.639  1.745 0.4000000060
3130  -24.930  -82.570  5.134 0.1000000015
3561  -26.036  -81.287  3.262 0.5000000000
8817  -34.759  -71.854  6.229 0.5000000000
8248  -34.606  -72.614  6.713 0.5000000000
7639  -32.690  -73.539  6.348 0.5000000000
89608  -30.813  -75.224  5.566 0.4000000060
4534  -26.876  -79.818  3.547 0.5000000000
9386  -36.252  -70.921  5.051 0.5000000000
90025  -35.738  -71.205  5.187 0.5000000000
9958  -36.393  -70.460  4.627 0.5000000000
99182  -35.678  -67.851  4.766 0.5000000000
11196  -37.227  -69.367  4.715 0.5000000000
11832  -36.322  -67.988  4.207 0.4000000060
10573  -36.711  -70.367  4.303 0.3000000119
9957  -35.756  -70.758  4.571 0.5000000000
9384  -33.274  -70.423  5.592 0.4000000060
9969  -35.803  -70.416  4.234 0.3000000119
7650  -29.605  -73.359  5.454 0.6999999881
87315  -29.459  -74.212  5.203 0.5000000000
10574  -37.037  -70.149  3.983 0.3000000119
9956  -34.034  -69.893  4.795 0.3000000119
85756  -31.799  -70.249  5.690 0.4000000060
88143  -30.093  -72.815  5.640 0.5000000000
7649  -28.835  -73.672  5.225 0.6000000238
6520  -27.662  -75.512  4.567 0.6000000238
5530  -27.026  -77.434  4.542 0.6000000238
4547  -25.537  -80.237  2.512 0.5000000000
4052  -24.933  -80.201  1.356 0.3000000119
96810  -36.247  -70.256  3.855 0.3000000119
96037  -30.014  -71.329  5.614 0.4000000060
7648  -28.241  -73.148  5.229 0.5000000000
7082  -27.434  -74.590  4.683 0.6000000238
6003  -25.575  -76.381  3.985 0.6000000238
5036  -24.467  -78.963  2.697 0.5000000000
5063  -24.437  -78.873  1.725 0.5000000000
9955  -32.235  -69.675  5.247 0.4000000060
9383  -30.568  -70.451  5.644 0.4000000060
8257  -28.542  -72.398  5.432 0.5000000000
7660  -27.383  -73.270  5.088 0.5000000000
6533  -26.100  -75.699  4.250 0.5000000000
98571  -24.971  -76.331  3.537 0.5000000000
5559  -24.614  -77.769  1.706 0.5000000000
10571  -32.960  -68.659  4.434 0.4000000060
99422  -30.228  -69.624  5.498 0.4000000060
91963  -28.917  -70.481  5.585 0.5000000000
8256  -27.685  -72.540  5.323 0.5000000000
7080  -25.532  -74.014  4.347 0.4000000060
6532  -25.159  -75.533  3.819 0.5000000000
6014  -24.610  -76.528  2.485 0.5000000000
9382  -29.616  -70.013  5.562 0.4000000060
87971  -28.122  -70.852  5.528 0.5000000000
7659  -26.322  -73.388  4.784 0.5000000000
87257  -24.501  -74.918  2.539 0.4000000060
6546  -24.590  -75.855  2.052 0.5000000000
9381  -27.467  -70.170  5.453 0.5000000000
8268  -25.805  -72.443  4.837 0.4000000060
7669  -24.551  -73.475  3.175 0.4000000060
7118  -24.546  -74.363  1.857 0.4000000060
99172  -26.208  -71.064  5.179 0.3000000119
8267  -24.933  -72.215  4.293 0.4000000060
100468  -24.494  -72.788  3.044 0.3000000119
8841  -24.520  -71.941  3.339 0.3000000119
8287  -24.553  -72.078  1.724 0.3000000119
3538  -25.499  -81.386  6.348 0.1000000015
3124  -24.370  -82.381  5.581 0.1000000015
3996  -27.550  -80.230  6.480 0.1000000015
3539  -26.272  -81.377  6.079 0.1000000015
4008  -28.604  -79.779  5.643 0.4000000060
4017  -27.539  -80.241  4.642 0.4000000060
3554  -26.210  -81.426  4.269 0.4000000060
4027  -26.574  -80.534  3.491 0.5000000000
4516  -27.765  -79.592  4.269 0.5000000000
86281  -26.644  -80.125  3.250 0.5000000000
8818  -35.585  -71.864  6.743 0.5000000000
7640  -33.899  -73.558  6.820 0.5000000000
6506  -31.587  -75.239  5.828 0.4000000060
89375  -29.247  -78.570  4.672 0.5000000000
4515  -27.409  -79.694  3.931 0.5000000000
97824  -36.763  -70.358  5.277 0.5000000000
85298  -35.644  -71.423  5.841 0.5000000000
11820  -34.657  -67.146  5.098 0.5000000000
11195  -35.675  -68.655  5.102 0.5000000000
5531  -28.954  -77.672  4.791 0.6000000238
12497  -34.700  -66.046  3.858 0.4000000060
12498  -35.652  -66.589  3.931 0.2000000030
13209  -35.639  -65.593  2.983 0.2000000030
11838  -36.581  -67.379  3.742 0.3000000119
10590  -37.027  -69.953  3.440 0.3000000119
10589  -36.076  -69.776  3.494 0.4000000060
12507  -36.356  -66.415  3.368 0.3000000119
11217  -37.558  -69.255  3.386 0.3000000119
12508  -37.483  -66.802  2.991 0.3000000119
11218  -38.332  -68.664  3.280 0.4000000060
10602  -36.428  -69.525  3.223 0.4000000060
11229  -36.917  -69.176  2.803 0.3000000119
10588  -33.269  -68.230  3.926 0.4000000060
91218  -30.420  -68.988  5.283 0.4000000060
9953  -29.540  -69.134  5.461 0.4000000060
11216  -34.195  -68.246  3.452 0.3000000119
11205  -32.203  -67.675  4.157 0.3000000119
10558  -29.089  -68.420  5.311 0.3000000119
95666  -28.263  -70.088  5.561 0.4000000060
11192  -28.712  -67.770  5.241 0.3000000119
9950  -26.806  -69.336  5.324 0.3000000119
93485  -25.648  -70.565  4.859 0.4000000060
8834  -24.794  -71.326  4.132 0.3000000119
11816  -28.326  -67.085  5.103 0.2000000030
11190  -26.971  -67.815  5.279 0.2000000030
10568  -25.934  -68.854  4.962 0.3000000119
9392  -24.706  -70.481  4.058 0.3000000119
11827  -27.877  -66.424  4.787 0.1000000015
11202  -26.073  -67.949  4.801 0.2000000030
9967  -25.167  -69.162  4.542 0.4000000060
13955  -29.374  -63.543  2.580 0.1000000015
3997  -28.232  -79.996  6.339 0.1000000015
4007  -27.759  -80.318  5.673 0.1000000015
5002  -29.743  -79.188  6.319 0.2000000030
4502  -29.302  -79.363  5.577 0.5000000000
4018  -28.237  -79.711  4.876 0.4000000060
5026  -28.615  -79.166  4.550 0.4000000060
8249  -35.928  -72.861  6.953 0.5000000000
7641  -35.378  -73.535  7.099 0.4000000060
7059  -34.319  -74.411  7.032 0.4000000060
87498  -32.200  -76.296  5.544 0.4000000060
5517  -30.316  -77.780  4.839 0.5000000000
5027  -29.901  -78.462  4.901 0.5000000000
9945  -36.932  -70.127  5.990 0.5000000000
9372  -36.345  -70.796  5.890 0.5000000000
91697  -36.135  -71.229  6.475 0.4000000060
91772  -29.705  -78.035  4.742 0.4000000060
95885  -34.087  -66.167  4.172 0.4000000060
11830  -33.902  -66.407  4.722 0.4000000060
11186  -35.038  -68.683  5.766 0.5000000000
13207  -33.563  -64.759  3.459 0.4000000060
11831  -34.986  -66.731  4.486 0.5000000000
13941  -33.155  -64.047  3.032 0.3000000119
13208  -34.566  -65.323  3.294 0.3000000119
13225  -35.003  -64.925  2.608 0.3000000119
13959  -34.605  -64.124  2.259 0.2000000030
13226  -36.051  -65.167  2.427 0.2000000030
13971  -34.284  -63.254  1.797 0.1000000015
13972  -35.349  -63.891  1.657 0.1000000015
12524  -36.811  -65.927  2.725 0.3000000119
11231  -38.737  -68.325  2.506 0.3000000119
13240  -36.325  -64.658  1.870 0.2000000030
13227  -37.285  -65.449  2.151 0.2000000030
11245  -38.502  -68.472  2.007 0.2000000030
11227  -34.275  -67.531  2.916 0.2000000030
95910  -32.069  -67.046  3.715 0.2000000030
11866  -37.390  -67.494  1.449 0.2000000030
11214  -32.439  -66.683  3.307 0.2000000030
96273  -30.644  -66.805  4.184 0.2000000030
11865  -35.655  -66.806  1.611 0.2000000030
11850  -32.811  -66.314  2.725 0.1000000015
11828  -29.473  -66.550  4.480 0.2000000030
12535  -33.577  -65.356  1.611 0.1000000015
12521  -31.607  -65.372  2.671 0.1000000015
12492  -28.321  -65.805  4.373 0.1000000015
12491  -27.447  -65.657  4.672 0.1000000015
13222  -31.170  -64.763  2.339 0.1000000015
13221  -30.435  -64.561  2.580 0.1000000015
13189  -27.929  -64.963  4.335 0.1000000015
13220  -29.703  -64.232  2.883 0.1000000015
13939  -28.869  -63.977  3.138 0.1000000015
13968  -29.886  -63.187  1.971 0.1000000015
14769  -30.851  -62.695  0.538 0.1000000015
4990  -30.152  -78.805  7.005 0.3000000119
5003  -30.556  -78.554  6.250 0.3000000119
6461  -33.235  -75.916  8.420 0.3000000119
5943  -32.825  -76.685  8.210 0.3000000119
5004  -31.362  -78.053  6.595 0.3000000119
5016  -31.155  -78.010  5.692 0.3000000119
4518  -29.402  -79.015  4.892 0.4000000060
7031  -34.681  -74.357  8.425 0.3000000119
5956  -33.427  -76.467  7.835 0.3000000119
5519  -31.825  -77.479  5.860 0.5000000000
5015  -30.547  -78.227  5.265 0.5000000000
8804  -35.896  -71.855  7.836 0.4000000060
99192  -35.741  -73.654  7.381 0.5000000000
6493  -34.230  -75.086  7.421 0.4000000060
6492  -33.589  -75.476  6.562 0.4000000060
86085  -31.845  -76.964  5.270 0.5000000000
12480  -33.083  -65.998  5.017 0.4000000060
11185  -33.637  -67.803  6.314 0.4000000060
9938  -36.282  -69.893  6.879 0.5000000000
9362  -36.257  -70.569  7.166 0.5000000000
13926  -32.297  -63.900  4.057 0.4000000060
13206  -32.764  -64.330  3.669 0.4000000060
12496  -33.425  -65.744  4.411 0.4000000060
11819  -33.569  -66.693  5.337 0.5000000000
13940  -32.533  -63.582  3.487 0.4000000060
14734  -32.119  -62.871  3.105 0.4000000060
15514  -32.008  -62.097  2.512 0.3000000119
13957  -32.979  -63.243  2.849 0.3000000119
14735  -32.728  -62.575  2.438 0.3000000119
13958  -33.708  -63.668  2.486 0.3000000119
15527  -32.559  -61.889  1.903 0.3000000119
14736  -33.486  -62.887  2.260 0.2000000030
15551  -33.748  -61.397  0.696 0.1000000015
14754  -34.487  -62.484  1.193 0.1000000015
13988  -35.738  -63.424  0.960 0.1000000015
13973  -36.448  -64.073  1.291 0.1000000015
13228  -38.501  -66.016  1.566 0.2000000030
13989  -36.658  -63.610  0.695 0.1000000015
90973  -39.192  -67.082  1.592 0.2000000030
13254  -37.250  -64.204  0.891 0.2000000030
11879  -38.598  -67.220  0.842 0.2000000030
96656  -36.198  -66.365  1.061 0.1000000015
96340  -37.277  -66.503  0.556 0.1000000015
12536  -35.176  -65.771  1.104 0.1000000015
13252  -34.981  -65.082  0.393 0.1000000015
12534  -32.828  -65.080  1.857 0.1000000015
13236  -31.459  -64.282  1.747 0.1000000015
13251  -32.922  -64.179  0.648 0.1000000015
99427  -32.369  -63.969  0.830 0.1000000015
13984  -31.590  -63.200  0.378 0.1000000015
14009  -31.962  -63.152  -0.382 0.1000000015
14770  -31.309  -62.691  -0.071 0.1000000015
14784  -31.428  -62.478  -0.748 0.1000000015
14798  -31.623  -62.214  -1.532 0.1000000015
15576  -31.105  -61.539  -1.827 0.1000000015
15594  -31.744  -61.086  -2.940 0.1000000015
6460  -32.235  -76.016  8.162 0.3000000119
91847  -31.195  -76.366  7.731 0.2000000030
7017  -33.723  -74.263  8.839 0.3000000119
8202  -35.334  -72.517  9.169 0.4000000060
88521  -34.562  -72.426  9.883 0.3000000119
11818  -32.776  -66.202  5.686 0.3000000119
11810  -33.092  -66.997  5.909 0.3000000119
9923  -35.653  -69.994  7.945 0.4000000060
9335  -35.291  -70.931  9.209 0.3000000119
13191  -31.908  -64.034  4.673 0.3000000119
12479  -32.421  -65.585  5.344 0.3000000119
9936  -33.620  -69.268  8.027 0.4000000060
9348  -34.943  -70.389  8.995 0.4000000060
9906  -33.505  -70.357  9.463 0.3000000119
16260  -30.851  -60.949  3.097 0.3000000119
13925  -31.770  -63.418  3.985 0.3000000119
15513  -31.550  -62.210  3.033 0.3000000119
16269  -30.755  -60.230  2.907 0.3000000119
91730  -31.442  -61.454  2.773 0.3000000119
16270  -31.312  -60.493  2.488 0.3000000119
16284  -31.821  -60.248  1.755 0.3000000119
16285  -32.560  -60.901  1.404 0.2000000030
16310  -32.886  -60.350  0.674 0.1000000015
17062  -32.757  -59.458  0.325 0.1000000015
17080  -32.933  -58.851  -0.210 0.1000000015
17082  -34.189  -59.906  -0.928 0.1000000015
15552  -34.601  -61.776  0.558 0.1000000015
15566  -34.972  -61.330  -0.214 0.1000000015
14773  -36.140  -63.081  0.414 0.1000000015
13255  -38.182  -64.706  0.578 0.2000000030
13990  -37.668  -63.898  0.358 0.2000000030
13256  -38.943  -65.343  -0.080 0.2000000030
12547  -38.144  -66.337  0.188 0.1000000015
87642  -39.323  -65.077  -0.689 0.1000000015
12563  -37.052  -65.778  -0.097 0.1000000015
13277  -37.113  -65.328  -0.860 0.1000000015
13253  -35.932  -65.113  -0.235 0.1000000015
13275  -33.931  -63.887  -0.464 0.1000000015
87220  -34.833  -64.553  -0.370 0.1000000015
14010  -32.842  -63.602  -0.729 0.1000000015
14785  -32.197  -62.900  -1.166 0.1000000015
14799  -32.348  -62.604  -1.944 0.1000000015
14800  -32.954  -63.050  -2.487 0.1000000015
15577  -31.827  -61.829  -2.346 0.1000000015
15596  -33.034  -62.391  -2.983 0.1000000015
15595  -32.417  -61.700  -2.954 0.1000000015
15604  -33.064  -61.602  -3.361 0.1000000015
16365  -32.432  -60.926  -3.445 0.1000000015
16366  -33.273  -60.898  -3.787 0.1000000015
16364  -32.701  -59.992  -3.946 0.1000000015
87830  -30.229  -75.823  7.422 0.2000000030
100717  -30.595  -76.538  7.544 0.2000000030
7028  -30.843  -74.278  8.124 0.2000000030
7016  -32.838  -73.825  8.771 0.3000000119
8216  -31.541  -72.193  8.897 0.2000000030
7600  -32.369  -73.176  9.355 0.3000000119
7601  -33.354  -73.345  9.396 0.3000000119
11184  -32.612  -67.234  6.611 0.3000000119
11176  -32.975  -68.173  7.139 0.3000000119
96968  -34.022  -71.171  10.014 0.3000000119
13912  -31.244  -63.657  4.818 0.3000000119
13170  -31.917  -64.946  4.880 0.3000000119
12470  -32.230  -65.822  5.931 0.3000000119
10539  -32.914  -68.836  8.046 0.3000000119
9921  -33.083  -69.514  8.866 0.3000000119
15494  -30.492  -61.262  3.734 0.3000000119
14711  -30.396  -62.468  4.468 0.3000000119
11175  -32.012  -67.502  7.284 0.3000000119
9334  -32.827  -70.903  10.324 0.2000000030
17015  -29.995  -59.278  3.657 0.2000000030
16259  -30.337  -60.294  3.500 0.2000000030
17016  -30.495  -59.499  3.044 0.3000000119
17734  -30.778  -59.003  2.501 0.3000000119
17735  -31.220  -58.674  1.888 0.3000000119
17039  -31.702  -59.335  1.451 0.2000000030
17040  -32.286  -59.890  1.061 0.1000000015
17769  -31.941  -58.220  0.649 0.2000000030
18490  -32.178  -57.490  0.219 0.1000000015
88703  -32.760  -58.079  -0.375 0.1000000015
93337  -33.226  -56.764  -1.114 0.1000000015
19960  -33.853  -55.200  -1.514 0.1000000015
20695  -35.743  -53.761  -1.823 0.1000000015
17809  -33.805  -58.281  -1.327 0.1000000015
93752  -34.355  -57.134  -2.058 0.1000000015
19264  -34.378  -56.028  -2.244 0.1000000015
20732  -35.966  -54.332  -3.160 0.1000000015
21443  -37.059  -53.514  -2.700 0.1000000015
84156  -38.978  -53.436  -2.900 0.1000000015
17115  -34.863  -58.626  -2.029 0.1000000015
18545  -35.719  -56.830  -3.123 0.1000000015
19998  -35.835  -55.265  -3.254 0.1000000015
20734  -37.161  -54.176  -4.003 0.1000000015
21489  -37.939  -53.607  -4.092 0.1000000015
15567  -35.818  -61.676  -0.593 0.1000000015
16327  -35.425  -60.913  -0.874 0.1000000015
14772  -36.222  -62.541  -0.236 0.1000000015
14787  -37.712  -62.838  -0.693 0.2000000030
14013  -38.314  -63.673  -0.395 0.1000000015
14788  -39.201  -63.634  -1.443 0.1000000015
13278  -38.482  -65.582  -0.906 0.1000000015
13289  -38.096  -65.172  -1.546 0.1000000015
87859  -35.702  -64.726  -0.993 0.1000000015
14026  -34.362  -63.760  -1.657 0.1000000015
14038  -33.643  -63.464  -2.102 0.1000000015
14039  -34.566  -63.598  -2.328 0.1000000015
14817  -34.381  -62.579  -3.588 0.1000000015
92425  -34.087  -61.910  -3.793 0.1000000015
16367  -34.076  -61.185  -3.994 0.1000000015
9890  -30.115  -69.423  11.201 0.2000000030
8791  -31.840  -71.681  9.837 0.2000000030
8200  -32.934  -72.516  10.282 0.3000000119
8201  -33.932  -72.771  10.034 0.3000000119
11141  -29.981  -68.491  11.214 0.2000000030
9332  -31.027  -70.563  11.120 0.2000000030
8774  -31.838  -71.042  10.879 0.2000000030
91926  -32.681  -71.864  10.631 0.3000000119
98338  -33.232  -72.123  10.731 0.3000000119
86902  -30.769  -63.806  5.515 0.3000000119
12477  -31.180  -64.909  6.175 0.3000000119
11808  -31.190  -66.337  7.073 0.3000000119
11801  -31.463  -66.971  7.431 0.3000000119
14690  -29.813  -62.462  4.983 0.3000000119
12468  -30.824  -65.507  6.704 0.3000000119
11174  -31.366  -67.653  8.064 0.3000000119
17712  -28.918  -58.362  4.627 0.2000000030
92934  -29.551  -60.987  4.575 0.3000000119
10517  -32.242  -68.981  9.089 0.2000000030
9905  -32.357  -69.956  10.182 0.2000000030
17722  -29.628  -58.362  3.960 0.2000000030
17723  -30.308  -58.420  3.198 0.2000000030
18449  -29.846  -57.509  3.639 0.2000000030
88325  -30.776  -58.013  2.439 0.3000000119
18458  -30.384  -57.350  2.974 0.3000000119
17749  -31.600  -58.412  1.220 0.2000000030
18459  -30.775  -57.119  2.366 0.3000000119
19175  -31.084  -56.357  1.994 0.2000000030
93426  -31.505  -55.902  1.321 0.2000000030
19922  -32.010  -55.549  0.727 0.2000000030
19943  -32.609  -55.170  0.036 0.1000000015
17829  -35.501  -58.501  -2.551 0.1000000015
18566  -36.250  -57.580  -3.380 0.1000000015
19287  -36.433  -56.643  -3.633 0.1000000015
89000  -37.356  -55.978  -4.322 0.1000000015
16341  -35.812  -60.532  -1.616 0.1000000015
16358  -36.127  -60.085  -2.459 0.1000000015
17124  -36.570  -59.038  -3.364 0.1000000015
18576  -37.577  -57.322  -4.418 0.1000000015
15578  -36.333  -61.228  -1.260 0.1000000015
16342  -36.809  -60.792  -1.943 0.1000000015
16359  -37.281  -60.487  -2.668 0.1000000015
100756  -37.534  -59.796  -3.427 0.1000000015
17125  -37.273  -59.228  -3.785 0.1000000015
15579  -37.350  -61.731  -1.834 0.1000000015
14801  -38.348  -62.551  -1.596 0.1000000015
16360  -38.201  -61.276  -3.280 0.1000000015
15598  -38.989  -62.104  -3.109 0.1000000015
91530  -39.736  -64.542  -1.754 0.1000000015
14027  -39.920  -64.152  -2.394 0.1000000015
14043  -39.769  -64.275  -2.694 0.1000000015
13297  -39.097  -64.879  -2.181 0.1000000015
13296  -37.606  -64.668  -2.187 0.1000000015
13295  -36.334  -64.386  -2.147 0.1000000015
14810  -33.742  -63.114  -3.001 0.1000000015
11769  -28.457  -66.644  11.510 0.3000000119
11772  -28.876  -66.363  10.051 0.3000000119
11152  -30.031  -67.672  10.355 0.3000000119
10515  -30.700  -68.592  10.326 0.2000000030
9904  -31.430  -69.979  11.148 0.2000000030
9333  -31.878  -70.727  10.869 0.2000000030
11785  -29.555  -66.851  9.498 0.3000000119
11166  -30.162  -67.184  8.959 0.3000000119
10516  -31.517  -69.260  10.241 0.3000000119
8775  -32.819  -71.657  10.690 0.2000000030
13910  -29.995  -63.328  5.498 0.3000000119
13150  -29.705  -64.330  6.568 0.3000000119
12455  -29.629  -65.777  7.636 0.3000000119
11167  -30.708  -67.754  9.052 0.3000000119
17005  -28.767  -59.263  4.911 0.2000000030
92409  -29.211  -62.080  5.335 0.3000000119
14688  -28.772  -62.065  5.839 0.3000000119
19155  -29.293  -56.868  4.645 0.2000000030
19163  -29.572  -56.909  4.005 0.2000000030
19164  -30.090  -56.679  3.486 0.2000000030
19890  -30.546  -55.911  3.480 0.3000000119
19898  -31.153  -55.561  2.679 0.2000000030
20638  -31.790  -54.938  2.152 0.2000000030
15599  -39.826  -62.384  -3.971 0.1000000015
14051  -39.536  -63.750  -3.472 0.1000000015
14041  -37.023  -64.064  -2.711 0.1000000015
14040  -35.648  -63.856  -2.511 0.1000000015
12427  -27.110  -65.925  11.779 0.1000000015
12433  -26.822  -65.045  10.375 0.2000000030
12428  -27.903  -66.267  11.752 0.3000000119
12435  -28.287  -65.837  10.445 0.3000000119
12439  -27.802  -65.323  9.212 0.3000000119
12440  -28.511  -65.699  9.008 0.3000000119
99736  -29.162  -64.477  6.858 0.3000000119
13135  -28.562  -64.627  7.259 0.3000000119
16237  -28.413  -60.527  5.565 0.3000000119
15469  -28.127  -61.270  6.098 0.3000000119
14660  -28.161  -62.267  6.410 0.3000000119
13893  -28.529  -63.188  6.490 0.3000000119
89446  -28.203  -58.043  6.042 0.2000000030
19143  -29.183  -56.814  5.428 0.2000000030
92732  -29.939  -56.342  5.641 0.1000000015
19881  -30.782  -55.678  4.314 0.2000000030
19134  -31.225  -56.330  6.387 0.1000000015
19873  -31.192  -55.656  5.124 0.2000000030
19882  -31.665  -55.338  4.474 0.2000000030
85638  -32.147  -54.983  3.821 0.3000000119
13112  -27.164  -64.877  9.291 0.3000000119
13120  -27.494  -64.793  8.488 0.3000000119
13884  -27.292  -63.428  7.519 0.3000000119
13885  -28.001  -63.836  6.914 0.3000000119
98137  -27.248  -59.959  6.820 0.3000000119
15468  -27.564  -61.617  6.596 0.3000000119
13892  -27.673  -62.928  6.847 0.3000000119
17695  -27.820  -58.577  6.650 0.2000000030
17696  -28.153  -57.976  6.821 0.2000000030
18411  -29.417  -57.396  7.368 0.1000000015
19135  -32.147  -56.508  6.236 0.1000000015
19146  -32.598  -56.101  5.468 0.1000000015
13874  -26.462  -63.489  8.857 0.3000000119
14625  -25.840  -61.746  8.820 0.2000000030
13883  -26.594  -62.871  8.132 0.3000000119
14637  -27.005  -62.493  7.305 0.3000000119
15444  -26.536  -61.869  7.786 0.3000000119
16985  -27.397  -59.190  7.110 0.2000000030
92251  -26.905  -59.787  7.506 0.3000000119
15445  -26.932  -61.535  7.075 0.3000000119
18400  -28.854  -57.834  7.860 0.2000000030
17673  -27.709  -58.598  8.092 0.2000000030
17677  -31.275  -58.629  8.742 0.1000000015
17676  -30.166  -58.509  8.789 0.1000000015
16968  -31.621  -59.353  9.165 0.1000000015
18402  -30.766  -58.007  8.115 0.1000000015
18413  -31.272  -57.497  7.499 0.1000000015
18423  -31.717  -56.998  6.864 0.1000000015
17687  -31.785  -58.113  8.131 0.1000000015
18414  -32.222  -57.634  7.417 0.1000000015
18424  -32.641  -57.156  6.755 0.1000000015
18425  -33.469  -57.375  6.562 0.1000000015
16206  -26.306  -60.314  8.700 0.2000000030
15423  -26.179  -61.184  8.326 0.2000000030
16967  -27.254  -59.154  8.672 0.2000000030
16214  -26.520  -60.414  7.922 0.2000000030
17665  -29.310  -58.786  9.245 0.1000000015
17664  -28.470  -58.697  8.973 0.2000000030
84129  -30.818  -59.083  9.326 0.1000000015
17678  -32.223  -58.979  8.560 0.1000000015
17688  -32.644  -58.397  7.849 0.1000000015
85693  -33.489  -58.784  7.517 0.1000000015
17697  -33.834  -58.147  6.878 0.1000000015
16197  -32.636  -60.408  9.160 0.1000000015
16969  -32.814  -59.717  8.585 0.1000000015
16978  -33.536  -59.750  8.021 0.1000000015
16979  -34.131  -59.457  7.386 0.1000000015
16198  -33.348  -60.914  8.987 0.1000000015
16208  -33.848  -60.579  8.331 0.1000000015
7070  -30.155  -74.774  5.248 0.4000000060
7652  -31.288  -73.495  5.702 0.5000000000
7638  -31.655  -72.815  5.862 0.5000000000
7071  -30.907  -74.327  5.534 0.4000000060
85340  -30.798  -72.785  5.770 0.5000000000
90319  -30.114  -74.018  5.368 0.6000000238
6522  -29.525  -76.269  5.029 0.5000000000
86061  -31.275  -75.887  5.474 0.4000000060
7069  -29.329  -75.121  4.957 0.5000000000
5024  -26.993  -79.141  4.066 0.5000000000
6521  -28.622  -75.744  4.775 0.6000000238
5541  -26.306  -78.234  4.344 0.5000000000
4039  -25.453  -80.481  1.843 0.3000000119
98344  -26.117  -80.696  0.663 0.5000000000
91879  -27.229  -78.468  4.476 0.5000000000
3158  -25.275  -82.633  1.659 0.5000000000
8828  -30.871  -71.350  5.720 0.4000000060
4038  -24.638  -79.798  2.040 0.4000000060
84890  -24.902  -75.950  1.201 0.4000000060
88937  -25.459  -76.067  0.626 0.4000000060
8283  -24.446  -72.435  2.439 0.3000000119
7680  -24.453  -73.188  2.443 0.4000000060
90198  -27.012  -80.976  5.484 0.2000000030
7058  -33.217  -74.530  6.562 0.5000000000
85126  -30.375  -75.874  5.322 0.4000000060
89011  -31.467  -70.832  5.783 0.3000000119
8258  -29.455  -72.416  5.499 0.4000000060
7083  -28.335  -74.848  4.766 0.6000000238
11206  -37.433  -69.604  3.975 0.3000000119
98773  -29.708  -71.827  5.526 0.5000000000
7661  -28.043  -73.955  4.959 0.6000000238
98556  -26.882  -75.822  4.422 0.6000000238
5991  -27.363  -76.389  4.522 0.6000000238
98547  -28.095  -76.240  4.648 0.6000000238
5992  -28.792  -76.691  4.859 0.6000000238
5037  -24.893  -78.971  3.419 0.5000000000
8827  -29.626  -70.757  5.620 0.4000000060
6519  -26.752  -75.132  4.476 0.6000000238
89449  -25.125  -77.130  3.641 0.5000000000
6004  -25.931  -77.264  4.155 0.5000000000
5539  -24.659  -77.968  3.161 0.5000000000
5540  -25.338  -78.089  3.873 0.5000000000
9954  -31.061  -69.626  5.458 0.4000000060
10572  -34.635  -69.317  4.085 0.4000000060
8826  -29.038  -71.482  5.567 0.5000000000
85423  -27.163  -73.894  4.807 0.5000000000
7096  -25.823  -74.879  4.245 0.4000000060
7081  -26.511  -74.312  4.569 0.5000000000
6002  -24.702  -76.854  3.095 0.5000000000
10560  -31.335  -68.973  5.020 0.4000000060
10570  -31.650  -68.205  4.608 0.3000000119
9952  -28.845  -69.658  5.542 0.5000000000
92148  -27.939  -71.750  5.491 0.5000000000
8837  -27.191  -71.977  5.346 0.5000000000
7095  -25.006  -74.585  3.874 0.4000000060
86904  -24.629  -75.858  3.040 0.5000000000
9395  -27.114  -71.142  5.396 0.5000000000
7094  -24.612  -74.285  3.264 0.4000000060
7658  -25.247  -73.117  4.343 0.4000000060
9394  -26.516  -70.337  5.222 0.4000000060
9951  -27.981  -69.302  5.458 0.4000000060
8836  -26.410  -71.791  5.199 0.4000000060
8277  -24.701  -72.883  3.708 0.4000000060
7072  -32.673  -75.400  6.051 0.4000000060
92209  -28.185  -78.288  4.610 0.5000000000
11194  -34.252  -67.523  5.679 0.5000000000
5976  -30.492  -76.956  4.915 0.5000000000
12506  -35.362  -65.910  3.545 0.3000000119
11839  -37.515  -67.636  3.405 0.3000000119
12525  -38.298  -66.661  2.356 0.3000000119
11230  -38.106  -69.076  2.714 0.3000000119
11853  -36.482  -67.888  2.136 0.3000000119
11215  -32.860  -67.438  3.626 0.3000000119
10559  -29.833  -68.395  5.145 0.3000000119
10569  -30.647  -68.286  4.883 0.3000000119
95305  -28.758  -68.971  5.464 0.3000000119
11204  -30.814  -67.506  4.475 0.3000000119
11837  -33.346  -67.059  3.138 0.2000000030
11193  -29.978  -67.718  4.780 0.3000000119
10557  -28.309  -68.435  5.413 0.3000000119
10556  -27.408  -68.513  5.418 0.3000000119
11203  -30.047  -66.976  4.504 0.2000000030
95363  -26.635  -68.492  5.220 0.3000000119
9968  -25.825  -69.721  4.920 0.4000000060
9393  -25.031  -70.041  4.526 0.4000000060
11815  -27.424  -67.097  5.073 0.2000000030
10567  -25.355  -68.407  4.597 0.2000000030
12493  -29.148  -65.987  4.121 0.2000000030
11826  -26.955  -66.358  4.991 0.2000000030
13938  -27.928  -63.866  3.258 0.1000000015
85964  -30.199  -63.822  2.366 0.1000000015
8233  -36.203  -73.278  7.413 0.4000000060
9373  -36.040  -71.398  7.108 0.4000000060
7060  -35.009  -73.978  7.435 0.5000000000
5978  -32.795  -76.511  6.033 0.4000000060
5977  -31.340  -76.695  5.162 0.5000000000
13193  -33.039  -65.095  3.991 0.4000000060
13224  -34.049  -64.480  2.828 0.3000000119
13960  -35.439  -64.559  2.175 0.2000000030
13987  -34.928  -63.207  1.165 0.1000000015
14753  -33.808  -62.434  1.644 0.1000000015
11854  -39.237  -67.759  2.101 0.2000000030
13241  -37.601  -64.873  1.405 0.2000000030
11258  -38.941  -68.050  1.305 0.2000000030
11851  -33.795  -66.654  2.546 0.2000000030
11852  -35.163  -67.488  2.409 0.2000000030
11836  -31.663  -66.489  3.496 0.2000000030
11835  -30.923  -66.318  3.779 0.2000000030
11864  -34.348  -66.090  1.803 0.1000000015
12523  -33.268  -65.802  2.200 0.1000000015
12522  -32.413  -65.559  2.450 0.1000000015
96750  -31.275  -65.799  3.276 0.2000000030
12494  -30.083  -66.200  4.111 0.2000000030
13239  -34.228  -65.153  1.106 0.1000000015
12520  -30.806  -65.217  2.864 0.1000000015
12503  -29.605  -65.476  3.645 0.1000000015
13205  -30.021  -64.998  3.094 0.1000000015
13188  -27.016  -64.981  4.380 0.1000000015
13237  -32.393  -64.373  1.384 0.1000000015
13204  -29.229  -64.705  3.404 0.1000000015
13203  -28.382  -64.476  3.698 0.1000000015
13969  -30.799  -63.594  1.644 0.1000000015
14751  -30.384  -62.879  1.267 0.1000000015
5498  -30.560  -78.211  7.381 0.3000000119
4992  -31.469  -77.863  7.364 0.3000000119
7030  -32.829  -74.877  8.470 0.3000000119
5942  -31.898  -77.035  8.065 0.3000000119
7018  -34.399  -74.374  8.762 0.3000000119
6462  -33.740  -75.896  8.344 0.3000000119
5488  -32.138  -77.213  7.916 0.3000000119
5500  -32.572  -77.121  7.586 0.3000000119
5511  -32.526  -77.150  6.477 0.3000000119
97493  -34.090  -75.949  7.894 0.3000000119
7045  -34.729  -74.445  7.897 0.3000000119
7603  -35.262  -74.002  8.887 0.3000000119
7627  -35.536  -73.882  8.006 0.3000000119
90842  -33.763  -76.092  7.191 0.3000000119
9363  -35.967  -70.993  7.739 0.4000000060
9350  -35.747  -71.090  8.439 0.4000000060
8203  -35.499  -71.738  8.844 0.4000000060
8218  -36.068  -72.599  8.359 0.4000000060
12495  -32.699  -65.329  4.659 0.4000000060
10548  -34.323  -68.765  6.497 0.4000000060
13192  -32.382  -64.595  4.278 0.4000000060
16271  -31.951  -61.177  2.150 0.3000000119
15528  -33.263  -61.755  1.342 0.2000000030
16311  -33.472  -60.720  0.341 0.1000000015
14771  -35.289  -62.662  0.557 0.1000000015
12537  -39.084  -66.670  0.968 0.2000000030
15553  -35.362  -61.964  0.046 0.1000000015
12549  -38.778  -66.039  0.200 0.1000000015
12548  -38.836  -66.645  0.729 0.1000000015
11878  -36.020  -65.721  0.452 0.1000000015
13238  -33.352  -64.680  1.207 0.1000000015
13986  -33.214  -63.900  0.003 0.1000000015
13970  -31.761  -63.704  1.057 0.1000000015
13985  -32.369  -63.700  0.218 0.1000000015
14025  -32.869  -63.351  -1.701 0.1000000015
6459  -31.087  -75.317  7.667 0.2000000030
86898  -31.778  -74.853  8.081 0.2000000030
5497  -30.296  -77.719  7.510 0.2000000030
7602  -34.479  -73.736  9.219 0.3000000119
11809  -32.382  -66.390  6.272 0.3000000119
10540  -33.795  -68.941  7.321 0.4000000060
13924  -30.870  -63.037  4.166 0.3000000119
14720  -30.716  -62.101  3.977 0.3000000119
17081  -33.449  -59.473  -0.409 0.1000000015
17770  -32.439  -58.547  0.227 0.1000000015
18511  -33.246  -57.728  -0.957 0.1000000015
17790  -33.358  -58.596  -0.735 0.1000000015
16325  -33.787  -60.357  -0.288 0.1000000015
16326  -34.529  -60.682  -0.630 0.1000000015
17098  -33.936  -59.077  -1.135 0.1000000015
16340  -34.933  -60.310  -1.332 0.1000000015
14012  -37.102  -63.187  0.097 0.1000000015
12565  -38.695  -65.968  -0.160 0.1000000015
12564  -37.934  -65.874  -0.448 0.1000000015
13279  -39.540  -65.008  -1.345 0.1000000015
13276  -34.624  -64.168  -1.089 0.1000000015
85292  -31.485  -73.188  8.715 0.2000000030
7029  -31.969  -73.948  8.514 0.3000000119
8199  -32.260  -72.449  9.769 0.2000000030
13911  -30.465  -63.198  4.860 0.3000000119
12478  -31.745  -65.255  5.667 0.3000000119
12469  -31.642  -65.826  6.388 0.3000000119
11183  -31.913  -66.646  6.863 0.3000000119
16248  -29.919  -60.742  4.078 0.3000000119
15493  -30.061  -61.664  4.380 0.3000000119
17006  -29.410  -59.201  4.284 0.3000000119
17750  -32.100  -59.003  0.805 0.1000000015
19188  -31.425  -56.748  1.353 0.2000000030
19203  -31.780  -56.554  0.746 0.1000000015
18510  -32.686  -57.079  -0.526 0.1000000015
19243  -33.336  -55.873  -1.165 0.1000000015
19244  -33.757  -56.391  -1.665 0.1000000015
20694  -34.409  -54.250  -1.383 0.1000000015
100300  -34.673  -54.933  -2.138 0.1000000015
20711  -35.703  -53.907  -2.496 0.1000000015
20710  -35.065  -53.992  -1.998 0.1000000015
17810  -34.345  -58.018  -1.816 0.1000000015
18544  -35.043  -56.921  -2.571 0.1000000015
19265  -35.225  -55.826  -2.818 0.1000000015
20733  -36.597  -53.982  -3.452 0.1000000015
19999  -36.549  -54.936  -3.672 0.1000000015
21462  -37.198  -53.634  -3.474 0.1000000015
21463  -37.979  -53.426  -3.074 0.1000000015
92735  -38.636  -53.370  -3.602 0.1000000015
17828  -34.930  -57.844  -2.342 0.1000000015
17116  -35.417  -59.308  -2.244 0.1000000015
19286  -35.882  -56.104  -3.316 0.1000000015
97174  -35.596  -57.695  -2.840 0.1000000015
89908  -36.289  -55.800  -3.591 0.1000000015
20013  -37.268  -55.178  -4.190 0.1000000015
21490  -38.907  -53.463  -4.257 0.1000000015
89402  -35.358  -59.990  -1.901 0.1000000015
14786  -36.820  -62.174  -1.123 0.1000000015
13290  -39.760  -64.730  -2.029 0.1000000015
13287  -35.329  -64.290  -1.778 0.1000000015
10499  -29.580  -68.796  11.469 0.2000000030
9891  -30.764  -69.861  11.361 0.2000000030
11140  -29.337  -68.049  11.592 0.3000000119
91886  -31.179  -70.326  11.219 0.2000000030
13168  -30.915  -64.253  6.032 0.3000000119
15482  -29.402  -61.590  4.914 0.3000000119
13167  -30.261  -63.990  6.035 0.3000000119
12456  -30.373  -66.111  7.350 0.3000000119
13151  -30.488  -64.651  6.526 0.3000000119
11800  -30.741  -66.949  7.978 0.3000000119
10533  -31.424  -68.400  9.075 0.3000000119
16247  -29.305  -60.127  4.548 0.3000000119
18448  -29.275  -57.544  4.331 0.2000000030
16238  -29.013  -60.779  5.003 0.3000000119
19174  -30.587  -56.440  2.788 0.3000000119
18471  -31.208  -57.540  1.742 0.2000000030
19204  -32.303  -56.285  0.073 0.1000000015
19911  -32.388  -54.805  0.862 0.2000000030
19226  -32.848  -56.029  -0.606 0.1000000015
17844  -36.110  -58.400  -3.103 0.1000000015
18567  -36.943  -57.488  -3.911 0.1000000015
88529  -37.938  -55.552  -4.639 0.1000000015
16368  -36.864  -59.734  -3.162 0.1000000015
17845  -36.758  -58.361  -3.655 0.1000000015
15597  -37.747  -61.420  -2.553 0.1000000015
15580  -38.722  -62.263  -2.449 0.1000000015
14802  -39.654  -63.231  -2.453 0.1000000015
92520  -39.825  -63.507  -3.244 0.1000000015
14042  -38.694  -64.350  -2.862 0.1000000015
11773  -29.141  -67.177  11.036 0.3000000119
12441  -29.170  -66.179  8.630 0.3000000119
11799  -29.900  -66.557  8.263 0.3000000119
14689  -29.375  -62.675  5.662 0.3000000119
100499  -30.007  -64.753  6.832 0.3000000119
14661  -28.894  -62.714  6.111 0.3000000119
13136  -29.482  -64.921  7.143 0.3000000119
16246  -28.696  -60.029  5.108 0.3000000119
16995  -28.207  -59.488  5.654 0.3000000119
92683  -28.399  -58.518  5.408 0.2000000030
15481  -28.806  -61.397  5.441 0.3000000119
19144  -30.348  -55.991  5.011 0.2000000030
19899  -31.876  -54.929  2.975 0.2000000030
20647  -32.393  -54.670  1.604 0.2000000030
11768  -27.487  -66.771  12.454 0.1000000015
13111  -26.654  -64.265  9.408 0.2000000030
12434  -27.500  -65.512  10.467 0.3000000119
12454  -28.879  -65.439  7.884 0.3000000119
13134  -27.670  -64.359  7.724 0.3000000119
16994  -27.690  -59.314  6.414 0.3000000119
16236  -27.803  -60.212  6.186 0.3000000119
18421  -28.708  -57.344  6.197 0.2000000030
18422  -29.503  -56.755  6.234 0.2000000030
83768  -30.764  -55.976  5.780 0.1000000015
19133  -30.361  -56.458  6.365 0.1000000015
19874  -31.946  -55.506  5.158 0.2000000030
13119  -27.025  -64.018  8.453 0.3000000119
16225  -27.340  -60.853  6.623 0.3000000119
17686  -28.184  -58.085  7.604 0.2000000030
18410  -28.693  -57.571  7.103 0.2000000030
91453  -29.216  -57.146  6.766 0.2000000030
19124  -29.908  -56.911  6.904 0.1000000015
19125  -30.790  -56.856  6.956 0.1000000015
18401  -29.750  -57.886  8.029 0.1000000015
19136  -33.042  -56.738  6.119 0.1000000015
88339  -26.180  -62.060  8.362 0.3000000119
85876  -26.542  -61.100  7.643 0.3000000119
16977  -27.249  -59.142  7.834 0.2000000030
17675  -29.120  -58.310  8.542 0.1000000015
98731  -32.243  -59.711  9.025 0.1000000015
18415  -33.091  -57.847  7.222 0.1000000015
16955  -26.988  -59.401  9.540 0.2000000030
16966  -26.644  -59.660  8.947 0.2000000030
17666  -30.056  -58.974  9.492 0.1000000015
96604  -32.962  -59.122  8.126 0.1000000015
16207  -33.235  -60.282  8.607 0.1000000015
3613  -26.525  -81.974  -0.268 0.3000000119
2774  -26.795  -83.499  -1.091 0.3000000119
3183  -26.556  -82.774  -0.669 0.3000000119
3216  -27.304  -83.834  -5.375 0.2000000030
4124  -26.485  -80.559  -4.352 0.2000000030
2358  -26.606  -84.698  -2.303 0.4000000060
91959  -26.621  -85.057  -3.364 0.3000000119
2782  -27.311  -83.907  -1.973 0.3000000119
2376  -26.488  -84.990  -5.012 0.3000000119
3598  -26.660  -81.198  0.097 0.4000000060
3194  -27.393  -82.977  -1.349 0.4000000060
2797  -28.052  -84.077  -4.527 0.3000000119
3645  -27.961  -82.997  -5.274 0.2000000030
3614  -27.228  -81.564  -0.700 0.4000000060
2792  -28.370  -83.446  -3.566 0.4000000060
4090  -26.529  -80.419  0.034 0.4000000060
4572  -24.917  -79.603  0.272 0.4000000060
3195  -28.220  -83.131  -2.390 0.4000000060
3211  -28.575  -83.156  -4.417 0.3000000119
3647  -28.686  -81.703  -4.583 0.3000000119
97866  -27.121  -80.182  -0.232 0.4000000060
3627  -27.928  -82.108  -1.581 0.4000000060
3196  -28.773  -82.169  -2.479 0.3000000119
3218  -28.564  -82.602  -4.811 0.4000000060
4581  -25.583  -79.304  -0.463 0.4000000060
97369  -28.753  -81.588  -1.827 0.4000000060
4117  -29.161  -81.338  -3.068 0.3000000119
5568  -25.382  -77.612  0.330 0.4000000060
4583  -27.216  -79.485  -0.531 0.4000000060
4091  -27.975  -80.537  -0.652 0.4000000060
4092  -29.046  -80.930  -1.412 0.4000000060
5086  -25.928  -78.362  -0.487 0.4000000060
4110  -29.691  -80.718  -1.907 0.3000000119
4584  -28.649  -80.143  -0.587 0.4000000060
4093  -29.800  -80.392  -0.952 0.4000000060
5087  -26.830  -78.604  -0.709 0.4000000060
5088  -28.056  -78.905  -0.514 0.4000000060
4600  -30.294  -80.065  -1.220 0.3000000119
5577  -26.046  -77.307  -0.173 0.4000000060
5089  -29.192  -78.694  -0.130 0.4000000060
4585  -29.444  -79.601  -0.437 0.4000000060
4610  -30.547  -79.452  -1.545 0.2000000030
6033  -25.639  -76.786  0.322 0.3000000119
5579  -27.328  -77.872  -0.578 0.4000000060
85837  -26.763  -77.046  -0.343 0.4000000060
90526  -27.650  -77.022  -0.381 0.4000000060
98620  -29.087  -77.868  -0.087 0.4000000060
4586  -30.609  -79.402  -0.719 0.2000000030
5103  -31.071  -78.675  -1.266 0.3000000119
6568  -25.798  -75.423  0.382 0.3000000119
6034  -26.164  -76.316  0.110 0.3000000119
6048  -27.060  -76.106  -0.197 0.3000000119
5581  -29.867  -78.308  0.319 0.3000000119
5091  -30.913  -78.822  -0.045 0.2000000030
5090  -30.207  -79.121  0.001 0.2000000030
5606  -30.757  -77.695  -2.324 0.2000000030
7699  -24.895  -74.259  1.145 0.3000000119
6569  -26.434  -75.569  0.067 0.3000000119
93007  -28.576  -77.123  -0.210 0.4000000060
5079  -30.587  -78.423  0.477 0.1000000015
7700  -25.418  -73.721  0.673 0.3000000119
6583  -26.929  -75.189  -0.169 0.3000000119
6585  -28.567  -75.697  -0.086 0.2000000030
6035  -30.464  -77.256  0.611 0.2000000030
5092  -31.499  -78.269  -0.393 0.1000000015
6063  -31.280  -76.395  -2.004 0.2000000030
7144  -28.174  -74.834  -0.185 0.2000000030
6570  -30.755  -76.345  0.612 0.1000000015
5570  -31.462  -77.536  0.917 0.1000000015
5595  -32.017  -77.593  -0.851 0.1000000015
7689  -24.899  -73.290  1.118 0.2000000030
7701  -26.160  -73.936  0.210 0.3000000119
7143  -27.437  -74.799  -0.244 0.3000000119
9411  -24.460  -71.010  2.719 0.2000000030
8288  -24.892  -72.457  1.078 0.1000000015
100143  -25.827  -73.400  0.415 0.3000000119
7719  -27.642  -74.135  -0.307 0.2000000030
86419  -30.135  -75.269  0.322 0.1000000015
5584  -32.348  -77.389  0.115 0.1000000015
6065  -32.575  -77.044  -1.187 0.1000000015
8852  -24.548  -71.325  1.854 0.2000000030
8293  -26.342  -73.066  0.178 0.2000000030
84558  -27.139  -72.917  -0.145 0.2000000030
7131  -28.685  -73.938  -0.164 0.1000000015
7145  -29.130  -75.012  0.081 0.1000000015
6572  -32.511  -76.292  1.917 0.1000000015
6038  -32.761  -77.080  1.197 0.1000000015
7152  -32.317  -75.561  -2.126 0.1000000015
98696  -26.047  -72.407  0.275 0.1000000015
7703  -27.826  -73.293  -0.292 0.2000000030
7132  -29.756  -74.238  0.274 0.1000000015
97502  -30.565  -74.542  0.456 0.1000000015
89049  -32.738  -75.514  1.778 0.1000000015
6053  -33.552  -76.749  0.331 0.1000000015
6599  -32.800  -76.436  -1.876 0.1000000015
7180  -32.599  -74.754  -3.325 0.1000000015
7705  -30.610  -73.577  0.494 0.1000000015
7135  -33.368  -74.847  1.611 0.1000000015
6573  -33.341  -75.849  2.103 0.1000000015
83687  -34.388  -76.216  -1.529 0.1000000015
7181  -33.177  -75.786  -3.001 0.1000000015
6040  -34.717  -75.941  1.605 0.1000000015
83746  -32.910  -54.939  3.855 0.2000000030
9403  -24.489  -70.234  3.374 0.2000000030
8860  -25.487  -72.020  0.595 0.1000000015
84873  -28.702  -72.872  -0.198 0.1000000015
8861  -26.322  -71.701  0.217 0.1000000015
7704  -29.609  -73.237  0.119 0.1000000015
7133  -31.381  -74.451  0.604 0.1000000015
6600  -33.492  -76.380  -1.735 0.1000000015
6066  -33.247  -76.735  -0.963 0.1000000015
6039  -33.686  -76.333  1.629 0.1000000015
7134  -32.327  -74.589  0.918 0.1000000015
86164  -27.094  -82.248  -0.908 0.4000000060
2384  -27.315  -84.391  -5.239 0.3000000119
2791  -27.833  -84.071  -3.232 0.3000000119
3217  -28.103  -83.595  -5.195 0.3000000119
3615  -28.042  -81.274  -1.151 0.4000000060
98578  -28.898  -82.458  -4.137 0.3000000119
4582  -26.246  -79.672  -0.493 0.4000000060
4109  -29.203  -81.458  -2.345 0.3000000119
89982  -26.260  -79.104  -0.755 0.4000000060
5580  -28.282  -77.897  -0.409 0.4000000060
96566  -30.169  -79.748  -0.664 0.2000000030
6049  -28.048  -76.288  -0.232 0.3000000119
6051  -29.559  -77.326  0.193 0.2000000030
5594  -31.482  -77.552  -1.732 0.2000000030
7128  -25.543  -74.567  0.533 0.3000000119
6584  -27.676  -75.471  -0.202 0.3000000119
96764  -30.339  -77.959  0.614 0.2000000030
5582  -31.119  -78.182  0.563 0.1000000015
6050  -28.869  -76.503  -0.055 0.4000000060
6586  -29.640  -76.195  0.181 0.2000000030
6036  -31.339  -77.254  1.065 0.1000000015
6064  -31.929  -76.820  -1.714 0.1000000015
5583  -31.740  -77.854  0.411 0.1000000015
7702  -26.972  -73.609  -0.179 0.3000000119
6037  -32.114  -77.020  1.510 0.1000000015
6052  -32.923  -77.105  -0.120 0.1000000015
6598  -32.270  -76.292  -1.869 0.1000000015
8853  -24.912  -71.618  1.126 0.1000000015
89201  -31.965  -75.481  1.219 0.1000000015
89702  -32.843  -76.610  1.966 0.1000000015
6617  -32.948  -75.937  -2.352 0.1000000015
8295  -27.834  -72.368  -0.143 0.1000000015
2323  -23.237  -84.880  1.208 0.3000000119
2336  -23.407  -86.003  1.144 0.2000000030
1201  -22.881  -87.207  -0.082 0.3000000119
1562  -23.590  -86.546  -0.615 0.2000000030
3137  -25.434  -82.266  3.408 0.4000000060
2750  -23.886  -84.150  1.868 0.2000000030
3157  -24.613  -83.385  2.228 0.4000000060
2761  -24.253  -84.593  0.928 0.3000000119
1574  -23.210  -87.102  -1.169 0.2000000030
99215  -25.749  -81.570  2.645 0.4000000060
2345  -24.338  -85.438  0.166 0.2000000030
1930  -24.416  -86.109  -0.931 0.2000000030
1938  -23.371  -86.486  -1.303 0.1000000015
1575  -23.759  -86.573  -2.163 0.2000000030
1947  -23.650  -86.284  -2.546 0.1000000015
2772  -25.118  -84.412  -0.085 0.3000000119
2356  -23.106  -85.652  -2.004 0.1000000015
1940  -25.185  -85.778  -1.961 0.2000000030
2364  -23.998  -84.869  -2.720 0.1000000015
2788  -24.696  -84.000  -3.176 0.1000000015
2365  -24.388  -85.632  -3.284 0.1000000015
2366  -24.938  -85.280  -3.884 0.1000000015
3204  -24.204  -82.884  -2.889 0.1000000015
4116  -24.801  -81.119  -2.844 0.1000000015
3633  -24.898  -82.134  -3.247 0.1000000015
2762  -25.235  -83.490  0.425 0.3000000119
2346  -25.165  -85.175  -0.855 0.2000000030
1949  -24.939  -86.103  -3.011 0.2000000030
1948  -24.226  -86.189  -3.092 0.2000000030
1959  -25.048  -85.658  -3.774 0.2000000030
87410  -25.504  -81.561  -3.638 0.1000000015
4607  -24.630  -79.651  -2.503 0.1000000015
3171  -25.509  -82.608  0.860 0.2000000030
2357  -25.977  -85.071  -1.614 0.2000000030
2375  -25.828  -85.196  -4.542 0.2000000030
3205  -25.296  -83.209  -3.627 0.1000000015
5111  -24.732  -78.913  -2.886 0.1000000015
92435  -25.180  -80.198  -2.913 0.1000000015
2773  -25.897  -83.548  -0.523 0.3000000119
85567  -26.081  -81.217  1.215 0.2000000030
2796  -26.520  -84.498  -5.008 0.2000000030
3210  -26.298  -83.591  -4.599 0.1000000015
4608  -25.184  -79.487  -3.050 0.1000000015
4123  -25.679  -80.778  -3.653 0.1000000015
3639  -26.427  -81.587  -4.327 0.1000000015
5122  -25.423  -78.934  -3.476 0.1000000015
3182  -25.915  -82.631  0.053 0.2000000030
95764  -27.404  -82.110  -4.816 0.1000000015
90412  -25.569  -78.280  -4.026 0.1000000015
5123  -26.159  -79.021  -4.072 0.1000000015
3597  -26.143  -81.733  0.594 0.2000000030
4134  -27.989  -80.873  -4.800 0.1000000015
99774  -27.161  -80.426  -4.672 0.1000000015
4135  -28.533  -80.855  -4.473 0.1000000015
6628  -24.186  -75.966  -4.213 0.1000000015
5618  -25.679  -77.577  -4.459 0.1000000015
90997  -26.835  -79.165  -4.496 0.1000000015
4631  -28.048  -79.992  -4.639 0.1000000015
3640  -28.959  -81.937  -4.121 0.3000000119
5632  -26.417  -77.349  -4.784 0.1000000015
84545  -25.774  -81.904  1.338 0.3000000119
2751  -24.775  -83.442  1.317 0.3000000119
3638  -25.866  -82.427  -4.048 0.1000000015
4615  -25.861  -79.802  -3.642 0.1000000015
1960  -26.113  -85.294  -4.167 0.2000000030
91101  -25.741  -84.445  -0.840 0.3000000119
2789  -25.663  -84.493  -4.258 0.1000000015
5617  -24.986  -77.595  -3.916 0.1000000015
6090  -25.109  -77.057  -4.352 0.1000000015
5139  -26.463  -78.282  -4.489 0.1000000015
88254  -27.966  -77.320  -4.350 0.1000000015
6103  -28.236  -76.552  -4.399 0.1000000015
92560  -28.586  -76.937  -3.841 0.2000000030
6643  -27.767  -76.089  -4.966 0.1000000015
4617  -28.956  -79.328  -3.878 0.2000000030
5124  -28.661  -78.585  -4.099 0.2000000030
5619  -28.740  -77.743  -3.869 0.1000000015
93171  -28.267  -75.582  -5.209 0.1000000015
6092  -29.254  -77.048  -3.228 0.1000000015
4125  -29.042  -81.087  -3.913 0.2000000030
5125  -29.270  -78.589  -3.597 0.1000000015
6644  -28.607  -75.848  -4.478 0.1000000015
6091  -29.002  -76.243  -3.665 0.1000000015
4118  -29.468  -80.525  -2.835 0.2000000030
4126  -29.159  -80.138  -3.547 0.2000000030
5620  -29.480  -77.917  -3.370 0.1000000015
89547  -29.552  -76.332  -2.965 0.1000000015
4618  -29.645  -79.516  -3.039 0.1000000015
5605  -30.019  -77.754  -2.860 0.1000000015
96982  -30.243  -79.293  -2.382 0.2000000030
6077  -29.973  -76.833  -2.619 0.1000000015
5112  -29.922  -78.605  -2.987 0.1000000015
4609  -30.080  -80.029  -2.024 0.2000000030
6615  -30.053  -75.998  -2.454 0.1000000015
4632  -28.654  -80.124  -4.179 0.1000000015
5141  -28.279  -79.188  -4.417 0.1000000015
3145  -24.363  -83.387  3.146 0.2000000030
2335  -22.679  -86.192  1.059 0.1000000015
5486  -30.938  -77.845  7.651 0.2000000030
4989  -28.615  -78.818  7.126 0.1000000015
9902  -29.958  -69.582  11.200 0.1000000015
7027  -29.813  -74.346  7.726 0.1000000015
6457  -29.259  -75.120  7.541 0.1000000015
6458  -30.149  -74.912  7.705 0.1000000015
9901  -29.192  -69.267  10.903 0.2000000030
9330  -29.489  -69.971  10.110 0.1000000015
7611  -28.575  -73.519  7.310 0.1000000015
10498  -29.005  -68.268  11.764 0.2000000030
9331  -30.320  -70.254  10.776 0.1000000015
9347  -29.841  -70.627  9.459 0.1000000015
8215  -29.996  -71.928  8.059 0.1000000015
93213  -30.812  -72.508  8.174 0.1000000015
7612  -29.476  -73.559  7.504 0.1000000015
3560  -25.571  -82.185  4.277 0.2000000030
4476  -29.284  -79.220  6.943 0.1000000015
7613  -30.448  -73.587  7.963 0.1000000015
88251  -31.036  -71.683  8.815 0.1000000015
8790  -31.129  -71.166  10.197 0.1000000015
11139  -28.471  -67.458  12.006 0.2000000030
84358  -29.624  -78.425  7.272 0.1000000015
99444  -28.613  -74.861  7.343 0.1000000015
7026  -28.963  -74.291  7.333 0.1000000015
89409  -30.352  -71.192  9.065 0.1000000015
86470  -23.702  -83.764  2.720 0.1000000015
15422  -25.738  -60.976  9.254 0.1000000015
14612  -25.606  -61.981  9.511 0.1000000015
13863  -25.716  -62.903  9.836 0.1000000015
13856  -25.808  -63.728  10.307 0.1000000015
12426  -26.270  -65.336  11.498 0.1000000015
14613  -26.002  -62.664  8.951 0.1000000015
13864  -26.160  -63.583  9.571 0.1000000015
98459  -25.208  -61.517  11.197 0.1000000015
14595  -25.035  -62.145  11.122 0.1000000015
14576  -25.080  -62.945  11.009 0.1000000015
13098  -25.301  -64.427  11.580 0.1000000015
15403  -25.475  -61.404  10.108 0.1000000015
14596  -25.368  -62.309  10.384 0.1000000015
13855  -25.371  -63.747  10.934 0.1000000015
13104  -25.772  -64.475  11.016 0.1000000015
96001  -25.768  -66.010  12.380 0.1000000015
16181  -25.705  -60.633  10.149 0.1000000015
13821  -24.687  -63.493  12.397 0.1000000015
89268  -25.492  -60.563  12.412 0.1000000015
15364  -25.074  -61.251  12.420 0.1000000015
14562  -24.770  -61.944  12.394 0.1000000015
14575  -24.797  -62.641  11.834 0.1000000015
16171  -25.736  -60.462  10.955 0.1000000015
13838  -24.960  -63.626  11.599 0.1000000015
13097  -24.875  -64.441  12.219 0.1000000015
16947  -26.753  -59.697  10.377 0.1000000015
16948  -27.719  -59.360  10.303 0.1000000015
15356  -25.181  -61.185  13.797 0.1000000015
15355  -24.834  -61.702  13.199 0.1000000015
90195  -24.648  -62.601  12.797 0.1000000015
16162  -26.124  -60.217  12.510 0.1000000015
87031  -25.889  -60.299  11.777 0.1000000015
16940  -27.200  -59.710  11.186 0.1000000015
20634  -32.640  -54.736  3.160 0.1000000015
20640  -33.178  -54.593  2.541 0.1000000015
99894  -34.532  -54.791  1.818 0.1000000015
16941  -28.131  -59.588  11.303 0.1000000015
16956  -27.784  -59.049  9.332 0.1000000015
19883  -32.626  -55.407  4.582 0.1000000015
19910  -31.840  -55.117  1.409 0.1000000015
20659  -32.966  -54.435  1.043 0.1000000015
91121  -34.379  -55.367  3.218 0.1000000015
19923  -35.577  -54.842  0.922 0.1000000015
83840  -33.655  -54.299  1.086 0.1000000015
20650  -34.538  -54.478  1.162 0.1000000015
97713  -25.706  -60.416  12.981 0.1000000015
15344  -24.848  -61.851  14.120 0.1000000015
14551  -24.601  -62.532  13.727 0.1000000015
20660  -33.485  -54.282  0.438 0.1000000015
13105  -26.304  -64.389  10.317 0.1000000015
16195  -26.288  -60.072  9.623 0.1000000015
20648  -33.059  -54.483  1.759 0.1000000015
91592  -25.460  -63.133  10.465 0.1000000015
11767  -26.455  -66.596  12.492 0.1000000015
12425  -25.626  -65.127  11.917 0.1000000015
16172  -26.407  -60.054  11.091 0.1000000015
16934  -27.534  -59.841  12.032 0.1000000015
19900  -33.860  -54.856  2.678 0.1000000015
20661  -34.197  -54.032  0.249 0.1000000015
9966  -24.636  -69.483  4.018 0.1000000015
9982  -24.513  -68.698  3.626 0.1000000015
96992  -24.749  -68.351  4.232 0.1000000015
85070  -22.369  -83.076  2.402 0.1000000015
2748  -20.980  -83.998  0.626 0.1000000015
2749  -21.524  -84.427  0.982 0.1000000015
3567  -22.545  -81.984  2.141 0.1000000015
86183  -21.820  -82.505  1.226 0.1000000015
88947  -21.078  -83.354  0.655 0.1000000015
4036  -22.609  -80.817  1.950 0.1000000015
96178  -22.804  -82.554  2.974 0.1000000015
3143  -22.835  -83.196  3.297 0.1000000015
92219  -22.109  -80.720  0.783 0.1000000015
3568  -23.031  -81.585  3.075 0.1000000015
4546  -22.514  -79.790  2.246 0.1000000015
4037  -23.054  -80.388  2.968 0.1000000015
4450  -18.634  -79.363  9.449 0.1000000015
4977  -18.548  -78.476  8.935 0.1000000015
3544  -17.377  -81.507  5.617 0.1000000015
93004  -17.172  -82.327  5.301 0.1000000015
3128  -17.027  -82.212  4.635 0.1000000015
3133  -16.200  -82.880  2.806 0.1000000015
2322  -22.361  -84.799  1.189 0.1000000015
2739  -15.227  -83.639  3.044 0.1000000015
3558  -16.891  -81.801  2.751 0.1000000015
4559  -21.352  -80.017  1.017 0.1000000015
99382  -20.615  -79.647  0.937 0.1000000015
1921  -22.179  -87.070  0.690 0.1000000015
3141  -14.135  -83.983  1.755 0.1000000015
3155  -15.265  -82.583  0.375 0.1000000015
3594  -16.856  -81.533  -0.330 0.1000000015
4069  -19.532  -80.105  -0.055 0.1000000015
4050  -19.291  -80.001  0.716 0.1000000015
5062  -21.013  -79.224  1.473 0.1000000015
1573  -22.629  -87.309  -0.788 0.1000000015
3153  -13.992  -83.426  1.520 0.1000000015
3592  -15.381  -82.091  -0.538 0.1000000015
4558  -19.734  -79.619  1.237 0.1000000015
4460  -18.372  -79.261  8.539 0.1000000015
3985  -18.047  -80.083  8.062 0.1000000015
4002  -17.552  -80.690  5.853 0.1000000015
93390  -23.460  -82.866  4.620 0.1000000015
2731  -23.044  -83.385  3.474 0.1000000015
100354  -22.573  -83.746  2.655 0.1000000015
96915  -17.258  -81.617  5.041 0.1000000015
3134  -16.826  -82.136  3.733 0.1000000015
4013  -17.393  -80.893  5.171 0.1000000015
2334  -21.898  -85.213  0.460 0.1000000015
3579  -16.166  -82.065  0.913 0.1000000015
3580  -17.010  -81.347  0.817 0.1000000015
4067  -17.760  -80.932  0.382 0.1000000015
4545  -21.781  -79.342  1.742 0.1000000015
4034  -17.684  -80.765  1.507 0.1000000015
4049  -18.528  -80.410  1.120 0.1000000015
4557  -19.123  -79.807  1.605 0.1000000015
5049  -21.396  -78.598  2.238 0.1000000015
5479  -18.794  -77.734  9.320 0.1000000015
5931  -19.261  -76.274  9.456 0.1000000015
6443  -19.539  -75.511  10.025 0.1000000015
3123  -23.800  -82.554  5.279 0.1000000015
98297  -18.231  -79.306  7.800 0.1000000015
4471  -18.346  -78.901  7.159 0.1000000015
3559  -23.339  -81.900  4.180 0.1000000015
3129  -24.021  -83.026  4.892 0.1000000015
3992  -17.848  -79.961  6.095 0.1000000015
4025  -23.240  -80.957  3.762 0.1000000015
2740  -23.066  -83.714  3.001 0.1000000015
100207  -17.696  -80.467  4.712 0.1000000015
90626  -17.387  -81.043  3.454 0.1000000015
3566  -16.939  -81.501  1.792 0.1000000015
96540  -18.058  -80.383  3.106 0.1000000015
5047  -20.034  -78.894  2.504 0.1000000015
5048  -20.567  -78.948  2.000 0.1000000015
4035  -18.397  -80.149  2.220 0.1000000015
4542  -19.067  -79.572  2.368 0.1000000015
92775  -19.356  -75.472  9.043 0.1000000015
3545  -23.901  -81.922  5.752 0.1000000015
5485  -18.643  -77.653  8.528 0.1000000015
5939  -19.128  -76.186  8.611 0.1000000015
7015  -19.866  -74.063  9.481 0.1000000015
7595  -20.407  -73.487  10.153 0.1000000015
4015  -23.455  -81.061  4.625 0.1000000015
4004  -23.744  -81.130  5.451 0.1000000015
3546  -24.589  -81.759  6.147 0.1000000015
5492  -18.674  -77.541  7.637 0.1000000015
5938  -18.832  -76.842  8.151 0.1000000015
2315  -22.905  -84.237  2.196 0.1000000015
84616  -18.308  -79.229  6.329 0.1000000015
4998  -18.576  -78.370  6.467 0.1000000015
94129  -22.000  -78.149  2.870 0.1000000015
4530  -22.763  -79.448  3.151 0.1000000015
4501  -18.267  -79.508  5.467 0.1000000015
83991  -19.472  -79.210  2.698 0.1000000015
4024  -17.994  -80.289  3.968 0.1000000015
85751  -18.576  -79.537  4.124 0.1000000015
4528  -18.769  -79.535  3.204 0.1000000015
7024  -19.644  -74.625  8.563 0.1000000015
6456  -19.398  -75.469  8.196 0.1000000015
4531  -23.354  -80.029  3.991 0.1000000015
3136  -24.114  -83.325  4.030 0.1000000015
5035  -21.320  -77.996  2.965 0.1000000015
85235  -22.414  -78.169  3.729 0.1000000015
4512  -19.150  -79.046  3.932 0.1000000015
5010  -18.673  -78.673  5.629 0.1000000015
4014  -18.158  -79.833  4.715 0.1000000015
4511  -18.821  -79.033  4.734 0.1000000015
4514  -23.403  -79.376  4.885 0.1000000015
4487  -24.251  -80.156  6.100 0.1000000015
5023  -22.915  -78.425  4.749 0.1000000015
5950  -19.211  -76.130  7.794 0.1000000015
5537  -21.043  -77.381  3.498 0.1000000015
5538  -21.820  -77.586  3.494 0.1000000015
5505  -18.823  -77.475  6.701 0.1000000015
5022  -20.221  -77.716  3.744 0.1000000015
100557  -20.635  -78.026  3.217 0.1000000015
5011  -19.113  -78.006  4.969 0.1000000015
5526  -19.754  -77.373  4.447 0.1000000015
4999  -24.016  -79.181  6.082 0.1000000015
5001  -25.205  -78.803  6.355 0.1000000015
5012  -22.919  -77.754  5.351 0.1000000015
5507  -23.338  -77.784  6.197 0.1000000015
97124  -19.532  -75.550  7.550 0.1000000015
5988  -21.654  -76.560  5.031 0.1000000015
5989  -22.364  -76.979  5.003 0.1000000015
5527  -20.531  -76.920  4.126 0.1000000015
5528  -21.556  -76.911  4.186 0.1000000015
5514  -18.909  -77.746  5.818 0.1000000015
5493  -26.035  -77.672  6.519 0.1000000015
86768  -23.717  -78.388  6.348 0.1000000015
99223  -22.857  -77.216  5.768 0.1000000015
5986  -19.992  -76.596  4.841 0.1000000015
5960  -19.392  -76.460  6.454 0.1000000015
5952  -26.252  -76.828  6.668 0.1000000015
89382  -19.502  -75.994  7.056 0.1000000015
7009  -19.715  -74.707  10.065 0.1000000015
7590  -22.315  -72.611  11.513 0.1000000015
8189  -21.706  -72.447  10.896 0.1000000015
8192  -20.726  -72.781  9.792 0.1000000015
7596  -21.016  -72.978  10.664 0.1000000015
91671  -17.558  -81.284  6.381 0.1000000015
3142  -15.081  -83.622  1.895 0.1000000015
3565  -16.175  -82.522  1.895 0.1000000015
87064  -15.408  -82.987  1.144 0.1000000015
3593  -15.953  -81.995  -0.122 0.1000000015
3595  -17.856  -81.272  -0.819 0.1000000015
4068  -18.694  -80.640  0.064 0.1000000015
4084  -18.839  -80.621  -0.993 0.1000000015
4470  -17.914  -79.792  7.071 0.1000000015
98177  -22.409  -78.696  3.224 0.1000000015
4987  -18.440  -78.463  7.991 0.1000000015
4529  -19.770  -78.597  3.238 0.1000000015
90927  -23.845  -79.944  5.622 0.1000000015
4513  -22.844  -79.046  4.019 0.1000000015
5013  -23.376  -78.700  5.792 0.1000000015
5529  -22.394  -77.540  4.340 0.1000000015
5987  -20.824  -76.407  4.769 0.1000000015
5000  -24.402  -78.549  6.397 0.1000000015
87978  -21.622  -73.186  11.518 0.1000000015
3277  -19.222  -81.905  -10.125 0.1000000015
3264  -20.238  -81.683  -9.544 0.1000000015
3320  -19.195  -82.557  -15.599 0.1000000015
3312  -19.105  -82.506  -14.588 0.1000000015
86007  -18.935  -81.840  -14.253 0.1000000015
3735  -18.853  -81.541  -13.411 0.1000000015
90930  -19.533  -82.579  -11.228 0.1000000015
2909  -20.118  -83.646  -16.643 0.1000000015
3331  -19.909  -83.048  -17.090 0.1000000015
87318  -18.829  -81.037  -9.899 0.1000000015
3697  -19.657  -81.257  -9.204 0.1000000015
3698  -21.019  -81.108  -8.499 0.1000000015
4190  -18.670  -80.960  -10.899 0.1000000015
3728  -18.791  -81.766  -12.302 0.1000000015
3719  -18.861  -82.015  -11.230 0.1000000015
99871  -19.388  -82.304  -10.686 0.1000000015
85974  -19.066  -81.704  -15.125 0.1000000015
90312  -19.028  -82.455  -11.897 0.1000000015
3294  -18.998  -82.459  -12.780 0.1000000015
98887  -19.192  -81.929  -15.760 0.1000000015
3753  -19.989  -80.699  -16.135 0.1000000015
3764  -19.843  -81.443  -16.843 0.1000000015
4241  -20.527  -80.684  -16.936 0.1000000015
6659  -18.883  -75.130  -6.147 0.1000000015
6123  -18.758  -77.036  -6.616 0.1000000015
7221  -19.691  -74.595  -6.431 0.1000000015
4181  -18.931  -80.602  -9.242 0.1000000015
91642  -18.866  -80.277  -8.576 0.1000000015
5162  -18.871  -78.953  -7.379 0.1000000015
85367  -19.128  -78.289  -7.156 0.1000000015
83881  -19.201  -77.087  -7.172 0.1000000015
89367  -18.708  -80.192  -10.213 0.1000000015
4174  -19.046  -80.502  -7.702 0.1000000015
96594  -18.772  -79.837  -11.125 0.1000000015
3687  -19.785  -80.853  -8.185 0.1000000015
4206  -18.784  -80.819  -12.689 0.1000000015
4199  -18.682  -81.192  -11.806 0.1000000015
3752  -19.475  -81.433  -15.898 0.1000000015
7205  -20.156  -73.854  -6.050 0.1000000015
88392  -18.961  -75.939  -6.703 0.1000000015
7204  -19.428  -74.318  -5.637 0.1000000015
4664  -18.822  -79.388  -8.264 0.1000000015
5662  -19.379  -77.337  -8.530 0.1000000015
5655  -19.231  -77.656  -7.534 0.1000000015
90525  -19.015  -78.706  -9.027 0.1000000015
5172  -19.081  -78.518  -9.913 0.1000000015
4210  -19.007  -80.499  -13.627 0.1000000015
4216  -19.384  -80.185  -14.392 0.1000000015
4228  -19.483  -80.690  -15.231 0.1000000015
99025  -20.172  -80.151  -15.567 0.1000000015
100079  -18.935  -79.555  -11.676 0.1000000015
6112  -18.330  -76.043  -6.326 0.1000000015
90699  -19.149  -76.437  -7.059 0.1000000015
4696  -19.153  -79.229  -12.205 0.1000000015
100676  -18.448  -77.450  -6.423 0.1000000015
4680  -18.886  -79.217  -10.513 0.1000000015
5177  -19.385  -78.452  -10.770 0.1000000015
5639  -18.085  -76.893  -6.156 0.1000000015
5184  -20.159  -78.342  -11.937 0.1000000015
81448  -20.707  -77.922  -10.716 0.1000000015
6158  -22.375  -77.612  -10.084 0.1000000015
6129  -19.365  -76.262  -7.798 0.1000000015
84732  -19.347  -77.924  -9.224 0.1000000015
5668  -19.628  -77.049  -9.349 0.1000000015
5675  -20.101  -77.685  -10.473 0.1000000015
6155  -19.905  -77.097  -9.735 0.1000000015
5683  -19.892  -78.080  -11.025 0.1000000015
6143  -19.789  -76.435  -9.287 0.1000000015
6701  -19.640  -75.439  -8.435 0.1000000015
6136  -19.574  -76.323  -8.753 0.1000000015
6712  -20.642  -75.860  -9.097 0.1000000015
5674  -19.629  -77.748  -10.116 0.1000000015
81446  -21.272  -78.097  -11.091 0.1000000015
6156  -20.537  -77.375  -9.891 0.1000000015
1216  -22.939  -87.212  -0.426 0.3000000119
1552  -22.689  -87.189  0.429 0.3000000119
1553  -23.227  -86.864  0.285 0.3000000119
1560  -22.518  -87.376  -0.022 0.3000000119
1561  -23.102  -87.104  -0.303 0.3000000119
1922  -22.880  -86.961  1.068 0.1000000015
1923  -23.619  -86.294  0.299 0.2000000030
1929  -21.933  -87.330  -0.298 0.1000000015
1939  -24.399  -86.283  -2.238 0.2000000030
1950  -25.814  -85.467  -2.953 0.2000000030
2367  -27.163  -84.769  -4.194 0.3000000119
2724  -23.490  -83.181  4.149 0.1000000015
2741  -23.577  -83.472  3.465 0.1000000015
2781  -26.446  -84.194  -1.326 0.3000000119
2790  -27.155  -84.510  -2.960 0.3000000119
3135  -23.134  -83.126  3.949 0.1000000015
3144  -23.077  -82.692  3.778 0.1000000015
3146  -25.298  -82.491  2.522 0.4000000060
3154  -14.614  -83.272  1.038 0.1000000015
3156  -21.752  -83.742  1.525 0.1000000015
3206  -28.849  -82.766  -3.396 0.4000000060
3265  -21.367  -81.655  -9.554 0.1000000015
3547  -25.380  -82.031  5.805 0.1000000015
3548  -26.246  -81.510  5.279 0.2000000030
3551  -17.275  -81.171  4.409 0.1000000015
3552  -23.581  -82.024  5.107 0.1000000015
3581  -25.866  -81.330  1.881 0.5000000000
3634  -29.039  -82.016  -3.301 0.3000000119
3646  -28.199  -81.979  -4.974 0.1000000015
3744  -19.003  -81.067  -14.365 0.1000000015
3763  -19.702  -82.303  -17.085 0.1000000015
3991  -17.718  -80.475  6.524 0.1000000015
4003  -17.789  -80.213  5.321 0.1000000015
4006  -26.980  -80.825  6.237 0.1000000015
4016  -26.881  -80.795  4.400 0.4000000060
4028  -27.233  -80.022  3.688 0.5000000000
4053  -25.679  -80.627  1.292 0.3000000119
4072  -25.129  -80.189  0.705 0.5000000000
4133  -27.311  -81.209  -4.768 0.1000000015
4490  -28.974  -79.599  6.325 0.2000000030
4517  -28.857  -79.371  5.022 0.4000000060
4532  -24.837  -79.601  2.829 0.5000000000
4543  -19.773  -79.365  1.983 0.1000000015
4544  -20.309  -79.427  1.359 0.1000000015
4560  -22.141  -80.143  1.525 0.1000000015
4570  -20.053  -79.694  0.609 0.1000000015
4616  -26.653  -79.780  -4.375 0.1000000015
4630  -27.372  -79.867  -4.640 0.1000000015
4670  -18.809  -79.524  -9.437 0.1000000015
4978  -31.096  -77.997  7.559 0.3000000119
4991  -30.895  -78.287  7.128 0.3000000119
5014  -30.015  -78.942  5.419 0.3000000119
5021  -19.494  -78.316  4.166 0.1000000015
5025  -27.821  -79.238  4.245 0.5000000000
5034  -20.626  -78.424  2.629 0.1000000015
5038  -25.940  -79.050  3.874 0.5000000000
5050  -22.160  -78.884  2.484 0.1000000015
5078  -25.111  -78.680  0.143 0.4000000060
5167  -19.022  -78.289  -8.180 0.1000000015
5487  -31.510  -77.566  7.713 0.3000000119
5499  -31.911  -77.493  7.618 0.3000000119
5506  -19.153  -76.968  6.038 0.1000000015
5508  -24.061  -77.759  6.659 0.1000000015
5510  -32.023  -77.647  6.978 0.3000000119
5516  -23.067  -76.943  6.107 0.1000000015
5518  -31.164  -77.475  5.077 0.5000000000
5520  -32.316  -76.866  5.617 0.4000000060
5549  -24.586  -77.326  2.462 0.5000000000
5567  -24.846  -77.385  1.025 0.5000000000
5569  -30.912  -77.913  0.898 0.1000000015
5571  -31.996  -77.403  0.985 0.1000000015
5578  -26.551  -77.824  -0.507 0.4000000060
5649  -19.083  -77.833  -6.833 0.1000000015
5684  -20.367  -78.143  -11.351 0.1000000015
5930  -18.836  -76.931  9.005 0.1000000015
5940  -30.095  -76.769  7.408 0.2000000030
5941  -30.942  -77.242  7.710 0.2000000030
5949  -19.033  -76.747  7.195 0.1000000015
5965  -33.206  -76.715  6.932 0.3000000119
5966  -33.305  -76.158  6.448 0.3000000119
5990  -26.463  -76.473  4.318 0.5000000000
5993  -29.659  -77.258  4.849 0.5000000000
6089  -24.440  -76.817  -3.861 0.1000000015
6115  -33.315  -77.053  -5.597 0.1000000015
6144  -20.156  -76.460  -9.471 0.1000000015
6447  -19.555  -74.854  9.430 0.1000000015
6448  -33.743  -75.107  8.540 0.3000000119
6449  -34.061  -74.896  8.441 0.3000000119
6463  -34.276  -75.147  8.116 0.3000000119
6507  -32.988  -75.997  5.978 0.4000000060
6557  -34.050  -75.239  2.101 0.2000000030
6567  -25.117  -75.216  0.839 0.3000000119
6571  -31.715  -76.452  1.315 0.1000000015
6574  -34.284  -75.617  2.040 0.1000000015
6575  -35.105  -75.245  1.780 0.2000000030
6618  -33.740  -76.212  -2.364 0.1000000015
6667  -33.192  -76.708  -4.978 0.1000000015
6678  -19.396  -75.260  -6.739 0.1000000015
6691  -19.459  -75.589  -7.398 0.1000000015
6694  -35.251  -75.243  -8.704 0.1000000015
6711  -19.835  -75.613  -9.103 0.1000000015
7038  -19.716  -74.910  7.698 0.1000000015
7107  -24.489  -73.970  2.525 0.4000000060
7129  -26.273  -74.844  0.118 0.3000000119
7130  -26.878  -74.405  -0.169 0.3000000119
7166  -32.495  -75.047  -2.543 0.1000000015
7245  -33.504  -74.198  -8.694 0.1000000015
7272  -35.149  -74.874  -10.053 0.1000000015
7651  -30.452  -73.449  5.577 0.5000000000
7670  -24.838  -73.732  3.838 0.4000000060
7750  -38.476  -72.766  -1.760 0.1000000015
7788  -38.445  -72.521  -4.913 0.1000000015
8217  -36.076  -73.332  8.498 0.4000000060
8234  -36.494  -72.812  7.796 0.4000000060
8259  -30.301  -72.078  5.599 0.5000000000
8269  -26.795  -72.587  5.158 0.5000000000
8292  -25.504  -72.904  0.601 0.2000000030
8294  -26.816  -72.340  0.025 0.1000000015
8314  -38.181  -72.588  -1.290 0.1000000015
8338  -38.703  -72.062  -3.326 0.1000000015
8776  -33.861  -72.027  10.603 0.3000000119
8777  -34.738  -71.746  9.780 0.3000000119
8819  -36.088  -72.394  7.250 0.4000000060
8835  -25.481  -71.465  4.780 0.4000000060
8845  -24.455  -71.765  2.418 0.2000000030
8890  -31.560  -71.358  -1.875 0.1000000015
9349  -35.772  -70.485  8.308 0.4000000060
9490  -36.917  -70.608  -6.817 0.1000000015
9889  -29.510  -68.916  11.478 0.1000000015
9903  -30.657  -69.999  11.384 0.2000000030
9922  -34.072  -69.929  8.365 0.4000000060
9937  -34.488  -69.702  7.366 0.4000000060
10049  -29.790  -69.548  -4.711 0.1000000015
10057  -29.732  -69.075  -5.288 0.1000000015
10062  -36.626  -69.468  -5.589 0.1000000015
10063  -37.217  -69.725  -5.901 0.1000000015
10093  -38.317  -69.217  -8.355 0.1000000015
10115  -38.481  -68.872  -9.333 0.1000000015
10500  -30.288  -69.196  11.246 0.2000000030
10501  -30.935  -69.458  11.011 0.2000000030
10538  -32.108  -68.261  8.054 0.3000000119
10541  -35.015  -69.680  6.422 0.4000000060
10549  -36.506  -69.574  6.017 0.5000000000
10561  -32.367  -69.066  4.795 0.4000000060
10562  -37.150  -69.897  5.299 0.5000000000
10563  -37.205  -70.039  4.837 0.3000000119
10687  -31.119  -68.896  -6.060 0.1000000015
10704  -36.793  -68.581  -6.464 0.1000000015
10709  -38.036  -68.742  -7.058 0.1000000015
11191  -27.850  -67.759  5.364 0.3000000119
11207  -37.784  -68.729  3.979 0.3000000119
11228  -35.446  -68.555  3.090 0.3000000119
11244  -37.604  -68.649  2.267 0.3000000119
11246  -39.116  -68.124  1.816 0.2000000030
11331  -33.439  -67.279  -7.403 0.1000000015
11347  -35.450  -66.887  -8.186 0.1000000015
11393  -39.278  -67.393  -10.109 0.1000000015
11424  -39.959  -67.021  -15.035 0.1000000015
11817  -29.254  -67.177  4.898 0.2000000030
11825  -26.542  -67.145  4.989 0.2000000030
11829  -31.370  -67.061  4.003 0.2000000030
11840  -38.805  -67.797  3.052 0.3000000119
11867  -39.188  -67.492  1.345 0.2000000030
11945  -30.417  -66.563  -7.536 0.1000000015
12042  -39.894  -67.061  -15.624 0.1000000015
12467  -30.152  -65.241  7.021 0.3000000119
12504  -30.468  -65.649  3.492 0.1000000015
12505  -32.020  -66.032  2.982 0.2000000030
12538  -38.683  -65.667  0.734 0.2000000030
12566  -39.154  -65.488  -0.688 0.1000000015
12577  -39.215  -65.214  -1.471 0.1000000015
12641  -34.974  -65.769  -9.740 0.1000000015
12688  -39.428  -66.597  -15.347 0.1000000015
13121  -28.054  -65.147  8.143 0.3000000119
13169  -31.398  -64.330  5.467 0.3000000119
13190  -28.770  -65.209  3.941 0.1000000015
13194  -33.845  -65.567  3.824 0.4000000060
13223  -32.001  -64.857  2.134 0.1000000015
13288  -36.652  -64.763  -1.548 0.1000000015
13348  -31.306  -64.380  -9.556 0.1000000015
13360  -32.336  -64.318  -10.413 0.1000000015
13371  -34.096  -64.846  -11.955 0.1000000015
13394  -35.917  -64.227  -14.886 0.1000000015
13400  -34.877  -64.341  -15.214 0.1000000015
13894  -29.410  -63.459  6.119 0.3000000119
13956  -30.797  -64.221  2.121 0.1000000015
13991  -38.673  -64.518  -0.163 0.2000000030
14011  -33.709  -63.673  -1.264 0.1000000015
14014  -39.284  -64.503  -0.993 0.1000000015
14096  -30.370  -63.226  -9.588 0.1000000015
14110  -31.310  -63.301  -10.583 0.1000000015
14122  -32.948  -63.862  -12.103 0.1000000015
14152  -34.421  -63.790  -14.796 0.1000000015
14659  -27.430  -62.181  6.827 0.3000000119
14721  -31.300  -62.633  3.558 0.3000000119
14752  -33.149  -62.359  1.897 0.2000000030
14809  -32.540  -62.302  -2.518 0.1000000015
14910  -33.057  -62.840  -13.155 0.1000000015
15365  -25.237  -60.855  13.076 0.1000000015
15374  -24.973  -61.721  11.757 0.1000000015
15375  -25.325  -60.919  11.612 0.1000000015
15389  -25.400  -61.057  10.766 0.1000000015
15505  -31.068  -61.746  3.402 0.3000000119
15529  -34.034  -61.924  1.164 0.1000000015
15581  -39.834  -62.845  -3.224 0.1000000015
15605  -33.617  -62.248  -3.434 0.1000000015
16152  -25.683  -60.597  13.607 0.1000000015
16182  -26.162  -60.158  10.427 0.1000000015
16215  -26.824  -60.589  7.224 0.3000000119
16258  -29.833  -59.918  4.030 0.3000000119
16286  -33.157  -61.044  0.867 0.1000000015
16312  -34.142  -61.069  0.046 0.1000000015
16475  -30.666  -60.439  -12.468 0.1000000015
16494  -29.776  -59.909  -14.799 0.1000000015
16495  -30.065  -60.261  -14.188 0.1000000015
16933  -26.672  -60.015  11.893 0.1000000015
16976  -26.733  -59.691  8.247 0.2000000030
17028  -30.921  -59.782  2.583 0.3000000119
17029  -31.295  -59.608  2.103 0.3000000119
17063  -33.266  -60.054  0.140 0.1000000015
17099  -34.712  -59.414  -1.590 0.1000000015
17117  -36.070  -59.203  -2.834 0.1000000015
17674  -28.328  -58.331  8.301 0.2000000030
17685  -27.720  -58.560  7.363 0.2000000030
18412  -30.303  -57.393  7.489 0.1000000015
18440  -28.701  -57.555  5.186 0.2000000030
18489  -31.638  -57.499  0.960 0.2000000030
18529  -33.761  -57.413  -1.527 0.1000000015
18647  -32.152  -57.246  -10.872 0.1000000015
19145  -31.631  -55.907  5.743 0.2000000030
19156  -29.937  -56.278  4.223 0.2000000030
19357  -32.154  -56.531  -10.793 0.1000000015
19891  -31.336  -55.375  3.619 0.3000000119
20012  -36.816  -55.892  -3.957 0.1000000015
20087  -31.579  -55.356  -11.061 0.1000000015
20639  -32.462  -54.666  2.366 0.2000000030
20649  -33.867  -54.552  1.922 0.1000000015
20675  -32.910  -54.576  0.440 0.1000000015
20712  -36.313  -53.691  -2.815 0.1000000015
21429  -36.043  -53.686  -2.321 0.1000000015
21461  -36.757  -53.627  -3.140 0.1000000015
81453  -34.991  -74.891  -10.304 0.1000000015
81454  -34.413  -74.577  -9.710 0.1000000015
83132  -21.957  -77.866  -10.815 0.1000000015
83820  -35.050  -73.244  9.328 0.3000000119
84206  -19.382  -76.927  -7.930 0.1000000015
84582  -33.855  -63.009  -14.035 0.1000000015
84797  -27.273  -80.846  -0.396 0.4000000060
84951  -24.690  -75.031  3.337 0.5000000000
85259  -18.541  -78.148  7.197 0.1000000015
85682  -20.724  -78.299  -11.533 0.1000000015
85909  -38.515  -73.256  -3.667 0.1000000015
86595  -24.837  -79.662  6.307 0.1000000015
86716  -23.565  -80.276  4.954 0.1000000015
86953  -24.772  -82.846  4.309 0.2000000030
87014  -23.879  -86.047  -3.003 0.1000000015
87671  -18.778  -80.181  -11.929 0.1000000015
88899  -34.030  -63.307  -14.420 0.1000000015
88960  -24.584  -71.008  3.552 0.3000000119
89286  -31.106  -75.421  0.598 0.1000000015
89395  -31.199  -67.755  -6.882 0.1000000015
89853  -28.802  -74.350  5.005 0.6000000238
89864  -34.343  -58.683  -1.569 0.1000000015
91036  -17.542  -80.856  2.512 0.1000000015
91086  -30.037  -72.809  7.617 0.1000000015
91698  -24.542  -72.843  1.697 0.2000000030
92699  -33.953  -64.395  0.382 0.1000000015
92772  -28.026  -77.097  4.792 0.6000000238
92941  -26.919  -82.786  -4.823 0.2000000030
92999  -27.994  -58.720  6.044 0.2000000030
93932  -35.366  -54.657  -2.680 0.1000000015
94002  -23.870  -86.524  -1.508 0.2000000030
94057  -32.037  -68.595  -6.316 0.1000000015
94139  -31.503  -79.509  -10.365 0.1000000015
94844  -30.429  -81.192  -11.128 0.1000000015
94854  -29.232  -81.283  -13.521 0.1000000015
95702  -29.662  -56.416  4.952 0.1000000015
95722  -24.514  -78.192  2.419 0.5000000000
96073  -30.569  -70.763  10.242 0.1000000015
96319  -25.045  -70.775  4.480 0.4000000060
96619  -31.113  -63.173  1.001 0.1000000015
96909  -29.373  -67.892  5.065 0.3000000119
96973  -31.717  -57.580  -11.912 0.1000000015
97227  -31.438  -55.517  1.906 0.2000000030
97428  -19.363  -82.054  -16.332 0.1000000015
97501  -27.872  -58.726  8.685 0.2000000030
97610  -28.863  -64.024  6.599 0.3000000119
98006  -28.740  -66.497  4.630 0.2000000030
98785  -16.515  -81.700  0.353 0.1000000015
98824  -30.506  -60.320  -11.339 0.1000000015
99121  -24.796  -82.967  3.528 0.2000000030
99565  -31.484  -67.576  4.341 0.3000000119
99587  -33.620  -61.544  -3.657 0.1000000015
99943  -36.059  -65.230  -13.517 0.1000000015
100128  -19.086  -76.897  6.589 0.1000000015
100178  -22.185  -84.223  1.787 0.1000000015
100491  -35.951  -71.601  6.920 0.4000000060
100734  -32.764  -77.575  -6.937 0.1000000015
100793  -28.931  -72.990  5.333 0.4000000060
100837  -32.339  -72.914  6.000 0.5000000000
100907  -25.286  -61.694  10.713 0.1000000015
