#!ascii label  , from subject sub-v2s3x28784_ses-1 vox2ras=TkReg
1460
75273  -40.060  11.101  -1.392 0.0000000000
74546  -54.957  9.800  -6.773 0.0000000000
81772  -47.178  19.108  1.411 0.0000000000
72723  -49.820  7.343  1.284 0.0000000000
74370  -45.117  10.578  9.927 0.0000000000
117686  -44.185  12.813  -6.633 0.0000000000
82494  -51.351  21.086  -8.917 0.0000000000
108141  -42.200  24.782  -7.877 0.0000000000
69417  -40.210  3.091  7.725 0.0000000000
71880  -44.449  7.349  0.006 0.0000000000
73659  -46.909  8.777  -4.058 0.0000000000
76099  -44.811  11.062  -1.254 0.0000000000
83765  -48.320  22.653  2.076 0.0000000000
81101  -52.058  19.411  -2.655 0.0000000000
103405  -48.805  21.358  -3.227 0.0000000000
83869  -46.215  22.463  -8.576 0.0000000000
84434  -45.137  23.717  -3.957 0.0000000000
74577  -50.102  9.617  -10.223 0.0000000000
77556  -37.410  13.807  0.777 0.0000000000
78970  -42.232  16.006  -1.446 0.0000000000
76055  -53.207  12.294  5.003 0.0000000000
72660  -47.231  7.292  5.645 0.0000000000
72713  -41.881  7.158  3.067 0.0000000000
73510  -39.408  8.439  7.561 0.0000000000
76160  -50.128  11.717  -7.877 0.0000000000
76950  -46.190  12.788  -11.643 0.0000000000
78285  -48.214  14.745  -2.200 0.0000000000
80387  -48.073  17.925  -8.119 0.0000000000
79754  -46.892  16.535  -15.511 0.0000000000
81145  -46.780  18.901  -9.959 0.0000000000
83189  -42.671  21.341  -9.777 0.0000000000
104082  -41.684  8.873  -0.323 0.0000000000
74470  -44.206  9.073  -0.763 0.0000000000
75276  -43.184  10.704  -1.074 0.0000000000
83797  -46.477  22.333  0.367 0.0000000000
83094  -50.054  21.874  -0.481 0.0000000000
83098  -46.691  21.755  -1.613 0.0000000000
83122  -46.322  21.631  -3.578 0.0000000000
74556  -52.468  9.536  -8.258 0.0000000000
78238  -36.420  14.916  3.562 0.0000000000
78953  -39.717  15.312  3.418 0.0000000000
74389  -45.725  9.748  7.037 0.0000000000
71835  -44.512  6.541  4.544 0.0000000000
123180  -43.252  8.729  5.646 0.0000000000
70993  -39.073  6.808  10.087 0.0000000000
72706  -35.026  7.750  3.056 0.0000000000
74444  -33.687  9.699  1.198 0.0000000000
110614  -32.068  9.094  2.636 0.0000000000
73617  -51.626  8.294  -1.563 0.0000000000
75325  -45.310  10.365  -5.587 0.0000000000
75328  -48.282  10.397  -5.847 0.0000000000
76157  -46.624  11.539  -7.763 0.0000000000
76188  -47.408  11.464  -9.641 0.0000000000
77617  -45.184  13.515  -8.939 0.0000000000
80325  -44.253  17.816  -0.758 0.0000000000
78972  -45.840  15.064  -1.338 0.0000000000
81076  -47.615  18.174  -1.388 0.0000000000
82463  -52.332  21.989  -5.325 0.0000000000
81118  -50.691  18.454  -5.479 0.0000000000
81148  -51.899  19.148  -9.545 0.0000000000
80412  -49.033  17.340  -11.677 0.0000000000
81166  -51.098  18.929  -13.168 0.0000000000
118901  -47.288  18.209  -13.144 0.0000000000
81861  -48.687  20.098  -10.948 0.0000000000
83866  -43.357  22.654  -7.685 0.0000000000
83902  -44.214  22.735  -11.280 0.0000000000
84467  -41.899  23.373  -11.105 0.0000000000
83187  -40.346  21.770  -9.947 0.0000000000
85012  -40.481  24.604  -8.886 0.0000000000
71872  -46.722  6.426  0.110 0.0000000000
72756  -48.450  7.446  -1.535 0.0000000000
72754  -45.386  7.721  -2.026 0.0000000000
74504  -44.384  9.679  -3.009 0.0000000000
105513  -43.944  11.806  -4.016 0.0000000000
81743  -48.668  19.476  3.209 0.0000000000
81782  -50.249  19.336  0.013 0.0000000000
82425  -51.722  20.746  1.050 0.0000000000
83115  -52.135  22.333  -2.917 0.0000000000
83165  -51.070  22.769  -6.125 0.0000000000
83884  -48.818  22.954  -9.367 0.0000000000
83148  -47.233  21.423  -5.700 0.0000000000
83146  -44.571  21.788  -5.591 0.0000000000
84441  -43.219  23.393  -5.609 0.0000000000
73725  -48.149  8.828  -12.247 0.0000000000
76878  -38.446  12.605  -1.218 0.0000000000
77565  -40.408  13.406  -1.763 0.0000000000
78258  -39.362  14.874  -0.133 0.0000000000
79632  -41.393  16.520  1.526 0.0000000000
80311  -43.968  17.084  4.021 0.0000000000
81056  -42.464  18.670  2.955 0.0000000000
121220  -45.439  18.941  3.274 0.0000000000
73562  -51.543  8.508  3.509 0.0000000000
74404  -50.594  9.647  5.652 0.0000000000
71848  -48.650  6.718  3.212 0.0000000000
71061  -45.440  5.509  2.365 0.0000000000
112483  -42.673  6.622  1.340 0.0000000000
72607  -45.807  7.645  8.847 0.0000000000
69404  -43.429  3.767  8.189 0.0000000000
71785  -42.117  6.985  10.152 0.0000000000
103124  -42.511  9.228  8.968 0.0000000000
72654  -40.945  8.321  5.273 0.0000000000
74463  -37.723  9.565  -0.238 0.0000000000
75333  -55.006  11.747  -5.172 0.0000000000
74507  -49.618  9.282  -3.723 0.0000000000
75330  -51.431  10.831  -5.699 0.0000000000
124552  -52.872  12.082  -8.339 0.0000000000
76204  -51.240  12.134  -11.142 0.0000000000
75382  -49.300  11.518  -12.924 0.0000000000
76225  -48.051  11.339  -15.655 0.0000000000
112958  -43.703  13.711  -1.597 0.0000000000
77576  -46.128  12.744  -1.589 0.0000000000
117670  -45.023  14.766  -4.319 0.0000000000
79659  -50.470  16.768  -2.033 0.0000000000
80359  -47.904  17.227  -4.959 0.0000000000
79703  -45.682  16.294  -7.230 0.0000000000
79054  -46.228  15.610  -10.170 0.0000000000
78350  -46.425  14.282  -13.406 0.0000000000
77639  -45.976  12.924  -14.074 0.0000000000
82506  -47.186  22.110  -10.786 0.0000000000
81847  -45.340  19.502  -8.683 0.0000000000
81124  -43.310  18.507  -6.923 0.0000000000
81829  -41.412  19.574  -6.180 0.0000000000
82471  -39.136  20.388  -6.735 0.0000000000
74467  -41.355  9.796  -0.856 0.0000000000
74476  -42.238  10.190  -1.109 0.0000000000
75274  -40.918  11.072  -1.445 0.0000000000
83803  -46.361  22.412  -0.475 0.0000000000
83810  -45.809  22.960  -1.866 0.0000000000
74557  -53.904  10.045  -7.846 0.0000000000
74378  -45.226  10.479  8.162 0.0000000000
73515  -44.467  9.088  6.385 0.0000000000
73502  -43.971  9.729  7.433 0.0000000000
72673  -34.309  7.525  4.555 0.0000000000
73559  -33.575  8.213  2.972 0.0000000000
107385  -51.140  7.666  1.260 0.0000000000
72747  -50.534  7.609  -0.232 0.0000000000
76127  -44.512  11.375  -6.023 0.0000000000
75340  -45.824  10.797  -6.266 0.0000000000
76155  -44.993  11.987  -7.158 0.0000000000
113875  -45.913  11.816  -8.252 0.0000000000
76930  -44.767  12.878  -7.824 0.0000000000
81064  -45.754  18.563  1.172 0.0000000000
80329  -45.847  17.856  -1.389 0.0000000000
81779  -47.071  19.171  -0.319 0.0000000000
82485  -51.689  21.431  -7.947 0.0000000000
107669  -51.804  19.863  -7.078 0.0000000000
81855  -52.174  19.615  -9.880 0.0000000000
81153  -51.907  18.858  -11.305 0.0000000000
124278  -51.798  19.844  -11.974 0.0000000000
81869  -50.576  19.642  -12.564 0.0000000000
82509  -50.328  20.760  -10.619 0.0000000000
83853  -42.725  22.918  -7.241 0.0000000000
83878  -42.722  23.232  -10.450 0.0000000000
84462  -42.057  23.574  -9.644 0.0000000000
84461  -41.372  23.693  -9.993 0.0000000000
85006  -41.664  24.689  -8.495 0.0000000000
71871  -45.276  6.608  0.435 0.0000000000
72743  -45.888  7.072  -0.974 0.0000000000
72742  -44.703  7.713  -0.630 0.0000000000
74478  -44.334  9.880  -0.896 0.0000000000
112435  -44.427  8.982  -1.501 0.0000000000
75286  -44.468  10.341  -2.125 0.0000000000
75298  -44.243  10.530  -3.419 0.0000000000
76109  -44.352  11.079  -2.863 0.0000000000
82401  -48.507  20.686  3.159 0.0000000000
81729  -51.086  20.310  3.297 0.0000000000
83067  -51.004  22.183  2.840 0.0000000000
83101  -49.764  21.532  -1.475 0.0000000000
83102  -51.307  22.016  -0.922 0.0000000000
83124  -50.374  21.704  -3.314 0.0000000000
83138  -51.902  22.682  -4.590 0.0000000000
83137  -50.178  21.892  -4.843 0.0000000000
83163  -49.094  21.820  -6.254 0.0000000000
103403  -47.945  21.303  -5.033 0.0000000000
83828  -44.983  22.590  -3.764 0.0000000000
83133  -45.396  21.607  -4.589 0.0000000000
83836  -44.498  22.339  -4.504 0.0000000000
83845  -43.490  22.690  -5.719 0.0000000000
120059  -44.408  24.463  -4.861 0.0000000000
74584  -49.025  9.320  -11.461 0.0000000000
77557  -38.061  13.886  -0.101 0.0000000000
78260  -38.929  14.222  -0.562 0.0000000000
78257  -38.700  14.525  0.401 0.0000000000
78950  -40.601  15.750  3.888 0.0000000000
79628  -40.772  16.018  1.845 0.0000000000
79625  -41.881  16.363  3.941 0.0000000000
80314  -42.540  17.039  2.389 0.0000000000
79621  -42.807  16.886  4.128 0.0000000000
81769  -40.714  19.965  0.691 0.0000000000
81737  -43.232  18.911  2.771 0.0000000000
82408  -43.825  20.141  1.286 0.0000000000
82409  -44.914  20.029  1.784 0.0000000000
83088  -44.099  20.979  0.728 0.0000000000
74428  -52.981  9.853  3.791 0.0000000000
75234  -52.125  10.718  4.886 0.0000000000
75215  -49.460  10.894  6.810 0.0000000000
73536  -49.426  8.331  5.592 0.0000000000
73549  -49.797  7.973  4.850 0.0000000000
71838  -48.225  6.945  4.682 0.0000000000
71054  -46.871  5.747  3.058 0.0000000000
71837  -46.592  6.118  4.248 0.0000000000
71844  -43.265  6.539  3.748 0.0000000000
71051  -43.413  5.898  3.323 0.0000000000
71853  -42.375  6.607  2.801 0.0000000000
69402  -41.618  3.795  8.176 0.0000000000
71784  -41.416  6.912  10.108 0.0000000000
106581  -41.099  7.811  10.099 0.0000000000
72604  -41.758  8.096  10.296 0.0000000000
73499  -41.156  8.873  8.269 0.0000000000
73512  -41.283  9.074  7.028 0.0000000000
73529  -39.754  8.531  6.541 0.0000000000
75263  -37.012  10.172  -0.357 0.0000000000
74453  -35.819  9.721  0.292 0.0000000000
75301  -56.010  11.462  -3.497 0.0000000000
73632  -47.715  8.265  -2.917 0.0000000000
73634  -49.523  8.398  -2.626 0.0000000000
74506  -48.845  9.202  -3.866 0.0000000000
75343  -48.778  10.875  -6.572 0.0000000000
115187  -49.898  10.424  -5.453 0.0000000000
76144  -50.356  11.485  -7.073 0.0000000000
75346  -51.642  11.369  -6.494 0.0000000000
76161  -51.272  11.921  -7.898 0.0000000000
76931  -51.969  12.428  -9.816 0.0000000000
76177  -50.221  12.016  -9.079 0.0000000000
76201  -46.908  11.524  -10.711 0.0000000000
76202  -48.530  11.603  -11.329 0.0000000000
107670  -47.563  11.526  -12.280 0.0000000000
76221  -48.796  11.178  -14.804 0.0000000000
103999  -47.448  11.885  -13.785 0.0000000000
78266  -41.892  14.685  -1.887 0.0000000000
77566  -42.253  13.169  -1.882 0.0000000000
78267  -42.957  14.640  -1.906 0.0000000000
112249  -47.316  14.354  -1.299 0.0000000000
77569  -46.591  13.540  -1.083 0.0000000000
78283  -47.220  13.727  -1.909 0.0000000000
110251  -45.845  13.699  -3.092 0.0000000000
78997  -46.988  14.803  -3.236 0.0000000000
106540  -51.977  18.804  -0.987 0.0000000000
81078  -50.278  18.259  -1.173 0.0000000000
81088  -51.490  18.199  -2.391 0.0000000000
81125  -48.938  18.217  -6.991 0.0000000000
105292  -48.906  17.506  -5.233 0.0000000000
80377  -47.521  17.564  -6.709 0.0000000000
80368  -46.605  16.996  -5.812 0.0000000000
80385  -46.807  17.269  -7.331 0.0000000000
79047  -45.943  15.765  -9.204 0.0000000000
80395  -47.475  17.255  -9.060 0.0000000000
79743  -48.622  17.108  -13.749 0.0000000000
79066  -47.224  15.704  -12.729 0.0000000000
115340  -46.595  15.056  -14.585 0.0000000000
76958  -46.948  13.048  -14.402 0.0000000000
78360  -46.463  14.341  -14.579 0.0000000000
77644  -45.259  14.019  -13.478 0.0000000000
79753  -45.375  16.367  -14.889 0.0000000000
80418  -46.729  17.830  -12.048 0.0000000000
80417  -45.933  17.195  -12.156 0.0000000000
111184  -47.140  22.495  -8.608 0.0000000000
83905  -47.938  23.090  -10.805 0.0000000000
83894  -46.675  23.163  -11.306 0.0000000000
83197  -43.134  21.855  -11.336 0.0000000000
82497  -44.714  21.635  -10.473 0.0000000000
82492  -44.086  20.402  -8.671 0.0000000000
81839  -44.076  19.102  -7.638 0.0000000000
82484  -43.257  20.132  -7.845 0.0000000000
81830  -42.314  19.346  -6.501 0.0000000000
82482  -41.601  20.564  -7.801 0.0000000000
83186  -39.458  21.916  -9.392 0.0000000000
82480  -39.428  20.670  -7.757 0.0000000000
83172  -38.085  21.464  -8.085 0.0000000000
83158  -37.694  20.930  -7.361 0.0000000000
72741  -43.121  7.854  -0.113 0.0000000000
73606  -44.377  8.289  -0.735 0.0000000000
74469  -43.510  9.242  -0.615 0.0000000000
75269  -43.450  9.939  -0.780 0.0000000000
114775  -44.121  11.348  -0.866 0.0000000000
111557  -49.491  23.066  1.437 0.0000000000
83804  -48.197  22.204  0.229 0.0000000000
83093  -47.659  21.638  -0.758 0.0000000000
83111  -47.616  21.291  -2.260 0.0000000000
83123  -47.777  21.193  -3.452 0.0000000000
83830  -46.325  21.867  -2.804 0.0000000000
122794  -45.539  22.775  -3.115 0.0000000000
74566  -51.199  9.485  -9.076 0.0000000000
78250  -36.837  14.054  2.271 0.0000000000
120007  -38.093  14.465  1.697 0.0000000000
78240  -38.247  14.775  3.342 0.0000000000
72637  -46.832  7.990  6.118 0.0000000000
71823  -45.694  6.744  5.197 0.0000000000
72658  -45.526  7.699  5.690 0.0000000000
72657  -44.188  7.959  5.318 0.0000000000
72681  -42.171  7.691  4.329 0.0000000000
70218  -39.414  5.040  8.787 0.0000000000
72600  -37.176  7.184  9.581 0.0000000000
73570  -35.295  8.102  2.226 0.0000000000
74452  -35.185  9.407  0.687 0.0000000000
73578  -34.001  8.888  1.708 0.0000000000
74436  -33.201  9.174  1.877 0.0000000000
74532  -45.770  9.655  -4.995 0.0000000000
74522  -47.486  9.410  -4.618 0.0000000000
75326  -46.337  10.241  -5.737 0.0000000000
75342  -47.786  10.762  -6.501 0.0000000000
76158  -47.637  11.439  -7.798 0.0000000000
76176  -49.133  11.737  -8.913 0.0000000000
107397  -47.159  11.467  -8.554 0.0000000000
76186  -45.857  11.882  -9.580 0.0000000000
110747  -45.704  12.932  -10.341 0.0000000000
80326  -43.151  17.219  -1.091 0.0000000000
78971  -43.722  16.049  -1.641 0.0000000000
80328  -44.862  17.637  -1.312 0.0000000000
117420  -46.884  16.255  -1.497 0.0000000000
79645  -48.660  16.039  -1.516 0.0000000000
111208  -52.122  20.650  -3.975 0.0000000000
81109  -51.458  18.504  -3.862 0.0000000000
116426  -51.323  19.046  -5.972 0.0000000000
81134  -50.862  18.961  -7.187 0.0000000000
81141  -49.697  18.465  -8.500 0.0000000000
81146  -48.748  17.844  -9.482 0.0000000000
80405  -50.048  17.865  -11.354 0.0000000000
80413  -50.428  17.905  -12.746 0.0000000000
80436  -48.833  17.971  -14.717 0.0000000000
80435  -47.693  17.894  -15.369 0.0000000000
81164  -49.181  18.844  -14.122 0.0000000000
81156  -48.765  19.216  -12.938 0.0000000000
121249  -47.436  18.999  -10.668 0.0000000000
107675  -44.334  22.571  -8.513 0.0000000000
83880  -45.073  22.765  -9.928 0.0000000000
110423  -44.368  22.842  -10.345 0.0000000000
83207  -43.306  22.532  -11.582 0.0000000000
83196  -42.339  21.844  -11.231 0.0000000000
110779  -41.151  21.487  -9.668 0.0000000000
83195  -40.959  22.456  -10.777 0.0000000000
83877  -40.453  23.129  -10.221 0.0000000000
84458  -39.035  23.575  -8.899 0.0000000000
71874  -48.311  6.727  0.580 0.0000000000
72745  -48.728  7.226  -0.769 0.0000000000
72744  -47.903  7.064  -0.975 0.0000000000
115576  -46.850  7.509  -2.162 0.0000000000
73631  -46.688  7.929  -2.799 0.0000000000
121659  -44.592  8.456  -1.310 0.0000000000
120293  -45.255  8.567  -3.259 0.0000000000
73658  -45.723  8.923  -4.176 0.0000000000
74520  -45.103  9.498  -4.409 0.0000000000
76117  -43.845  11.458  -4.659 0.0000000000
108977  -43.873  12.833  -5.005 0.0000000000
81760  -47.111  18.896  2.866 0.0000000000
81780  -48.048  19.511  0.055 0.0000000000
105706  -49.713  19.479  1.843 0.0000000000
81776  -51.218  19.778  1.212 0.0000000000
107445  -52.541  19.818  -0.984 0.0000000000
83089  -50.865  22.644  0.879 0.0000000000
83096  -51.672  21.876  -1.062 0.0000000000
82435  -52.334  21.983  -2.437 0.0000000000
82452  -52.338  22.060  -4.324 0.0000000000
83151  -52.277  23.030  -5.823 0.0000000000
83179  -51.590  22.952  -7.512 0.0000000000
83898  -50.266  22.708  -9.148 0.0000000000
83856  -50.507  22.679  -7.745 0.0000000000
83177  -48.273  22.074  -7.440 0.0000000000
124795  -46.695  21.906  -7.300 0.0000000000
103404  -47.018  21.370  -4.835 0.0000000000
107498  -46.114  21.460  -5.454 0.0000000000
83176  -45.719  21.916  -7.294 0.0000000000
83867  -44.043  22.205  -6.970 0.0000000000
84448  -42.852  23.068  -6.283 0.0000000000
84440  -42.745  23.898  -6.272 0.0000000000
115990  -38.766  11.829  -1.371 0.0000000000
76090  -40.397  11.844  -1.626 0.0000000000
77564  -39.735  13.427  -1.556 0.0000000000
78264  -40.042  14.083  -1.487 0.0000000000
78964  -40.898  15.584  -1.109 0.0000000000
120191  -39.609  15.271  1.192 0.0000000000
78960  -40.327  15.850  0.519 0.0000000000
79636  -42.041  16.832  -0.516 0.0000000000
80319  -42.499  17.363  0.848 0.0000000000
81062  -44.058  17.892  1.169 0.0000000000
81059  -46.047  17.930  3.274 0.0000000000
81042  -41.240  18.159  3.708 0.0000000000
81032  -43.954  17.600  4.119 0.0000000000
81046  -45.113  17.720  4.076 0.0000000000
123614  -46.238  18.018  3.657 0.0000000000
82398  -46.473  19.156  3.151 0.0000000000
82411  -46.592  20.149  2.771 0.0000000000
83076  -46.454  21.169  1.497 0.0000000000
73573  -52.443  8.693  2.492 0.0000000000
72714  -50.475  7.595  2.478 0.0000000000
75217  -51.298  11.850  6.062 0.0000000000
75225  -51.694  11.167  5.408 0.0000000000
74417  -51.039  9.126  5.021 0.0000000000
110383  -50.288  7.688  3.244 0.0000000000
71866  -49.160  7.027  1.812 0.0000000000
71854  -47.747  6.357  1.992 0.0000000000
71071  -46.049  5.835  1.689 0.0000000000
112238  -44.918  6.131  1.162 0.0000000000
71043  -44.745  5.811  4.000 0.0000000000
71069  -43.883  5.683  1.940 0.0000000000
71870  -43.314  6.713  0.768 0.0000000000
72740  -42.248  8.018  0.150 0.0000000000
70224  -45.395  4.531  8.635 0.0000000000
116774  -41.466  5.406  9.176 0.0000000000
110822  -43.127  5.125  8.604 0.0000000000
71016  -45.212  5.517  8.507 0.0000000000
71787  -43.747  7.572  9.892 0.0000000000
73473  -44.055  8.814  10.894 0.0000000000
74368  -43.689  9.853  9.583 0.0000000000
73501  -42.764  9.381  7.387 0.0000000000
72655  -41.855  8.251  5.061 0.0000000000
72680  -41.292  7.887  4.462 0.0000000000
75265  -38.897  10.449  -0.878 0.0000000000
76084  -37.575  11.326  -0.837 0.0000000000
76875  -37.100  12.481  -0.451 0.0000000000
76872  -36.439  12.761  0.139 0.0000000000
77551  -36.182  13.549  1.685 0.0000000000
74513  -56.634  9.792  -3.905 0.0000000000
75316  -56.465  10.824  -5.397 0.0000000000
75348  -56.258  10.707  -6.884 0.0000000000
73615  -49.871  7.977  -1.918 0.0000000000
73635  -50.374  8.473  -2.480 0.0000000000
120505  -49.291  9.554  -4.260 0.0000000000
74525  -50.833  9.795  -4.282 0.0000000000
74526  -51.853  10.016  -4.274 0.0000000000
75331  -53.043  11.013  -5.450 0.0000000000
104046  -54.345  11.599  -6.747 0.0000000000
76165  -54.486  11.304  -7.804 0.0000000000
75361  -53.410  11.156  -8.684 0.0000000000
75368  -51.967  11.738  -10.113 0.0000000000
75367  -51.233  11.209  -10.449 0.0000000000
76203  -50.253  12.163  -11.431 0.0000000000
119987  -50.979  12.062  -11.561 0.0000000000
74585  -49.931  10.308  -11.355 0.0000000000
74593  -48.683  10.154  -13.161 0.0000000000
74601  -48.038  9.992  -14.811 0.0000000000
74598  -47.047  9.560  -13.656 0.0000000000
76881  -41.854  12.465  -1.749 0.0000000000
76882  -43.027  12.286  -1.523 0.0000000000
76884  -45.095  11.810  -0.793 0.0000000000
78269  -45.202  14.406  -1.340 0.0000000000
115950  -45.575  12.449  -0.945 0.0000000000
76890  -45.718  12.163  -1.163 0.0000000000
76901  -45.449  12.278  -2.348 0.0000000000
77593  -44.341  13.345  -4.321 0.0000000000
110232  -44.441  14.399  -5.458 0.0000000000
81071  -48.756  19.244  -0.859 0.0000000000
120616  -49.323  16.467  -1.594 0.0000000000
78987  -49.285  15.705  -2.261 0.0000000000
111834  -50.345  17.452  -4.036 0.0000000000
79679  -49.265  16.691  -3.811 0.0000000000
79667  -47.987  16.131  -3.642 0.0000000000
112950  -46.495  16.260  -4.528 0.0000000000
79686  -45.579  16.171  -5.765 0.0000000000
79030  -44.660  15.008  -7.337 0.0000000000
78332  -44.878  14.298  -8.544 0.0000000000
78344  -45.651  14.215  -11.012 0.0000000000
79728  -47.461  16.368  -10.870 0.0000000000
109402  -46.335  15.273  -11.141 0.0000000000
118917  -46.501  13.008  -13.109 0.0000000000
76955  -47.098  12.720  -14.388 0.0000000000
104671  -46.969  12.598  -13.761 0.0000000000
79741  -45.158  16.472  -13.622 0.0000000000
83211  -49.398  22.143  -10.290 0.0000000000
82507  -48.056  20.999  -10.562 0.0000000000
81853  -46.618  19.764  -9.615 0.0000000000
83903  -45.946  23.046  -11.204 0.0000000000
82498  -46.133  20.431  -9.646 0.0000000000
81852  -45.906  19.561  -9.134 0.0000000000
81138  -45.110  18.659  -8.336 0.0000000000
80384  -44.223  17.815  -7.674 0.0000000000
80382  -42.957  17.216  -6.878 0.0000000000
82481  -40.464  20.650  -7.757 0.0000000000
82472  -40.123  20.341  -6.783 0.0000000000
85559  -42.550  25.818  -7.542 0.0000000000
85569  -42.233  26.238  -7.599 0.0000000000
85005  -41.151  25.478  -8.380 0.0000000000
85004  -40.092  25.362  -8.242 0.0000000000
85010  -38.637  24.535  -8.404 0.0000000000
75267  -40.628  10.451  -1.157 0.0000000000
75268  -41.365  10.478  -1.243 0.0000000000
74545  -54.007  9.638  -7.095 0.0000000000
75185  -45.770  10.725  10.002 0.0000000000
75196  -45.762  11.103  9.189 0.0000000000
74388  -44.868  9.763  7.148 0.0000000000
74377  -44.412  10.293  8.753 0.0000000000
72648  -34.112  7.504  5.284 0.0000000000
72734  -50.624  7.539  0.723 0.0000000000
123073  -51.020  7.667  0.195 0.0000000000
72733  -49.758  7.354  0.377 0.0000000000
76138  -44.380  12.058  -6.456 0.0000000000
76923  -44.633  12.556  -7.209 0.0000000000
77610  -44.402  13.371  -7.284 0.0000000000
118492  -46.388  18.832  -0.653 0.0000000000
81065  -46.415  18.935  0.546 0.0000000000
81849  -51.977  20.122  -8.866 0.0000000000
108175  -52.037  20.153  -9.651 0.0000000000
82501  -52.122  19.942  -10.573 0.0000000000
82500  -51.166  20.709  -9.932 0.0000000000
82510  -51.653  20.204  -11.258 0.0000000000
84454  -42.236  23.681  -8.280 0.0000000000
85014  -41.613  24.036  -9.119 0.0000000000
121612  -44.813  7.022  0.212 0.0000000000
71881  -45.209  7.213  -0.295 0.0000000000
75278  -44.580  10.511  -1.011 0.0000000000
83065  -48.699  21.964  2.528 0.0000000000
83053  -49.936  21.289  3.363 0.0000000000
83767  -49.637  23.274  2.256 0.0000000000
83112  -48.650  21.325  -2.320 0.0000000000
83113  -50.025  21.524  -2.500 0.0000000000
105704  -50.817  22.024  -4.022 0.0000000000
83136  -49.443  21.579  -4.019 0.0000000000
119024  -48.836  21.485  -4.676 0.0000000000
83135  -48.141  21.238  -4.129 0.0000000000
83837  -44.976  21.879  -4.064 0.0000000000
84433  -44.451  23.354  -4.422 0.0000000000
74565  -50.309  9.143  -9.213 0.0000000000
73709  -49.350  8.858  -9.510 0.0000000000
74576  -49.452  9.270  -10.519 0.0000000000
78256  -38.053  14.313  0.982 0.0000000000
79619  -41.301  16.056  4.246 0.0000000000
79620  -41.679  16.616  4.179 0.0000000000
81771  -42.910  20.069  0.947 0.0000000000
75235  -52.949  11.661  4.518 0.0000000000
75226  -52.426  11.670  4.998 0.0000000000
72662  -48.900  7.554  5.082 0.0000000000
71825  -47.573  6.878  5.098 0.0000000000
109389  -47.402  6.516  4.432 0.0000000000
72700  -42.493  7.047  3.557 0.0000000000
71852  -41.761  7.140  2.391 0.0000000000
72712  -41.189  7.619  3.103 0.0000000000
69401  -40.751  3.639  8.078 0.0000000000
72603  -40.262  7.854  9.707 0.0000000000
72621  -39.779  8.253  8.653 0.0000000000
73488  -41.113  8.321  9.422 0.0000000000
73511  -40.362  8.749  7.520 0.0000000000
73595  -36.950  8.674  0.651 0.0000000000
74454  -36.753  9.382  0.120 0.0000000000
73594  -35.958  8.891  0.687 0.0000000000
75300  -53.568  10.368  -4.068 0.0000000000
120117  -47.601  8.615  -3.592 0.0000000000
73648  -48.358  8.697  -3.439 0.0000000000
74505  -47.980  9.052  -4.036 0.0000000000
76143  -49.085  11.394  -7.392 0.0000000000
116910  -49.597  11.265  -6.872 0.0000000000
104496  -51.305  12.337  -9.090 0.0000000000
76211  -46.622  11.868  -11.702 0.0000000000
78969  -41.684  15.516  -1.512 0.0000000000
109201  -42.472  15.408  -1.719 0.0000000000
78273  -48.009  14.699  -1.774 0.0000000000
78272  -47.429  14.258  -1.449 0.0000000000
78284  -47.621  14.218  -1.782 0.0000000000
78297  -47.578  14.276  -2.394 0.0000000000
117210  -47.784  14.883  -2.826 0.0000000000
81089  -52.161  19.079  -1.718 0.0000000000
81079  -51.160  18.243  -1.464 0.0000000000
81132  -48.826  18.243  -7.837 0.0000000000
121621  -48.335  17.856  -6.579 0.0000000000
80378  -48.147  17.918  -7.297 0.0000000000
80386  -47.477  17.593  -7.684 0.0000000000
80394  -46.933  17.196  -8.316 0.0000000000
79749  -48.395  17.334  -15.002 0.0000000000
104965  -47.957  16.699  -14.312 0.0000000000
79071  -46.755  15.842  -15.005 0.0000000000
78361  -46.562  14.813  -14.506 0.0000000000
79078  -46.527  15.930  -15.113 0.0000000000
79076  -45.703  15.731  -14.853 0.0000000000
79761  -46.261  16.717  -15.627 0.0000000000
80410  -46.786  18.265  -10.917 0.0000000000
80409  -46.096  17.533  -11.085 0.0000000000
80402  -46.153  18.046  -10.059 0.0000000000
83882  -46.684  23.157  -10.253 0.0000000000
83190  -43.803  21.418  -9.983 0.0000000000
108769  -43.289  20.832  -8.866 0.0000000000
82491  -42.506  20.674  -8.425 0.0000000000
82483  -42.466  20.251  -7.482 0.0000000000
83185  -38.641  22.305  -8.766 0.0000000000
83173  -38.888  21.279  -8.503 0.0000000000
107303  -42.749  8.625  -0.384 0.0000000000
75277  -44.335  10.498  -0.841 0.0000000000
83798  -47.661  22.372  0.862 0.0000000000
105780  -47.122  22.142  -0.053 0.0000000000
83092  -46.828  21.775  -0.944 0.0000000000
83099  -47.254  21.470  -1.552 0.0000000000
83100  -48.241  21.364  -1.501 0.0000000000
83110  -46.836  21.555  -2.215 0.0000000000
83821  -46.309  22.183  -2.083 0.0000000000
110677  -45.535  23.795  -2.074 0.0000000000
116308  -45.605  23.269  -2.625 0.0000000000
106862  -45.457  23.629  -3.333 0.0000000000
74567  -52.064  9.827  -9.044 0.0000000000
78245  -36.738  14.354  3.050 0.0000000000
78246  -37.499  14.454  2.836 0.0000000000
78239  -37.380  14.810  3.447 0.0000000000
74390  -46.558  9.776  6.960 0.0000000000
73517  -46.315  8.857  6.458 0.0000000000
72636  -46.103  8.142  6.018 0.0000000000
73516  -45.392  8.818  6.260 0.0000000000
73533  -43.874  8.688  5.799 0.0000000000
73534  -44.737  8.232  5.755 0.0000000000
72656  -43.386  8.153  5.170 0.0000000000
72675  -36.460  7.495  4.323 0.0000000000
72693  -35.697  7.565  3.679 0.0000000000
72707  -35.913  7.756  2.887 0.0000000000
73579  -34.805  8.597  1.597 0.0000000000
73560  -34.342  8.244  2.440 0.0000000000
73568  -32.830  8.724  2.621 0.0000000000
74435  -32.446  9.403  2.113 0.0000000000
74533  -46.904  9.746  -5.210 0.0000000000
76140  -46.279  11.325  -6.914 0.0000000000
75341  -46.815  10.755  -6.409 0.0000000000
76141  -47.241  11.274  -7.059 0.0000000000
76173  -45.624  12.138  -8.773 0.0000000000
124147  -45.998  11.757  -8.994 0.0000000000
76939  -45.558  12.666  -9.426 0.0000000000
80327  -43.852  17.367  -1.185 0.0000000000
80330  -46.669  18.002  -1.465 0.0000000000
112069  -46.515  17.230  -1.530 0.0000000000
109539  -47.874  15.600  -1.465 0.0000000000
114050  -47.522  16.967  -1.478 0.0000000000
81816  -52.058  20.519  -4.889 0.0000000000
81833  -51.881  20.164  -6.056 0.0000000000
81840  -51.667  19.422  -7.684 0.0000000000
81142  -51.129  19.073  -8.345 0.0000000000
81133  -49.858  18.587  -7.558 0.0000000000
105491  -50.552  18.598  -9.505 0.0000000000
81147  -49.672  18.050  -10.090 0.0000000000
81158  -51.782  19.060  -12.412 0.0000000000
81152  -51.083  18.469  -12.043 0.0000000000
81157  -51.019  18.549  -13.126 0.0000000000
80420  -50.331  18.151  -13.703 0.0000000000
81165  -50.515  18.664  -13.646 0.0000000000
81170  -49.114  18.410  -14.456 0.0000000000
81171  -50.061  18.913  -14.040 0.0000000000
81862  -49.892  20.191  -11.365 0.0000000000
81868  -49.309  19.661  -12.016 0.0000000000
81867  -48.226  19.364  -11.410 0.0000000000
83879  -43.444  22.866  -9.340 0.0000000000
83890  -42.648  23.026  -11.537 0.0000000000
122737  -42.860  22.161  -11.596 0.0000000000
83901  -42.517  22.587  -11.655 0.0000000000
83206  -41.683  22.474  -11.350 0.0000000000
84469  -41.923  23.161  -11.535 0.0000000000
84460  -40.759  23.763  -9.799 0.0000000000
84459  -39.949  23.759  -9.341 0.0000000000
71873  -47.562  6.497  0.279 0.0000000000
71884  -48.142  6.833  -0.240 0.0000000000
71883  -47.363  6.677  -0.478 0.0000000000
111390  -45.808  7.387  -1.656 0.0000000000
71892  -46.567  7.203  -1.530 0.0000000000
72768  -46.097  7.544  -2.234 0.0000000000
106856  -45.674  7.994  -2.766 0.0000000000
73630  -44.594  8.934  -2.699 0.0000000000
119989  -44.876  9.183  -3.694 0.0000000000
74519  -44.495  9.896  -4.034 0.0000000000
118661  -43.968  11.182  -3.914 0.0000000000
75309  -44.151  10.678  -4.387 0.0000000000
76116  -43.744  12.165  -4.905 0.0000000000
81761  -47.765  19.243  2.968 0.0000000000
103595  -48.754  19.359  2.251 0.0000000000
81762  -49.354  19.339  2.781 0.0000000000
82413  -51.714  20.782  2.278 0.0000000000
81763  -50.976  19.708  2.244 0.0000000000
81777  -51.590  20.092  1.750 0.0000000000
119448  -52.294  19.751  -0.154 0.0000000000
122908  -52.143  20.232  0.183 0.0000000000
83805  -49.503  22.486  0.478 0.0000000000
83800  -50.317  23.024  1.211 0.0000000000
83806  -50.729  22.418  0.308 0.0000000000
83103  -51.999  22.252  -2.038 0.0000000000
82429  -52.235  21.349  -1.568 0.0000000000
117063  -52.283  22.212  -3.119 0.0000000000
83126  -52.050  22.350  -3.777 0.0000000000
83150  -51.485  22.785  -5.469 0.0000000000
83838  -52.165  23.096  -5.565 0.0000000000
83847  -51.902  23.218  -6.003 0.0000000000
83872  -52.057  23.161  -6.908 0.0000000000
83857  -51.639  23.126  -6.772 0.0000000000
83164  -50.239  22.409  -6.657 0.0000000000
105699  -48.154  21.469  -5.954 0.0000000000
121555  -48.401  21.759  -6.671 0.0000000000
83162  -47.550  21.677  -6.687 0.0000000000
121635  -47.521  22.086  -7.631 0.0000000000
103279  -47.146  21.338  -3.989 0.0000000000
83134  -46.245  21.507  -4.375 0.0000000000
83147  -45.142  21.580  -5.277 0.0000000000
121778  -46.086  21.607  -6.476 0.0000000000
83160  -45.245  21.635  -6.195 0.0000000000
83175  -44.851  22.013  -7.206 0.0000000000
83159  -44.519  21.858  -6.348 0.0000000000
73717  -48.144  8.228  -11.212 0.0000000000
73724  -47.345  8.074  -12.377 0.0000000000
114920  -39.147  12.413  -1.472 0.0000000000
77563  -39.159  13.089  -1.425 0.0000000000
78261  -39.645  14.592  -0.962 0.0000000000
78262  -40.404  14.868  -1.328 0.0000000000
78963  -40.103  15.387  -0.510 0.0000000000
78952  -38.936  14.761  3.013 0.0000000000
78252  -38.665  14.667  1.659 0.0000000000
78956  -39.478  15.142  2.078 0.0000000000
79631  -40.864  16.350  0.617 0.0000000000
79635  -41.423  16.737  0.127 0.0000000000
80322  -42.029  17.168  0.137 0.0000000000
80318  -41.929  17.003  1.164 0.0000000000
109484  -43.297  16.979  3.489 0.0000000000
80315  -43.832  17.502  2.557 0.0000000000
81063  -44.943  18.172  1.528 0.0000000000
80316  -44.701  17.501  3.840 0.0000000000
81755  -41.544  19.472  1.390 0.0000000000
117082  -40.455  18.654  2.688 0.0000000000
81055  -41.343  18.721  2.540 0.0000000000
81043  -42.043  18.066  3.881 0.0000000000
81738  -44.175  18.576  3.463 0.0000000000
81739  -45.296  18.107  4.114 0.0000000000
112256  -45.796  17.844  3.919 0.0000000000
81740  -46.043  18.267  3.659 0.0000000000
81047  -46.476  18.520  3.290 0.0000000000
82410  -45.754  20.349  1.943 0.0000000000
82412  -47.224  20.653  2.383 0.0000000000
82424  -45.513  21.252  1.069 0.0000000000
74429  -53.709  10.986  3.270 0.0000000000
74427  -52.126  9.216  4.050 0.0000000000
73563  -52.282  8.956  3.276 0.0000000000
73572  -51.727  8.302  2.731 0.0000000000
72702  -51.018  7.989  2.963 0.0000000000
74394  -50.071  10.211  6.248 0.0000000000
75216  -50.328  11.250  6.486 0.0000000000
75224  -50.862  10.697  5.826 0.0000000000
74405  -51.379  10.111  5.309 0.0000000000
72685  -49.269  7.452  4.314 0.0000000000
72686  -50.061  7.793  4.040 0.0000000000
72701  -49.446  7.298  3.455 0.0000000000
122157  -49.861  7.399  2.791 0.0000000000
71856  -49.258  7.039  2.639 0.0000000000
71855  -48.524  6.631  2.366 0.0000000000
71062  -46.422  5.695  2.404 0.0000000000
117127  -45.365  5.793  1.628 0.0000000000
71070  -44.678  5.660  1.828 0.0000000000
123450  -45.089  6.641  4.913 0.0000000000
71836  -45.307  6.210  4.579 0.0000000000
71050  -42.962  6.064  2.691 0.0000000000
71059  -43.600  5.653  2.644 0.0000000000
71068  -43.143  6.002  2.026 0.0000000000
71860  -43.557  6.253  1.374 0.0000000000
72730  -42.754  7.233  0.514 0.0000000000
117453  -44.964  8.587  9.899 0.0000000000
107472  -43.847  3.015  8.412 0.0000000000
68570  -44.734  3.223  8.729 0.0000000000
69390  -45.548  3.710  8.969 0.0000000000
69405  -44.220  3.893  8.362 0.0000000000
70994  -39.884  5.868  9.424 0.0000000000
71013  -40.778  5.205  9.020 0.0000000000
70996  -41.857  6.079  9.595 0.0000000000
121343  -42.849  5.992  9.423 0.0000000000
71015  -43.683  5.442  8.705 0.0000000000
71801  -43.689  6.363  9.273 0.0000000000
71802  -44.547  6.535  8.891 0.0000000000
71786  -42.958  7.203  9.923 0.0000000000
72605  -42.692  8.463  10.481 0.0000000000
72587  -43.166  8.263  10.646 0.0000000000
73472  -43.526  8.775  10.792 0.0000000000
73491  -43.971  9.251  11.006 0.0000000000
73490  -43.230  9.138  10.389 0.0000000000
120644  -43.194  9.572  8.354 0.0000000000
73530  -40.646  8.691  6.247 0.0000000000
73531  -41.573  8.800  5.913 0.0000000000
72679  -40.413  7.911  4.589 0.0000000000
74456  -38.510  9.173  0.125 0.0000000000
73598  -39.303  8.888  0.666 0.0000000000
74464  -38.648  9.766  -0.422 0.0000000000
76088  -38.352  11.178  -1.125 0.0000000000
75264  -37.891  10.440  -0.673 0.0000000000
75262  -36.408  10.823  -0.378 0.0000000000
76083  -36.811  11.608  -0.518 0.0000000000
74451  -34.495  9.898  0.687 0.0000000000
113585  -35.165  10.043  0.417 0.0000000000
75256  -34.742  10.630  0.443 0.0000000000
76868  -35.233  12.592  0.870 0.0000000000
77554  -35.882  12.963  0.815 0.0000000000
77550  -35.352  13.119  1.494 0.0000000000
73652  -56.767  8.689  -3.501 0.0000000000
74496  -56.465  10.113  -2.817 0.0000000000
76118  -55.759  11.770  -5.095 0.0000000000
75315  -56.067  11.556  -4.608 0.0000000000
76119  -56.082  11.627  -5.436 0.0000000000
75334  -56.486  10.431  -6.323 0.0000000000
76130  -55.706  11.841  -6.016 0.0000000000
72757  -49.325  7.536  -1.371 0.0000000000
73649  -49.184  8.798  -3.284 0.0000000000
74534  -47.891  9.946  -5.196 0.0000000000
74523  -48.532  9.618  -4.577 0.0000000000
74535  -48.665  10.130  -5.221 0.0000000000
75329  -50.605  10.584  -5.546 0.0000000000
75311  -50.299  10.170  -4.863 0.0000000000
75312  -51.161  10.344  -4.941 0.0000000000
103041  -52.081  10.628  -5.140 0.0000000000
75299  -52.811  10.463  -4.594 0.0000000000
76146  -52.684  11.776  -7.310 0.0000000000
76147  -53.724  11.660  -7.416 0.0000000000
76148  -54.596  11.516  -7.505 0.0000000000
76164  -53.889  11.586  -8.047 0.0000000000
75362  -53.814  11.405  -8.238 0.0000000000
76179  -53.117  11.863  -8.624 0.0000000000
76192  -51.619  12.222  -10.505 0.0000000000
76193  -52.100  12.261  -9.845 0.0000000000
75375  -51.430  12.124  -10.923 0.0000000000
76189  -48.823  11.715  -9.971 0.0000000000
103928  -49.234  11.505  -13.074 0.0000000000
117482  -50.233  11.855  -12.125 0.0000000000
75373  -50.444  11.712  -12.038 0.0000000000
74594  -49.533  10.718  -12.497 0.0000000000
75381  -49.313  11.049  -13.636 0.0000000000
76226  -48.516  11.183  -15.838 0.0000000000
75392  -48.563  10.702  -15.142 0.0000000000
75390  -48.579  11.115  -15.397 0.0000000000
75385  -47.543  10.683  -15.039 0.0000000000
76880  -40.817  12.596  -1.806 0.0000000000
114504  -41.277  13.319  -1.950 0.0000000000
77567  -43.341  13.001  -1.574 0.0000000000
76883  -44.101  12.168  -1.114 0.0000000000
77568  -44.579  12.663  -1.109 0.0000000000
111761  -44.712  15.668  -1.584 0.0000000000
109700  -44.157  15.237  -1.646 0.0000000000
112640  -46.014  13.245  -0.933 0.0000000000
76886  -46.017  12.742  -1.035 0.0000000000
76885  -45.590  12.177  -0.938 0.0000000000
78996  -45.792  14.708  -3.655 0.0000000000
78295  -44.955  14.123  -3.858 0.0000000000
78304  -44.546  14.255  -4.693 0.0000000000
79005  -44.746  15.012  -4.973 0.0000000000
81781  -49.118  19.569  -0.145 0.0000000000
81786  -49.788  19.082  -0.755 0.0000000000
79647  -50.416  17.433  -1.647 0.0000000000
80332  -49.594  17.508  -1.458 0.0000000000
79646  -49.967  16.500  -1.779 0.0000000000
78976  -49.264  15.790  -1.851 0.0000000000
79658  -49.891  16.218  -2.118 0.0000000000
81108  -51.146  18.482  -4.651 0.0000000000
103089  -50.935  17.851  -4.010 0.0000000000
80361  -50.407  17.903  -4.700 0.0000000000
114183  -48.802  17.120  -4.524 0.0000000000
79668  -48.933  15.894  -3.126 0.0000000000
79677  -47.440  16.560  -4.321 0.0000000000
79008  -47.305  15.696  -3.624 0.0000000000
79704  -46.280  16.876  -7.034 0.0000000000
79696  -46.046  16.658  -6.309 0.0000000000
79695  -45.475  16.132  -6.467 0.0000000000
79023  -45.061  15.662  -6.123 0.0000000000
79031  -45.073  15.662  -6.929 0.0000000000
79037  -44.784  14.927  -8.075 0.0000000000
107544  -45.150  15.553  -7.787 0.0000000000
79719  -46.634  16.279  -9.564 0.0000000000
79046  -45.491  15.058  -9.745 0.0000000000
79053  -45.758  14.812  -10.653 0.0000000000
80404  -48.869  17.597  -10.434 0.0000000000
80411  -48.135  17.033  -10.629 0.0000000000
79729  -48.151  16.758  -11.469 0.0000000000
79059  -46.518  15.108  -12.264 0.0000000000
78349  -46.039  14.459  -11.857 0.0000000000
77634  -46.421  13.562  -13.277 0.0000000000
76954  -46.665  12.557  -14.290 0.0000000000
110256  -46.206  12.168  -13.575 0.0000000000
76218  -46.344  11.619  -13.461 0.0000000000
76953  -45.699  12.551  -13.300 0.0000000000
80426  -47.438  18.261  -14.557 0.0000000000
80433  -45.708  17.204  -14.577 0.0000000000
80425  -46.512  17.649  -13.566 0.0000000000
79733  -44.377  16.020  -11.770 0.0000000000
79734  -45.134  16.518  -12.384 0.0000000000
83897  -49.335  22.964  -9.737 0.0000000000
83202  -49.751  22.575  -9.836 0.0000000000
83201  -48.818  22.893  -10.328 0.0000000000
83904  -47.141  23.117  -11.186 0.0000000000
83209  -47.910  22.613  -10.816 0.0000000000
81854  -47.252  20.406  -10.148 0.0000000000
82499  -46.731  20.767  -10.098 0.0000000000
83892  -44.824  22.962  -11.163 0.0000000000
83893  -45.821  23.106  -11.063 0.0000000000
83208  -45.093  22.917  -11.195 0.0000000000
82493  -44.980  20.431  -9.093 0.0000000000
116529  -45.588  21.102  -9.904 0.0000000000
120114  -45.600  20.126  -9.175 0.0000000000
81139  -45.666  18.815  -8.843 0.0000000000
81130  -43.872  18.489  -7.381 0.0000000000
80383  -43.594  17.655  -7.242 0.0000000000
80375  -43.064  17.918  -6.714 0.0000000000
81123  -42.677  18.545  -6.538 0.0000000000
82474  -42.009  20.086  -6.804 0.0000000000
81122  -41.893  18.554  -6.085 0.0000000000
119183  -40.622  19.412  -5.805 0.0000000000
82489  -40.863  21.169  -8.736 0.0000000000
86162  -42.171  26.480  -7.436 0.0000000000
85568  -41.622  26.153  -7.815 0.0000000000
85566  -39.617  25.801  -7.586 0.0000000000
85003  -39.076  25.357  -8.152 0.0000000000
74468  -42.451  9.424  -0.699 0.0000000000
75275  -41.909  10.928  -1.409 0.0000000000
84404  -45.827  22.841  -0.195 0.0000000000
84411  -45.805  22.935  -0.952 0.0000000000
84965  -45.439  24.563  -2.390 0.0000000000
74569  -53.382  10.213  -8.359 0.0000000000
78948  -37.110  15.388  3.686 0.0000000000
74379  -45.970  10.728  7.859 0.0000000000
120193  -43.829  9.183  6.492 0.0000000000
103791  -34.826  7.529  3.987 0.0000000000
72692  -34.222  7.788  3.326 0.0000000000
72691  -33.549  7.789  3.676 0.0000000000
72725  -51.738  7.930  1.358 0.0000000000
72735  -51.478  7.780  0.568 0.0000000000
72748  -51.398  7.821  -0.210 0.0000000000
72759  -51.079  7.929  -0.945 0.0000000000
109576  -44.992  10.905  -6.028 0.0000000000
76139  -45.203  11.431  -6.672 0.0000000000
76156  -45.691  11.713  -7.441 0.0000000000
76924  -45.244  12.276  -7.891 0.0000000000
115365  -45.185  12.796  -8.487 0.0000000000
81068  -44.954  18.316  -0.335 0.0000000000
81073  -45.450  18.289  -1.076 0.0000000000
81069  -45.782  18.647  -0.458 0.0000000000
81074  -46.102  18.459  -1.153 0.0000000000
81075  -46.864  18.707  -1.116 0.0000000000
82475  -52.210  21.764  -6.453 0.0000000000
122275  -51.939  20.528  -6.695 0.0000000000
81841  -51.855  20.031  -7.945 0.0000000000
81848  -51.975  19.560  -8.717 0.0000000000
118574  -51.706  18.802  -10.320 0.0000000000
81154  -52.168  19.151  -10.569 0.0000000000
81159  -52.155  19.272  -11.482 0.0000000000
81870  -51.475  19.471  -12.541 0.0000000000
81874  -50.673  19.188  -13.353 0.0000000000
82515  -51.244  20.116  -11.898 0.0000000000
83865  -42.732  23.007  -8.568 0.0000000000
84466  -41.243  23.234  -10.947 0.0000000000
85013  -41.138  24.405  -9.071 0.0000000000
109829  -46.012  6.395  0.454 0.0000000000
71882  -46.629  6.762  -0.728 0.0000000000
105520  -45.962  6.686  -0.203 0.0000000000
103853  -45.302  7.529  -1.202 0.0000000000
74491  -44.408  9.683  -1.687 0.0000000000
110804  -44.532  11.770  -3.034 0.0000000000
81726  -48.443  19.871  3.372 0.0000000000
81744  -49.700  19.522  3.239 0.0000000000
82389  -49.859  20.348  3.528 0.0000000000
82391  -51.291  21.202  3.291 0.0000000000
83079  -51.323  21.913  1.693 0.0000000000
106170  -51.309  22.009  -1.921 0.0000000000
83114  -51.616  22.207  -2.662 0.0000000000
83125  -51.792  22.367  -3.479 0.0000000000
106387  -50.088  22.110  -5.763 0.0000000000
83149  -48.959  21.601  -5.408 0.0000000000
83829  -45.615  22.084  -3.406 0.0000000000
83121  -45.619  21.720  -3.947 0.0000000000
83132  -44.689  21.823  -4.764 0.0000000000
83846  -44.157  22.258  -5.222 0.0000000000
83835  -43.850  22.887  -5.034 0.0000000000
84982  -43.755  23.884  -5.096 0.0000000000
73708  -48.764  8.657  -10.340 0.0000000000
108158  -37.857  13.052  -0.647 0.0000000000
77560  -38.602  13.481  -0.945 0.0000000000
78954  -40.308  15.527  2.797 0.0000000000
79624  -41.203  15.882  3.558 0.0000000000
80313  -42.038  16.538  2.806 0.0000000000
80310  -42.725  16.764  3.842 0.0000000000
116696  -43.464  16.876  4.138 0.0000000000
81756  -42.581  19.500  1.671 0.0000000000
81757  -43.494  19.503  2.000 0.0000000000
81758  -44.551  19.296  2.750 0.0000000000
74420  -53.447  11.454  3.970 0.0000000000
74419  -52.628  10.256  4.355 0.0000000000
74393  -49.236  9.834  6.555 0.0000000000
74403  -49.817  9.190  6.029 0.0000000000
73537  -50.279  8.692  5.354 0.0000000000
72684  -48.757  7.225  4.505 0.0000000000
71839  -48.707  7.041  3.980 0.0000000000
71847  -47.777  6.212  2.958 0.0000000000
108558  -48.008  6.571  3.818 0.0000000000
71846  -47.206  6.108  3.685 0.0000000000
120515  -46.492  5.776  3.612 0.0000000000
71834  -43.782  6.797  4.234 0.0000000000
71845  -43.898  5.995  3.971 0.0000000000
71843  -42.872  6.320  3.211 0.0000000000
71859  -42.472  6.477  2.144 0.0000000000
104003  -42.013  6.939  1.687 0.0000000000
71781  -38.494  7.153  10.058 0.0000000000
71783  -39.965  6.807  10.103 0.0000000000
71782  -39.551  7.283  10.138 0.0000000000
72584  -40.661  7.315  10.146 0.0000000000
72585  -41.553  7.576  10.302 0.0000000000
72586  -42.301  7.850  10.455 0.0000000000
73489  -41.855  8.708  9.242 0.0000000000
73500  -41.921  9.229  7.866 0.0000000000
119398  -39.943  8.224  5.447 0.0000000000
73583  -38.232  8.332  1.367 0.0000000000
74455  -37.638  8.938  0.273 0.0000000000
75258  -36.297  10.126  -0.105 0.0000000000
75257  -35.606  10.611  0.038 0.0000000000
75289  -56.233  11.039  -3.125 0.0000000000
103555  -54.607  11.130  -4.208 0.0000000000
72770  -48.138  7.846  -2.222 0.0000000000
72771  -49.025  7.832  -2.106 0.0000000000
73633  -48.664  8.344  -2.759 0.0000000000
110139  -49.200  10.494  -5.789 0.0000000000
122325  -49.391  10.833  -6.368 0.0000000000
75344  -50.081  10.894  -6.243 0.0000000000
121126  -50.910  11.004  -6.127 0.0000000000
75345  -50.947  11.435  -6.790 0.0000000000
76145  -51.723  11.716  -7.284 0.0000000000
76162  -52.298  12.140  -8.174 0.0000000000
76178  -52.615  12.246  -8.770 0.0000000000
103509  -52.140  12.408  -8.957 0.0000000000
76191  -51.254  12.385  -10.361 0.0000000000
76213  -48.993  11.262  -14.110 0.0000000000
76212  -48.389  11.482  -13.749 0.0000000000
76220  -48.264  11.575  -15.150 0.0000000000
78265  -40.947  14.212  -1.789 0.0000000000
113395  -41.742  13.892  -2.029 0.0000000000
112959  -42.600  13.886  -1.974 0.0000000000
110578  -46.844  14.520  -1.148 0.0000000000
78270  -46.476  13.942  -0.992 0.0000000000
78271  -47.081  13.952  -1.044 0.0000000000
77570  -47.139  13.867  -1.316 0.0000000000
77577  -46.595  13.418  -1.367 0.0000000000
77588  -46.524  13.326  -2.185 0.0000000000
78296  -46.814  13.965  -2.758 0.0000000000
81787  -51.092  18.677  -0.565 0.0000000000
80333  -50.828  17.589  -2.000 0.0000000000
80343  -50.855  17.331  -2.581 0.0000000000
119928  -49.932  18.365  -5.969 0.0000000000
81117  -49.744  17.915  -5.338 0.0000000000
80379  -49.101  17.952  -6.098 0.0000000000
80370  -48.134  17.624  -5.872 0.0000000000
80369  -47.260  17.327  -5.806 0.0000000000
108044  -46.309  16.702  -7.822 0.0000000000
79039  -45.767  16.028  -8.273 0.0000000000
79711  -46.432  16.464  -8.722 0.0000000000
79712  -46.952  16.812  -9.119 0.0000000000
79727  -46.890  16.202  -10.247 0.0000000000
79736  -48.483  16.867  -12.477 0.0000000000
79742  -47.925  16.380  -13.218 0.0000000000
79072  -47.214  15.902  -14.220 0.0000000000
79065  -46.667  15.043  -13.560 0.0000000000
77640  -47.002  13.188  -14.469 0.0000000000
78355  -46.783  14.020  -14.537 0.0000000000
77646  -46.884  13.590  -14.532 0.0000000000
77645  -46.452  13.671  -14.253 0.0000000000
78359  -45.431  14.571  -14.216 0.0000000000
79070  -44.909  15.535  -14.260 0.0000000000
79726  -45.315  16.749  -11.176 0.0000000000
83883  -47.765  23.056  -9.744 0.0000000000
83896  -48.385  23.135  -10.324 0.0000000000
83895  -47.443  23.227  -10.923 0.0000000000
83198  -43.978  22.118  -11.297 0.0000000000
124751  -44.615  22.432  -11.197 0.0000000000
124190  -44.451  21.036  -9.466 0.0000000000
81846  -44.599  19.463  -8.209 0.0000000000
81845  -43.904  19.658  -7.854 0.0000000000
81831  -42.938  19.121  -6.790 0.0000000000
81837  -42.779  19.765  -7.013 0.0000000000
83174  -39.815  21.235  -8.731 0.0000000000
82479  -38.528  20.772  -7.585 0.0000000000
82470  -38.229  20.501  -6.613 0.0000000000
103114  -43.997  7.845  -0.257 0.0000000000
73605  -43.725  8.519  -0.465 0.0000000000
74477  -44.146  9.790  -0.750 0.0000000000
76093  -44.761  11.195  -0.880 0.0000000000
83784  -48.911  23.128  1.999 0.0000000000
122454  -48.316  22.624  1.465 0.0000000000
83799  -48.666  22.675  1.158 0.0000000000
116909  -48.863  21.734  -0.614 0.0000000000
103275  -47.914  21.126  -2.864 0.0000000000
102926  -47.116  21.394  -3.032 0.0000000000
83820  -45.866  22.514  -2.628 0.0000000000
74578  -50.810  10.023  -9.881 0.0000000000
78251  -37.551  14.239  1.770 0.0000000000
78247  -38.166  14.565  2.452 0.0000000000
105661  -37.980  15.435  3.798 0.0000000000
78949  -39.065  15.246  3.846 0.0000000000
73518  -47.172  8.745  6.473 0.0000000000
72638  -47.622  7.901  6.077 0.0000000000
72659  -46.365  7.366  5.676 0.0000000000
71822  -44.828  7.237  5.231 0.0000000000
72683  -43.986  7.371  4.778 0.0000000000
72682  -43.109  7.376  4.366 0.0000000000
72699  -41.643  7.557  3.701 0.0000000000
70236  -39.947  4.067  8.293 0.0000000000
70217  -38.548  5.250  8.752 0.0000000000
71012  -38.821  6.022  9.431 0.0000000000
70992  -38.037  6.921  10.077 0.0000000000
71800  -37.522  7.012  10.077 0.0000000000
72601  -38.157  7.411  9.575 0.0000000000
73580  -35.618  8.424  1.417 0.0000000000
73593  -35.203  8.877  1.036 0.0000000000
74445  -34.550  9.219  1.129 0.0000000000
73569  -33.580  8.615  2.306 0.0000000000
74521  -46.549  9.268  -4.644 0.0000000000
75327  -47.353  10.300  -5.814 0.0000000000
76142  -48.181  11.256  -7.194 0.0000000000
105700  -49.388  11.652  -8.161 0.0000000000
76159  -48.568  11.509  -7.953 0.0000000000
76175  -48.069  11.484  -8.729 0.0000000000
124525  -46.849  11.469  -9.076 0.0000000000
76174  -46.479  11.589  -8.683 0.0000000000
76187  -46.444  11.555  -9.544 0.0000000000
76200  -46.213  11.753  -10.300 0.0000000000
76944  -45.923  12.122  -10.411 0.0000000000
79640  -42.545  16.676  -1.158 0.0000000000
119346  -42.912  16.085  -1.588 0.0000000000
79641  -43.354  16.764  -1.395 0.0000000000
79642  -44.236  16.725  -1.532 0.0000000000
79643  -45.293  16.289  -1.568 0.0000000000
79644  -45.912  16.860  -1.575 0.0000000000
110900  -46.331  15.687  -1.441 0.0000000000
78973  -47.257  15.093  -1.342 0.0000000000
78974  -47.786  14.740  -1.534 0.0000000000
78975  -48.477  15.209  -1.722 0.0000000000
81817  -51.890  19.497  -3.544 0.0000000000
123342  -51.679  18.583  -3.166 0.0000000000
116263  -51.700  19.365  -4.393 0.0000000000
81825  -51.515  19.236  -5.260 0.0000000000
81832  -51.453  19.307  -6.737 0.0000000000
81127  -50.718  18.759  -6.299 0.0000000000
81126  -49.822  18.521  -6.658 0.0000000000
81140  -48.740  18.095  -8.661 0.0000000000
80396  -48.095  17.673  -8.899 0.0000000000
104176  -50.774  18.419  -10.737 0.0000000000
80419  -49.382  17.490  -13.121 0.0000000000
80427  -49.394  17.827  -14.323 0.0000000000
79756  -48.046  17.706  -15.299 0.0000000000
120073  -46.990  17.250  -15.576 0.0000000000
80442  -48.361  18.060  -14.995 0.0000000000
81163  -48.363  18.329  -14.712 0.0000000000
81155  -48.129  18.666  -13.691 0.0000000000
81873  -49.881  19.306  -13.491 0.0000000000
108448  -47.628  18.578  -12.017 0.0000000000
83868  -45.336  22.465  -8.506 0.0000000000
83881  -45.819  22.796  -9.735 0.0000000000
83891  -43.763  22.939  -11.259 0.0000000000
82490  -41.769  21.163  -8.971 0.0000000000
83188  -41.802  21.497  -10.070 0.0000000000
111724  -41.319  21.858  -10.659 0.0000000000
83889  -40.875  22.931  -10.854 0.0000000000
83194  -40.302  22.473  -10.179 0.0000000000
83876  -39.613  22.765  -9.483 0.0000000000
71875  -49.064  7.072  0.933 0.0000000000
72732  -48.939  7.083  0.046 0.0000000000
71893  -47.201  6.926  -1.108 0.0000000000
72755  -47.511  7.364  -1.710 0.0000000000
72769  -47.397  7.746  -2.378 0.0000000000
73647  -47.008  8.362  -3.399 0.0000000000
72753  -44.894  7.930  -1.446 0.0000000000
73614  -44.917  8.272  -2.253 0.0000000000
73646  -46.152  8.360  -3.478 0.0000000000
75310  -44.770  10.093  -4.856 0.0000000000
75324  -44.348  10.872  -5.358 0.0000000000
76126  -43.925  11.757  -5.525 0.0000000000
76916  -43.880  12.646  -5.756 0.0000000000
81773  -47.896  19.300  1.863 0.0000000000
122222  -48.636  19.601  0.902 0.0000000000
81774  -49.468  19.604  0.895 0.0000000000
111104  -50.129  19.422  2.524 0.0000000000
124141  -50.467  19.567  1.701 0.0000000000
81775  -50.429  19.579  0.913 0.0000000000
81783  -51.499  19.402  0.203 0.0000000000
115799  -52.044  19.177  -0.461 0.0000000000
83785  -49.947  23.429  1.942 0.0000000000
83786  -50.747  23.100  1.688 0.0000000000
83090  -51.309  21.957  0.706 0.0000000000
83095  -51.211  22.196  -0.041 0.0000000000
105069  -51.680  21.283  -0.033 0.0000000000
82427  -52.157  20.686  -0.635 0.0000000000
81796  -52.408  20.506  -2.006 0.0000000000
81807  -52.337  21.016  -3.023 0.0000000000
83139  -52.134  22.778  -4.920 0.0000000000
83166  -52.225  23.059  -6.716 0.0000000000
83180  -51.930  22.923  -7.367 0.0000000000
83191  -51.191  22.531  -8.336 0.0000000000
83203  -50.634  22.097  -9.374 0.0000000000
83886  -50.824  22.699  -8.398 0.0000000000
83885  -49.868  22.819  -8.924 0.0000000000
83178  -49.230  22.192  -7.174 0.0000000000
83871  -49.144  22.548  -8.235 0.0000000000
83870  -48.077  22.443  -8.455 0.0000000000
122744  -47.531  21.304  -4.500 0.0000000000
83161  -46.725  21.553  -6.301 0.0000000000
83855  -43.957  22.122  -6.012 0.0000000000
83854  -43.328  22.555  -6.550 0.0000000000
84447  -42.534  23.625  -7.044 0.0000000000
75272  -39.210  11.120  -1.294 0.0000000000
76089  -39.554  11.827  -1.516 0.0000000000
76879  -39.853  12.675  -1.669 0.0000000000
77561  -39.324  13.837  -1.221 0.0000000000
78968  -41.132  15.005  -1.586 0.0000000000
78253  -39.255  14.961  0.920 0.0000000000
78959  -39.738  15.362  0.508 0.0000000000
78957  -40.003  15.565  1.440 0.0000000000
79634  -40.795  16.119  -0.325 0.0000000000
78965  -41.611  16.262  -0.943 0.0000000000
80323  -42.673  17.288  -0.370 0.0000000000
80324  -43.570  17.586  -0.489 0.0000000000
124962  -43.041  17.368  1.921 0.0000000000
80320  -43.293  17.611  0.709 0.0000000000
81067  -44.220  17.958  0.082 0.0000000000
81030  -42.048  17.411  4.159 0.0000000000
81031  -43.045  17.566  4.232 0.0000000000
81044  -43.633  18.085  3.900 0.0000000000
81045  -44.546  17.762  4.141 0.0000000000
80307  -44.464  17.442  4.030 0.0000000000
81058  -45.421  17.668  3.671 0.0000000000
81060  -46.477  18.574  2.683 0.0000000000
81741  -47.035  19.061  3.105 0.0000000000
81742  -47.697  19.502  3.165 0.0000000000
81759  -45.785  19.363  2.988 0.0000000000
82399  -47.114  19.594  3.190 0.0000000000
82400  -47.778  20.086  3.269 0.0000000000
83064  -47.987  21.305  2.449 0.0000000000
83077  -47.468  21.892  1.729 0.0000000000
74437  -53.176  9.511  3.047 0.0000000000
72726  -52.538  8.378  1.552 0.0000000000
73587  -51.924  8.161  2.029 0.0000000000
72715  -51.247  7.797  2.059 0.0000000000
72724  -50.534  7.519  1.662 0.0000000000
74418  -51.781  9.635  4.707 0.0000000000
73551  -51.340  8.747  4.292 0.0000000000
73550  -50.588  8.363  4.563 0.0000000000
73561  -50.846  8.109  3.784 0.0000000000
112519  -49.845  7.333  2.120 0.0000000000
71865  -48.424  6.690  1.467 0.0000000000
71864  -47.677  6.430  1.107 0.0000000000
113868  -47.068  6.302  0.788 0.0000000000
71063  -47.161  5.986  2.419 0.0000000000
71072  -46.935  6.087  1.617 0.0000000000
71863  -46.419  6.191  0.954 0.0000000000
71862  -45.687  6.135  1.051 0.0000000000
109254  -44.235  6.617  0.653 0.0000000000
110610  -46.010  6.206  4.660 0.0000000000
71044  -45.753  5.761  3.956 0.0000000000
71052  -45.076  5.469  3.258 0.0000000000
111436  -44.124  5.585  3.355 0.0000000000
71060  -44.427  5.467  2.554 0.0000000000
71861  -44.239  6.033  1.394 0.0000000000
72731  -43.619  7.259  0.254 0.0000000000
120280  -40.911  9.384  -0.412 0.0000000000
75266  -39.793  10.459  -1.029 0.0000000000
74357  -45.064  10.070  10.759 0.0000000000
69383  -45.878  3.152  9.698 0.0000000000
69391  -46.275  3.896  9.519 0.0000000000
70203  -45.996  4.357  8.996 0.0000000000
70219  -40.785  4.352  8.492 0.0000000000
70220  -41.516  4.675  8.667 0.0000000000
70221  -42.944  4.416  8.310 0.0000000000
70995  -40.871  6.231  9.665 0.0000000000
71014  -42.295  5.129  8.830 0.0000000000
70222  -43.754  4.601  8.351 0.0000000000
124434  -44.127  5.051  8.441 0.0000000000
70225  -45.993  5.018  8.765 0.0000000000
71017  -46.041  5.804  8.618 0.0000000000
71803  -45.458  6.599  8.655 0.0000000000
72606  -44.723  7.658  9.389 0.0000000000
74356  -44.593  9.493  10.875 0.0000000000
74369  -44.515  9.945  10.642 0.0000000000
122188  -43.428  9.437  7.020 0.0000000000
73514  -43.151  9.151  6.227 0.0000000000
73513  -42.197  9.202  6.570 0.0000000000
73532  -42.576  8.704  5.570 0.0000000000
72653  -39.110  8.176  5.928 0.0000000000
116325  -39.673  7.809  4.602 0.0000000000
113522  -38.999  7.605  4.076 0.0000000000
72697  -39.919  7.714  3.917 0.0000000000
72698  -40.766  7.729  3.837 0.0000000000
74465  -39.569  9.883  -0.557 0.0000000000
76087  -38.004  11.883  -1.187 0.0000000000
105968  -37.118  10.874  -0.588 0.0000000000
76876  -37.426  11.951  -0.809 0.0000000000
121070  -37.770  12.371  -0.916 0.0000000000
77559  -37.209  13.293  -0.019 0.0000000000
77555  -36.656  13.368  0.761 0.0000000000
76871  -35.622  12.212  0.245 0.0000000000
77552  -36.930  13.777  1.467 0.0000000000
117812  -36.228  13.967  2.551 0.0000000000
78244  -35.917  14.275  3.083 0.0000000000
77548  -35.449  13.688  2.358 0.0000000000
73661  -56.955  8.485  -4.630 0.0000000000
75302  -56.392  10.910  -4.224 0.0000000000
74527  -56.784  9.717  -5.024 0.0000000000
73672  -56.733  8.963  -5.344 0.0000000000
74538  -56.641  9.830  -5.830 0.0000000000
74548  -56.446  9.987  -6.533 0.0000000000
74547  -55.966  10.222  -7.029 0.0000000000
72746  -49.590  7.396  -0.532 0.0000000000
72758  -50.201  7.711  -1.141 0.0000000000
73616  -50.738  8.153  -1.713 0.0000000000
119681  -49.406  10.047  -4.880 0.0000000000
75313  -53.801  10.942  -4.864 0.0000000000
75332  -54.062  11.390  -5.805 0.0000000000
76128  -52.341  11.236  -6.057 0.0000000000
76129  -53.341  11.484  -6.450 0.0000000000
119165  -54.977  11.816  -6.140 0.0000000000
107637  -55.283  11.685  -6.874 0.0000000000
76166  -55.255  11.340  -7.337 0.0000000000
74558  -54.633  10.326  -7.584 0.0000000000
75354  -54.202  10.834  -8.180 0.0000000000
74568  -52.817  10.478  -8.959 0.0000000000
121671  -52.654  11.669  -9.297 0.0000000000
119200  -52.262  10.815  -9.402 0.0000000000
74579  -51.559  10.447  -9.636 0.0000000000
74586  -50.635  10.858  -10.956 0.0000000000
76190  -50.075  12.103  -10.169 0.0000000000
121666  -50.940  12.306  -11.188 0.0000000000
75374  -51.116  12.042  -11.450 0.0000000000
123816  -48.866  9.713  -12.272 0.0000000000
75386  -48.937  10.871  -14.401 0.0000000000
74602  -48.408  10.210  -14.379 0.0000000000
74599  -47.824  9.319  -13.320 0.0000000000
73731  -47.245  8.873  -12.960 0.0000000000
76091  -41.382  11.752  -1.610 0.0000000000
76092  -42.579  11.558  -1.437 0.0000000000
109701  -43.322  15.369  -1.744 0.0000000000
78268  -44.010  14.495  -1.614 0.0000000000
112957  -44.888  13.458  -1.211 0.0000000000
76094  -45.239  11.773  -0.911 0.0000000000
76889  -45.163  11.569  -1.680 0.0000000000
76900  -44.415  12.511  -3.639 0.0000000000
77586  -45.041  13.218  -3.350 0.0000000000
76907  -43.956  12.525  -4.429 0.0000000000
77599  -44.129  13.581  -5.372 0.0000000000
77605  -44.143  13.563  -6.305 0.0000000000
81070  -47.782  19.060  -0.962 0.0000000000
109446  -48.593  18.470  -1.307 0.0000000000
81077  -49.385  18.717  -1.216 0.0000000000
80331  -48.549  17.283  -1.452 0.0000000000
78986  -48.727  15.190  -1.962 0.0000000000
81100  -51.273  17.840  -3.249 0.0000000000
80352  -50.690  17.268  -3.357 0.0000000000
80360  -49.662  17.337  -4.480 0.0000000000
80351  -50.112  16.838  -3.558 0.0000000000
79669  -49.746  16.237  -2.910 0.0000000000
78998  -48.288  15.335  -2.937 0.0000000000
79007  -46.260  15.553  -3.986 0.0000000000
122588  -45.952  15.878  -4.506 0.0000000000
79687  -46.211  16.556  -5.412 0.0000000000
79676  -45.736  16.064  -4.986 0.0000000000
79016  -45.171  15.602  -5.350 0.0000000000
79015  -44.651  15.078  -5.736 0.0000000000
78311  -44.394  14.403  -6.136 0.0000000000
78318  -44.396  14.300  -6.899 0.0000000000
78325  -44.600  14.245  -7.742 0.0000000000
77616  -44.787  13.484  -8.153 0.0000000000
79038  -45.180  15.210  -8.753 0.0000000000
77627  -45.620  13.618  -10.770 0.0000000000
80403  -48.083  17.366  -9.712 0.0000000000
79720  -47.371  16.753  -9.878 0.0000000000
79055  -46.809  15.875  -10.750 0.0000000000
79735  -47.721  16.289  -11.970 0.0000000000
79060  -47.001  15.805  -11.541 0.0000000000
77633  -45.956  13.637  -11.874 0.0000000000
112704  -47.063  12.478  -13.680 0.0000000000
76219  -47.349  11.920  -14.764 0.0000000000
111788  -47.304  11.320  -14.860 0.0000000000
80441  -45.897  17.117  -15.551 0.0000000000
79747  -45.244  16.714  -14.978 0.0000000000
80424  -45.736  16.958  -13.156 0.0000000000
79740  -44.368  15.845  -12.955 0.0000000000
123187  -50.190  21.777  -10.008 0.0000000000
82508  -49.002  21.258  -10.469 0.0000000000
83210  -48.495  22.654  -10.551 0.0000000000
81860  -47.819  19.849  -10.454 0.0000000000
81859  -47.198  19.558  -10.011 0.0000000000
83199  -45.388  22.273  -10.948 0.0000000000
83200  -46.250  21.930  -10.723 0.0000000000
81144  -46.211  18.876  -9.357 0.0000000000
120910  -45.787  18.244  -9.350 0.0000000000
80393  -45.372  17.986  -8.900 0.0000000000
80392  -44.719  17.673  -8.344 0.0000000000
81131  -44.490  18.553  -7.821 0.0000000000
80391  -44.118  17.091  -7.883 0.0000000000
79702  -43.391  16.752  -7.535 0.0000000000
82473  -41.114  20.311  -6.761 0.0000000000
81828  -40.640  19.929  -6.243 0.0000000000
108137  -45.307  24.647  -3.792 0.0000000000
84991  -44.036  25.040  -5.641 0.0000000000
84990  -43.180  24.460  -5.815 0.0000000000
84998  -42.896  25.058  -6.725 0.0000000000
119362  -42.552  24.605  -7.119 0.0000000000
86163  -42.813  26.583  -7.383 0.0000000000
113793  -41.937  25.659  -8.012 0.0000000000
85567  -40.672  26.054  -7.815 0.0000000000
85011  -39.516  24.627  -8.701 0.0000000000
69406  -44.905  4.012  8.561 0.0000000000
70223  -44.583  4.711  8.444 0.0000000000
71053  -46.030  5.504  3.133 0.0000000000
71824  -46.712  6.658  5.034 0.0000000000
73475  -45.546  10.037  10.335 0.0000000000
73567  -32.114  8.597  3.175 0.0000000000
73596  -37.701  8.566  0.803 0.0000000000
74559  -55.370  10.504  -7.334 0.0000000000
75314  -55.659  11.634  -4.339 0.0000000000
75347  -55.761  10.939  -7.296 0.0000000000
75355  -55.033  10.966  -7.623 0.0000000000
75391  -48.470  10.873  -15.674 0.0000000000
75397  -48.477  11.191  -15.823 0.0000000000
76131  -56.281  11.259  -6.212 0.0000000000
76149  -55.899  11.480  -6.941 0.0000000000
76163  -53.348  11.850  -8.120 0.0000000000
76217  -45.331  12.003  -12.414 0.0000000000
76227  -48.701  11.063  -15.426 0.0000000000
76932  -52.415  12.226  -9.264 0.0000000000
77587  -45.885  12.983  -2.510 0.0000000000
78363  -46.334  15.294  -14.913 0.0000000000
78999  -48.761  15.307  -2.389 0.0000000000
79006  -45.458  15.426  -4.519 0.0000000000
79022  -44.616  15.060  -6.521 0.0000000000
79077  -46.071  16.229  -15.416 0.0000000000
79081  -46.452  16.369  -15.515 0.0000000000
79629  -41.564  16.125  2.940 0.0000000000
79670  -50.379  16.665  -2.663 0.0000000000
79678  -48.321  16.685  -4.071 0.0000000000
79688  -46.950  16.901  -5.120 0.0000000000
79748  -47.535  16.589  -15.228 0.0000000000
79755  -47.622  17.202  -15.474 0.0000000000
80306  -43.782  17.107  4.148 0.0000000000
80376  -46.705  17.192  -6.489 0.0000000000
80428  -49.809  18.392  -14.197 0.0000000000
80434  -46.692  17.655  -15.161 0.0000000000
81057  -44.660  17.672  2.627 0.0000000000
81727  -49.325  19.808  3.424 0.0000000000
81728  -50.223  19.934  3.443 0.0000000000
81745  -50.653  19.658  3.087 0.0000000000
81746  -51.389  20.138  2.708 0.0000000000
81784  -51.890  19.950  0.653 0.0000000000
81863  -52.232  19.505  -10.803 0.0000000000
81875  -50.578  18.926  -13.599 0.0000000000
82388  -49.182  20.433  3.442 0.0000000000
82390  -50.597  20.730  3.526 0.0000000000
82402  -51.612  20.770  3.014 0.0000000000
82443  -52.366  21.993  -3.580 0.0000000000
83054  -50.730  21.584  3.245 0.0000000000
83066  -50.298  22.395  2.752 0.0000000000
83068  -51.466  21.582  2.712 0.0000000000
83078  -51.002  22.547  2.330 0.0000000000
83766  -48.935  23.060  2.236 0.0000000000
83768  -50.475  23.135  2.313 0.0000000000
83787  -51.035  22.580  1.191 0.0000000000
83858  -52.136  23.155  -6.280 0.0000000000
83900  -41.356  23.028  -11.262 0.0000000000
109208  -51.880  20.888  -7.214 0.0000000000
109399  -34.081  7.557  3.978 0.0000000000
111561  -49.391  18.230  -9.227 0.0000000000
111921  -52.125  22.300  -7.209 0.0000000000
111983  -49.464  22.241  2.669 0.0000000000
112631  -46.620  23.129  -11.264 0.0000000000
113151  -40.160  4.881  8.785 0.0000000000
116101  -47.585  17.549  -8.417 0.0000000000
117003  -42.207  4.310  8.401 0.0000000000
117910  -44.338  5.584  8.625 0.0000000000
119257  -52.066  19.779  -11.453 0.0000000000
119523  -51.935  19.546  -12.071 0.0000000000
119610  -40.546  8.462  8.693 0.0000000000
120479  -42.610  8.026  4.900 0.0000000000
120869  -48.556  11.144  -15.703 0.0000000000
121137  -45.751  15.029  -14.676 0.0000000000
122212  -45.670  16.765  -15.470 0.0000000000
123353  -47.595  17.580  -15.462 0.0000000000
123404  -44.250  13.984  -5.832 0.0000000000
124248  -49.158  21.284  3.041 0.0000000000
124329  -43.762  17.759  0.252 0.0000000000
