#!ascii label  , from subject sub-v2s3x28784_ses-1 vox2ras=TkReg
1087
58942  -23.672  -8.769  -42.882 0.5555555820
59799  -24.221  -8.259  -43.801 0.6666666865
60690  -24.375  -7.602  -44.181 0.7777777910
60698  -25.028  -7.701  -44.755 0.7777777910
62400  -25.433  -6.426  -45.349 0.8888888955
62411  -27.657  -5.946  -46.480 0.8888888955
58919  -23.426  -9.151  -41.531 0.5555555820
59790  -23.287  -8.227  -42.776 0.5555555820
60689  -23.766  -7.630  -43.670 0.6666666865
61513  -23.911  -6.987  -44.071 0.8888888955
61528  -25.986  -6.870  -45.583 0.8888888955
62401  -26.070  -5.947  -45.880 0.8888888955
103866  -26.809  -5.069  -46.620 1.0000000000
62412  -28.184  -5.745  -46.678 0.8888888955
63234  -27.983  -4.351  -46.645 1.0000000000
61508  -22.957  -6.894  -42.837 0.7777777910
62391  -23.816  -5.574  -44.462 1.0000000000
63214  -24.178  -4.712  -44.934 1.0000000000
113352  -24.572  -5.328  -45.056 1.0000000000
63231  -25.862  -4.182  -46.217 1.0000000000
64073  -24.466  -4.044  -45.293 1.0000000000
64087  -26.334  -3.852  -46.641 1.0000000000
64086  -25.745  -3.423  -46.546 1.0000000000
64896  -26.415  -3.249  -46.929 1.0000000000
64102  -28.095  -3.382  -47.022 1.0000000000
64910  -27.251  -3.135  -47.083 1.0000000000
64089  -28.987  -2.960  -46.888 1.0000000000
103571  -28.237  -1.580  -47.566 1.0000000000
118446  -29.007  -1.236  -47.245 0.7777777910
64872  -23.843  -2.833  -44.890 0.8888888955
64895  -25.752  -2.563  -46.959 1.0000000000
64886  -24.458  -2.678  -45.756 1.0000000000
65756  -26.912  -1.750  -47.969 1.0000000000
65757  -27.490  -1.526  -47.967 1.0000000000
66600  -27.656  -0.785  -48.082 1.0000000000
66601  -28.558  -0.672  -47.496 1.0000000000
66602  -29.432  -0.625  -47.117 0.7777777910
66603  -30.988  -0.533  -46.720 0.7777777910
65735  -23.670  -1.169  -45.556 0.5555555820
67420  -24.295  0.831  -47.549 0.7777777910
65743  -24.166  -1.014  -46.274 0.8888888955
65755  -25.644  -1.037  -47.680 1.0000000000
64908  -26.146  -1.786  -47.595 1.0000000000
66599  -25.210  -0.339  -47.780 0.8888888955
66612  -25.917  -0.445  -48.346 1.0000000000
66613  -26.515  -0.305  -48.634 1.0000000000
67422  -27.371  0.112  -48.537 1.0000000000
67423  -28.118  0.069  -47.795 0.8888888955
113285  -28.544  0.741  -47.513 1.0000000000
68251  -30.687  1.104  -46.849 0.7777777910
67426  -31.872  0.400  -47.377 0.6666666865
68253  -31.505  1.077  -47.157 0.6666666865
67410  -23.097  0.872  -46.276 0.4444444478
67411  -23.777  0.409  -46.839 0.7777777910
69060  -23.263  2.361  -47.370 0.6666666865
69073  -24.642  2.293  -48.669 0.7777777910
67435  -24.870  0.930  -48.263 0.8888888955
121189  -25.882  0.928  -49.198 0.8888888955
67438  -26.858  0.220  -49.007 1.0000000000
68273  -26.016  1.566  -49.334 1.0000000000
115859  -27.092  0.874  -49.062 1.0000000000
109247  -27.722  0.992  -47.936 1.0000000000
68250  -28.532  1.504  -47.465 0.8888888955
114372  -30.212  1.950  -46.938 0.7777777910
68254  -32.236  0.857  -47.824 0.5555555820
68252  -31.203  1.912  -46.975 0.7777777910
68263  -31.948  1.738  -47.674 0.6666666865
70708  -22.805  4.074  -47.744 0.6666666865
69878  -22.877  3.504  -47.552 0.6666666865
69072  -23.769  2.824  -48.233 0.7777777910
69887  -23.298  3.553  -48.081 0.7777777910
108642  -24.401  3.025  -48.796 0.8888888955
69074  -25.506  2.285  -49.212 0.8888888955
69085  -24.987  2.904  -49.269 1.0000000000
69087  -26.097  2.471  -49.326 1.0000000000
69075  -26.717  2.483  -48.781 1.0000000000
68262  -27.176  1.718  -48.549 0.8888888955
118332  -28.138  2.806  -47.593 0.8888888955
69064  -29.871  2.752  -46.936 0.8888888955
69879  -27.707  3.499  -47.836 0.8888888955
69063  -28.965  2.855  -47.192 0.7777777910
110354  -30.491  3.299  -46.880 0.7777777910
69076  -32.188  2.446  -48.172 0.7777777910
69077  -32.847  2.115  -49.386 0.6666666865
71513  -22.207  5.458  -47.586 0.6666666865
70707  -22.097  4.498  -47.155 0.5555555820
70718  -22.741  4.809  -48.043 0.7777777910
122816  -23.715  4.594  -48.877 0.8888888955
70720  -24.078  4.184  -49.076 0.8888888955
70730  -24.833  4.309  -49.548 1.0000000000
69899  -25.237  3.505  -49.463 1.0000000000
69890  -27.001  3.368  -48.354 1.0000000000
69062  -27.386  2.642  -48.058 0.8888888955
69881  -29.631  3.623  -46.948 0.7777777910
69891  -31.660  4.189  -47.328 0.7777777910
69893  -32.278  3.091  -48.694 0.6666666865
69901  -32.562  2.890  -49.919 0.5555555820
69088  -33.337  2.235  -50.678 0.5555555820
72351  -22.282  6.242  -48.112 0.7777777910
106606  -21.713  6.873  -47.868 0.6666666865
71522  -22.801  5.570  -48.398 0.8888888955
111650  -24.835  5.151  -49.708 1.0000000000
113335  -25.448  4.979  -49.697 1.0000000000
110667  -27.333  4.080  -48.150 0.8888888955
70709  -27.984  4.452  -47.640 0.8888888955
69880  -28.554  3.624  -47.407 0.8888888955
70723  -32.043  4.722  -48.226 0.7777777910
70724  -32.199  3.843  -49.056 0.7777777910
69907  -32.784  2.890  -51.066 0.5555555820
71517  -31.072  5.490  -47.044 0.7777777910
70739  -31.952  4.455  -50.651 0.5555555820
70740  -32.381  3.608  -51.452 0.5555555820
74108  -20.136  8.279  -47.258 0.4444444478
73249  -20.964  7.914  -47.652 0.5555555820
74114  -22.362  8.130  -48.677 0.7777777910
72358  -23.653  6.334  -49.274 1.0000000000
72352  -22.985  6.318  -48.724 0.8888888955
71528  -25.266  5.768  -49.974 1.0000000000
71529  -25.822  5.739  -49.778 0.8888888955
71530  -26.318  5.725  -49.215 0.8888888955
70722  -27.222  4.844  -48.206 0.8888888955
71515  -28.636  5.236  -47.245 0.8888888955
71516  -29.899  5.194  -46.869 0.8888888955
71525  -32.098  5.582  -48.792 0.6666666865
70747  -31.979  4.381  -51.907 0.5555555820
74969  -22.294  11.233  -49.342 0.6666666865
74961  -21.626  9.726  -48.380 0.6666666865
74122  -23.815  8.965  -49.809 0.7777777910
72366  -25.194  7.282  -50.046 0.8888888955
73268  -24.982  8.113  -49.997 0.7777777910
72353  -26.414  6.394  -49.004 0.7777777910
72361  -26.002  6.433  -49.665 0.8888888955
72341  -26.933  6.559  -48.238 0.7777777910
71514  -27.721  5.422  -47.700 0.8888888955
72342  -28.330  6.127  -47.315 0.7777777910
110777  -29.230  5.809  -46.941 0.7777777910
73241  -30.888  6.969  -46.879 0.6666666865
72354  -31.832  6.355  -48.213 0.6666666865
107185  -31.731  7.414  -49.645 0.6666666865
106181  -31.438  6.151  -51.283 0.5555555820
71535  -31.671  5.243  -51.077 0.4444444478
103965  -31.277  7.152  -51.337 0.5555555820
117303  -23.780  13.974  -49.855 0.3333333433
102367  -23.208  13.962  -50.238 0.3333333433
75764  -24.378  12.134  -50.559 0.5555555820
74971  -24.084  10.336  -50.164 0.6666666865
102341  -25.487  10.298  -50.056 0.5555555820
74130  -24.712  9.668  -50.154 0.7777777910
102611  -25.807  7.581  -49.352 0.7777777910
102335  -26.768  7.452  -47.880 0.6666666865
102719  -26.359  7.037  -48.838 0.6666666865
102736  -27.581  6.790  -47.552 0.6666666865
117619  -30.141  6.963  -46.499 0.6666666865
73253  -31.605  7.814  -47.917 0.6666666865
105827  -31.403  8.354  -50.117 0.6666666865
73270  -31.486  7.559  -50.480 0.5555555820
73276  -31.048  7.931  -51.727 0.5555555820
116357  -31.295  7.960  -50.959 0.6666666865
102362  -25.175  12.017  -50.046 0.4444444478
102674  -24.648  13.243  -50.112 0.4444444478
102864  -24.947  12.234  -50.298 0.4444444478
117313  -25.295  9.608  -48.999 0.5555555820
103104  -25.640  9.970  -49.925 0.5555555820
102572  -25.460  9.210  -49.744 0.6666666865
117224  -25.589  8.356  -49.135 0.6666666865
102764  -27.665  7.656  -47.286 0.6666666865
73240  -28.459  7.053  -46.974 0.6666666865
73232  -30.584  7.826  -46.496 0.6666666865
74115  -31.565  8.603  -48.282 0.6666666865
74980  -30.758  9.488  -50.899 0.6666666865
74986  -30.421  9.187  -51.909 0.5555555820
117379  -30.664  8.496  -51.979 0.6666666865
117286  -25.823  9.490  -48.116 0.4444444478
117265  -27.851  8.560  -47.084 0.6666666865
102865  -26.992  8.436  -47.485 0.6666666865
102591  -28.880  8.521  -47.059 0.6666666865
102881  -29.438  7.559  -46.593 0.6666666865
102563  -28.465  7.840  -46.977 0.6666666865
74973  -31.258  9.344  -49.881 0.6666666865
61520  -24.679  -6.894  -44.644 0.8888888955
61512  -23.584  -6.337  -43.923 1.0000000000
63224  -26.098  -5.117  -46.216 1.0000000000
63233  -27.198  -4.640  -46.816 1.0000000000
68242  -23.087  1.628  -46.715 0.5555555820
68249  -27.838  1.975  -47.735 0.8888888955
72340  -21.639  6.139  -47.376 0.5555555820
74949  -20.068  9.294  -47.367 0.5555555820
70711  -30.049  4.402  -46.835 0.8888888955
74948  -19.153  9.703  -47.139 0.2222222239
71531  -31.918  5.432  -49.895 0.6666666865
73263  -25.640  7.328  -49.729 0.7777777910
71541  -31.508  5.233  -52.393 0.4444444478
102588  -25.525  9.065  -48.852 0.6666666865
102339  -29.279  9.238  -47.117 0.6666666865
69059  -22.662  3.019  -47.116 0.4444444478
74144  -30.436  8.683  -52.778 0.5555555820
115106  -30.732  7.937  -52.641 0.5555555820
102338  -24.698  12.241  -49.234 0.2222222239
102369  -25.225  10.453  -49.511 0.3333333433
74991  -30.106  9.404  -52.985 0.5555555820
58086  -24.368  -10.184  -42.342 0.5555555820
58099  -24.700  -9.603  -43.071 0.5555555820
58943  -24.250  -8.961  -43.412 0.6666666865
59800  -24.789  -8.809  -44.079 0.5555555820
59808  -25.473  -8.515  -44.650 0.5555555820
60711  -27.347  -7.595  -46.128 0.7777777910
61530  -27.702  -6.444  -46.436 0.8888888955
121638  -23.772  -10.413  -41.647 0.5555555820
60699  -25.953  -7.727  -45.252 0.6666666865
60706  -26.666  -7.200  -45.773 0.8888888955
61536  -28.391  -6.488  -46.709 0.7777777910
103016  -28.878  -3.889  -46.286 0.8888888955
58918  -22.853  -9.331  -40.671 0.4444444478
60677  -22.526  -7.581  -41.512 0.5555555820
61507  -21.625  -6.047  -41.834 0.2222222239
61511  -23.035  -6.170  -43.153 0.6666666865
64898  -29.818  -2.610  -46.713 0.8888888955
65746  -30.010  -1.950  -46.807 0.6666666865
110102  -30.197  -0.761  -46.856 0.7777777910
65760  -31.644  -1.205  -46.831 0.6666666865
64060  -23.094  -4.084  -43.928 0.5555555820
66604  -31.916  -0.346  -47.221 0.6666666865
64071  -23.108  -3.031  -44.051 0.4444444478
67427  -32.672  0.083  -47.822 0.5555555820
67439  -33.153  0.659  -48.458 0.5555555820
66579  -23.034  -0.513  -45.132 0.2222222239
116077  -33.292  1.333  -49.096 0.5555555820
69053  -22.484  2.409  -46.424 0.4444444478
119768  -33.635  1.562  -50.151 0.5555555820
71506  -20.441  4.962  -45.990 0.3333333433
69097  -33.682  2.396  -51.222 0.5555555820
73239  -20.335  7.328  -47.025 0.4444444478
69916  -33.818  2.882  -51.947 0.4444444478
74107  -19.171  8.843  -46.844 0.3333333433
70748  -32.499  3.791  -52.409 0.5555555820
70755  -31.866  4.379  -52.948 0.4444444478
102772  -22.461  14.284  -49.394 0.3333333433
102373  -22.026  14.016  -49.561 0.3333333433
103822  -21.464  12.620  -49.153 0.4444444478
72380  -31.148  5.780  -53.231 0.4444444478
73284  -30.657  7.110  -53.339 0.4444444478
107294  -30.323  9.025  -53.593 0.2222222239
102747  -25.303  9.862  -48.352 0.3333333433
102336  -27.117  9.394  -47.252 0.6666666865
109765  -30.139  9.185  -46.959 0.6666666865
74101  -30.781  8.667  -46.575 0.6666666865
75746  -31.261  9.891  -47.920 0.6666666865
75766  -31.277  10.215  -49.235 0.6666666865
75775  -30.583  10.458  -50.958 0.6666666865
74972  -31.024  10.075  -50.220 0.6666666865
111076  -30.405  9.888  -51.594 0.6666666865
117370  -30.162  9.837  -52.309 0.4444444478
75000  -29.704  9.577  -53.927 0.3333333433
102783  -28.086  9.556  -47.142 0.5555555820
59781  -23.397  -8.621  -42.250 0.5555555820
59798  -23.709  -8.275  -43.293 0.6666666865
58931  -23.740  -9.046  -42.337 0.5555555820
58932  -24.111  -9.302  -42.681 0.6666666865
58944  -24.993  -9.333  -43.780 0.6666666865
59807  -24.742  -8.200  -44.295 0.7777777910
61521  -25.358  -7.138  -45.178 0.8888888955
62399  -25.351  -5.572  -45.436 1.0000000000
62392  -24.673  -6.040  -44.821 1.0000000000
62403  -27.403  -5.354  -46.559 1.0000000000
118962  -27.255  -6.183  -46.207 0.8888888955
105444  -27.260  -6.760  -46.138 0.8888888955
58085  -23.845  -9.641  -41.910 0.5555555820
59780  -22.884  -8.489  -41.338 0.5555555820
59789  -23.013  -8.098  -42.105 0.5555555820
60682  -22.823  -7.438  -42.327 0.6666666865
60683  -23.304  -7.629  -43.138 0.6666666865
108985  -23.405  -6.984  -43.533 0.8888888955
61519  -24.061  -6.396  -44.390 0.8888888955
61529  -26.627  -6.387  -45.891 0.8888888955
62402  -26.868  -5.689  -46.280 1.0000000000
63225  -27.865  -5.076  -46.500 1.0000000000
63232  -26.560  -4.480  -46.628 1.0000000000
63242  -27.408  -3.922  -46.955 1.0000000000
60681  -22.408  -6.645  -42.128 0.5555555820
121171  -22.459  -6.272  -42.417 0.6666666865
62386  -23.321  -5.697  -43.722 0.8888888955
63213  -23.606  -4.654  -44.400 0.8888888955
64072  -23.822  -3.815  -44.681 1.0000000000
63223  -25.129  -4.641  -45.523 1.0000000000
64081  -25.023  -3.614  -45.862 1.0000000000
64088  -26.863  -3.914  -46.907 1.0000000000
64085  -25.165  -2.907  -46.356 1.0000000000
123282  -27.802  -2.832  -47.257 1.0000000000
64909  -26.619  -2.505  -47.402 1.0000000000
102935  -27.509  -2.275  -47.577 1.0000000000
64911  -28.308  -2.512  -47.301 1.0000000000
64897  -29.157  -2.023  -47.123 0.8888888955
65758  -29.740  -1.335  -46.979 0.7777777910
64873  -24.320  -3.396  -45.312 1.0000000000
64894  -24.931  -2.191  -46.454 1.0000000000
65736  -24.286  -1.762  -45.975 0.8888888955
65745  -25.327  -1.658  -47.028 1.0000000000
65769  -26.521  -1.031  -48.244 1.0000000000
65770  -27.136  -1.169  -48.310 1.0000000000
66614  -27.044  -0.529  -48.612 1.0000000000
67424  -29.023  0.118  -47.302 0.8888888955
108774  -30.175  0.120  -46.879 0.7777777910
67425  -31.197  0.325  -46.888 0.6666666865
65722  -23.234  -1.297  -44.805 0.5555555820
64885  -23.767  -1.992  -45.271 0.5555555820
66588  -23.517  -0.435  -45.904 0.6666666865
66589  -24.009  -0.307  -46.620 0.7777777910
68247  -23.775  1.567  -47.461 0.6666666865
68248  -24.472  1.515  -48.143 0.8888888955
66598  -24.479  -0.013  -47.334 0.8888888955
67421  -24.968  0.340  -47.984 0.8888888955
65744  -24.684  -1.513  -46.564 0.8888888955
65754  -24.736  -0.880  -47.083 1.0000000000
111399  -25.519  0.058  -48.352 0.8888888955
108788  -26.091  0.254  -48.877 1.0000000000
110470  -29.478  1.088  -47.142 0.8888888955
68264  -32.603  1.275  -48.300 0.6666666865
67409  -22.659  1.065  -45.609 0.3333333433
67401  -22.890  0.297  -45.544 0.3333333433
113963  -23.430  0.157  -46.248 0.6666666865
113035  -23.183  3.069  -47.667 0.6666666865
69061  -23.988  2.101  -47.975 0.7777777910
68260  -25.295  1.450  -48.814 0.8888888955
67437  -26.463  0.891  -49.270 1.0000000000
68261  -26.564  1.590  -49.172 1.0000000000
110884  -29.241  2.056  -47.169 0.7777777910
69065  -30.834  2.691  -46.919 0.7777777910
110538  -32.566  1.799  -48.488 0.5555555820
69888  -23.905  3.556  -48.670 0.8888888955
69889  -26.358  3.280  -48.979 1.0000000000
69892  -31.935  3.332  -47.703 0.7777777910
69876  -21.910  3.874  -46.517 0.4444444478
70729  -24.112  4.950  -49.273 0.8888888955
70731  -25.600  4.138  -49.473 1.0000000000
70721  -26.644  4.208  -48.640 0.8888888955
69882  -30.729  3.960  -46.865 0.7777777910
69096  -33.284  2.599  -51.453 0.5555555820
72350  -21.077  6.732  -47.201 0.5555555820
73251  -22.457  7.130  -48.503 0.6666666865
71523  -23.512  5.659  -49.018 0.8888888955
70732  -26.080  4.830  -49.316 1.0000000000
70710  -29.052  4.427  -47.125 0.8888888955
70713  -31.512  4.964  -47.434 0.8888888955
70734  -32.227  3.664  -50.263 0.6666666865
74112  -20.993  8.838  -47.790 0.5555555820
122218  -21.330  8.218  -48.000 0.5555555820
73252  -23.308  7.016  -49.135 1.0000000000
73260  -22.922  7.683  -49.055 0.7777777910
72360  -25.564  6.471  -49.987 0.8888888955
72359  -24.280  6.903  -49.711 0.7777777910
70756  -32.397  4.208  -52.979 0.5555555820
120568  -21.405  10.826  -48.458 0.5555555820
102361  -22.533  13.047  -49.797 0.4444444478
74962  -22.431  9.394  -49.079 0.6666666865
120113  -23.252  9.495  -49.617 0.6666666865
74121  -23.005  8.496  -49.320 0.7777777910
74113  -21.708  8.602  -48.342 0.7777777910
74960  -20.801  9.983  -47.898 0.6666666865
74123  -24.463  8.484  -49.972 0.7777777910
73261  -23.734  7.845  -49.550 0.7777777910
121034  -27.490  6.120  -47.819 0.7777777910
72343  -29.309  6.556  -46.701 0.6666666865
72345  -31.333  6.249  -47.307 0.6666666865
72344  -30.319  6.133  -46.831 0.6666666865
107388  -31.832  7.183  -48.594 0.6666666865
115831  -31.963  6.439  -49.390 0.5555555820
118518  -31.703  6.035  -50.383 0.5555555820
72379  -30.793  6.498  -53.056 0.4444444478
73275  -30.862  7.154  -52.400 0.5555555820
102353  -23.473  12.781  -50.377 0.4444444478
102568  -25.386  10.228  -50.175 0.6666666865
102763  -25.428  8.622  -49.752 0.7777777910
105977  -31.520  8.760  -49.213 0.6666666865
74131  -30.902  8.658  -51.143 0.6666666865
102356  -25.238  11.011  -50.154 0.5555555820
102374  -26.357  9.110  -47.816 0.6666666865
74102  -31.113  8.362  -46.674 0.6666666865
74953  -31.393  9.176  -47.619 0.6666666865
74963  -31.463  9.458  -48.665 0.6666666865
71511  -21.020  6.106  -46.688 0.4444444478
74959  -19.860  10.430  -47.469 0.3333333433
69872  -22.184  3.278  -46.424 0.4444444478
71512  -21.339  5.293  -46.625 0.4444444478
74154  -30.624  8.088  -53.674 0.3333333433
75793  -29.618  10.147  -53.093 0.3333333433
117159  -27.925  -7.057  -46.446 0.6666666865
58073  -23.188  -10.072  -41.044 0.4444444478
58062  -22.417  -10.191  -40.186 0.3333333433
65759  -30.688  -1.452  -46.696 0.6666666865
63203  -23.206  -4.977  -43.829 0.7777777910
66562  -22.729  -0.650  -44.440 0.1111111119
70702  -21.375  4.381  -46.270 0.4444444478
71505  -20.143  5.587  -46.184 0.3333333433
102576  -20.229  13.169  -48.673 0.3333333433
75784  -30.087  10.465  -51.985 0.4444444478
103522  -27.537  -10.829  -44.412 0.4444444478
58088  -29.273  -10.841  -42.907 0.2222222239
113717  -24.893  -11.072  -42.328 0.4444444478
57257  -25.936  -11.120  -42.740 0.4444444478
58100  -25.587  -9.724  -43.339 0.4444444478
58111  -27.297  -10.411  -44.916 0.4444444478
58118  -27.691  -10.044  -45.510 0.4444444478
58954  -29.286  -9.969  -44.716 0.2222222239
58951  -26.309  -9.321  -44.920 0.4444444478
58952  -27.050  -9.881  -45.415 0.4444444478
58963  -30.230  -8.952  -45.404 0.1111111119
59810  -30.720  -8.815  -44.713 0.1111111119
58960  -27.536  -9.472  -46.111 0.4444444478
59817  -29.099  -8.835  -46.352 0.3333333433
58959  -26.850  -9.120  -45.717 0.4444444478
58961  -28.371  -9.539  -46.063 0.3333333433
59822  -29.736  -8.217  -46.739 0.3333333433
59819  -30.898  -8.300  -45.785 0.2222222239
59816  -27.429  -8.651  -46.281 0.4444444478
58964  -28.178  -8.863  -46.496 0.3333333433
59809  -26.293  -8.570  -45.189 0.5555555820
104613  -30.793  -7.186  -47.017 0.2222222239
60715  -31.426  -7.104  -46.700 0.1111111119
61540  -32.043  -6.479  -46.626 0.1111111119
60713  -29.558  -7.577  -46.962 0.3333333433
61538  -30.534  -6.634  -47.046 0.3333333433
62413  -29.072  -6.183  -46.892 0.4444444478
103311  -29.935  -5.917  -46.873 0.5555555820
62414  -30.386  -5.280  -46.704 0.6666666865
63236  -31.580  -5.016  -46.418 0.4444444478
117987  -29.821  -4.410  -46.417 0.6666666865
122708  -32.638  -3.505  -46.801 0.3333333433
64091  -30.583  -3.752  -46.430 0.6666666865
64104  -31.312  -3.055  -46.757 0.5555555820
64090  -29.711  -3.438  -46.359 0.6666666865
64914  -32.406  -2.618  -47.025 0.5555555820
64093  -32.867  -3.133  -47.216 0.4444444478
102858  -33.152  -1.759  -47.274 0.3333333433
64912  -30.629  -2.384  -46.694 0.5555555820
66605  -32.574  -1.043  -47.329 0.4444444478
122849  -32.596  -0.461  -47.572 0.5555555820
65761  -32.277  -1.777  -46.994 0.4444444478
74939  -30.796  9.206  -46.877 0.5555555820
102912  -30.263  9.884  -47.174 0.5555555820
117877  -30.907  11.010  -49.030 0.5555555820
76546  -30.593  11.283  -50.439 0.5555555820
123164  -30.068  11.962  -51.571 0.5555555820
57272  -27.074  -11.713  -43.649 0.4444444478
58104  -29.157  -10.511  -43.872 0.2222222239
59818  -29.978  -8.657  -46.110 0.2222222239
60707  -30.902  -7.698  -46.666 0.2222222239
60708  -31.411  -7.585  -46.194 0.1111111119
62415  -31.033  -5.925  -46.872 0.4444444478
62416  -32.055  -6.024  -46.839 0.3333333433
117863  -29.794  -6.589  -47.024 0.4444444478
63235  -30.781  -4.637  -46.456 0.6666666865
64092  -31.438  -3.959  -46.336 0.4444444478
123623  -33.253  -1.159  -47.530 0.3333333433
66606  -33.290  -0.600  -47.834 0.4444444478
68274  -34.075  1.126  -49.914 0.4444444478
102348  -30.951  11.353  -48.166 0.5555555820
102346  -30.723  12.061  -47.860 0.5555555820
58950  -25.540  -8.996  -44.237 0.4444444478
63237  -32.959  -4.328  -46.356 0.2222222239
76552  -30.140  11.255  -51.504 0.5555555820
56384  -25.931  -12.500  -42.191 0.4444444478
56393  -26.675  -12.447  -42.832 0.4444444478
56394  -27.232  -12.503  -42.800 0.4444444478
58087  -28.396  -11.280  -43.469 0.2222222239
58076  -29.639  -10.972  -42.014 0.1111111119
58075  -24.140  -11.060  -41.761 0.4444444478
57246  -25.401  -11.856  -42.249 0.4444444478
120773  -29.801  -9.851  -44.117 0.1111111119
59801  -30.509  -9.339  -43.804 0.1111111119
58089  -30.035  -10.311  -42.553 0.1111111119
59811  -31.314  -8.280  -44.746 0.1111111119
60700  -31.714  -7.619  -45.225 0.1111111119
60701  -32.420  -6.910  -45.192 0.1111111119
61532  -33.258  -5.836  -45.653 0.1111111119
62417  -32.777  -5.812  -46.368 0.1111111119
110583  -33.121  -3.569  -46.838 0.2222222239
65762  -33.954  -1.208  -47.820 0.2222222239
68265  -33.985  0.597  -49.166 0.4444444478
68275  -34.316  1.328  -49.937 0.3333333433
69089  -33.876  1.841  -50.475 0.3333333433
117254  -20.568  11.368  -48.199 0.4444444478
69919  -33.021  3.430  -52.500 0.4444444478
72384  -31.305  5.639  -53.782 0.3333333433
75783  -29.552  11.077  -52.478 0.5555555820
121845  -29.588  9.765  -47.121 0.5555555820
102688  -30.160  10.881  -47.369 0.5555555820
111806  -30.727  11.772  -48.800 0.5555555820
108361  -30.644  12.000  -49.764 0.5555555820
112836  -30.403  12.682  -51.166 0.5555555820
102344  -30.273  11.767  -47.518 0.5555555820
57256  -25.242  -10.308  -42.819 0.4444444478
59815  -26.787  -8.124  -45.692 0.5555555820
106903  -28.889  -5.134  -46.525 0.6666666865
64913  -31.504  -2.095  -46.697 0.5555555820
72383  -30.910  6.372  -53.635 0.3333333433
60712  -28.756  -7.317  -46.711 0.3333333433
59820  -28.129  -7.897  -46.365 0.3333333433
58102  -27.179  -10.862  -44.128 0.4444444478
58103  -28.134  -10.941  -44.275 0.4444444478
58112  -27.925  -10.485  -44.864 0.4444444478
57273  -27.475  -11.464  -43.830 0.4444444478
57270  -26.119  -10.305  -43.073 0.4444444478
56392  -26.158  -12.029  -42.630 0.4444444478
57271  -26.688  -11.104  -43.431 0.4444444478
58945  -26.195  -9.334  -43.919 0.4444444478
58101  -26.597  -10.022  -43.568 0.4444444478
58110  -26.865  -10.074  -44.707 0.4444444478
58113  -28.622  -10.406  -44.601 0.4444444478
58953  -28.534  -10.003  -45.248 0.4444444478
58962  -29.389  -9.398  -45.570 0.4444444478
58955  -30.029  -9.438  -44.755 0.1111111119
59802  -31.320  -8.596  -43.761 0.1111111119
60714  -30.271  -7.688  -46.986 0.3333333433
59821  -28.949  -8.124  -46.620 0.3333333433
59823  -30.401  -8.157  -46.582 0.2222222239
61539  -31.352  -6.617  -46.881 0.2222222239
60709  -31.980  -7.046  -46.120 0.1111111119
61531  -32.651  -6.430  -46.010 0.1111111119
61537  -29.302  -6.893  -46.963 0.3333333433
62404  -30.932  -5.254  -46.635 0.4444444478
102942  -32.331  -4.088  -46.276 0.3333333433
110153  -32.526  -5.117  -46.343 0.3333333433
64105  -32.150  -3.377  -46.666 0.4444444478
64103  -30.442  -3.032  -46.617 0.5555555820
64899  -33.260  -2.531  -47.294 0.3333333433
67440  -33.677  0.029  -48.489 0.4444444478
75756  -31.147  10.607  -48.266 0.5555555820
124003  -30.726  11.353  -49.617 0.5555555820
57258  -26.676  -11.961  -43.219 0.4444444478
57259  -27.074  -12.192  -43.405 0.4444444478
56395  -27.998  -12.292  -42.428 0.4444444478
57260  -27.774  -11.961  -43.123 0.4444444478
57245  -24.659  -11.680  -41.845 0.4444444478
57244  -23.886  -11.906  -41.316 0.4444444478
58946  -29.955  -9.987  -43.385 0.1111111119
60691  -31.824  -7.856  -44.121 0.1111111119
51870  -26.759  -17.122  -37.198 0.1111111119
52721  -23.449  -16.246  -39.169 0.3333333433
53663  -25.915  -15.761  -38.232 0.2222222239
52695  -26.162  -16.467  -37.650 0.2222222239
52696  -27.232  -16.445  -37.476 0.1111111119
53647  -26.820  -15.768  -37.953 0.1111111119
54584  -22.620  -14.243  -39.210 0.3333333433
53676  -22.635  -15.119  -39.220 0.3333333433
109562  -25.115  -15.172  -39.271 0.3333333433
53679  -25.992  -14.740  -39.190 0.3333333433
112983  -26.469  -15.227  -38.555 0.2222222239
55443  -22.557  -13.026  -39.160 0.2222222239
55444  -22.828  -13.658  -39.759 0.2222222239
122919  -22.585  -13.661  -39.196 0.2222222239
54585  -23.093  -14.515  -39.674 0.3333333433
53677  -23.411  -15.334  -39.503 0.3333333433
54586  -24.334  -14.974  -39.753 0.3333333433
54565  -26.913  -14.627  -38.859 0.1111111119
56373  -22.857  -12.269  -40.215 0.2222222239
55459  -22.713  -12.863  -39.889 0.3333333433
55460  -23.270  -13.096  -40.400 0.3333333433
119140  -23.397  -12.357  -40.720 0.3333333433
56374  -24.069  -12.794  -41.007 0.3333333433
54602  -23.515  -14.001  -40.217 0.3333333433
55461  -24.158  -13.537  -40.651 0.3333333433
54604  -25.387  -14.062  -40.352 0.3333333433
113566  -24.884  -13.764  -40.713 0.3333333433
54605  -26.317  -13.739  -40.274 0.3333333433
55472  -26.469  -13.271  -41.133 0.3333333433
55445  -27.028  -13.678  -39.747 0.1111111119
57233  -22.582  -11.497  -40.073 0.2222222239
57234  -23.096  -11.657  -40.629 0.3333333433
55470  -24.871  -13.256  -41.161 0.3333333433
55471  -25.737  -13.037  -41.565 0.3333333433
55463  -27.269  -13.271  -40.458 0.3333333433
119388  -22.354  -10.857  -39.984 0.3333333433
58063  -22.720  -10.879  -40.443 0.3333333433
56383  -24.920  -12.492  -41.675 0.3333333433
56385  -26.688  -12.782  -42.012 0.3333333433
56386  -27.617  -12.639  -41.892 0.3333333433
66615  -34.203  -0.447  -48.332 0.2222222239
107810  -34.437  0.757  -49.272 0.2222222239
67441  -34.393  0.186  -48.758 0.2222222239
119809  -33.912  2.582  -51.564 0.3333333433
69098  -34.047  2.403  -50.991 0.2222222239
53678  -24.278  -15.679  -39.293 0.3333333433
53662  -25.103  -15.719  -38.671 0.3333333433
53664  -27.350  -15.172  -38.328 0.1111111119
54603  -24.430  -14.274  -40.294 0.3333333433
112633  -25.899  -14.261  -39.827 0.3333333433
54588  -26.582  -14.169  -39.488 0.3333333433
51869  -25.885  -17.266  -37.267 0.1111111119
51844  -26.356  -17.661  -36.762 0.1111111119
52708  -22.147  -16.417  -38.682 0.3333333433
52709  -22.743  -16.792  -38.962 0.3333333433
104758  -23.511  -16.975  -38.789 0.3333333433
52693  -24.481  -17.016  -38.058 0.3333333433
52711  -25.221  -16.304  -38.083 0.3333333433
109126  -27.072  -17.526  -36.695 0.1111111119
53648  -27.832  -15.730  -37.723 0.1111111119
53665  -28.188  -15.022  -38.128 0.1111111119
56338  -22.464  -12.343  -38.807 0.2222222239
54589  -27.341  -14.023  -39.158 0.1111111119
103140  -27.724  -13.449  -39.571 0.1111111119
55464  -28.155  -12.873  -40.071 0.1111111119
56375  -27.965  -12.813  -41.046 0.1111111119
58049  -22.357  -10.676  -39.856 0.1111111119
70750  -34.114  3.720  -51.655 0.2222222239
69908  -34.199  3.030  -51.278 0.2222222239
62385  -22.734  -5.283  -43.154 0.5555555820
58074  -23.349  -11.047  -41.197 0.4444444478
69090  -34.342  2.189  -50.246 0.2222222239
52674  -27.735  -17.093  -36.928 0.1111111119
52710  -24.347  -16.336  -38.701 0.3333333433
52720  -22.714  -15.999  -39.106 0.3333333433
120218  -25.731  -15.307  -38.766 0.3333333433
54587  -25.197  -14.584  -39.792 0.3333333433
123270  -23.709  -14.629  -39.935 0.3333333433
54566  -27.738  -14.498  -38.601 0.1111111119
56354  -22.595  -12.131  -39.537 0.2222222239
55462  -25.605  -13.535  -40.887 0.3333333433
57217  -22.476  -11.278  -39.602 0.2222222239
55473  -27.212  -12.993  -41.342 0.3333333433
51843  -25.534  -17.858  -36.864 0.1111111119
52694  -25.366  -16.907  -37.665 0.2222222239
51881  -23.620  -17.441  -38.273 0.3333333433
54564  -22.276  -14.738  -38.642 0.2222222239
114945  -35.071  0.810  -48.598 0.1111111119
67442  -34.856  0.193  -48.642 0.1111111119
68255  -35.340  1.597  -48.062 0.1111111119
69079  -35.248  2.325  -48.385 0.1111111119
69884  -35.325  3.102  -47.715 0.1111111119
69895  -35.120  3.141  -48.601 0.1111111119
69894  -34.792  3.139  -49.525 0.1111111119
70725  -34.923  4.014  -48.758 0.1111111119
71552  -32.945  5.098  -53.496 0.2222222239
69902  -34.482  3.142  -50.399 0.1111111119
113846  -34.734  4.085  -49.695 0.1111111119
72385  -32.443  6.269  -54.165 0.1111111119
71550  -31.714  4.987  -53.861 0.2222222239
73289  -31.035  7.110  -54.267 0.1111111119
114612  -32.968  5.857  -53.749 0.1111111119
73287  -32.575  7.250  -54.164 0.1111111119
74155  -30.847  7.865  -54.167 0.1111111119
117036  -29.328  11.499  -47.327 0.4444444478
102342  -29.195  10.576  -47.242 0.4444444478
74156  -30.905  8.587  -54.247 0.1111111119
76558  -29.150  11.741  -53.063 0.3333333433
124094  -29.210  10.901  -53.367 0.2222222239
75804  -29.087  10.182  -54.412 0.1111111119
75001  -30.404  9.059  -54.060 0.1111111119
75813  -29.784  9.965  -54.652 0.1111111119
77226  -30.529  12.745  -48.784 0.4444444478
102349  -30.297  12.935  -47.896 0.4444444478
102360  -30.425  14.459  -49.633 0.4444444478
77231  -30.627  12.921  -50.104 0.4444444478
77913  -30.526  13.777  -50.086 0.4444444478
77919  -30.480  13.418  -50.729 0.4444444478
77918  -30.212  13.294  -51.571 0.4444444478
77925  -28.662  13.083  -53.062 0.4444444478
121715  -29.003  12.688  -52.903 0.2222222239
77245  -28.507  12.741  -53.239 0.2222222239
77255  -28.602  12.163  -53.362 0.2222222239
76563  -28.363  11.586  -54.117 0.2222222239
81457  -25.473  18.069  -55.763 0.1111111119
79353  -25.751  15.594  -55.319 0.1111111119
77270  -28.132  12.481  -54.947 0.1111111119
77208  -29.465  12.319  -47.390 0.4444444478
102347  -29.830  13.020  -47.540 0.4444444478
102345  -30.248  12.403  -47.627 0.4444444478
102352  -30.309  13.666  -48.322 0.4444444478
112505  -30.299  15.158  -50.023 0.4444444478
78627  -30.115  15.319  -50.864 0.4444444478
107256  -29.873  14.700  -51.770 0.4444444478
78640  -29.989  13.856  -51.930 0.4444444478
78650  -29.430  13.924  -52.752 0.4444444478
102372  -29.435  16.739  -50.652 0.3333333433
115057  -28.012  14.664  -53.248 0.3333333433
79341  -27.328  14.970  -53.368 0.1111111119
78660  -27.415  14.092  -53.518 0.1111111119
77933  -26.750  14.058  -54.223 0.1111111119
77253  -27.482  13.036  -53.906 0.2222222239
77943  -26.988  13.460  -54.388 0.1111111119
77949  -26.568  13.827  -54.872 0.1111111119
77207  -28.228  12.559  -47.294 0.2222222239
78606  -30.155  14.298  -47.960 0.3333333433
102676  -30.130  15.286  -48.380 0.3333333433
79316  -30.039  15.750  -50.193 0.3333333433
79322  -29.640  15.635  -51.620 0.4444444478
80005  -28.963  16.890  -52.004 0.2222222239
111193  -29.092  16.042  -52.265 0.2222222239
79340  -26.991  15.388  -53.610 0.1111111119
80716  -28.515  17.631  -52.028 0.1111111119
124378  -28.620  17.085  -52.439 0.1111111119
80015  -27.217  16.516  -53.498 0.1111111119
79339  -26.369  15.477  -54.311 0.1111111119
80715  -27.970  18.060  -52.593 0.1111111119
80722  -26.827  17.200  -54.118 0.1111111119
80014  -26.623  16.176  -54.130 0.1111111119
77895  -29.979  13.732  -47.727 0.3333333433
78605  -29.741  14.575  -47.553 0.3333333433
79299  -29.245  15.186  -47.227 0.3333333433
110074  -29.111  15.796  -47.640 0.3333333433
102746  -29.977  15.840  -48.963 0.3333333433
102365  -29.650  16.360  -49.763 0.3333333433
119529  -29.025  17.272  -50.124 0.2222222239
80712  -29.056  17.356  -51.176 0.2222222239
102788  -28.446  18.096  -51.276 0.1111111119
81443  -27.180  18.728  -52.677 0.1111111119
80734  -25.851  17.858  -54.771 0.1111111119
82147  -25.758  19.821  -54.000 0.1111111119
105020  -27.301  14.979  -45.862 0.1111111119
113103  -28.576  15.681  -47.021 0.2222222239
79298  -27.873  16.241  -46.715 0.2222222239
79990  -28.868  16.525  -48.264 0.3333333433
79989  -28.181  17.016  -47.888 0.2222222239
113788  -29.510  16.353  -48.865 0.3333333433
80693  -28.300  17.272  -48.588 0.3333333433
80701  -27.608  17.880  -48.842 0.1111111119
81425  -27.022  18.492  -49.035 0.1111111119
102370  -27.823  18.338  -49.729 0.1111111119
120249  -27.487  18.731  -50.393 0.1111111119
81444  -28.028  18.425  -51.983 0.1111111119
82143  -25.462  19.668  -53.647 0.1111111119
111972  -26.846  18.032  -54.116 0.1111111119
81458  -26.116  18.901  -55.237 0.1111111119
81463  -25.647  18.056  -56.560 0.1111111119
79291  -27.179  15.576  -45.363 0.1111111119
79286  -27.143  15.973  -44.940 0.1111111119
106309  -27.528  15.966  -45.997 0.1111111119
79975  -27.209  16.523  -45.596 0.1111111119
79974  -26.846  17.312  -45.984 0.1111111119
80670  -26.996  17.587  -46.614 0.1111111119
80692  -27.626  17.619  -48.008 0.2222222239
123933  -26.806  18.306  -46.860 0.1111111119
118366  -26.887  18.438  -48.206 0.1111111119
81415  -26.013  19.334  -48.121 0.1111111119
81424  -26.246  19.071  -48.819 0.1111111119
116990  -25.517  19.730  -49.399 0.1111111119
102380  -26.513  19.317  -50.712 0.1111111119
79971  -27.273  16.756  -44.850 0.1111111119
79967  -27.555  16.150  -44.160 0.1111111119
80655  -27.570  17.075  -44.044 0.1111111119
80659  -26.782  17.982  -45.539 0.1111111119
81395  -26.807  18.946  -45.311 0.1111111119
81408  -26.513  18.929  -46.775 0.1111111119
108072  -27.527  17.913  -44.022 0.1111111119
81389  -28.133  18.250  -43.558 0.1111111119
81388  -27.625  18.728  -44.018 0.1111111119
111690  -35.389  0.983  -47.738 0.1111111119
68266  -34.868  1.408  -49.071 0.1111111119
69067  -35.455  2.410  -47.401 0.1111111119
71542  -34.470  5.008  -51.134 0.1111111119
70741  -34.482  4.030  -50.658 0.1111111119
73291  -31.960  7.668  -54.372 0.1111111119
76551  -29.520  11.796  -52.263 0.4444444478
77246  -29.069  12.369  -52.951 0.3333333433
76564  -28.705  11.161  -53.858 0.2222222239
75803  -28.803  10.631  -54.786 0.1111111119
75007  -30.845  9.757  -54.371 0.1111111119
102731  -30.487  13.690  -49.256 0.4444444478
77262  -27.431  12.970  -54.647 0.2222222239
78658  -26.565  14.804  -54.250 0.1111111119
79347  -25.722  15.188  -54.975 0.1111111119
117948  -27.071  14.408  -55.550 0.1111111119
102595  -30.087  15.682  -49.590 0.3333333433
115816  -25.938  16.815  -54.565 0.1111111119
79980  -27.528  17.070  -47.195 0.2222222239
80663  -27.077  17.203  -45.381 0.1111111119
81401  -26.569  18.827  -46.074 0.1111111119
124327  -25.656  19.856  -48.746 0.1111111119
69054  -35.544  2.548  -46.468 0.1111111119
109003  -35.545  1.643  -46.947 0.1111111119
70758  -33.879  4.463  -52.200 0.2222222239
70760  -32.285  4.659  -53.533 0.2222222239
73290  -31.283  7.704  -54.353 0.1111111119
102375  -30.325  14.517  -48.625 0.4444444478
79332  -29.017  14.935  -52.606 0.4444444478
79331  -28.255  15.534  -52.912 0.2222222239
117939  -27.506  15.685  -43.615 0.1111111119
119779  -27.998  17.464  -43.419 0.1111111119
80660  -27.219  17.547  -44.765 0.1111111119
81396  -27.156  18.385  -44.679 0.1111111119
67402  -35.738  1.271  -46.093 0.1111111119
66616  -34.762  -0.253  -48.499 0.1111111119
67428  -35.278  0.275  -48.044 0.1111111119
69048  -35.557  2.746  -45.544 0.1111111119
111192  -35.601  2.018  -46.022 0.1111111119
115836  -35.361  3.765  -46.449 0.1111111119
70726  -35.147  3.857  -47.874 0.1111111119
117669  -34.964  4.671  -48.014 0.1111111119
109913  -34.774  4.975  -48.967 0.1111111119
70735  -34.693  4.970  -50.017 0.1111111119
72373  -34.479  6.165  -51.199 0.1111111119
73278  -33.957  7.203  -52.117 0.1111111119
73288  -33.071  7.715  -53.566 0.1111111119
119763  -28.815  9.978  -47.139 0.4444444478
74145  -32.672  8.523  -53.549 0.1111111119
74157  -31.802  8.480  -54.210 0.1111111119
76572  -29.527  10.704  -54.925 0.1111111119
102343  -28.052  11.355  -47.225 0.4444444478
77264  -29.549  12.374  -55.054 0.1111111119
77951  -28.578  12.951  -55.232 0.1111111119
77214  -28.723  13.090  -47.351 0.3333333433
78604  -28.889  14.552  -47.066 0.2222222239
79355  -27.465  15.317  -55.569 0.1111111119
78601  -27.428  14.067  -46.060 0.1111111119
79295  -28.623  15.119  -46.814 0.2222222239
121229  -25.967  18.012  -56.907 0.1111111119
81467  -27.019  18.552  -57.165 0.1111111119
78599  -26.936  14.351  -45.420 0.1111111119
78598  -26.547  14.288  -44.847 0.1111111119
79280  -27.282  15.394  -44.290 0.1111111119
81459  -26.709  19.615  -56.007 0.1111111119
79961  -27.488  15.628  -42.853 0.1111111119
118818  -27.992  16.273  -42.102 0.1111111119
82137  -24.452  20.666  -49.092 0.1111111119
102385  -23.142  20.736  -50.818 0.1111111119
102587  -24.376  20.658  -53.691 0.1111111119
82804  -25.037  21.453  -53.437 0.1111111119
79968  -27.825  16.502  -43.227 0.1111111119
80656  -28.343  17.108  -42.656 0.1111111119
122693  -26.858  19.715  -45.181 0.1111111119
82767  -26.292  20.637  -46.270 0.1111111119
70757  -33.022  4.163  -52.941 0.1111111119
75005  -29.640  9.793  -54.450 0.1111111119
77237  -29.610  12.451  -52.126 0.4444444478
69078  -34.805  2.213  -49.359 0.1111111119
72388  -31.619  6.866  -54.418 0.2222222239
107973  -35.308  3.662  -47.185 0.1111111119
71548  -33.624  5.211  -52.754 0.1111111119
72386  -33.296  6.768  -53.600 0.1111111119
72382  -33.846  6.678  -52.761 0.1111111119
118118  -31.153  9.115  -54.253 0.1111111119
75812  -28.999  10.077  -54.996 0.1111111119
75805  -30.570  10.496  -54.459 0.1111111119
78649  -28.467  13.938  -53.229 0.2222222239
77935  -27.874  13.269  -53.491 0.2222222239
77934  -27.233  13.740  -53.729 0.1111111119
77263  -28.130  12.210  -54.386 0.2222222239
76570  -28.654  11.183  -54.756 0.1111111119
123202  -25.549  17.461  -56.064 0.1111111119
81450  -26.606  18.695  -54.417 0.1111111119
79354  -26.328  15.119  -55.481 0.1111111119
80025  -25.573  15.995  -55.198 0.1111111119
80038  -26.005  16.777  -56.354 0.1111111119
79359  -26.750  16.084  -55.875 0.1111111119
77271  -28.867  12.328  -55.232 0.1111111119
76571  -29.028  11.453  -55.192 0.1111111119
77269  -27.737  13.128  -55.214 0.2222222239
79998  -29.424  16.501  -51.420 0.3333333433
77950  -26.874  13.416  -55.065 0.2222222239
104338  -29.797  15.267  -47.762 0.3333333433
80016  -27.613  16.004  -53.113 0.2222222239
80723  -27.333  17.874  -53.453 0.1111111119
77894  -29.253  13.803  -47.417 0.3333333433
79304  -29.598  15.853  -48.286 0.3333333433
102379  -28.698  17.816  -50.648 0.1111111119
102376  -28.214  18.337  -50.549 0.1111111119
123213  -27.613  18.780  -51.301 0.1111111119
81451  -26.660  18.850  -53.877 0.1111111119
112440  -26.853  14.867  -45.150 0.1111111119
79294  -27.943  15.459  -46.476 0.1111111119
79981  -28.350  16.370  -47.464 0.3333333433
102366  -28.983  16.926  -49.160 0.3333333433
105244  -28.396  17.608  -49.410 0.2222222239
102371  -28.494  17.923  -50.086 0.1111111119
81428  -26.671  18.969  -49.739 0.1111111119
117546  -26.872  19.272  -51.401 0.1111111119
102857  -24.517  19.736  -52.971 0.1111111119
103045  -25.849  19.593  -51.582 0.1111111119
123105  -26.972  15.254  -44.906 0.1111111119
79977  -27.230  16.787  -46.333 0.1111111119
80669  -26.673  18.094  -46.276 0.1111111119
80678  -27.139  18.017  -47.364 0.1111111119
116963  -26.517  18.818  -47.434 0.1111111119
82126  -26.076  19.921  -47.433 0.1111111119
82138  -25.485  19.556  -50.088 0.1111111119
103011  -24.006  20.192  -49.990 0.1111111119
102381  -24.395  19.989  -50.775 0.1111111119
82117  -26.387  19.795  -46.583 0.1111111119
67412  -35.630  0.611  -46.996 0.1111111119
69873  -35.466  3.131  -46.895 0.1111111119
71549  -34.220  5.605  -51.988 0.1111111119
106582  -28.856  10.550  -55.011 0.1111111119
78677  -27.373  13.770  -55.419 0.1111111119
113714  -27.967  14.486  -55.453 0.1111111119
82125  -25.489  20.404  -48.306 0.1111111119
82091  -27.677  19.584  -44.036 0.1111111119
119285  -35.502  3.199  -46.161 0.1111111119
118250  -34.226  6.491  -52.021 0.1111111119
73285  -33.592  7.417  -52.867 0.1111111119
77265  -29.985  11.886  -54.798 0.1111111119
78678  -28.505  13.727  -55.322 0.1111111119
80034  -28.112  16.342  -56.043 0.1111111119
78602  -28.030  14.626  -46.549 0.1111111119
77890  -26.748  13.779  -45.441 0.1111111119
80039  -27.262  16.980  -56.447 0.1111111119
78592  -26.709  14.798  -44.501 0.1111111119
82797  -23.516  21.155  -49.757 0.1111111119
102383  -23.769  19.925  -51.868 0.1111111119
82110  -26.617  19.708  -45.829 0.1111111119
82754  -26.570  20.483  -45.517 0.1111111119
82776  -25.859  20.840  -46.952 0.1111111119
51867  -23.162  -17.837  -37.972 0.2222222239
64059  -22.407  -3.512  -43.254 0.2222222239
120787  -22.517  -2.739  -43.407 0.2222222239
60676  -22.152  -6.685  -41.550 0.3333333433
63202  -22.544  -4.437  -43.233 0.3333333433
102357  -26.430  9.604  -47.439 0.3333333433
102359  -25.975  9.700  -47.624 0.2222222239
122181  -27.273  11.834  -47.032 0.1111111119
118802  -28.285  11.970  -47.241 0.2222222239
102734  -19.941  14.626  -48.914 0.2222222239
75755  -19.339  12.011  -47.765 0.1111111119
63190  -21.920  -4.771  -42.452 0.2222222239
117301  -18.973  13.991  -48.452 0.1111111119
102354  -24.030  13.539  -49.287 0.1111111119
117276  -27.137  9.971  -46.964 0.1111111119
75737  -27.195  11.310  -46.959 0.1111111119
76522  -27.303  12.372  -47.071 0.1111111119
102355  -24.860  10.676  -48.690 0.1111111119
62378  -22.205  -5.631  -42.405 0.2222222239
69044  -22.342  2.208  -45.851 0.2222222239
67400  -22.464  0.883  -44.992 0.1111111119
69863  -22.127  3.107  -46.115 0.3333333433
103009  -27.892  10.630  -47.186 0.3333333433
102351  -24.546  11.129  -48.296 0.1111111119
102787  -25.265  10.004  -47.990 0.1111111119
102580  -25.959  10.002  -46.796 0.1111111119
106508  -33.223  -4.856  -46.101 0.1111111119
51868  -24.134  -17.712  -37.669 0.1111111119
51056  -24.660  -18.072  -37.042 0.1111111119
51053  -21.617  -18.018  -37.252 0.1111111119
51866  -22.282  -17.618  -37.997 0.1111111119
51879  -22.168  -17.029  -38.487 0.1111111119
53646  -21.863  -15.259  -38.213 0.1111111119
53661  -22.149  -15.630  -38.698 0.1111111119
120437  -22.334  -7.757  -40.398 0.1111111119
72338  -19.317  6.813  -46.234 0.2222222239
73238  -19.435  7.808  -46.534 0.2222222239
74096  -18.972  8.342  -46.201 0.2222222239
51865  -21.639  -17.239  -37.687 0.1111111119
64871  -22.764  -2.177  -43.771 0.1111111119
113705  -23.267  -2.129  -44.481 0.1111111119
51035  -20.885  -18.688  -36.777 0.1111111119
51054  -22.584  -18.235  -37.422 0.1111111119
51055  -23.667  -18.238  -37.262 0.1111111119
107598  -25.028  -17.475  -37.402 0.1111111119
51052  -20.944  -17.994  -36.823 0.1111111119
52692  -21.596  -16.658  -37.950 0.1111111119
53660  -21.695  -16.103  -38.298 0.1111111119
54552  -22.140  -14.309  -38.085 0.1111111119
55428  -22.421  -13.742  -38.616 0.1111111119
59743  -22.443  -8.569  -39.760 0.1111111119
61456  -21.525  -6.982  -40.863 0.1111111119
62377  -21.306  -5.334  -42.095 0.1111111119
108406  -22.192  -2.930  -42.970 0.1111111119
72333  -19.149  5.940  -46.094 0.2222222239
74095  -18.811  8.962  -46.092 0.2222222239
75733  -18.436  10.861  -46.697 0.1111111119
51037  -23.125  -18.753  -36.694 0.1111111119
74947  -18.718  9.766  -46.799 0.2222222239
75742  -18.732  10.802  -47.169 0.1111111119
65721  -22.842  -1.435  -44.140 0.1111111119
60658  -22.464  -7.920  -41.094 0.1111111119
56332  -22.413  -12.859  -38.264 0.1111111119
57206  -22.506  -11.694  -38.913 0.1111111119
58905  -22.484  -9.614  -40.232 0.1111111119
59767  -22.740  -8.811  -40.641 0.1111111119
51880  -22.845  -17.388  -38.617 0.1111111119
51878  -21.734  -16.658  -38.268 0.1111111119
63201  -22.023  -4.048  -42.667 0.1111111119
60657  -22.131  -6.834  -41.192 0.1111111119
120317  -21.229  -4.835  -42.119 0.1111111119
51036  -21.881  -18.751  -36.977 0.1111111119
60633  -22.592  -7.722  -39.648 0.1111111119
73228  -18.971  7.281  -46.055 0.1111111119
53645  -21.659  -15.794  -38.089 0.1111111119
61477  -21.634  -6.305  -41.414 0.1111111119
75720  -18.650  10.367  -46.317 0.1111111119
111815  -18.356  11.421  -46.662 0.1111111119
102717  -20.051  15.006  -48.506 0.1111111119
120913  -19.224  14.799  -48.502 0.1111111119
102368  -21.506  14.712  -48.372 0.1111111119
67419  -23.562  1.033  -46.968 0.5555555820
67436  -25.440  0.638  -48.626 0.8888888955
68241  -22.597  1.626  -46.019 0.3333333433
69066  -31.597  2.637  -47.337 0.7777777910
69086  -25.558  2.906  -49.375 1.0000000000
69103  -33.563  2.716  -51.822 0.4444444478
69871  -21.689  3.774  -46.013 0.4444444478
69877  -22.367  3.682  -47.134 0.5555555820
69883  -31.304  3.392  -47.067 0.7777777910
69898  -24.577  3.556  -49.226 0.8888888955
69900  -25.828  3.353  -49.363 1.0000000000
69914  -33.014  2.944  -52.051 0.5555555820
69915  -33.425  2.967  -52.198 0.4444444478
70712  -30.904  4.726  -46.925 0.8888888955
70719  -23.390  4.256  -48.461 0.8888888955
70733  -32.108  4.660  -49.421 0.7777777910
70749  -33.504  3.345  -52.306 0.2222222239
70759  -31.874  4.610  -53.444 0.4444444478
71518  -31.727  5.579  -47.793 0.5555555820
71524  -26.992  5.747  -48.443 0.8888888955
71547  -31.514  4.972  -53.442 0.4444444478
71551  -32.306  5.285  -53.993 0.2222222239
71553  -31.636  5.794  -54.170 0.2222222239
72332  -18.917  6.382  -46.037 0.1111111119
72339  -20.267  6.472  -46.505 0.2222222239
72367  -31.635  6.818  -50.402 0.5555555820
72372  -31.194  6.336  -52.278 0.4444444478
72381  -33.564  5.958  -53.228 0.1111111119
72387  -31.095  6.431  -54.101 0.3333333433
73242  -31.228  7.734  -47.014 0.6666666865
73250  -21.633  7.698  -48.151 0.5555555820
73262  -24.550  7.690  -49.892 0.7777777910
73269  -25.376  8.331  -49.876 0.7777777910
73286  -30.789  7.068  -53.994 0.1111111119
74106  -18.873  9.096  -46.435 0.2222222239
74109  -31.393  8.443  -47.294 0.6666666865
74918  -18.754  9.559  -46.106 0.1111111119
74932  -18.688  9.749  -46.336 0.2222222239
74940  -31.208  8.935  -46.826 0.6666666865
74952  -30.980  9.556  -47.253 0.5555555820
74970  -23.265  10.865  -50.008 0.6666666865
74979  -25.011  11.127  -50.324 0.5555555820
75006  -30.427  9.442  -54.321 0.1111111119
75745  -30.753  10.320  -47.577 0.5555555820
75765  -30.842  10.735  -49.944 0.5555555820
76517  -18.107  12.236  -46.865 0.1111111119
77238  -30.470  12.007  -50.766 0.5555555820
77254  -28.111  12.565  -53.600 0.2222222239
77926  -29.480  13.084  -52.416 0.4444444478
78609  -30.180  14.847  -47.955 0.3333333433
78628  -30.358  14.285  -50.814 0.4444444478
78659  -27.071  14.465  -53.654 0.1111111119
78669  -25.926  14.837  -55.092 0.1111111119
78670  -26.204  14.414  -54.924 0.1111111119
78676  -26.494  14.154  -55.191 0.1111111119
79315  -29.792  16.087  -50.754 0.3333333433
80004  -28.544  16.502  -52.649 0.2222222239
80026  -25.644  15.998  -54.792 0.1111111119
80032  -25.714  16.589  -55.838 0.1111111119
80033  -25.925  15.989  -55.800 0.1111111119
80724  -28.147  17.207  -52.912 0.1111111119
80733  -25.470  16.951  -55.287 0.1111111119
80740  -25.769  17.491  -56.512 0.1111111119
80742  -26.303  17.694  -56.806 0.1111111119
81464  -25.976  18.901  -56.232 0.1111111119
81466  -26.439  18.698  -56.821 0.1111111119
82809  -25.832  20.884  -53.797 0.1111111119
102334  -25.611  9.641  -49.979 0.6666666865
102337  -26.060  6.915  -49.432 0.7777777910
102340  -25.562  9.472  -49.980 0.7777777910
102364  -30.279  15.200  -49.163 0.3333333433
102377  -20.994  14.114  -49.237 0.2222222239
102382  -26.783  19.362  -52.153 0.1111111119
102598  -19.303  14.897  -47.879 0.1111111119
102718  -29.950  8.460  -46.636 0.6666666865
102823  -30.710  11.181  -47.787 0.5555555820
102888  -25.209  11.031  -50.169 0.5555555820
103172  -24.220  13.348  -50.414 0.3333333433
104525  -31.687  8.025  -48.963 0.6666666865
104579  -30.071  -7.139  -47.117 0.3333333433
105464  -21.046  14.547  -49.204 0.1111111119
107372  -31.522  7.027  -47.594 0.6666666865
108520  -23.981  21.451  -49.142 0.1111111119
110916  -23.370  4.984  -48.654 0.8888888955
111083  -24.400  5.873  -49.614 1.0000000000
112491  -32.117  3.894  -48.120 0.7777777910
112582  -32.484  7.955  -54.050 0.1111111119
114448  -18.112  11.848  -46.902 0.1111111119
114925  -26.069  3.945  -49.161 1.0000000000
115976  -26.639  5.073  -48.727 0.8888888955
116295  -34.027  6.044  -52.589 0.1111111119
117023  -25.182  9.037  -50.041 0.7777777910
117314  -26.240  8.353  -48.267 0.6666666865
117344  -26.157  7.696  -48.663 0.6666666865
117926  -23.675  20.465  -52.870 0.1111111119
119116  -21.183  7.309  -47.591 0.5555555820
120878  -28.520  11.801  -54.933 0.1111111119
122130  -27.553  18.838  -51.988 0.1111111119
122447  -29.776  -5.251  -46.703 0.6666666865
122984  -25.004  6.427  -50.084 0.8888888955
123217  -31.347  10.059  -48.517 0.6666666865
123497  -32.207  8.943  -53.839 0.1111111119
123789  -29.616  -10.406  -43.177 0.1111111119
123813  -26.025  -6.409  -45.730 0.8888888955
124122  -31.038  8.973  -50.544 0.6666666865
124792  -28.527  2.235  -47.419 0.7777777910
