#!ascii label  , from subject sub-v2s3x28834_ses-1 vox2ras=TkReg
1434
104490  5.969  -55.034  47.977 0.0000000000
55290  39.179  -35.019  26.960 0.0000000000
114991  22.911  -43.433  41.229 0.0000000000
48552  31.513  -42.894  46.812 0.0000000000
43167  17.310  -48.214  41.133 0.0000000000
40917  13.522  -50.822  50.858 0.0000000000
58193  47.477  -32.436  19.806 0.0000000000
59000  47.129  -30.842  28.314 0.0000000000
111507  34.458  -40.051  35.140 0.0000000000
61760  50.403  -28.662  12.029 0.0000000000
48546  20.679  -43.989  47.436 0.0000000000
39891  8.832  -51.733  49.511 0.0000000000
58108  47.499  -32.822  24.401 0.0000000000
58126  43.040  -32.745  22.903 0.0000000000
56095  39.233  -34.739  31.641 0.0000000000
57992  42.110  -32.629  32.273 0.0000000000
55251  35.542  -36.041  30.990 0.0000000000
46793  29.761  -44.392  38.973 0.0000000000
118140  26.979  -44.729  44.385 0.0000000000
45060  18.625  -46.908  47.853 0.0000000000
41970  17.153  -49.741  52.389 0.0000000000
111907  16.466  -50.937  46.373 0.0000000000
41031  11.367  -51.488  45.076 0.0000000000
46762  19.782  -44.321  41.258 0.0000000000
110194  51.718  -32.084  20.584 0.0000000000
59059  52.587  -31.231  25.213 0.0000000000
57057  43.027  -32.935  27.714 0.0000000000
55195  36.457  -35.828  36.322 0.0000000000
48607  34.395  -42.499  41.157 0.0000000000
101188  49.041  -30.518  15.917 0.0000000000
60088  53.577  -30.363  15.937 0.0000000000
60922  56.328  -29.156  13.391 0.0000000000
47550  19.233  -44.025  50.878 0.0000000000
38068  7.490  -53.305  48.269 0.0000000000
107757  7.861  -51.751  52.058 0.0000000000
38024  5.994  -53.385  51.501 0.0000000000
58182  43.589  -32.632  20.985 0.0000000000
56984  38.987  -34.586  35.106 0.0000000000
56964  40.553  -33.735  35.089 0.0000000000
33645  1.748  -58.786  49.629 0.0000000000
53584  35.455  -37.475  28.655 0.0000000000
47690  23.753  -44.007  39.301 0.0000000000
46759  25.761  -44.501  40.566 0.0000000000
46734  24.885  -44.476  42.740 0.0000000000
44095  18.277  -47.797  44.738 0.0000000000
43078  17.845  -48.758  46.621 0.0000000000
111935  17.045  -49.893  43.977 0.0000000000
107697  18.456  -46.429  41.331 0.0000000000
103219  19.497  -45.363  44.544 0.0000000000
40895  15.880  -50.853  51.628 0.0000000000
59100  49.870  -32.289  20.103 0.0000000000
59078  52.804  -31.493  23.109 0.0000000000
115026  49.954  -32.488  22.793 0.0000000000
58075  47.129  -32.278  26.163 0.0000000000
59009  49.647  -30.696  27.522 0.0000000000
56184  38.948  -33.776  24.862 0.0000000000
57093  41.504  -33.148  25.209 0.0000000000
56131  41.742  -34.285  27.524 0.0000000000
52632  34.143  -38.560  32.814 0.0000000000
54387  34.212  -36.368  33.034 0.0000000000
52589  35.934  -38.107  36.000 0.0000000000
46730  31.255  -44.530  43.183 0.0000000000
102765  32.074  -43.733  40.234 0.0000000000
47621  33.367  -43.663  44.033 0.0000000000
59159  46.902  -31.021  17.936 0.0000000000
60094  47.642  -30.341  16.244 0.0000000000
59157  48.614  -31.244  17.761 0.0000000000
59155  50.316  -31.377  17.845 0.0000000000
61791  55.067  -27.776  10.626 0.0000000000
108984  53.802  -29.928  12.403 0.0000000000
60913  55.336  -29.546  15.007 0.0000000000
60131  52.377  -30.463  13.724 0.0000000000
48577  21.852  -43.992  44.308 0.0000000000
99709  24.088  -44.167  45.839 0.0000000000
48529  22.522  -43.193  48.373 0.0000000000
110367  11.055  -50.867  49.929 0.0000000000
40867  11.609  -50.604  54.088 0.0000000000
101192  9.393  -50.782  53.082 0.0000000000
59118  45.825  -31.907  19.350 0.0000000000
58139  48.044  -32.954  22.342 0.0000000000
100936  45.478  -32.799  21.971 0.0000000000
58124  45.522  -32.861  23.277 0.0000000000
58077  45.238  -32.325  26.111 0.0000000000
55262  39.781  -36.023  29.523 0.0000000000
56112  41.683  -34.845  29.652 0.0000000000
57006  40.611  -33.550  32.553 0.0000000000
49666  32.778  -41.845  34.264 0.0000000000
108049  33.803  -41.024  47.712 0.0000000000
35481  4.575  -56.736  47.006 0.0000000000
37121  4.813  -55.153  50.778 0.0000000000
35466  3.280  -57.150  49.891 0.0000000000
99649  37.547  -35.372  26.753 0.0000000000
54452  37.700  -36.832  28.482 0.0000000000
55236  37.126  -35.751  31.730 0.0000000000
56074  36.828  -35.016  33.946 0.0000000000
105872  26.994  -44.513  37.909 0.0000000000
100314  28.705  -44.515  41.336 0.0000000000
46694  29.791  -44.575  45.889 0.0000000000
46671  26.244  -44.419  47.178 0.0000000000
47581  28.415  -44.204  47.686 0.0000000000
100381  18.204  -45.949  50.687 0.0000000000
44010  18.102  -47.484  52.934 0.0000000000
113890  17.898  -48.434  49.761 0.0000000000
104233  17.151  -50.911  49.920 0.0000000000
40962  14.985  -51.162  49.109 0.0000000000
41044  15.088  -51.298  43.614 0.0000000000
41000  13.828  -51.175  46.061 0.0000000000
101570  12.300  -50.918  48.236 0.0000000000
39911  10.393  -51.489  47.234 0.0000000000
105613  8.942  -52.937  46.033 0.0000000000
38115  7.122  -54.413  45.119 0.0000000000
47707  21.906  -42.868  38.237 0.0000000000
120728  19.967  -42.841  38.084 0.0000000000
48609  20.853  -43.094  41.155 0.0000000000
47627  20.683  -44.394  44.268 0.0000000000
46673  19.351  -45.126  47.800 0.0000000000
59048  53.830  -31.564  25.231 0.0000000000
59061  50.077  -31.675  25.169 0.0000000000
57137  40.840  -32.839  22.870 0.0000000000
58099  42.892  -32.732  25.406 0.0000000000
59013  44.844  -31.910  27.682 0.0000000000
57025  42.911  -33.467  30.419 0.0000000000
58974  44.658  -31.717  30.319 0.0000000000
54431  32.919  -36.151  30.534 0.0000000000
56076  35.501  -35.684  33.680 0.0000000000
56929  36.991  -34.871  37.502 0.0000000000
48662  32.437  -42.877  37.621 0.0000000000
105350  34.260  -41.117  38.205 0.0000000000
50499  34.985  -40.922  44.991 0.0000000000
50529  35.780  -40.676  41.732 0.0000000000
51577  35.527  -39.544  38.523 0.0000000000
53457  36.785  -37.384  39.308 0.0000000000
116618  37.114  -34.753  40.289 0.0000000000
60915  50.027  -30.020  13.919 0.0000000000
60090  51.528  -30.839  16.168 0.0000000000
59135  52.791  -31.325  18.343 0.0000000000
47531  19.269  -43.911  52.969 0.0000000000
38085  6.973  -53.994  47.926 0.0000000000
38981  6.910  -53.102  50.161 0.0000000000
38052  5.926  -54.194  50.055 0.0000000000
56966  38.832  -34.514  36.016 0.0000000000
56945  39.605  -34.134  36.456 0.0000000000
32675  0.986  -60.216  47.057 0.0000000000
47674  23.508  -43.818  40.060 0.0000000000
46761  24.049  -44.111  40.697 0.0000000000
47647  23.654  -43.865  42.332 0.0000000000
44130  17.976  -47.777  43.168 0.0000000000
43118  17.838  -48.534  44.418 0.0000000000
43153  17.180  -48.940  42.377 0.0000000000
45148  18.053  -46.727  39.524 0.0000000000
45137  17.983  -46.985  40.964 0.0000000000
44148  18.293  -47.181  42.771 0.0000000000
113971  14.057  -50.818  51.377 0.0000000000
40880  13.675  -50.592  52.829 0.0000000000
58191  48.956  -32.425  20.026 0.0000000000
58156  50.206  -32.542  21.697 0.0000000000
58177  48.793  -32.734  20.883 0.0000000000
59011  46.686  -31.435  27.614 0.0000000000
59010  48.047  -30.782  28.036 0.0000000000
56148  39.627  -34.465  26.359 0.0000000000
56165  40.095  -33.881  25.771 0.0000000000
56133  40.064  -34.984  27.116 0.0000000000
50660  33.922  -40.266  33.846 0.0000000000
51680  34.296  -39.687  33.851 0.0000000000
52609  34.860  -38.147  34.124 0.0000000000
51641  35.585  -38.935  35.919 0.0000000000
47623  31.671  -44.314  44.640 0.0000000000
47634  32.720  -44.064  43.453 0.0000000000
48562  32.675  -42.858  45.704 0.0000000000
59117  47.365  -31.926  19.141 0.0000000000
59158  47.764  -31.058  17.686 0.0000000000
59116  48.107  -31.866  18.955 0.0000000000
114193  49.475  -31.983  19.331 0.0000000000
61777  52.556  -28.591  11.229 0.0000000000
60963  52.051  -29.184  11.705 0.0000000000
60150  52.957  -30.295  12.963 0.0000000000
60926  51.199  -29.886  12.816 0.0000000000
48567  21.103  -44.055  45.351 0.0000000000
48555  21.903  -43.554  46.568 0.0000000000
101257  21.165  -43.040  48.694 0.0000000000
40943  9.814  -50.997  49.625 0.0000000000
40900  10.445  -50.752  51.573 0.0000000000
40902  8.986  -51.131  51.087 0.0000000000
39862  6.926  -51.850  53.197 0.0000000000
40861  8.136  -50.997  54.578 0.0000000000
59119  44.912  -31.779  19.307 0.0000000000
58180  45.623  -32.602  20.650 0.0000000000
58181  44.832  -32.520  20.600 0.0000000000
58144  43.111  -32.830  22.205 0.0000000000
58142  44.983  -32.777  22.629 0.0000000000
58125  44.571  -32.752  23.400 0.0000000000
58111  45.054  -32.855  24.884 0.0000000000
101996  44.152  -32.722  24.385 0.0000000000
55247  39.335  -35.717  30.348 0.0000000000
56103  40.553  -34.710  30.728 0.0000000000
57018  39.661  -34.273  32.006 0.0000000000
59142  45.461  -31.249  18.589 0.0000000000
35473  3.961  -56.941  48.523 0.0000000000
34576  3.553  -57.596  48.087 0.0000000000
55306  36.375  -35.368  26.149 0.0000000000
54462  37.724  -36.437  27.787 0.0000000000
54463  36.363  -36.559  27.331 0.0000000000
54443  35.640  -37.177  29.805 0.0000000000
54442  36.551  -37.211  29.714 0.0000000000
55250  36.602  -36.235  30.990 0.0000000000
55222  37.183  -35.328  32.535 0.0000000000
112366  36.391  -35.461  32.477 0.0000000000
46818  25.811  -44.546  37.108 0.0000000000
46732  26.411  -44.554  41.991 0.0000000000
100123  27.402  -44.513  40.755 0.0000000000
100129  28.019  -44.639  43.083 0.0000000000
46719  28.844  -44.719  43.747 0.0000000000
46706  28.495  -44.798  44.704 0.0000000000
47568  23.923  -43.626  48.018 0.0000000000
47600  24.909  -44.437  46.250 0.0000000000
47567  25.391  -43.745  48.385 0.0000000000
48503  28.017  -42.662  49.639 0.0000000000
99747  29.320  -42.769  48.880 0.0000000000
45021  18.361  -46.720  49.348 0.0000000000
100926  18.083  -46.796  50.271 0.0000000000
44058  18.244  -47.378  48.630 0.0000000000
40998  17.291  -50.247  46.830 0.0000000000
42016  17.687  -49.732  48.049 0.0000000000
40982  16.628  -51.037  47.744 0.0000000000
40961  15.907  -51.251  48.918 0.0000000000
40983  15.641  -51.183  47.616 0.0000000000
41059  15.681  -50.794  42.254 0.0000000000
41047  11.657  -51.404  43.824 0.0000000000
105980  13.204  -51.405  43.951 0.0000000000
41014  12.706  -51.262  45.503 0.0000000000
100155  13.209  -51.130  46.733 0.0000000000
41002  11.810  -51.220  46.535 0.0000000000
41003  11.076  -51.288  46.893 0.0000000000
39932  10.694  -51.747  45.507 0.0000000000
38105  7.768  -53.884  45.767 0.0000000000
47723  22.600  -43.266  37.115 0.0000000000
48664  21.088  -42.531  37.036 0.0000000000
46782  19.152  -44.811  39.726 0.0000000000
47708  19.773  -43.615  39.181 0.0000000000
48636  20.119  -42.977  39.675 0.0000000000
48610  20.691  -43.472  41.405 0.0000000000
48601  20.804  -44.070  42.711 0.0000000000
47649  20.613  -44.103  42.507 0.0000000000
45086  19.026  -46.313  45.676 0.0000000000
46699  19.727  -44.958  45.924 0.0000000000
45908  19.153  -45.759  47.076 0.0000000000
45891  18.858  -45.319  49.497 0.0000000000
43013  17.624  -48.948  52.874 0.0000000000
37113  3.803  -55.087  52.157 0.0000000000
37112  4.585  -54.638  51.873 0.0000000000
59085  53.467  -31.526  21.593 0.0000000000
116773  52.797  -31.270  24.519 0.0000000000
107267  53.371  -31.278  24.100 0.0000000000
59049  53.162  -31.346  25.784 0.0000000000
59026  52.863  -31.213  26.810 0.0000000000
58122  47.258  -32.969  22.970 0.0000000000
114867  49.096  -32.566  23.527 0.0000000000
58092  49.026  -32.091  25.067 0.0000000000
59008  50.662  -30.401  27.728 0.0000000000
57076  42.232  -33.155  26.407 0.0000000000
57092  42.192  -32.920  25.716 0.0000000000
58080  42.830  -32.791  26.208 0.0000000000
58060  44.087  -32.200  27.027 0.0000000000
107372  43.645  -32.513  27.606 0.0000000000
57026  42.058  -33.715  30.841 0.0000000000
56101  42.289  -34.225  30.071 0.0000000000
57015  42.507  -33.032  31.328 0.0000000000
54432  32.701  -36.474  30.677 0.0000000000
54361  35.919  -36.206  35.129 0.0000000000
55212  34.410  -36.047  32.966 0.0000000000
55200  35.882  -35.824  34.595 0.0000000000
99657  36.514  -35.320  35.234 0.0000000000
103213  36.707  -35.446  36.606 0.0000000000
114548  28.632  -44.483  36.654 0.0000000000
46813  30.090  -44.348  37.440 0.0000000000
47671  33.211  -43.308  40.537 0.0000000000
47702  32.325  -43.357  39.129 0.0000000000
48632  33.589  -42.452  39.449 0.0000000000
49613  33.495  -41.702  37.389 0.0000000000
49579  34.453  -41.525  39.724 0.0000000000
50481  34.086  -40.986  46.510 0.0000000000
112507  36.636  -39.386  42.689 0.0000000000
51542  35.883  -39.558  40.401 0.0000000000
52547  36.489  -38.761  40.369 0.0000000000
99972  36.536  -38.359  39.578 0.0000000000
100610  37.120  -37.832  41.231 0.0000000000
60107  48.323  -30.209  15.629 0.0000000000
60118  50.085  -30.378  14.722 0.0000000000
106396  50.953  -30.512  14.723 0.0000000000
60091  50.483  -30.866  16.486 0.0000000000
59114  51.445  -31.797  19.193 0.0000000000
59136  51.745  -31.538  18.415 0.0000000000
59113  52.459  -31.638  19.110 0.0000000000
59134  53.571  -31.247  19.091 0.0000000000
60943  56.038  -29.022  12.360 0.0000000000
60914  54.550  -29.978  15.184 0.0000000000
111912  54.921  -29.578  16.313 0.0000000000
60069  54.663  -29.912  17.450 0.0000000000
104237  20.016  -43.528  49.493 0.0000000000
48511  20.381  -43.140  49.354 0.0000000000
104084  19.959  -42.983  51.001 0.0000000000
38989  7.838  -52.681  48.972 0.0000000000
108476  8.421  -51.715  50.805 0.0000000000
38972  7.339  -52.625  50.683 0.0000000000
38966  6.582  -52.761  51.811 0.0000000000
38952  6.211  -52.107  53.639 0.0000000000
58165  42.223  -32.691  21.266 0.0000000000
57144  42.417  -32.816  21.961 0.0000000000
56071  39.154  -34.485  33.283 0.0000000000
56997  39.749  -34.004  33.694 0.0000000000
56983  39.757  -34.088  34.613 0.0000000000
56944  40.416  -33.801  36.049 0.0000000000
34578  2.581  -58.690  47.936 0.0000000000
33664  1.973  -59.221  47.693 0.0000000000
33646  0.855  -59.354  49.916 0.0000000000
54479  35.603  -36.378  26.831 0.0000000000
106314  34.796  -36.941  29.799 0.0000000000
46797  25.703  -44.499  38.471 0.0000000000
46779  24.634  -44.338  39.353 0.0000000000
102423  25.576  -44.501  41.482 0.0000000000
46707  26.249  -44.685  43.844 0.0000000000
110816  18.691  -47.130  46.028 0.0000000000
44070  18.196  -47.717  47.754 0.0000000000
106719  17.899  -48.504  45.777 0.0000000000
109371  17.583  -49.261  45.561 0.0000000000
42057  17.152  -50.188  45.406 0.0000000000
39944  10.635  -51.771  44.539 0.0000000000
39965  9.955  -51.760  42.507 0.0000000000
45960  18.674  -45.602  39.146 0.0000000000
46749  19.256  -45.019  41.587 0.0000000000
46737  19.327  -45.118  42.597 0.0000000000
111981  18.912  -45.898  42.610 0.0000000000
45111  18.793  -46.693  44.139 0.0000000000
118291  16.635  -50.174  52.449 0.0000000000
59099  50.742  -32.204  20.354 0.0000000000
59086  52.338  -31.972  21.450 0.0000000000
58174  51.125  -32.314  21.373 0.0000000000
58136  50.827  -32.330  22.427 0.0000000000
59071  51.743  -31.504  24.276 0.0000000000
58094  47.298  -32.654  25.239 0.0000000000
59053  48.597  -31.962  25.809 0.0000000000
59030  48.099  -31.818  26.458 0.0000000000
59982  49.268  -30.330  28.271 0.0000000000
57121  39.824  -33.134  23.697 0.0000000000
57095  39.766  -33.630  24.991 0.0000000000
57078  40.894  -33.662  25.964 0.0000000000
57058  42.493  -33.733  27.773 0.0000000000
58932  42.807  -31.960  32.643 0.0000000000
52646  33.225  -38.186  31.612 0.0000000000
53526  33.134  -36.618  32.203 0.0000000000
53524  34.230  -37.903  33.145 0.0000000000
53493  35.044  -37.124  34.248 0.0000000000
53476  36.200  -37.016  36.071 0.0000000000
115249  30.523  -44.349  40.823 0.0000000000
102927  30.504  -44.225  39.682 0.0000000000
46755  31.281  -44.292  41.390 0.0000000000
47645  32.766  -43.991  42.543 0.0000000000
48597  34.170  -43.321  42.619 0.0000000000
60096  45.491  -30.293  17.055 0.0000000000
60891  46.047  -29.503  15.895 0.0000000000
100672  46.981  -30.418  16.725 0.0000000000
60076  47.719  -30.682  16.945 0.0000000000
60074  49.042  -30.958  17.184 0.0000000000
60073  49.910  -31.028  17.202 0.0000000000
59156  49.466  -31.348  17.827 0.0000000000
59115  50.482  -31.928  19.422 0.0000000000
62584  53.086  -27.849  10.703 0.0000000000
60961  54.225  -29.305  11.664 0.0000000000
60944  55.131  -29.553  12.327 0.0000000000
104188  55.618  -29.429  14.194 0.0000000000
60924  54.933  -29.888  13.226 0.0000000000
60130  53.426  -30.363  13.719 0.0000000000
60103  52.869  -30.533  15.279 0.0000000000
48598  22.256  -43.168  42.520 0.0000000000
47637  23.282  -43.876  43.179 0.0000000000
115449  22.560  -43.862  44.754 0.0000000000
47586  22.791  -43.683  46.941 0.0000000000
48528  23.405  -43.236  48.611 0.0000000000
114803  12.292  -50.820  50.331 0.0000000000
110770  12.754  -50.605  52.763 0.0000000000
40899  11.321  -50.735  51.742 0.0000000000
40881  10.980  -50.610  53.369 0.0000000000
105575  8.789  -51.015  52.991 0.0000000000
40859  9.286  -50.802  54.953 0.0000000000
117186  46.675  -32.166  19.513 0.0000000000
58159  47.872  -32.870  21.333 0.0000000000
58179  46.424  -32.709  20.687 0.0000000000
58140  47.139  -32.944  22.100 0.0000000000
118075  46.580  -32.943  22.564 0.0000000000
102241  44.345  -32.666  21.207 0.0000000000
58141  45.871  -32.886  22.594 0.0000000000
58109  46.689  -32.916  24.556 0.0000000000
58095  46.477  -32.744  25.400 0.0000000000
58076  46.120  -32.423  26.152 0.0000000000
59012  45.738  -31.774  27.471 0.0000000000
55270  39.492  -35.995  28.108 0.0000000000
55269  40.928  -35.670  28.735 0.0000000000
55261  40.610  -35.723  29.386 0.0000000000
56093  40.917  -34.011  31.353 0.0000000000
57005  41.215  -33.072  32.410 0.0000000000
56996  40.435  -33.599  33.280 0.0000000000
57974  41.523  -32.679  34.132 0.0000000000
58908  42.014  -32.051  33.723 0.0000000000
50616  33.861  -40.733  35.204 0.0000000000
49529  32.722  -41.835  47.142 0.0000000000
119631  44.879  -30.005  16.879 0.0000000000
59160  45.478  -30.732  17.750 0.0000000000
59141  46.551  -31.502  18.725 0.0000000000
62567  50.682  -27.017  11.462 0.0000000000
62550  50.151  -27.655  11.854 0.0000000000
36317  5.562  -55.653  47.587 0.0000000000
37127  5.373  -55.318  49.128 0.0000000000
36307  4.881  -55.881  48.876 0.0000000000
35459  3.766  -56.441  50.398 0.0000000000
36293  2.904  -56.124  52.107 0.0000000000
115850  2.344  -58.139  49.789 0.0000000000
56167  37.787  -34.492  25.546 0.0000000000
101900  36.994  -34.614  25.353 0.0000000000
55291  38.344  -35.218  26.845 0.0000000000
54451  38.533  -36.371  28.126 0.0000000000
55263  38.891  -36.327  29.718 0.0000000000
55248  38.465  -36.002  30.578 0.0000000000
54453  36.842  -37.154  28.806 0.0000000000
55249  37.567  -36.228  30.835 0.0000000000
115982  38.072  -35.650  31.386 0.0000000000
56084  37.808  -34.968  32.975 0.0000000000
56048  38.118  -34.857  34.632 0.0000000000
56967  37.311  -34.918  36.066 0.0000000000
46794  28.132  -44.524  38.766 0.0000000000
101027  26.796  -44.509  39.228 0.0000000000
100122  27.892  -44.482  40.040 0.0000000000
46757  29.102  -44.479  40.602 0.0000000000
102258  29.772  -44.542  42.229 0.0000000000
46704  30.727  -44.602  44.534 0.0000000000
48564  31.194  -43.708  46.229 0.0000000000
46709  24.678  -44.487  44.500 0.0000000000
114125  25.279  -44.673  44.899 0.0000000000
46696  26.413  -44.745  45.724 0.0000000000
48525  26.524  -43.289  49.215 0.0000000000
47582  27.501  -44.221  47.932 0.0000000000
106109  28.104  -44.736  46.280 0.0000000000
47599  28.934  -44.426  47.048 0.0000000000
48554  30.166  -43.593  47.164 0.0000000000
48538  31.411  -42.364  47.588 0.0000000000
46624  18.267  -45.360  52.653 0.0000000000
44998  17.935  -46.624  51.787 0.0000000000
104963  17.912  -48.103  51.311 0.0000000000
43021  17.704  -49.106  51.633 0.0000000000
110042  17.862  -48.931  48.541 0.0000000000
43044  17.789  -49.391  49.863 0.0000000000
41979  17.316  -50.019  51.389 0.0000000000
109807  16.469  -50.943  51.014 0.0000000000
40915  15.518  -51.051  50.676 0.0000000000
105916  13.702  -50.867  49.964 0.0000000000
41058  16.406  -50.303  42.531 0.0000000000
41025  16.576  -50.637  44.034 0.0000000000
41011  15.758  -51.190  45.152 0.0000000000
100994  13.497  -51.391  43.048 0.0000000000
41027  14.872  -51.365  44.610 0.0000000000
101119  14.699  -51.194  46.104 0.0000000000
100156  14.200  -51.165  46.827 0.0000000000
100158  13.178  -50.952  48.290 0.0000000000
40918  12.720  -50.843  49.601 0.0000000000
40941  11.221  -50.868  49.149 0.0000000000
40965  10.649  -50.969  48.573 0.0000000000
39901  9.564  -51.553  48.404 0.0000000000
39933  10.173  -52.123  45.168 0.0000000000
118897  9.323  -52.463  46.519 0.0000000000
39902  8.980  -52.076  47.985 0.0000000000
38995  8.009  -53.269  47.363 0.0000000000
38084  7.470  -53.721  47.485 0.0000000000
37162  6.617  -54.748  46.656 0.0000000000
37163  6.050  -55.213  46.206 0.0000000000
36345  5.027  -56.142  45.601 0.0000000000
47738  23.390  -43.730  36.863 0.0000000000
47706  22.655  -43.297  38.465 0.0000000000
47676  22.142  -43.054  40.085 0.0000000000
48649  20.422  -42.681  38.370 0.0000000000
48620  21.265  -42.758  39.622 0.0000000000
47662  21.847  -43.054  41.063 0.0000000000
48599  21.525  -43.501  42.503 0.0000000000
48589  21.435  -44.251  43.765 0.0000000000
48568  20.774  -44.184  45.653 0.0000000000
115143  19.849  -44.804  44.396 0.0000000000
47614  20.163  -44.562  45.582 0.0000000000
112903  20.376  -44.225  47.846 0.0000000000
46654  19.197  -44.606  49.493 0.0000000000
46646  18.369  -45.255  51.059 0.0000000000
38038  5.089  -54.632  51.172 0.0000000000
38961  4.975  -52.995  53.293 0.0000000000
119667  53.385  -31.394  22.809 0.0000000000
58138  49.032  -32.739  22.680 0.0000000000
58120  49.877  -32.317  23.597 0.0000000000
59060  51.388  -31.256  25.369 0.0000000000
59052  49.554  -31.525  25.906 0.0000000000
59051  50.688  -31.101  26.127 0.0000000000
59990  52.329  -30.893  27.058 0.0000000000
113974  40.902  -32.759  21.891 0.0000000000
57135  42.334  -32.726  23.022 0.0000000000
120706  41.054  -32.949  24.392 0.0000000000
118892  41.843  -32.776  24.359 0.0000000000
58112  43.197  -32.682  24.638 0.0000000000
58098  43.681  -32.639  25.370 0.0000000000
58059  44.968  -32.106  26.819 0.0000000000
108176  45.431  -31.420  28.208 0.0000000000
56121  41.629  -35.124  28.792 0.0000000000
57046  42.763  -33.994  28.723 0.0000000000
57045  43.272  -33.432  29.047 0.0000000000
58005  43.343  -32.707  31.011 0.0000000000
58017  43.622  -32.881  30.216 0.0000000000
58031  43.735  -32.852  29.377 0.0000000000
58989  44.750  -31.723  29.405 0.0000000000
59001  45.329  -31.239  28.967 0.0000000000
54454  33.023  -36.778  29.103 0.0000000000
55252  34.422  -35.870  31.003 0.0000000000
54413  32.982  -35.967  32.119 0.0000000000
112035  34.413  -35.798  32.636 0.0000000000
55224  34.715  -35.579  32.329 0.0000000000
56075  36.049  -35.268  33.946 0.0000000000
106536  37.192  -34.942  35.346 0.0000000000
56947  37.465  -34.632  37.035 0.0000000000
47704  31.074  -43.938  38.077 0.0000000000
49631  33.063  -41.790  36.093 0.0000000000
49630  33.747  -41.241  36.974 0.0000000000
50597  34.286  -40.681  36.925 0.0000000000
49535  33.209  -41.851  46.424 0.0000000000
49540  34.073  -42.007  45.078 0.0000000000
111789  35.178  -42.133  43.385 0.0000000000
50508  35.831  -40.968  43.518 0.0000000000
49556  34.964  -41.993  41.653 0.0000000000
50541  34.898  -40.959  40.269 0.0000000000
50564  35.073  -40.151  38.981 0.0000000000
117554  35.468  -39.403  37.027 0.0000000000
109960  35.853  -38.801  37.283 0.0000000000
53464  36.511  -37.591  37.573 0.0000000000
53469  36.598  -36.710  37.693 0.0000000000
53439  37.468  -37.144  41.499 0.0000000000
54310  37.015  -36.314  40.302 0.0000000000
55166  36.592  -35.278  38.245 0.0000000000
56005  36.948  -34.357  38.870 0.0000000000
105399  49.782  -28.312  12.264 0.0000000000
60927  50.491  -29.858  13.227 0.0000000000
60132  51.346  -30.238  13.445 0.0000000000
60104  51.754  -30.656  15.202 0.0000000000
106652  52.544  -30.671  15.974 0.0000000000
60072  51.345  -31.009  17.038 0.0000000000
60071  52.493  -30.885  16.843 0.0000000000
60070  53.734  -30.518  17.103 0.0000000000
60056  53.839  -30.817  18.360 0.0000000000
107139  18.793  -45.024  53.439 0.0000000000
37137  6.426  -54.462  48.382 0.0000000000
38070  6.202  -54.315  49.227 0.0000000000
37138  5.878  -54.940  48.810 0.0000000000
56946  38.675  -34.330  36.841 0.0000000000
47660  23.311  -43.643  40.872 0.0000000000
100302  23.198  -43.594  41.681 0.0000000000
44149  17.862  -47.710  42.400 0.0000000000
43152  17.634  -48.368  42.762 0.0000000000
105124  17.474  -48.273  41.973 0.0000000000
44168  17.767  -47.545  41.565 0.0000000000
99873  14.261  -50.686  52.113 0.0000000000
40897  13.306  -50.714  51.812 0.0000000000
58192  48.207  -32.332  19.627 0.0000000000
58178  48.116  -32.660  20.362 0.0000000000
118977  47.308  -31.199  27.753 0.0000000000
56149  38.652  -34.597  26.140 0.0000000000
50637  34.192  -40.188  34.478 0.0000000000
51661  34.613  -39.519  34.599 0.0000000000
51642  34.976  -39.392  35.445 0.0000000000
48563  31.966  -43.264  46.037 0.0000000000
48576  32.286  -43.671  45.262 0.0000000000
118268  47.808  -32.167  19.381 0.0000000000
114880  48.738  -32.040  19.290 0.0000000000
60964  51.166  -28.977  11.770 0.0000000000
60946  51.564  -29.616  12.253 0.0000000000
60947  50.750  -29.439  12.396 0.0000000000
48545  20.868  -43.888  46.882 0.0000000000
48544  21.328  -43.572  47.177 0.0000000000
48531  20.864  -43.563  47.923 0.0000000000
39890  9.434  -51.401  49.163 0.0000000000
40921  9.555  -50.976  50.446 0.0000000000
40922  8.940  -51.434  50.298 0.0000000000
59120  43.988  -31.791  19.303 0.0000000000
58196  44.440  -32.260  19.934 0.0000000000
58143  43.942  -32.749  22.610 0.0000000000
102523  43.626  -32.678  23.515 0.0000000000
56104  39.698  -35.018  30.893 0.0000000000
55307  35.641  -35.330  25.650 0.0000000000
104182  35.839  -35.748  26.320 0.0000000000
54478  36.366  -35.873  26.771 0.0000000000
54429  35.097  -36.564  30.383 0.0000000000
54428  36.130  -36.815  30.416 0.0000000000
55237  36.034  -35.738  31.698 0.0000000000
100130  27.123  -44.653  43.454 0.0000000000
100128  27.242  -44.589  42.508 0.0000000000
100131  27.854  -44.746  44.051 0.0000000000
48527  24.256  -43.325  48.786 0.0000000000
112401  24.686  -43.701  48.208 0.0000000000
120298  24.949  -43.416  48.803 0.0000000000
45040  18.683  -46.471  48.589 0.0000000000
107864  16.865  -50.762  46.940 0.0000000000
40981  17.332  -50.405  47.511 0.0000000000
100873  16.051  -51.229  48.252 0.0000000000
100877  16.111  -51.097  46.930 0.0000000000
41030  11.754  -51.407  44.477 0.0000000000
41029  12.355  -51.373  44.203 0.0000000000
107097  12.184  -51.352  44.957 0.0000000000
102858  11.950  -51.272  45.715 0.0000000000
41015  11.223  -51.423  46.014 0.0000000000
46781  19.686  -44.264  40.399 0.0000000000
106946  19.640  -44.154  39.726 0.0000000000
47693  19.936  -43.580  40.101 0.0000000000
47677  20.196  -43.729  40.932 0.0000000000
47663  20.439  -43.924  41.731 0.0000000000
45073  18.948  -46.433  46.546 0.0000000000
110917  18.880  -46.492  47.266 0.0000000000
45039  18.974  -46.064  47.867 0.0000000000
37114  3.146  -54.972  52.990 0.0000000000
59098  52.819  -31.780  20.681 0.0000000000
59058  53.322  -31.200  24.749 0.0000000000
59988  53.128  -31.389  26.221 0.0000000000
59989  52.833  -31.189  26.628 0.0000000000
112579  47.651  -32.915  23.695 0.0000000000
58107  48.452  -32.621  24.195 0.0000000000
58062  42.648  -33.184  26.979 0.0000000000
58061  43.290  -32.675  26.939 0.0000000000
53557  32.059  -36.960  30.168 0.0000000000
54360  36.243  -36.282  35.803 0.0000000000
55199  36.201  -35.932  35.468 0.0000000000
120146  36.581  -35.519  36.071 0.0000000000
118725  29.331  -44.456  38.587 0.0000000000
46814  29.283  -44.442  37.251 0.0000000000
100901  29.762  -44.409  38.128 0.0000000000
48619  33.744  -42.926  40.794 0.0000000000
107597  33.406  -42.865  40.011 0.0000000000
48618  34.046  -42.275  40.129 0.0000000000
49580  33.913  -41.902  39.187 0.0000000000
51505  36.612  -39.271  43.644 0.0000000000
51529  36.468  -39.122  41.173 0.0000000000
118117  36.923  -38.560  41.946 0.0000000000
101721  36.827  -38.466  41.005 0.0000000000
60119  49.194  -30.246  15.187 0.0000000000
60106  49.829  -30.604  15.706 0.0000000000
103958  52.134  -31.874  19.871 0.0000000000
59112  53.227  -31.536  19.894 0.0000000000
61746  56.404  -28.980  12.561 0.0000000000
60901  54.456  -29.922  15.894 0.0000000000
60087  54.352  -30.006  16.599 0.0000000000
60890  55.068  -29.553  16.932 0.0000000000
47556  19.469  -44.085  49.933 0.0000000000
47549  19.750  -43.480  50.470 0.0000000000
47540  19.624  -43.447  51.378 0.0000000000
38980  7.568  -52.679  49.858 0.0000000000
38036  6.332  -53.626  50.571 0.0000000000
38973  6.676  -52.991  50.999 0.0000000000
38959  6.454  -52.444  52.647 0.0000000000
38967  5.995  -52.867  52.205 0.0000000000
57145  41.763  -32.751  21.750 0.0000000000
56062  39.091  -34.550  34.170 0.0000000000
33678  2.099  -59.099  46.854 0.0000000000
32665  0.781  -60.198  48.116 0.0000000000
32648  0.238  -60.064  49.208 0.0000000000
46799  24.159  -44.165  38.542 0.0000000000
46735  24.389  -44.228  42.160 0.0000000000
46746  24.690  -44.342  41.324 0.0000000000
102125  25.009  -44.465  42.022 0.0000000000
46733  25.604  -44.550  42.389 0.0000000000
46721  25.524  -44.610  43.269 0.0000000000
44094  18.311  -47.758  45.524 0.0000000000
44082  18.192  -47.870  46.341 0.0000000000
42081  17.443  -49.154  43.849 0.0000000000
43098  17.770  -48.791  45.126 0.0000000000
42068  17.424  -49.449  44.691 0.0000000000
42069  16.977  -50.260  44.592 0.0000000000
45136  18.346  -46.422  40.367 0.0000000000
109257  18.426  -46.174  39.582 0.0000000000
45947  18.752  -45.626  40.078 0.0000000000
45942  18.785  -45.707  40.976 0.0000000000
45936  18.853  -45.756  41.887 0.0000000000
44129  18.423  -47.244  43.566 0.0000000000
44110  18.487  -47.341  44.270 0.0000000000
109055  18.739  -47.048  45.038 0.0000000000
40878  16.110  -50.525  52.526 0.0000000000
41971  15.374  -50.564  53.164 0.0000000000
58175  50.134  -32.471  20.890 0.0000000000
118384  50.134  -32.542  22.230 0.0000000000
58119  50.760  -32.109  23.444 0.0000000000
59054  47.847  -32.273  25.754 0.0000000000
99874  48.563  -31.134  27.311 0.0000000000
57107  38.558  -33.549  24.061 0.0000000000
57106  39.417  -33.450  24.260 0.0000000000
56147  40.465  -34.291  26.577 0.0000000000
56132  41.227  -33.965  26.797 0.0000000000
57059  41.977  -33.629  26.943 0.0000000000
52653  33.204  -38.705  31.094 0.0000000000
52633  33.653  -38.415  32.182 0.0000000000
53542  33.307  -37.615  32.055 0.0000000000
52608  35.429  -37.790  34.736 0.0000000000
53484  35.837  -37.463  35.377 0.0000000000
53485  35.592  -36.786  34.826 0.0000000000
46743  30.498  -44.476  41.801 0.0000000000
46742  31.281  -44.464  42.323 0.0000000000
47633  33.505  -43.763  43.085 0.0000000000
47644  33.502  -43.706  42.150 0.0000000000
48586  34.109  -43.235  43.602 0.0000000000
60077  46.326  -30.615  17.323 0.0000000000
60095  46.186  -30.124  16.560 0.0000000000
60075  48.322  -30.905  17.220 0.0000000000
60962  53.062  -29.353  11.666 0.0000000000
61776  53.538  -28.677  11.188 0.0000000000
60115  53.425  -30.403  14.584 0.0000000000
48587  22.072  -43.729  43.293 0.0000000000
47626  22.092  -43.714  44.114 0.0000000000
104609  21.931  -43.756  44.867 0.0000000000
48543  22.178  -43.442  47.510 0.0000000000
48542  23.072  -43.534  47.800 0.0000000000
48508  22.893  -42.874  49.185 0.0000000000
40919  11.593  -50.830  50.354 0.0000000000
105918  11.851  -50.773  51.008 0.0000000000
105917  10.952  -50.784  50.799 0.0000000000
102572  9.892  -50.728  52.281 0.0000000000
101013  10.750  -50.670  52.480 0.0000000000
40882  10.212  -50.630  53.247 0.0000000000
40868  10.661  -50.657  54.360 0.0000000000
40869  9.732  -50.725  54.088 0.0000000000
39870  7.701  -52.021  51.279 0.0000000000
39869  8.428  -51.553  51.638 0.0000000000
39860  8.360  -51.404  52.493 0.0000000000
58194  46.094  -32.435  20.020 0.0000000000
119089  46.780  -32.549  20.116 0.0000000000
58161  45.967  -32.786  21.341 0.0000000000
100937  46.306  -32.897  21.994 0.0000000000
114047  44.144  -32.486  20.563 0.0000000000
58123  46.368  -32.944  23.165 0.0000000000
107460  46.095  -32.910  23.901 0.0000000000
58110  45.869  -32.925  24.710 0.0000000000
109091  44.942  -32.608  25.528 0.0000000000
58096  45.638  -32.733  25.482 0.0000000000
59032  45.708  -32.180  26.716 0.0000000000
100226  40.170  -36.060  28.757 0.0000000000
57017  40.294  -33.902  31.990 0.0000000000
106839  40.906  -33.539  31.975 0.0000000000
56982  40.448  -33.676  34.143 0.0000000000
57952  41.472  -32.800  35.088 0.0000000000
57993  41.568  -32.681  33.158 0.0000000000
58877  42.610  -31.561  35.076 0.0000000000
49665  33.264  -41.316  33.874 0.0000000000
50638  33.668  -40.758  34.295 0.0000000000
49647  33.290  -41.354  34.735 0.0000000000
60078  44.653  -30.459  17.426 0.0000000000
36318  5.030  -56.141  47.314 0.0000000000
103512  5.095  -55.934  48.058 0.0000000000
35472  4.600  -56.502  48.052 0.0000000000
35465  3.888  -56.749  49.424 0.0000000000
36299  3.323  -56.352  51.296 0.0000000000
34564  2.454  -58.408  48.997 0.0000000000
56185  38.121  -33.945  24.833 0.0000000000
56186  37.289  -34.208  24.829 0.0000000000
56168  36.400  -34.911  25.516 0.0000000000
117220  37.089  -34.946  26.072 0.0000000000
56150  37.863  -34.892  26.285 0.0000000000
102934  38.881  -35.713  27.466 0.0000000000
55279  38.040  -35.874  27.363 0.0000000000
54440  38.366  -36.748  29.079 0.0000000000
54426  37.992  -36.635  30.020 0.0000000000
115123  35.707  -36.908  27.462 0.0000000000
115920  36.123  -37.143  28.151 0.0000000000
54427  37.081  -36.848  30.307 0.0000000000
55221  37.849  -35.281  32.136 0.0000000000
56085  36.721  -35.155  33.331 0.0000000000
56073  37.482  -34.919  33.888 0.0000000000
56049  37.416  -34.904  35.291 0.0000000000
46816  27.483  -44.530  37.252 0.0000000000
46815  28.335  -44.496  37.326 0.0000000000
105873  27.852  -44.510  38.009 0.0000000000
102096  25.326  -44.478  39.036 0.0000000000
100120  26.279  -44.514  39.840 0.0000000000
114450  27.981  -44.523  41.293 0.0000000000
100124  28.290  -44.494  40.681 0.0000000000
46777  28.658  -44.486  39.962 0.0000000000
46744  29.639  -44.479  41.323 0.0000000000
100127  29.067  -44.551  42.022 0.0000000000
114089  29.237  -44.767  44.569 0.0000000000
102942  29.818  -44.726  44.070 0.0000000000
46705  29.908  -44.716  44.990 0.0000000000
46693  30.702  -44.401  45.532 0.0000000000
47597  30.411  -44.087  46.417 0.0000000000
117673  23.286  -43.981  44.636 0.0000000000
47624  23.920  -44.006  43.988 0.0000000000
47610  24.003  -44.128  44.937 0.0000000000
46672  25.307  -44.280  47.092 0.0000000000
46698  24.737  -44.510  45.341 0.0000000000
46687  25.850  -44.589  46.393 0.0000000000
102370  26.104  -44.745  44.834 0.0000000000
46686  26.761  -44.656  46.526 0.0000000000
118976  27.983  -43.197  49.134 0.0000000000
48524  27.412  -43.221  49.226 0.0000000000
47564  27.979  -43.699  48.606 0.0000000000
46669  27.797  -44.486  47.321 0.0000000000
46684  28.310  -44.587  46.909 0.0000000000
48540  29.944  -43.067  48.056 0.0000000000
48553  30.791  -42.945  47.438 0.0000000000
45868  18.059  -45.795  51.663 0.0000000000
45859  18.106  -46.142  52.534 0.0000000000
45009  17.989  -46.451  51.079 0.0000000000
44028  17.936  -47.801  50.407 0.0000000000
101676  17.913  -47.183  51.108 0.0000000000
43031  17.865  -48.796  50.594 0.0000000000
43063  17.892  -48.692  47.643 0.0000000000
103669  17.988  -48.154  48.313 0.0000000000
40939  17.303  -50.796  49.237 0.0000000000
42004  17.727  -49.885  49.032 0.0000000000
41993  17.537  -50.344  49.910 0.0000000000
104517  17.616  -49.771  50.668 0.0000000000
40913  17.182  -50.664  50.706 0.0000000000
101012  15.720  -51.194  49.720 0.0000000000
105948  14.732  -51.018  49.910 0.0000000000
101011  14.189  -50.985  49.301 0.0000000000
110025  15.198  -51.136  42.813 0.0000000000
41043  15.966  -50.863  43.259 0.0000000000
41026  15.806  -51.103  44.256 0.0000000000
41061  13.839  -51.330  42.126 0.0000000000
41013  13.462  -51.284  45.385 0.0000000000
41028  13.835  -51.396  44.646 0.0000000000
110853  14.296  -51.305  45.371 0.0000000000
41012  15.071  -51.276  45.452 0.0000000000
117480  12.745  -51.018  47.533 0.0000000000
119880  12.733  -50.881  48.836 0.0000000000
40940  12.020  -50.846  48.977 0.0000000000
40987  10.870  -51.100  47.751 0.0000000000
40988  10.183  -51.246  48.065 0.0000000000
39912  9.748  -51.777  47.597 0.0000000000
39945  9.982  -52.182  44.459 0.0000000000
105197  9.634  -52.443  45.631 0.0000000000
39913  9.358  -52.229  47.180 0.0000000000
38994  8.772  -52.746  47.102 0.0000000000
38988  8.241  -52.667  48.081 0.0000000000
39002  8.254  -53.314  46.403 0.0000000000
38096  7.672  -53.811  46.734 0.0000000000
38106  7.133  -54.279  46.200 0.0000000000
38097  7.056  -54.162  47.095 0.0000000000
37178  6.083  -55.285  45.331 0.0000000000
104382  5.683  -55.702  45.708 0.0000000000
36330  5.519  -55.815  46.588 0.0000000000
114330  22.459  -43.151  37.808 0.0000000000
47691  22.918  -43.490  39.377 0.0000000000
47692  22.038  -42.974  39.078 0.0000000000
48665  20.291  -42.634  37.440 0.0000000000
48621  20.627  -42.853  40.131 0.0000000000
48635  20.517  -42.757  39.218 0.0000000000
113803  21.249  -42.877  40.573 0.0000000000
100012  21.219  -42.983  41.371 0.0000000000
103734  21.555  -43.092  41.900 0.0000000000
102163  21.146  -43.153  41.898 0.0000000000
48590  20.902  -44.352  43.675 0.0000000000
116147  21.359  -44.121  43.038 0.0000000000
48579  21.050  -44.258  44.639 0.0000000000
47613  20.562  -44.387  45.193 0.0000000000
105763  19.541  -45.017  43.665 0.0000000000
46736  19.979  -44.468  43.054 0.0000000000
46688  19.592  -45.059  46.796 0.0000000000
47604  20.064  -44.580  46.413 0.0000000000
47588  19.950  -44.613  47.326 0.0000000000
110184  19.832  -44.499  48.258 0.0000000000
46661  19.267  -44.842  48.782 0.0000000000
45879  18.532  -45.464  50.276 0.0000000000
46635  18.285  -45.096  51.914 0.0000000000
100030  12.436  -50.578  53.772 0.0000000000
40866  13.226  -50.641  53.614 0.0000000000
119378  12.945  -50.742  54.303 0.0000000000
36303  4.964  -55.390  49.864 0.0000000000
37120  5.378  -54.752  50.417 0.0000000000
38004  4.098  -53.510  53.750 0.0000000000
38013  4.749  -53.834  52.615 0.0000000000
38954  4.604  -52.621  54.508 0.0000000000
58135  51.954  -32.021  22.289 0.0000000000
104978  52.970  -31.644  22.266 0.0000000000
59057  53.777  -31.418  24.734 0.0000000000
58158  48.811  -32.832  21.756 0.0000000000
58106  49.497  -32.223  24.319 0.0000000000
58105  50.523  -31.858  24.352 0.0000000000
59029  49.045  -31.344  26.598 0.0000000000
59028  50.110  -30.931  26.816 0.0000000000
59027  51.339  -30.655  27.222 0.0000000000
109757  51.678  -30.966  26.412 0.0000000000
59978  52.553  -31.044  27.323 0.0000000000
57136  41.780  -32.778  22.487 0.0000000000
57105  40.219  -33.226  24.360 0.0000000000
57120  40.603  -32.894  23.686 0.0000000000
57104  42.376  -32.784  24.835 0.0000000000
57118  42.671  -32.654  23.844 0.0000000000
55260  41.217  -35.395  29.291 0.0000000000
56122  41.126  -35.292  28.222 0.0000000000
56111  42.314  -34.539  29.212 0.0000000000
57036  42.849  -33.889  29.559 0.0000000000
57035  43.335  -33.381  29.761 0.0000000000
58953  44.583  -31.652  31.182 0.0000000000
58975  43.996  -32.198  30.669 0.0000000000
58016  44.178  -32.289  29.823 0.0000000000
58030  44.226  -32.260  28.912 0.0000000000
54445  33.158  -36.460  29.868 0.0000000000
54430  33.906  -36.300  30.285 0.0000000000
55253  33.322  -35.819  31.082 0.0000000000
103305  33.705  -36.713  32.717 0.0000000000
54399  33.570  -36.181  32.522 0.0000000000
55211  35.247  -35.962  33.568 0.0000000000
113845  34.917  -35.859  33.180 0.0000000000
56087  35.045  -35.597  32.953 0.0000000000
56086  35.898  -35.439  32.989 0.0000000000
56032  36.911  -35.180  36.860 0.0000000000
56948  37.081  -35.052  36.294 0.0000000000
56928  37.130  -34.476  37.825 0.0000000000
118056  31.565  -43.780  39.545 0.0000000000
47689  31.031  -43.949  38.921 0.0000000000
47720  31.774  -43.464  37.861 0.0000000000
48663  31.843  -43.272  37.119 0.0000000000
107423  32.263  -42.762  36.808 0.0000000000
48661  32.886  -42.208  36.929 0.0000000000
49596  33.795  -41.683  38.260 0.0000000000
49612  34.017  -41.185  37.592 0.0000000000
50598  33.722  -41.112  36.206 0.0000000000
50581  34.503  -40.646  37.780 0.0000000000
50469  33.250  -41.370  47.505 0.0000000000
50482  33.483  -41.409  46.797 0.0000000000
50500  34.356  -41.289  45.412 0.0000000000
50491  34.198  -41.098  45.993 0.0000000000
113995  34.620  -41.566  44.744 0.0000000000
48573  34.593  -42.329  44.125 0.0000000000
51506  36.267  -40.180  43.362 0.0000000000
50498  35.727  -40.468  44.388 0.0000000000
50519  35.930  -40.865  42.675 0.0000000000
49550  35.610  -41.599  43.077 0.0000000000
49555  35.538  -41.476  42.142 0.0000000000
49564  35.198  -41.208  41.188 0.0000000000
50540  35.513  -40.431  40.784 0.0000000000
51557  35.626  -39.593  39.401 0.0000000000
50551  35.268  -40.259  39.855 0.0000000000
50580  34.980  -40.092  38.141 0.0000000000
51595  35.477  -39.503  37.698 0.0000000000
102806  35.876  -38.829  38.036 0.0000000000
52576  36.373  -38.175  38.203 0.0000000000
53463  36.632  -37.406  38.359 0.0000000000
54327  36.673  -36.362  38.545 0.0000000000
53424  37.578  -37.133  42.277 0.0000000000
54286  37.631  -36.413  42.678 0.0000000000
55139  37.162  -35.535  40.661 0.0000000000
55150  36.892  -35.359  39.750 0.0000000000
55165  36.701  -35.595  38.991 0.0000000000
55151  36.763  -34.795  38.896 0.0000000000
56006  36.785  -34.716  38.107 0.0000000000
55992  36.993  -34.418  39.614 0.0000000000
60108  46.889  -29.948  16.060 0.0000000000
105279  47.520  -29.941  15.639 0.0000000000
60928  49.609  -29.589  13.453 0.0000000000
61761  49.886  -29.161  12.681 0.0000000000
60133  50.724  -30.288  14.015 0.0000000000
60105  50.755  -30.668  15.494 0.0000000000
105853  50.633  -31.104  17.270 0.0000000000
59154  51.137  -31.322  17.783 0.0000000000
59153  52.070  -31.216  17.653 0.0000000000
60057  53.167  -30.946  17.646 0.0000000000
114536  54.068  -30.481  17.760 0.0000000000
60042  54.341  -30.937  19.905 0.0000000000
118148  18.809  -44.241  53.289 0.0000000000
38990  7.154  -53.167  49.274 0.0000000000
38069  6.817  -53.821  48.793 0.0000000000
38051  6.587  -53.728  49.697 0.0000000000
46780  24.134  -44.180  39.968 0.0000000000
46747  23.900  -43.961  41.519 0.0000000000
44111  18.120  -47.853  43.941 0.0000000000
43136  17.758  -48.456  43.534 0.0000000000
43137  17.361  -49.012  43.119 0.0000000000
118257  17.113  -49.581  43.404 0.0000000000
107435  18.522  -46.583  42.213 0.0000000000
44167  18.118  -47.192  42.120 0.0000000000
40896  14.879  -50.870  51.461 0.0000000000
40879  15.199  -50.691  52.307 0.0000000000
41972  14.545  -50.609  52.976 0.0000000000
41962  14.011  -50.786  53.599 0.0000000000
58176  49.448  -32.562  20.628 0.0000000000
58157  49.496  -32.678  21.302 0.0000000000
58137  49.606  -32.699  22.062 0.0000000000
101074  47.462  -31.558  27.152 0.0000000000
56166  39.270  -34.052  25.588 0.0000000000
108453  40.954  -34.803  27.426 0.0000000000
51700  34.302  -39.199  33.221 0.0000000000
52621  34.479  -38.451  33.480 0.0000000000
110657  34.631  -38.988  33.979 0.0000000000
52599  35.010  -38.742  34.696 0.0000000000
52598  35.572  -38.454  35.326 0.0000000000
46716  31.225  -44.522  43.922 0.0000000000
47635  31.921  -44.339  43.738 0.0000000000
47622  32.552  -43.979  44.370 0.0000000000
48575  33.063  -43.312  44.956 0.0000000000
59140  47.476  -31.484  18.422 0.0000000000
114182  48.172  -31.483  18.240 0.0000000000
59139  48.920  -31.692  18.532 0.0000000000
60945  52.518  -29.822  12.266 0.0000000000
60151  51.954  -30.107  12.869 0.0000000000
48566  21.527  -43.926  45.124 0.0000000000
48565  21.812  -43.671  45.662 0.0000000000
48556  21.238  -43.783  46.103 0.0000000000
48530  21.622  -43.261  48.108 0.0000000000
40920  10.312  -50.863  50.168 0.0000000000
111577  10.162  -50.806  50.861 0.0000000000
40901  9.656  -50.870  51.372 0.0000000000
40883  9.047  -50.989  52.096 0.0000000000
39861  7.685  -51.659  52.833 0.0000000000
58195  45.283  -32.318  19.947 0.0000000000
58162  45.144  -32.694  21.300 0.0000000000
58164  42.982  -32.763  21.524 0.0000000000
58163  43.750  -32.789  21.768 0.0000000000
105955  45.219  -32.835  24.071 0.0000000000
58097  44.449  -32.693  25.212 0.0000000000
55246  40.195  -35.436  30.147 0.0000000000
56094  40.037  -34.384  31.413 0.0000000000
113065  41.008  -33.232  35.075 0.0000000000
35482  3.989  -57.094  47.561 0.0000000000
35474  3.417  -57.343  48.990 0.0000000000
114043  36.890  -35.471  26.615 0.0000000000
55280  37.135  -36.020  27.223 0.0000000000
100819  37.030  -36.759  27.884 0.0000000000
53571  35.985  -37.483  29.105 0.0000000000
46817  26.645  -44.559  37.177 0.0000000000
46745  26.495  -44.531  41.147 0.0000000000
46758  26.635  -44.518  40.463 0.0000000000
100125  27.299  -44.544  41.622 0.0000000000
100126  28.172  -44.572  42.075 0.0000000000
116400  28.843  -44.616  42.735 0.0000000000
99957  29.110  -44.768  45.338 0.0000000000
108528  24.228  -44.083  46.654 0.0000000000
47584  24.523  -43.965  47.399 0.0000000000
108011  25.140  -43.967  47.777 0.0000000000
107193  25.812  -44.102  47.825 0.0000000000
49486  28.588  -42.304  49.895 0.0000000000
48541  28.918  -43.459  48.275 0.0000000000
45892  18.450  -46.047  49.869 0.0000000000
44042  18.043  -47.536  49.554 0.0000000000
42032  17.616  -49.605  47.159 0.0000000000
40959  17.350  -50.598  48.375 0.0000000000
101391  16.637  -51.149  49.452 0.0000000000
40960  16.722  -51.119  48.660 0.0000000000
100159  15.230  -51.171  48.326 0.0000000000
41060  14.778  -51.097  41.957 0.0000000000
41046  12.387  -51.357  43.210 0.0000000000
107278  12.961  -51.344  44.773 0.0000000000
115620  13.144  -51.190  45.979 0.0000000000
41001  12.529  -51.181  46.228 0.0000000000
40986  11.783  -51.056  47.454 0.0000000000
39920  10.580  -51.648  46.366 0.0000000000
39013  8.383  -53.428  45.398 0.0000000000
38114  7.805  -53.921  44.691 0.0000000000
47740  21.886  -42.868  36.553 0.0000000000
47724  21.866  -42.834  37.440 0.0000000000
48650  19.988  -42.904  38.802 0.0000000000
48622  20.424  -43.212  40.565 0.0000000000
103991  20.985  -43.438  41.959 0.0000000000
105429  20.854  -43.690  42.057 0.0000000000
47639  20.710  -44.285  43.345 0.0000000000
45099  19.133  -46.149  44.792 0.0000000000
45919  19.427  -45.538  45.385 0.0000000000
45915  19.302  -45.642  46.238 0.0000000000
45900  19.003  -45.628  48.623 0.0000000000
45901  18.726  -46.058  49.194 0.0000000000
37116  4.283  -55.341  51.346 0.0000000000
38014  3.965  -54.398  52.838 0.0000000000
59070  52.477  -31.411  23.834 0.0000000000
60005  53.415  -31.470  25.673 0.0000000000
103112  53.709  -31.623  26.248 0.0000000000
59025  53.207  -31.519  26.639 0.0000000000
58121  48.233  -32.873  23.221 0.0000000000
57077  41.630  -33.386  26.182 0.0000000000
58079  43.565  -32.496  26.218 0.0000000000
58045  44.140  -32.112  28.003 0.0000000000
56102  41.457  -34.377  30.549 0.0000000000
54446  32.342  -36.651  29.820 0.0000000000
55241  32.837  -35.937  31.128 0.0000000000
54371  35.390  -36.283  34.242 0.0000000000
54372  34.925  -36.176  33.561 0.0000000000
55204  35.482  -36.157  34.120 0.0000000000
56051  35.744  -35.794  34.195 0.0000000000
56065  36.045  -35.466  34.332 0.0000000000
56050  36.130  -35.769  35.124 0.0000000000
100726  36.622  -35.451  35.943 0.0000000000
47672  32.718  -43.655  40.757 0.0000000000
118652  32.171  -43.569  39.709 0.0000000000
47688  32.718  -43.362  39.941 0.0000000000
48633  33.048  -42.865  39.282 0.0000000000
48647  32.775  -42.831  38.487 0.0000000000
48646  33.163  -42.289  37.886 0.0000000000
103294  33.412  -42.348  38.734 0.0000000000
49595  34.317  -41.303  38.865 0.0000000000
50468  33.934  -40.952  47.093 0.0000000000
51440  34.397  -40.481  47.265 0.0000000000
51473  34.517  -40.495  46.190 0.0000000000
50490  34.680  -40.622  45.694 0.0000000000
51518  36.187  -40.063  42.289 0.0000000000
51530  36.006  -39.851  41.386 0.0000000000
52548  36.005  -38.994  39.740 0.0000000000
52566  35.976  -38.789  38.928 0.0000000000
53450  36.897  -37.890  40.317 0.0000000000
60916  49.248  -29.868  14.288 0.0000000000
59137  50.823  -31.631  18.526 0.0000000000
103242  55.821  -28.237  11.112 0.0000000000
61774  56.448  -28.587  11.683 0.0000000000
61759  56.797  -28.675  11.892 0.0000000000
60900  55.121  -29.567  15.741 0.0000000000
60889  55.546  -29.549  16.959 0.0000000000
48532  20.582  -43.743  48.301 0.0000000000
104348  20.590  -43.319  48.723 0.0000000000
112369  20.363  -43.506  48.892 0.0000000000
48493  20.304  -42.966  50.275 0.0000000000
107736  19.660  -43.371  52.373 0.0000000000
39903  8.463  -52.134  48.801 0.0000000000
39878  8.442  -51.839  50.119 0.0000000000
39892  8.110  -52.134  49.586 0.0000000000
39879  7.889  -52.127  50.377 0.0000000000
38965  7.101  -52.537  51.384 0.0000000000
39871  7.170  -52.113  52.152 0.0000000000
39857  5.977  -51.724  54.887 0.0000000000
58183  42.791  -32.532  20.726 0.0000000000
117461  42.552  -32.777  22.488 0.0000000000
56082  39.109  -34.564  32.418 0.0000000000
56965  39.708  -34.146  35.544 0.0000000000
34588  2.817  -58.468  46.987 0.0000000000
108147  1.963  -59.066  48.537 0.0000000000
32664  1.500  -59.702  47.900 0.0000000000
33665  1.229  -59.528  48.902 0.0000000000
115997  0.509  -59.194  50.723 0.0000000000
53572  35.140  -37.420  29.246 0.0000000000
46778  25.452  -44.476  39.716 0.0000000000
46760  24.823  -44.380  40.375 0.0000000000
117962  25.195  -44.452  40.942 0.0000000000
46720  26.343  -44.614  42.891 0.0000000000
44069  18.584  -47.242  46.987 0.0000000000
100755  18.079  -48.017  47.071 0.0000000000
115230  18.007  -48.255  45.134 0.0000000000
119835  17.702  -49.028  46.062 0.0000000000
42046  17.475  -49.676  46.272 0.0000000000
40999  17.015  -50.503  46.246 0.0000000000
99710  16.495  -50.901  45.682 0.0000000000
102809  11.369  -51.383  42.982 0.0000000000
101517  11.250  -51.494  44.324 0.0000000000
41048  10.928  -51.540  43.689 0.0000000000
39953  10.180  -51.921  43.544 0.0000000000
46763  19.201  -44.936  40.674 0.0000000000
46748  19.865  -44.421  42.138 0.0000000000
45930  19.132  -45.661  43.191 0.0000000000
45120  18.764  -46.484  43.190 0.0000000000
58118  51.735  -31.856  23.214 0.0000000000
58093  48.111  -32.433  25.077 0.0000000000
112890  39.167  -33.303  23.670 0.0000000000
57094  40.604  -33.430  25.113 0.0000000000
58907  42.730  -31.736  33.421 0.0000000000
109163  32.375  -37.524  30.506 0.0000000000
53556  32.538  -36.912  30.893 0.0000000000
53543  32.889  -37.173  31.570 0.0000000000
53525  33.740  -37.590  32.634 0.0000000000
53506  34.165  -37.111  33.145 0.0000000000
53505  34.574  -37.587  33.626 0.0000000000
54386  34.713  -36.661  33.648 0.0000000000
111152  35.953  -36.619  35.396 0.0000000000
54349  36.377  -36.261  36.401 0.0000000000
46756  29.869  -44.418  40.421 0.0000000000
46775  31.303  -44.036  40.451 0.0000000000
47673  32.003  -43.929  41.070 0.0000000000
47646  32.015  -44.324  42.873 0.0000000000
47659  32.031  -44.192  41.983 0.0000000000
47658  32.759  -43.870  41.638 0.0000000000
47657  33.372  -43.506  41.251 0.0000000000
48608  34.020  -43.157  41.686 0.0000000000
104816  47.136  -30.750  17.310 0.0000000000
60093  48.487  -30.659  16.515 0.0000000000
60092  49.449  -30.776  16.505 0.0000000000
59138  49.901  -31.688  18.556 0.0000000000
120652  51.255  -31.974  19.873 0.0000000000
61792  54.036  -28.083  10.758 0.0000000000
61775  54.627  -28.600  11.132 0.0000000000
60960  55.411  -28.980  11.653 0.0000000000
60923  55.941  -29.212  13.267 0.0000000000
60925  54.558  -30.065  14.177 0.0000000000
107631  53.921  -30.191  13.271 0.0000000000
60102  53.799  -30.291  15.390 0.0000000000
47661  22.407  -43.316  41.677 0.0000000000
47648  22.786  -43.583  42.469 0.0000000000
47638  22.341  -43.679  43.294 0.0000000000
47625  22.842  -43.951  44.012 0.0000000000
47611  23.188  -43.930  45.436 0.0000000000
47602  22.566  -43.741  46.069 0.0000000000
47601  23.426  -43.908  46.371 0.0000000000
47585  23.654  -43.835  47.216 0.0000000000
120416  20.843  -42.965  49.194 0.0000000000
48509  21.500  -42.837  49.466 0.0000000000
100355  22.003  -42.926  48.924 0.0000000000
49491  22.316  -42.664  49.769 0.0000000000
116090  16.977  -48.873  41.567 0.0000000000
105919  12.705  -50.766  51.024 0.0000000000
40898  12.263  -50.729  51.845 0.0000000000
101014  11.717  -50.596  52.844 0.0000000000
40857  11.502  -50.789  55.062 0.0000000000
39854  8.247  -51.266  53.436 0.0000000000
40870  8.877  -50.877  53.998 0.0000000000
117630  47.274  -32.743  20.606 0.0000000000
58160  46.827  -32.871  21.355 0.0000000000
110370  46.913  -32.961  23.762 0.0000000000
102651  44.594  -32.761  21.930 0.0000000000
59031  46.484  -32.000  26.893 0.0000000000
99912  46.164  -31.147  28.161 0.0000000000
55278  39.629  -35.525  27.511 0.0000000000
55277  40.426  -35.639  27.985 0.0000000000
56113  41.002  -35.152  29.980 0.0000000000
118773  41.495  -33.829  31.085 0.0000000000
57016  41.577  -33.365  31.616 0.0000000000
57007  39.816  -33.984  32.734 0.0000000000
57953  40.968  -33.156  34.517 0.0000000000
57975  40.918  -33.073  33.686 0.0000000000
57994  40.905  -33.114  32.988 0.0000000000
58933  42.167  -32.122  33.032 0.0000000000
58888  42.636  -31.628  34.218 0.0000000000
50661  33.582  -40.709  33.497 0.0000000000
109699  32.052  -41.909  47.762 0.0000000000
49530  32.045  -42.332  47.167 0.0000000000
49516  32.596  -41.553  47.865 0.0000000000
115297  46.149  -30.961  18.094 0.0000000000
61779  50.862  -28.062  11.482 0.0000000000
36306  5.483  -55.498  48.417 0.0000000000
36308  4.339  -56.430  48.924 0.0000000000
36304  4.341  -56.068  49.660 0.0000000000
36297  4.383  -55.751  50.544 0.0000000000
36298  3.939  -55.972  51.093 0.0000000000
36288  3.228  -55.570  52.408 0.0000000000
34577  3.008  -57.976  48.549 0.0000000000
34563  2.876  -57.771  49.429 0.0000000000
34558  2.645  -57.618  50.287 0.0000000000
35460  3.021  -56.986  50.795 0.0000000000
35453  2.627  -56.792  51.667 0.0000000000
36294  2.298  -56.550  52.462 0.0000000000
109928  38.554  -34.161  25.388 0.0000000000
54439  39.279  -36.410  28.872 0.0000000000
55234  38.890  -35.350  31.113 0.0000000000
54441  37.445  -36.976  29.434 0.0000000000
55235  38.545  -35.071  31.779 0.0000000000
56083  38.450  -34.887  32.379 0.0000000000
102665  38.601  -34.742  32.936 0.0000000000
56072  38.419  -34.788  33.644 0.0000000000
108148  38.069  -34.797  35.606 0.0000000000
107604  37.921  -34.614  36.467 0.0000000000
108613  37.913  -34.329  37.137 0.0000000000
105437  28.813  -44.491  38.166 0.0000000000
114297  28.931  -44.495  39.089 0.0000000000
108122  25.330  -44.472  37.784 0.0000000000
105871  26.163  -44.523  37.838 0.0000000000
100121  27.117  -44.506  39.963 0.0000000000
101028  27.588  -44.511  39.329 0.0000000000
46795  27.312  -44.512  38.623 0.0000000000
46776  29.489  -44.436  39.780 0.0000000000
46731  30.502  -44.576  42.695 0.0000000000
46718  29.658  -44.641  43.067 0.0000000000
46717  30.530  -44.636  43.568 0.0000000000
119763  31.174  -44.400  45.055 0.0000000000
47609  31.543  -44.011  45.503 0.0000000000
47636  24.160  -44.144  43.000 0.0000000000
46722  24.747  -44.470  43.606 0.0000000000
46708  25.425  -44.647  44.176 0.0000000000
118502  26.899  -44.785  45.152 0.0000000000
47566  26.173  -43.788  48.532 0.0000000000
47565  27.042  -43.831  48.636 0.0000000000
47583  26.646  -44.193  47.917 0.0000000000
105703  27.383  -44.778  45.849 0.0000000000
117481  27.647  -44.811  44.952 0.0000000000
46695  28.279  -44.792  45.574 0.0000000000
46683  28.899  -44.675  46.276 0.0000000000
47598  29.613  -44.305  46.740 0.0000000000
47580  29.331  -43.898  47.498 0.0000000000
114265  30.821  -43.425  46.824 0.0000000000
45850  18.504  -45.768  53.262 0.0000000000
44989  18.035  -46.842  52.497 0.0000000000
44019  17.887  -47.395  51.981 0.0000000000
108726  17.851  -48.204  52.330 0.0000000000
103837  17.962  -48.205  49.000 0.0000000000
120626  17.862  -48.960  49.235 0.0000000000
40894  16.764  -50.537  51.711 0.0000000000
40914  16.521  -51.091  50.253 0.0000000000
40916  14.384  -50.937  50.701 0.0000000000
42094  16.919  -49.609  42.790 0.0000000000
42082  16.725  -50.226  43.316 0.0000000000
41010  16.538  -50.834  44.848 0.0000000000
100427  15.686  -51.159  46.077 0.0000000000
100344  14.437  -51.349  42.905 0.0000000000
41045  14.169  -51.424  43.799 0.0000000000
100157  15.164  -51.166  46.858 0.0000000000
40984  14.671  -51.119  47.612 0.0000000000
40963  14.186  -51.016  48.468 0.0000000000
40985  13.690  -51.051  47.581 0.0000000000
101010  13.444  -50.916  49.075 0.0000000000
113967  12.996  -50.799  50.348 0.0000000000
105915  11.812  -50.855  49.721 0.0000000000
40964  11.448  -50.925  48.350 0.0000000000
40942  10.476  -50.918  49.375 0.0000000000
40966  9.991  -51.081  48.849 0.0000000000
108948  9.026  -51.760  48.761 0.0000000000
115986  10.200  -52.009  45.870 0.0000000000
39921  9.911  -52.039  46.642 0.0000000000
37151  6.547  -54.613  47.529 0.0000000000
37177  6.635  -54.854  45.757 0.0000000000
111074  6.036  -55.166  47.105 0.0000000000
36331  4.942  -56.312  46.519 0.0000000000
35491  4.506  -56.762  46.000 0.0000000000
35492  3.964  -57.214  46.528 0.0000000000
46820  23.764  -43.931  37.763 0.0000000000
47705  23.377  -43.766  38.531 0.0000000000
47722  23.062  -43.530  37.757 0.0000000000
47675  22.913  -43.440  40.223 0.0000000000
110730  22.608  -43.316  40.828 0.0000000000
48648  21.121  -42.577  37.869 0.0000000000
48634  21.214  -42.671  38.721 0.0000000000
48588  21.704  -44.139  43.795 0.0000000000
48600  21.293  -43.720  42.454 0.0000000000
103104  21.600  -43.980  43.090 0.0000000000
48578  21.452  -44.162  44.507 0.0000000000
48557  20.863  -44.000  46.091 0.0000000000
48558  20.680  -44.122  46.507 0.0000000000
46723  20.160  -44.529  43.931 0.0000000000
46710  19.845  -44.913  45.103 0.0000000000
47628  20.232  -44.570  44.763 0.0000000000
47603  20.443  -44.321  46.038 0.0000000000
47587  20.423  -44.306  46.927 0.0000000000
47569  20.250  -43.989  48.689 0.0000000000
47570  19.699  -44.253  49.116 0.0000000000
46645  18.882  -44.761  50.332 0.0000000000
46634  18.745  -44.614  51.427 0.0000000000
37126  5.639  -54.838  49.602 0.0000000000
38037  5.673  -54.114  50.911 0.0000000000
38025  5.255  -53.989  51.722 0.0000000000
38012  5.482  -53.349  52.381 0.0000000000
38960  5.734  -52.672  52.976 0.0000000000
38953  5.445  -52.353  54.053 0.0000000000
118697  49.493  -32.549  23.149 0.0000000000
59050  52.440  -31.136  26.140 0.0000000000
101642  41.428  -32.606  21.128 0.0000000000
57119  41.587  -32.750  23.524 0.0000000000
117961  43.408  -32.638  24.082 0.0000000000
58078  44.392  -32.339  26.038 0.0000000000
117644  41.573  -34.878  28.050 0.0000000000
56120  42.138  -34.494  28.352 0.0000000000
120779  43.028  -33.341  28.335 0.0000000000
58955  43.018  -32.341  31.839 0.0000000000
58954  43.789  -32.001  31.487 0.0000000000
58046  43.612  -32.773  28.420 0.0000000000
59002  44.792  -31.771  28.511 0.0000000000
120112  45.855  -31.035  28.669 0.0000000000
59969  46.538  -30.662  28.865 0.0000000000
54444  34.099  -37.006  29.329 0.0000000000
54414  32.792  -36.216  31.502 0.0000000000
55240  33.053  -35.874  31.671 0.0000000000
55225  33.624  -35.961  32.301 0.0000000000
55239  34.012  -35.715  31.803 0.0000000000
55238  35.011  -35.654  31.684 0.0000000000
55223  35.436  -35.500  32.435 0.0000000000
56064  36.384  -35.183  34.693 0.0000000000
46792  30.443  -44.227  38.607 0.0000000000
104125  30.451  -44.251  37.886 0.0000000000
47703  31.659  -43.625  38.652 0.0000000000
120163  31.371  -43.723  37.391 0.0000000000
49648  32.714  -41.951  35.189 0.0000000000
103483  33.339  -41.404  35.493 0.0000000000
50615  34.468  -40.288  35.996 0.0000000000
49536  32.433  -42.433  46.454 0.0000000000
119176  33.112  -42.266  46.016 0.0000000000
49541  33.394  -42.447  45.399 0.0000000000
50492  33.718  -41.410  46.256 0.0000000000
49534  33.690  -41.703  45.797 0.0000000000
48574  33.791  -42.859  44.572 0.0000000000
48585  34.744  -42.743  43.064 0.0000000000
48596  34.678  -42.730  42.105 0.0000000000
51491  35.295  -40.163  45.366 0.0000000000
51490  35.878  -39.595  44.982 0.0000000000
49545  35.308  -41.491  44.063 0.0000000000
49551  35.190  -42.169  42.563 0.0000000000
49565  34.663  -41.762  40.668 0.0000000000
50552  34.737  -40.803  39.370 0.0000000000
50565  34.624  -40.688  38.557 0.0000000000
119085  34.688  -40.170  36.646 0.0000000000
51618  35.134  -39.609  36.404 0.0000000000
51617  35.765  -38.827  36.555 0.0000000000
107916  36.229  -38.266  37.557 0.0000000000
52583  36.284  -37.958  36.808 0.0000000000
53470  36.470  -36.903  36.906 0.0000000000
54337  36.464  -36.009  37.046 0.0000000000
110956  37.337  -37.710  41.910 0.0000000000
102234  37.237  -37.142  40.718 0.0000000000
54301  37.353  -36.399  41.083 0.0000000000
54319  36.835  -36.352  39.492 0.0000000000
54328  36.504  -35.821  37.749 0.0000000000
55183  36.646  -35.252  37.308 0.0000000000
56018  36.882  -34.942  37.405 0.0000000000
56912  36.948  -34.625  38.078 0.0000000000
56911  37.017  -34.237  38.625 0.0000000000
60117  51.553  -30.493  14.255 0.0000000000
60116  52.346  -30.557  14.591 0.0000000000
60089  53.353  -30.539  16.472 0.0000000000
106757  54.576  -30.515  19.113 0.0000000000
36292  3.637  -55.771  51.739 0.0000000000
40944  9.330  -51.287  49.812 0.0000000000
45129  18.166  -46.946  41.639 0.0000000000
45924  19.188  -45.912  43.922 0.0000000000
46670  27.096  -44.487  47.278 0.0000000000
46685  27.588  -44.658  46.708 0.0000000000
46697  25.535  -44.674  45.579 0.0000000000
46796  26.494  -44.510  38.531 0.0000000000
46798  24.932  -44.421  38.502 0.0000000000
47518  19.473  -43.746  53.563 0.0000000000
47612  22.370  -43.761  45.366 0.0000000000
47719  32.213  -43.261  38.341 0.0000000000
48507  23.799  -42.892  49.400 0.0000000000
51456  34.438  -40.442  46.724 0.0000000000
51517  36.499  -39.426  41.894 0.0000000000
51596  34.914  -40.029  37.239 0.0000000000
52565  36.541  -38.053  38.863 0.0000000000
52647  32.791  -37.847  31.040 0.0000000000
54300  37.577  -36.457  41.872 0.0000000000
56063  37.082  -34.920  34.672 0.0000000000
56949  37.079  -34.938  37.149 0.0000000000
101026  26.002  -44.513  39.131 0.0000000000
109348  33.384  -41.617  36.715 0.0000000000
115795  36.974  -37.045  40.022 0.0000000000
116829  12.404  -51.138  46.903 0.0000000000
117701  53.534  -31.465  25.310 0.0000000000
117996  24.739  -44.217  46.839 0.0000000000
118024  38.813  -34.771  32.026 0.0000000000
118197  4.695  -54.947  51.283 0.0000000000
119214  29.326  -44.585  42.498 0.0000000000
119486  43.210  -32.640  25.782 0.0000000000
120935  28.247  -44.505  39.425 0.0000000000
