#!ascii label  , from subject sub-v2s3x28812_ses-1 vox2ras=TkReg
882
52247  -16.887  -24.018  78.041 0.0000000000
69155  -39.815  -7.987  71.232 0.0000000000
150371  -42.566  -1.536  64.584 0.0000000000
81217  -49.101  3.506  60.420 0.0000000000
68075  -34.606  -9.788  70.232 0.0000000000
82349  -43.292  3.999  61.658 0.0000000000
79015  -52.244  1.136  53.569 0.0000000000
159861  -56.175  4.403  53.837 0.0000000000
66983  -42.589  -10.192  69.997 0.0000000000
71236  -44.663  -6.808  67.849 0.0000000000
72288  -41.711  -5.041  68.482 0.0000000000
55634  -15.932  -20.283  80.002 0.0000000000
152980  -20.628  -20.118  78.114 0.0000000000
54488  -22.696  -21.197  73.957 0.0000000000
54479  -25.929  -21.408  75.813 0.0000000000
58039  -30.899  -18.316  78.136 0.0000000000
63730  -34.880  -13.216  75.951 0.0000000000
65937  -38.665  -11.431  73.099 0.0000000000
75603  -47.158  -2.041  65.860 0.0000000000
81334  -57.278  3.757  52.548 0.0000000000
69146  -41.202  -8.215  71.628 0.0000000000
70203  -42.695  -7.393  70.313 0.0000000000
70212  -41.212  -6.829  69.589 0.0000000000
54445  -17.869  -20.800  77.909 0.0000000000
55629  -19.095  -20.210  79.796 0.0000000000
60322  -32.065  -15.773  75.470 0.0000000000
60314  -32.984  -15.335  77.118 0.0000000000
63747  -33.847  -12.945  74.503 0.0000000000
158316  -37.771  -9.311  70.664 0.0000000000
69119  -36.444  -8.718  73.738 0.0000000000
68047  -39.064  -8.588  72.924 0.0000000000
65940  -41.390  -11.408  71.960 0.0000000000
75567  -42.806  -2.613  68.329 0.0000000000
73396  -47.292  -4.644  66.511 0.0000000000
78824  -43.680  0.253  66.926 0.0000000000
83472  -45.913  5.202  61.088 0.0000000000
83440  -45.102  5.529  64.261 0.0000000000
82340  -48.602  4.661  62.623 0.0000000000
80032  -50.745  1.721  62.037 0.0000000000
78977  -54.589  2.722  56.244 0.0000000000
80103  -53.576  2.749  57.070 0.0000000000
64931  -33.356  -12.114  70.199 0.0000000000
80077  -46.543  1.142  58.888 0.0000000000
81304  -54.129  3.237  53.795 0.0000000000
79004  -55.066  1.644  55.444 0.0000000000
77969  -55.282  -0.091  51.647 0.0000000000
65980  -43.863  -11.388  67.412 0.0000000000
68113  -44.051  -8.477  68.193 0.0000000000
72267  -43.349  -5.160  69.205 0.0000000000
52220  -15.755  -22.610  80.396 0.0000000000
52248  -22.529  -23.570  78.383 0.0000000000
54477  -21.694  -21.235  75.587 0.0000000000
51175  -22.565  -23.963  75.625 0.0000000000
157234  -23.061  -23.739  73.266 0.0000000000
156126  -25.656  -22.288  73.286 0.0000000000
54492  -27.656  -22.336  75.398 0.0000000000
54438  -28.119  -21.023  78.661 0.0000000000
56883  -32.996  -20.339  76.733 0.0000000000
66929  -34.225  -10.526  74.739 0.0000000000
64893  -36.374  -12.044  74.120 0.0000000000
62657  -36.612  -14.466  71.474 0.0000000000
63818  -39.014  -13.818  70.177 0.0000000000
64956  -41.412  -12.669  68.956 0.0000000000
81164  -44.065  3.231  65.694 0.0000000000
78960  -51.473  1.605  57.079 0.0000000000
81238  -52.136  3.114  59.941 0.0000000000
52236  -14.960  -22.984  79.042 0.0000000000
70190  -40.353  -7.644  71.339 0.0000000000
70200  -40.760  -7.218  70.791 0.0000000000
70211  -40.825  -7.285  70.183 0.0000000000
61465  -34.215  -15.254  73.059 0.0000000000
62638  -33.521  -14.304  74.536 0.0000000000
62647  -34.362  -14.348  72.767 0.0000000000
68079  -39.299  -8.813  70.728 0.0000000000
69143  -38.364  -8.029  72.243 0.0000000000
69144  -39.758  -7.837  71.898 0.0000000000
69133  -40.445  -8.506  72.232 0.0000000000
76648  -42.923  -1.479  67.578 0.0000000000
151979  -42.790  -0.059  66.217 0.0000000000
82366  -47.463  4.244  60.734 0.0000000000
84566  -47.784  6.448  62.093 0.0000000000
83475  -49.156  5.604  61.934 0.0000000000
152093  -50.059  3.539  62.352 0.0000000000
158587  -50.511  4.137  61.630 0.0000000000
141395  -54.586  1.397  56.463 0.0000000000
77912  -54.118  1.091  57.003 0.0000000000
77911  -52.904  -0.157  57.484 0.0000000000
81332  -53.517  2.965  51.638 0.0000000000
82443  -55.021  3.840  54.430 0.0000000000
80131  -55.024  2.855  55.233 0.0000000000
81297  -55.704  3.398  54.458 0.0000000000
79016  -55.109  1.222  54.304 0.0000000000
143399  -56.126  3.115  54.139 0.0000000000
81333  -56.422  2.662  51.956 0.0000000000
66995  -42.867  -10.318  68.843 0.0000000000
67003  -43.859  -9.657  67.828 0.0000000000
153216  -43.289  -8.978  69.380 0.0000000000
72265  -41.659  -5.396  69.475 0.0000000000
71218  -42.341  -5.824  69.991 0.0000000000
73353  -41.862  -4.748  69.260 0.0000000000
74476  -42.123  -3.700  68.743 0.0000000000
73384  -42.255  -4.296  67.469 0.0000000000
53320  -16.953  -21.861  80.649 0.0000000000
54421  -17.549  -21.044  80.762 0.0000000000
55635  -20.290  -20.116  78.864 0.0000000000
55691  -22.687  -20.116  73.962 0.0000000000
55661  -22.053  -21.070  74.719 0.0000000000
53353  -22.154  -22.694  75.717 0.0000000000
155716  -22.568  -22.168  74.169 0.0000000000
52266  -22.729  -23.674  73.906 0.0000000000
53374  -23.008  -22.212  73.561 0.0000000000
54507  -25.567  -21.820  73.978 0.0000000000
53362  -26.382  -22.263  73.971 0.0000000000
136853  -26.755  -22.107  75.746 0.0000000000
162858  -30.579  -17.240  77.430 0.0000000000
58036  -28.599  -18.795  78.004 0.0000000000
56865  -29.931  -19.883  78.262 0.0000000000
162880  -28.954  -21.581  77.558 0.0000000000
54453  -30.998  -21.142  77.561 0.0000000000
55655  -31.856  -21.077  77.264 0.0000000000
56875  -32.551  -19.799  77.266 0.0000000000
61443  -33.405  -14.466  76.821 0.0000000000
141681  -34.735  -16.840  76.183 0.0000000000
60316  -35.098  -16.013  75.845 0.0000000000
61451  -36.032  -15.393  74.878 0.0000000000
65934  -33.900  -10.929  72.102 0.0000000000
66948  -34.379  -9.706  72.493 0.0000000000
65927  -38.041  -10.761  73.530 0.0000000000
66931  -36.376  -10.102  74.246 0.0000000000
65935  -36.780  -11.625  73.392 0.0000000000
63778  -36.527  -13.545  72.770 0.0000000000
63791  -36.975  -13.189  71.556 0.0000000000
63793  -39.183  -13.086  71.501 0.0000000000
66973  -42.268  -10.745  70.876 0.0000000000
64934  -41.374  -12.212  71.149 0.0000000000
65952  -42.184  -11.042  70.161 0.0000000000
144436  -42.414  -12.000  68.144 0.0000000000
54443  -16.172  -20.684  78.256 0.0000000000
55633  -14.955  -19.992  79.646 0.0000000000
54426  -14.915  -20.921  79.957 0.0000000000
150506  -45.885  -8.754  66.930 0.0000000000
70244  -47.143  -7.684  66.523 0.0000000000
74497  -47.734  -3.878  66.166 0.0000000000
153681  -42.489  2.777  62.496 0.0000000000
160450  -43.074  2.386  64.822 0.0000000000
82326  -43.378  4.146  63.833 0.0000000000
81190  -45.633  2.768  63.137 0.0000000000
81183  -45.285  3.131  63.975 0.0000000000
80092  -53.397  2.673  57.722 0.0000000000
80102  -52.616  2.472  57.123 0.0000000000
150038  -52.862  2.682  58.276 0.0000000000
80081  -50.998  2.269  58.499 0.0000000000
81252  -52.510  2.976  59.329 0.0000000000
80046  -52.111  2.317  60.710 0.0000000000
83605  -56.488  5.412  52.208 0.0000000000
82455  -56.916  4.561  53.419 0.0000000000
83611  -57.167  5.610  51.684 0.0000000000
83612  -58.333  5.000  50.768 0.0000000000
160378  -42.317  -9.663  70.946 0.0000000000
68081  -42.535  -9.008  70.619 0.0000000000
70202  -41.970  -7.333  70.833 0.0000000000
71206  -41.438  -6.349  70.272 0.0000000000
147337  -41.594  -6.016  68.184 0.0000000000
54435  -17.533  -20.576  78.908 0.0000000000
55628  -18.358  -20.541  80.367 0.0000000000
56869  -20.100  -19.158  77.653 0.0000000000
59179  -31.410  -16.060  77.120 0.0000000000
59176  -31.818  -16.974  77.509 0.0000000000
61441  -32.267  -14.998  76.952 0.0000000000
62609  -32.925  -13.634  76.555 0.0000000000
64867  -33.531  -12.669  76.130 0.0000000000
68077  -36.130  -9.118  70.862 0.0000000000
69140  -35.462  -8.782  72.501 0.0000000000
69142  -37.281  -8.221  72.378 0.0000000000
143185  -37.825  -8.911  73.551 0.0000000000
66934  -39.077  -10.115  73.296 0.0000000000
64907  -40.236  -12.111  72.500 0.0000000000
66950  -40.308  -10.610  72.634 0.0000000000
66961  -41.554  -10.638  71.743 0.0000000000
138506  -17.634  -21.278  77.362 0.0000000000
152171  -44.254  -4.624  68.322 0.0000000000
71237  -45.948  -6.191  66.804 0.0000000000
161671  -44.932  -3.879  67.725 0.0000000000
75578  -45.587  -2.467  67.292 0.0000000000
76664  -46.039  -0.970  66.621 0.0000000000
82351  -44.891  4.905  61.269 0.0000000000
84531  -44.466  5.780  63.586 0.0000000000
152915  -46.223  6.794  62.536 0.0000000000
83456  -46.742  5.481  63.300 0.0000000000
80116  -53.993  3.163  56.130 0.0000000000
78986  -52.447  1.730  55.423 0.0000000000
80115  -53.451  2.727  56.318 0.0000000000
78962  -53.964  2.224  57.206 0.0000000000
68096  -39.642  -9.508  69.876 0.0000000000
66981  -38.270  -10.436  69.651 0.0000000000
77810  -42.314  -0.301  63.421 0.0000000000
153523  -43.418  2.610  59.842 0.0000000000
81213  -44.897  3.162  60.311 0.0000000000
81233  -46.433  2.337  59.899 0.0000000000
81234  -47.392  2.413  59.877 0.0000000000
80141  -53.508  2.536  53.936 0.0000000000
81285  -54.520  3.106  55.815 0.0000000000
80130  -55.004  2.390  55.866 0.0000000000
77945  -53.841  -0.204  54.685 0.0000000000
80159  -55.976  2.051  52.579 0.0000000000
77963  -55.321  0.216  52.512 0.0000000000
142982  -44.951  -11.023  67.327 0.0000000000
68127  -44.279  -8.990  67.782 0.0000000000
70233  -44.363  -7.450  68.138 0.0000000000
70213  -43.277  -7.473  69.704 0.0000000000
70214  -43.619  -6.888  69.266 0.0000000000
71229  -44.363  -6.047  68.295 0.0000000000
74464  -42.733  -3.758  69.219 0.0000000000
148571  -42.430  -2.831  67.800 0.0000000000
157046  -41.159  -7.987  68.558 0.0000000000
70232  -41.494  -6.924  67.939 0.0000000000
72321  -42.810  -5.347  65.846 0.0000000000
52229  -16.190  -23.275  79.945 0.0000000000
52230  -17.113  -23.548  80.119 0.0000000000
163393  -23.353  -24.939  78.352 0.0000000000
58043  -19.466  -18.520  76.067 0.0000000000
56879  -20.794  -19.579  76.266 0.0000000000
55652  -20.893  -20.356  77.102 0.0000000000
52255  -22.466  -23.487  77.368 0.0000000000
50111  -23.706  -25.073  72.584 0.0000000000
52303  -24.459  -23.822  71.612 0.0000000000
58045  -25.805  -18.624  77.092 0.0000000000
56872  -27.331  -19.439  78.204 0.0000000000
54448  -26.515  -20.917  78.023 0.0000000000
54480  -27.444  -22.097  76.464 0.0000000000
54493  -28.561  -22.180  75.059 0.0000000000
58041  -33.264  -18.463  77.163 0.0000000000
152913  -34.182  -12.364  72.511 0.0000000000
65924  -34.032  -11.358  74.182 0.0000000000
64869  -34.348  -11.549  75.821 0.0000000000
68018  -34.975  -9.376  74.409 0.0000000000
65903  -34.630  -10.803  75.369 0.0000000000
63731  -35.593  -13.273  75.325 0.0000000000
63766  -36.264  -14.181  74.109 0.0000000000
136236  -36.492  -15.886  72.660 0.0000000000
62696  -39.870  -14.725  68.714 0.0000000000
64932  -40.126  -13.021  71.532 0.0000000000
63820  -40.252  -13.558  69.582 0.0000000000
63831  -40.728  -13.817  68.795 0.0000000000
63833  -42.310  -13.701  68.081 0.0000000000
52228  -15.331  -22.795  79.922 0.0000000000
79994  -43.013  1.320  65.652 0.0000000000
79979  -43.662  1.523  66.338 0.0000000000
155593  -45.519  0.954  66.062 0.0000000000
82318  -44.656  4.367  64.871 0.0000000000
79996  -45.116  2.021  65.394 0.0000000000
76689  -46.011  -1.088  65.363 0.0000000000
78937  -48.195  0.935  58.371 0.0000000000
80063  -48.755  2.016  59.352 0.0000000000
155914  -51.784  1.153  55.564 0.0000000000
77910  -50.754  0.092  55.976 0.0000000000
78939  -50.282  1.279  58.001 0.0000000000
80080  -49.965  1.678  58.626 0.0000000000
81218  -50.409  3.806  60.589 0.0000000000
81202  -51.691  2.811  61.170 0.0000000000
51156  -16.921  -24.176  77.070 0.0000000000
69156  -40.355  -7.687  70.716 0.0000000000
159538  -34.191  -16.089  72.311 0.0000000000
62656  -34.442  -14.288  71.712 0.0000000000
138012  -39.142  -8.095  71.659 0.0000000000
76679  -42.662  -1.446  65.807 0.0000000000
156728  -42.703  -0.858  66.425 0.0000000000
77786  -42.616  -0.595  65.340 0.0000000000
82367  -48.599  4.462  60.878 0.0000000000
83489  -49.036  5.329  61.538 0.0000000000
83490  -49.715  4.986  61.690 0.0000000000
82368  -49.707  4.550  61.081 0.0000000000
77928  -53.120  -0.441  56.264 0.0000000000
83578  -56.055  4.804  53.441 0.0000000000
148529  -55.481  4.231  53.842 0.0000000000
82444  -55.706  3.946  54.336 0.0000000000
81306  -56.376  3.868  53.837 0.0000000000
66984  -43.102  -9.547  69.291 0.0000000000
71228  -41.540  -5.554  69.091 0.0000000000
72275  -41.689  -4.965  69.114 0.0000000000
73383  -41.958  -4.219  68.345 0.0000000000
72289  -41.968  -4.873  67.736 0.0000000000
55626  -16.478  -20.722  80.416 0.0000000000
55620  -17.474  -20.796  80.616 0.0000000000
55643  -20.330  -19.578  78.144 0.0000000000
55636  -20.547  -20.906  79.364 0.0000000000
55677  -22.208  -20.366  74.421 0.0000000000
54478  -22.110  -21.897  74.930 0.0000000000
52272  -22.619  -22.874  73.973 0.0000000000
54490  -25.327  -21.127  74.817 0.0000000000
54491  -26.167  -22.011  74.885 0.0000000000
161258  -30.247  -18.121  78.272 0.0000000000
58033  -29.660  -18.648  78.261 0.0000000000
58034  -30.432  -18.940  78.297 0.0000000000
143200  -30.369  -20.912  78.112 0.0000000000
56866  -30.836  -20.000  77.949 0.0000000000
55647  -31.374  -20.827  77.632 0.0000000000
152052  -31.888  -18.840  77.777 0.0000000000
62598  -34.480  -14.109  76.262 0.0000000000
61444  -34.535  -15.094  76.277 0.0000000000
61450  -35.366  -15.194  75.596 0.0000000000
62610  -35.621  -14.279  75.340 0.0000000000
66969  -33.839  -10.469  70.843 0.0000000000
66960  -34.260  -9.846  71.438 0.0000000000
159690  -37.134  -10.938  73.541 0.0000000000
65936  -37.512  -11.474  73.125 0.0000000000
64904  -36.968  -12.064  72.593 0.0000000000
64905  -38.027  -12.045  72.590 0.0000000000
63792  -38.041  -13.133  71.492 0.0000000000
64918  -38.650  -12.608  72.060 0.0000000000
156863  -42.507  -10.603  69.591 0.0000000000
149235  -42.403  -11.118  68.927 0.0000000000
54434  -16.669  -20.561  79.152 0.0000000000
55641  -15.620  -20.230  79.261 0.0000000000
55625  -15.403  -20.450  79.981 0.0000000000
70234  -44.975  -7.514  67.374 0.0000000000
69196  -46.477  -8.278  66.697 0.0000000000
70235  -45.916  -7.605  66.778 0.0000000000
158625  -47.365  -2.317  65.999 0.0000000000
74506  -47.906  -3.745  65.937 0.0000000000
75604  -47.533  -2.913  65.790 0.0000000000
74514  -47.202  -3.340  65.139 0.0000000000
82348  -42.746  3.452  62.062 0.0000000000
82335  -42.811  3.524  63.024 0.0000000000
82336  -43.335  4.369  62.692 0.0000000000
78941  -53.036  2.383  58.278 0.0000000000
80083  -52.683  2.625  59.001 0.0000000000
68064  -41.975  -9.160  71.287 0.0000000000
69147  -41.991  -8.180  71.122 0.0000000000
71205  -41.199  -6.757  70.274 0.0000000000
70201  -41.299  -6.938  70.729 0.0000000000
71217  -41.402  -6.038  69.791 0.0000000000
140824  -41.424  -6.400  68.898 0.0000000000
56878  -19.538  -18.784  77.019 0.0000000000
60330  -32.492  -16.249  74.519 0.0000000000
60329  -31.898  -16.637  75.116 0.0000000000
59188  -31.344  -16.785  75.980 0.0000000000
60321  -31.675  -15.828  76.284 0.0000000000
61440  -31.846  -15.391  76.998 0.0000000000
61449  -32.147  -15.062  76.406 0.0000000000
63764  -33.867  -13.749  74.295 0.0000000000
62624  -32.935  -14.245  75.524 0.0000000000
63746  -33.435  -13.405  75.354 0.0000000000
63716  -33.262  -13.339  76.420 0.0000000000
147928  -33.633  -12.488  75.515 0.0000000000
148137  -36.992  -9.229  70.715 0.0000000000
68062  -36.592  -8.676  71.517 0.0000000000
69131  -38.716  -8.161  72.757 0.0000000000
69121  -38.269  -8.369  73.263 0.0000000000
68034  -38.706  -9.227  73.320 0.0000000000
68035  -39.565  -9.674  72.947 0.0000000000
66949  -39.654  -10.750  73.014 0.0000000000
68049  -41.293  -9.559  71.878 0.0000000000
66962  -42.041  -10.212  71.247 0.0000000000
54444  -17.166  -20.951  78.085 0.0000000000
74477  -43.268  -3.263  68.573 0.0000000000
73385  -44.284  -3.832  68.194 0.0000000000
74485  -44.177  -3.080  68.167 0.0000000000
77761  -43.291  -0.616  67.209 0.0000000000
148882  -44.187  -1.891  67.693 0.0000000000
76650  -45.008  -1.156  67.214 0.0000000000
76651  -45.912  -1.686  66.986 0.0000000000
77762  -44.275  -0.364  67.150 0.0000000000
145568  -45.522  6.061  61.805 0.0000000000
83458  -48.610  5.661  62.325 0.0000000000
84549  -47.817  6.234  62.396 0.0000000000
83457  -47.743  5.624  62.739 0.0000000000
82339  -47.389  4.527  62.964 0.0000000000
81192  -47.976  3.326  62.712 0.0000000000
80104  -54.295  2.738  56.755 0.0000000000
161247  -53.441  2.110  57.811 0.0000000000
66982  -39.266  -10.357  69.403 0.0000000000
81212  -43.870  3.159  60.335 0.0000000000
80076  -45.484  0.975  58.896 0.0000000000
80060  -45.979  1.646  59.444 0.0000000000
80061  -46.937  1.728  59.412 0.0000000000
81317  -53.798  3.071  52.645 0.0000000000
80149  -53.485  2.592  53.024 0.0000000000
80148  -52.929  1.973  52.739 0.0000000000
80129  -53.807  2.952  55.246 0.0000000000
81305  -54.588  3.298  54.964 0.0000000000
80142  -55.288  2.240  55.108 0.0000000000
78987  -54.692  0.963  55.663 0.0000000000
77946  -54.500  0.436  54.365 0.0000000000
79017  -55.296  1.086  53.398 0.0000000000
82468  -57.445  4.671  52.845 0.0000000000
81319  -56.966  3.880  53.260 0.0000000000
159174  -56.671  3.107  52.874 0.0000000000
153236  -55.448  0.980  51.930 0.0000000000
161056  -55.420  0.514  52.157 0.0000000000
64969  -44.248  -12.617  67.464 0.0000000000
145766  -44.775  -12.032  67.357 0.0000000000
68112  -43.615  -9.040  68.599 0.0000000000
150520  -44.595  -8.581  67.614 0.0000000000
69181  -44.037  -7.979  68.515 0.0000000000
69158  -43.145  -8.414  69.832 0.0000000000
150817  -42.583  -5.198  69.485 0.0000000000
71219  -43.162  -5.927  69.559 0.0000000000
71220  -43.765  -6.014  68.906 0.0000000000
72276  -43.986  -5.231  68.637 0.0000000000
73355  -42.669  -4.462  69.241 0.0000000000
74495  -42.480  -3.561  67.163 0.0000000000
137511  -42.444  -3.120  68.435 0.0000000000
52238  -16.965  -23.736  79.093 0.0000000000
52221  -16.499  -22.787  80.586 0.0000000000
148663  -17.722  -21.938  80.793 0.0000000000
164288  -18.934  -20.475  80.266 0.0000000000
52240  -22.837  -24.296  79.314 0.0000000000
52239  -22.607  -23.712  79.084 0.0000000000
51153  -23.372  -24.908  78.974 0.0000000000
52249  -22.976  -24.326  78.581 0.0000000000
58056  -20.180  -18.484  75.519 0.0000000000
56891  -20.221  -18.943  76.585 0.0000000000
54462  -21.374  -21.223  76.727 0.0000000000
54463  -21.762  -22.017  76.168 0.0000000000
162190  -22.380  -23.268  75.416 0.0000000000
52260  -22.378  -23.414  76.279 0.0000000000
51169  -22.807  -24.229  76.816 0.0000000000
51176  -22.995  -24.762  75.920 0.0000000000
141053  -22.985  -23.031  73.341 0.0000000000
51186  -23.071  -24.401  73.726 0.0000000000
50098  -23.489  -25.111  73.443 0.0000000000
51193  -23.417  -24.265  72.741 0.0000000000
53375  -24.866  -22.428  72.728 0.0000000000
53395  -24.114  -22.779  72.528 0.0000000000
52286  -23.926  -23.570  72.122 0.0000000000
157947  -24.761  -23.042  71.889 0.0000000000
53376  -25.577  -22.536  72.373 0.0000000000
53363  -27.011  -22.382  74.724 0.0000000000
53377  -26.410  -22.440  73.059 0.0000000000
53378  -27.167  -22.436  73.729 0.0000000000
53397  -27.190  -22.429  72.618 0.0000000000
53364  -27.945  -22.397  74.323 0.0000000000
56863  -28.124  -20.023  78.383 0.0000000000
58035  -27.669  -18.912  77.957 0.0000000000
56871  -26.547  -19.441  78.025 0.0000000000
54449  -27.384  -21.102  78.395 0.0000000000
54464  -27.328  -21.647  77.613 0.0000000000
54466  -29.581  -21.624  77.067 0.0000000000
54481  -29.230  -21.833  75.870 0.0000000000
54494  -29.434  -21.795  74.731 0.0000000000
55656  -32.687  -20.927  76.838 0.0000000000
54469  -31.900  -21.167  76.312 0.0000000000
55666  -32.942  -20.999  76.058 0.0000000000
60312  -32.360  -16.022  77.421 0.0000000000
59177  -32.841  -17.313  77.258 0.0000000000
145922  -33.585  -16.690  76.837 0.0000000000
150693  -34.326  -13.352  71.511 0.0000000000
64915  -34.155  -12.564  71.717 0.0000000000
153428  -34.132  -10.646  73.683 0.0000000000
65925  -34.091  -11.449  72.939 0.0000000000
65916  -33.903  -11.155  75.396 0.0000000000
66896  -34.166  -10.755  75.506 0.0000000000
69128  -35.958  -8.587  73.230 0.0000000000
68046  -35.124  -8.921  73.145 0.0000000000
69111  -35.938  -8.953  74.088 0.0000000000
65926  -36.523  -10.970  74.146 0.0000000000
65917  -35.608  -10.571  74.824 0.0000000000
138414  -35.977  -11.558  74.742 0.0000000000
64870  -35.318  -11.557  75.373 0.0000000000
154748  -35.868  -12.565  74.896 0.0000000000
63748  -35.986  -13.748  74.707 0.0000000000
139272  -36.247  -13.104  74.124 0.0000000000
63790  -36.657  -13.638  71.905 0.0000000000
62648  -36.494  -14.374  72.530 0.0000000000
136233  -36.483  -15.083  72.342 0.0000000000
62671  -38.086  -14.026  70.254 0.0000000000
62683  -39.486  -14.120  69.386 0.0000000000
65939  -40.966  -12.011  72.189 0.0000000000
64920  -40.649  -12.552  72.028 0.0000000000
64921  -41.142  -12.333  71.846 0.0000000000
64944  -41.302  -12.386  69.846 0.0000000000
64943  -40.770  -12.854  70.333 0.0000000000
63821  -40.904  -13.078  69.256 0.0000000000
63832  -41.452  -13.483  68.527 0.0000000000
62698  -41.396  -14.421  68.462 0.0000000000
64968  -43.241  -12.258  67.545 0.0000000000
63844  -42.745  -13.029  67.751 0.0000000000
63845  -43.713  -13.319  67.662 0.0000000000
53326  -15.093  -21.904  80.388 0.0000000000
72306  -46.605  -5.437  66.689 0.0000000000
71249  -47.263  -6.244  66.506 0.0000000000
72307  -47.850  -5.508  66.382 0.0000000000
78874  -42.427  0.494  63.725 0.0000000000
81174  -43.473  3.063  65.264 0.0000000000
81162  -43.325  2.231  65.515 0.0000000000
81152  -43.917  2.391  66.111 0.0000000000
78839  -45.000  1.131  66.393 0.0000000000
79981  -45.122  1.779  66.005 0.0000000000
84516  -44.894  5.885  64.128 0.0000000000
83439  -44.574  5.540  64.221 0.0000000000
142686  -45.000  2.922  65.174 0.0000000000
155345  -45.143  1.298  64.672 0.0000000000
78863  -45.437  0.429  65.248 0.0000000000
77799  -45.149  -0.563  64.600 0.0000000000
148564  -48.235  1.483  58.965 0.0000000000
80079  -48.997  1.509  58.778 0.0000000000
78975  -52.522  2.118  56.290 0.0000000000
78974  -51.497  1.102  56.248 0.0000000000
78973  -50.683  0.447  56.592 0.0000000000
77887  -49.940  0.048  56.855 0.0000000000
78959  -50.551  0.882  57.312 0.0000000000
81251  -51.748  2.936  59.183 0.0000000000
80065  -50.657  2.464  59.012 0.0000000000
81237  -51.023  3.167  59.798 0.0000000000
81219  -51.354  3.572  60.660 0.0000000000
81220  -51.870  3.134  60.581 0.0000000000
70191  -40.858  -7.455  71.266 0.0000000000
60331  -33.072  -15.709  74.128 0.0000000000
61456  -32.552  -15.190  75.249 0.0000000000
61464  -33.661  -15.115  73.889 0.0000000000
62639  -34.113  -14.416  73.690 0.0000000000
63765  -34.211  -13.573  73.508 0.0000000000
68078  -38.435  -8.844  70.993 0.0000000000
68063  -37.562  -8.640  71.397 0.0000000000
137441  -39.153  -7.981  72.266 0.0000000000
69132  -39.570  -8.155  72.362 0.0000000000
148085  -39.815  -8.848  72.624 0.0000000000
69145  -40.317  -7.867  71.809 0.0000000000
76635  -42.664  -2.206  67.982 0.0000000000
76636  -43.201  -1.953  67.986 0.0000000000
76663  -42.718  -1.263  67.113 0.0000000000
77760  -42.873  -0.994  67.176 0.0000000000
78823  -43.081  -0.096  66.921 0.0000000000
83487  -47.000  5.369  61.128 0.0000000000
153504  -46.605  6.344  61.702 0.0000000000
83488  -48.088  5.492  61.314 0.0000000000
83474  -48.443  6.070  61.866 0.0000000000
154543  -49.245  5.142  62.302 0.0000000000
81193  -49.167  3.520  62.604 0.0000000000
83459  -49.737  5.005  62.058 0.0000000000
82342  -50.214  4.341  62.042 0.0000000000
82352  -50.703  3.598  61.884 0.0000000000
78976  -54.465  1.844  56.873 0.0000000000
82453  -54.587  3.751  53.336 0.0000000000
82430  -55.286  3.527  54.767 0.0000000000
80143  -55.658  2.729  54.583 0.0000000000
150134  -55.548  1.967  54.327 0.0000000000
80150  -55.831  2.150  53.679 0.0000000000
82477  -57.992  4.218  51.951 0.0000000000
143852  -55.531  1.703  51.368 0.0000000000
76872  -55.931  -1.089  51.400 0.0000000000
65968  -42.913  -11.174  67.931 0.0000000000
65969  -43.444  -10.406  67.870 0.0000000000
66996  -43.385  -9.738  68.462 0.0000000000
69180  -43.653  -8.478  68.983 0.0000000000
72258  -41.683  -5.836  70.023 0.0000000000
71208  -42.885  -6.629  69.970 0.0000000000
72266  -41.963  -5.268  69.601 0.0000000000
145344  -42.144  -4.681  69.337 0.0000000000
73354  -42.112  -4.048  69.087 0.0000000000
74484  -42.040  -3.459  67.822 0.0000000000
53319  -16.075  -21.868  80.444 0.0000000000
54420  -16.604  -21.069  80.712 0.0000000000
53340  -22.095  -22.814  77.999 0.0000000000
53361  -22.357  -22.735  74.783 0.0000000000
52265  -22.527  -23.501  74.720 0.0000000000
58049  -30.316  -17.717  76.649 0.0000000000
58048  -29.702  -18.490  76.450 0.0000000000
58037  -29.421  -18.353  78.074 0.0000000000
58032  -28.944  -18.848  78.177 0.0000000000
152841  -28.555  -20.699  78.541 0.0000000000
54450  -28.332  -21.434  78.101 0.0000000000
54467  -30.522  -21.450  76.930 0.0000000000
55648  -32.265  -20.712  77.162 0.0000000000
60315  -34.101  -15.736  76.588 0.0000000000
140192  -36.251  -16.198  74.566 0.0000000000
159472  -36.299  -15.585  74.406 0.0000000000
65950  -33.456  -11.174  70.496 0.0000000000
145159  -33.648  -11.839  71.070 0.0000000000
65944  -33.679  -11.007  71.323 0.0000000000
66959  -33.995  -10.318  71.773 0.0000000000
66930  -34.479  -9.738  73.808 0.0000000000
160186  -37.410  -9.350  73.717 0.0000000000
66915  -36.692  -9.459  74.001 0.0000000000
66932  -37.214  -10.133  73.737 0.0000000000
64903  -36.598  -12.610  73.180 0.0000000000
64916  -36.762  -12.877  72.246 0.0000000000
63805  -36.838  -13.794  71.241 0.0000000000
63806  -37.501  -13.654  70.955 0.0000000000
63807  -38.625  -13.531  70.876 0.0000000000
66972  -41.835  -11.166  71.453 0.0000000000
65945  -41.532  -11.865  71.740 0.0000000000
65951  -41.905  -11.475  71.130 0.0000000000
65957  -41.738  -11.744  70.413 0.0000000000
64945  -41.827  -11.866  69.202 0.0000000000
152202  -41.962  -12.755  68.363 0.0000000000
54442  -15.640  -20.729  77.384 0.0000000000
55640  -14.924  -19.979  78.562 0.0000000000
54427  -15.703  -21.068  80.422 0.0000000000
73397  -48.164  -4.879  66.150 0.0000000000
73398  -48.409  -5.150  66.001 0.0000000000
80016  -42.419  2.048  63.037 0.0000000000
160794  -42.677  2.030  64.082 0.0000000000
81182  -42.682  2.777  63.443 0.0000000000
82325  -43.040  3.384  63.847 0.0000000000
82305  -43.951  3.843  65.400 0.0000000000
82337  -45.749  3.723  63.476 0.0000000000
82327  -45.273  4.407  64.392 0.0000000000
156566  -52.496  2.574  57.662 0.0000000000
80091  -51.559  2.194  57.894 0.0000000000
80082  -52.254  2.810  58.718 0.0000000000
156007  -52.331  2.882  60.139 0.0000000000
83593  -55.706  4.952  52.556 0.0000000000
83579  -56.678  4.855  53.515 0.0000000000
83594  -56.702  5.235  53.119 0.0000000000
139197  -57.272  5.351  52.689 0.0000000000
82469  -57.791  4.973  51.758 0.0000000000
145726  -57.747  5.588  50.900 0.0000000000
82478  -58.430  4.316  51.106 0.0000000000
68080  -42.463  -9.939  70.614 0.0000000000
68098  -42.874  -9.385  69.980 0.0000000000
69157  -42.510  -8.073  70.557 0.0000000000
70192  -41.437  -7.546  71.153 0.0000000000
71207  -41.983  -6.467  70.480 0.0000000000
55627  -17.352  -20.349  80.099 0.0000000000
163332  -17.959  -20.276  79.454 0.0000000000
162866  -18.578  -20.149  79.503 0.0000000000
56861  -19.373  -19.653  78.922 0.0000000000
56862  -19.975  -19.455  78.505 0.0000000000
55663  -25.198  -20.295  75.812 0.0000000000
59178  -30.836  -16.874  76.907 0.0000000000
60310  -31.022  -16.762  77.534 0.0000000000
59175  -31.021  -17.030  77.734 0.0000000000
140010  -31.351  -17.711  77.836 0.0000000000
60311  -31.564  -16.335  77.336 0.0000000000
60313  -31.950  -15.554  77.235 0.0000000000
61439  -32.376  -15.226  77.095 0.0000000000
62623  -32.510  -14.385  76.309 0.0000000000
62595  -32.544  -14.331  76.852 0.0000000000
61442  -32.618  -14.586  76.984 0.0000000000
62596  -32.870  -13.847  76.829 0.0000000000
62597  -33.338  -13.607  76.701 0.0000000000
63717  -33.891  -13.114  76.424 0.0000000000
68076  -35.377  -9.412  70.617 0.0000000000
68060  -34.625  -9.511  71.088 0.0000000000
68061  -35.512  -8.948  71.572 0.0000000000
69141  -36.277  -8.494  72.422 0.0000000000
69129  -36.950  -8.296  73.200 0.0000000000
69130  -37.912  -7.993  73.104 0.0000000000
69120  -37.409  -8.473  73.457 0.0000000000
66933  -38.252  -9.876  73.563 0.0000000000
65928  -38.998  -10.747  73.325 0.0000000000
64906  -39.271  -12.063  72.615 0.0000000000
65938  -39.622  -11.447  72.932 0.0000000000
144505  -40.283  -11.475  72.632 0.0000000000
150458  -40.820  -11.291  72.338 0.0000000000
68048  -40.441  -9.615  72.489 0.0000000000
66951  -41.021  -10.581  72.204 0.0000000000
54459  -16.757  -21.170  77.313 0.0000000000
72277  -44.619  -5.313  67.975 0.0000000000
71230  -45.008  -6.112  67.534 0.0000000000
72291  -45.461  -5.378  67.240 0.0000000000
72290  -44.972  -4.507  67.683 0.0000000000
73386  -45.638  -3.861  67.342 0.0000000000
75577  -44.619  -2.556  67.735 0.0000000000
74486  -45.022  -3.267  67.643 0.0000000000
74487  -46.142  -3.078  67.083 0.0000000000
75579  -46.472  -2.302  66.742 0.0000000000
149036  -46.595  -1.618  66.404 0.0000000000
76665  -46.505  -1.052  66.131 0.0000000000
82350  -43.998  4.462  61.460 0.0000000000
83470  -43.758  4.797  62.077 0.0000000000
83471  -44.539  5.566  62.114 0.0000000000
83455  -44.750  6.260  63.086 0.0000000000
84533  -45.306  6.331  63.726 0.0000000000
84565  -47.118  6.668  62.150 0.0000000000
84534  -46.928  6.301  62.995 0.0000000000
82328  -45.827  5.020  63.745 0.0000000000
82338  -46.388  4.347  63.310 0.0000000000
80140  -52.929  2.009  54.310 0.0000000000
79003  -52.318  1.374  54.503 0.0000000000
80128  -53.140  2.365  55.324 0.0000000000
69168  -39.959  -8.555  70.338 0.0000000000
68097  -40.281  -9.024  69.451 0.0000000000
66979  -34.920  -10.075  69.494 0.0000000000
68094  -36.363  -9.706  70.126 0.0000000000
66971  -37.478  -9.822  70.110 0.0000000000
146972  -38.215  -9.706  70.282 0.0000000000
68095  -38.875  -9.722  70.153 0.0000000000
76701  -42.343  -1.235  63.514 0.0000000000
158755  -42.456  -0.731  64.282 0.0000000000
157680  -42.091  -0.193  62.511 0.0000000000
78883  -42.211  0.587  62.797 0.0000000000
81200  -42.383  2.588  61.459 0.0000000000
82361  -42.843  3.257  61.128 0.0000000000
82362  -43.507  3.611  60.931 0.0000000000
82363  -44.375  3.898  60.812 0.0000000000
82364  -45.382  4.015  60.723 0.0000000000
81232  -45.452  2.366  59.900 0.0000000000
82365  -46.406  4.101  60.694 0.0000000000
81215  -46.909  3.142  60.341 0.0000000000
81216  -47.941  3.264  60.366 0.0000000000
81235  -48.395  2.555  59.885 0.0000000000
152379  -52.725  1.724  53.394 0.0000000000
81286  -54.755  2.793  55.807 0.0000000000
78988  -54.834  2.034  56.306 0.0000000000
77929  -53.916  0.332  55.875 0.0000000000
76820  -53.191  -0.833  55.137 0.0000000000
81318  -56.438  3.092  53.540 0.0000000000
79023  -55.505  1.144  52.626 0.0000000000
138260  -44.116  -10.454  67.464 0.0000000000
144519  -44.659  -9.862  67.401 0.0000000000
67004  -45.715  -10.172  67.264 0.0000000000
150970  -45.098  -8.523  67.255 0.0000000000
69194  -44.569  -8.087  67.692 0.0000000000
69170  -43.686  -7.825  69.185 0.0000000000
70224  -43.992  -7.423  68.744 0.0000000000
146061  -44.143  -6.786  68.565 0.0000000000
73369  -43.473  -4.283  68.820 0.0000000000
161193  -42.311  -3.512  68.766 0.0000000000
143013  -42.487  -3.166  68.547 0.0000000000
75566  -42.544  -2.769  68.292 0.0000000000
69169  -40.512  -8.073  69.836 0.0000000000
70223  -41.301  -7.262  68.675 0.0000000000
69179  -41.343  -7.813  67.861 0.0000000000
71247  -41.720  -6.530  67.273 0.0000000000
71235  -41.848  -5.644  67.523 0.0000000000
72305  -42.297  -5.239  66.830 0.0000000000
73395  -42.669  -4.432  66.493 0.0000000000
51157  -17.688  -24.209  78.497 0.0000000000
55621  -18.100  -20.809  80.618 0.0000000000
56870  -20.495  -19.507  77.376 0.0000000000
52256  -22.774  -24.089  77.805 0.0000000000
51183  -22.842  -24.404  74.777 0.0000000000
151145  -23.579  -22.509  73.092 0.0000000000
52285  -23.447  -23.286  72.780 0.0000000000
53396  -26.361  -22.559  71.960 0.0000000000
56880  -25.317  -18.937  77.117 0.0000000000
55664  -25.682  -20.645  76.575 0.0000000000
58047  -28.261  -18.858  77.283 0.0000000000
56882  -26.656  -18.863  77.722 0.0000000000
55654  -25.805  -20.146  77.389 0.0000000000
136683  -26.424  -21.449  76.893 0.0000000000
54465  -28.445  -21.877  76.966 0.0000000000
150935  -28.269  -22.149  75.946 0.0000000000
58040  -32.372  -18.028  77.570 0.0000000000
158094  -32.802  -18.980  77.491 0.0000000000
56876  -33.344  -19.478  77.007 0.0000000000
59180  -33.674  -17.856  76.799 0.0000000000
58050  -34.091  -18.867  76.623 0.0000000000
56884  -33.780  -19.911  76.438 0.0000000000
63777  -34.323  -13.331  72.455 0.0000000000
141110  -34.163  -12.474  73.527 0.0000000000
64902  -33.944  -11.697  71.938 0.0000000000
137686  -33.773  -11.763  75.868 0.0000000000
64868  -33.804  -11.767  75.927 0.0000000000
63729  -34.205  -12.322  76.190 0.0000000000
68045  -34.758  -9.246  72.183 0.0000000000
68031  -34.689  -9.291  73.089 0.0000000000
66914  -35.846  -9.589  74.383 0.0000000000
66913  -34.947  -9.869  74.914 0.0000000000
66912  -34.589  -10.149  74.865 0.0000000000
143516  -35.109  -12.399  75.705 0.0000000000
62625  -36.177  -14.791  74.564 0.0000000000
62640  -36.406  -15.252  74.048 0.0000000000
154639  -36.389  -13.565  73.540 0.0000000000
136234  -36.476  -15.359  73.320 0.0000000000
64919  -39.826  -12.638  72.112 0.0000000000
63808  -39.511  -13.389  70.857 0.0000000000
64933  -40.794  -12.757  71.430 0.0000000000
63809  -40.199  -13.215  70.701 0.0000000000
63819  -39.675  -13.600  70.146 0.0000000000
62699  -42.831  -14.585  68.358 0.0000000000
63834  -43.261  -14.014  67.947 0.0000000000
52237  -15.956  -23.430  78.714 0.0000000000
152268  -46.539  -6.960  66.609 0.0000000000
77798  -42.519  0.032  64.480 0.0000000000
78851  -42.737  0.399  65.446 0.0000000000
157535  -42.944  0.643  66.161 0.0000000000
145902  -42.968  1.779  64.947 0.0000000000
79978  -43.266  1.078  66.296 0.0000000000
78837  -43.387  0.696  66.580 0.0000000000
78825  -44.677  0.423  66.736 0.0000000000
150424  -45.534  0.378  66.289 0.0000000000
77775  -46.305  -0.563  66.039 0.0000000000
83438  -43.906  5.089  63.753 0.0000000000
83428  -44.025  4.678  64.790 0.0000000000
82306  -44.127  4.127  65.241 0.0000000000
81165  -44.514  3.359  65.449 0.0000000000
149871  -44.840  2.519  65.659 0.0000000000
78852  -45.459  1.162  65.773 0.0000000000
77787  -46.096  -0.400  65.765 0.0000000000
76680  -46.661  -1.197  65.922 0.0000000000
78936  -47.148  0.746  58.340 0.0000000000
80062  -47.849  1.855  59.408 0.0000000000
78985  -51.710  0.766  54.796 0.0000000000
77927  -51.092  0.181  55.309 0.0000000000
78958  -49.639  0.500  57.500 0.0000000000
78938  -49.291  0.964  58.184 0.0000000000
80064  -49.761  2.222  59.233 0.0000000000
81236  -49.553  2.799  59.900 0.0000000000
82353  -51.196  3.578  61.242 0.0000000000
81201  -51.143  2.746  61.704 0.0000000000
51160  -23.156  -24.672  77.735 0.0000000000
54439  -28.747  -21.075  78.514 0.0000000000
55637  -27.630  -20.445  78.496 0.0000000000
55644  -26.237  -19.972  78.036 0.0000000000
55645  -26.871  -20.226  78.310 0.0000000000
55653  -25.259  -19.561  76.774 0.0000000000
56864  -28.948  -19.719  78.281 0.0000000000
56873  -28.224  -19.184  78.208 0.0000000000
56874  -31.712  -19.944  77.582 0.0000000000
56881  -26.005  -19.195  77.652 0.0000000000
58038  -30.019  -17.825  78.189 0.0000000000
59174  -30.604  -17.437  77.780 0.0000000000
61457  -33.124  -14.912  74.634 0.0000000000
61458  -36.413  -16.117  74.196 0.0000000000
64859  -33.616  -12.614  76.148 0.0000000000
64880  -33.815  -11.989  74.878 0.0000000000
64917  -37.378  -12.606  72.037 0.0000000000
65901  -33.950  -11.249  75.791 0.0000000000
65902  -34.033  -11.058  75.662 0.0000000000
66897  -34.390  -10.589  75.231 0.0000000000
66947  -34.115  -10.399  72.770 0.0000000000
68019  -35.510  -9.209  74.299 0.0000000000
68020  -36.210  -9.003  74.071 0.0000000000
68032  -35.529  -8.929  73.931 0.0000000000
68033  -36.989  -8.864  73.777 0.0000000000
68128  -45.201  -9.139  67.249 0.0000000000
69195  -45.418  -8.144  67.033 0.0000000000
73368  -41.830  -4.357  68.928 0.0000000000
73387  -46.688  -3.812  66.744 0.0000000000
74496  -47.093  -2.962  66.470 0.0000000000
74498  -48.202  -4.539  65.995 0.0000000000
75568  -43.662  -2.546  68.165 0.0000000000
75576  -42.575  -2.430  68.033 0.0000000000
75590  -47.148  -2.245  66.200 0.0000000000
75591  -47.566  -2.935  66.051 0.0000000000
75617  -46.846  -2.667  65.221 0.0000000000
76647  -42.702  -1.755  67.598 0.0000000000
76649  -43.736  -1.221  67.498 0.0000000000
76666  -46.981  -1.746  66.032 0.0000000000
77763  -45.364  -0.293  66.715 0.0000000000
77773  -42.859  -0.461  66.827 0.0000000000
77774  -46.034  -0.364  66.228 0.0000000000
78836  -43.054  0.316  66.572 0.0000000000
78838  -44.048  1.054  66.637 0.0000000000
78840  -45.847  0.217  66.012 0.0000000000
79980  -44.356  1.794  66.305 0.0000000000
79995  -43.535  1.924  66.057 0.0000000000
80006  -45.121  2.161  64.214 0.0000000000
80026  -42.184  2.011  62.163 0.0000000000
80078  -47.475  1.304  58.878 0.0000000000
81153  -44.440  2.537  65.922 0.0000000000
81163  -43.796  2.824  65.791 0.0000000000
81214  -45.917  3.124  60.314 0.0000000000
82315  -43.026  2.878  64.353 0.0000000000
82316  -43.473  3.726  64.712 0.0000000000
82317  -44.456  4.916  64.543 0.0000000000
82341  -49.583  4.411  62.364 0.0000000000
82369  -50.492  4.259  61.293 0.0000000000
82466  -54.201  3.610  52.216 0.0000000000
83418  -44.116  4.421  65.062 0.0000000000
83441  -45.935  6.102  63.557 0.0000000000
83454  -44.054  5.372  62.822 0.0000000000
83473  -47.599  6.355  61.766 0.0000000000
83476  -49.583  5.206  61.912 0.0000000000
83477  -50.023  4.696  61.765 0.0000000000
83595  -57.115  5.067  53.256 0.0000000000
84532  -44.971  6.314  63.855 0.0000000000
84547  -45.459  6.655  63.292 0.0000000000
84548  -47.000  6.572  62.475 0.0000000000
84550  -49.225  5.543  62.035 0.0000000000
84564  -45.289  6.470  62.612 0.0000000000
84567  -48.550  6.020  62.050 0.0000000000
136232  -36.410  -14.397  73.442 0.0000000000
136496  -29.167  -18.566  77.475 0.0000000000
146839  -45.416  -6.886  67.047 0.0000000000
147511  -46.107  6.617  63.173 0.0000000000
148970  -23.571  -25.503  78.482 0.0000000000
150927  -45.087  -1.958  67.385 0.0000000000
152267  -46.061  -4.609  66.999 0.0000000000
152503  -56.625  5.411  50.525 0.0000000000
153483  -47.670  -3.844  65.464 0.0000000000
154631  -29.935  -17.789  77.648 0.0000000000
158108  -30.585  -17.660  77.992 0.0000000000
158315  -28.115  -20.693  78.606 0.0000000000
161656  -56.562  4.435  53.625 0.0000000000
163040  -34.883  -9.151  73.734 0.0000000000
163333  -31.171  -19.186  78.066 0.0000000000
163980  -41.988  -14.243  68.280 0.0000000000
