#!ascii label  , from subject sub-v2s3x28812_ses-1 vox2ras=TkReg
1064
63592  -24.211  -15.047  -4.836 0.4285714328
65777  -24.247  -13.680  -6.063 0.2857142985
161607  -24.229  -13.990  -5.066 0.4285714328
65764  -24.681  -13.103  -4.822 0.4285714328
148795  -25.531  -11.797  -5.241 0.4285714328
65792  -24.832  -12.588  -7.345 0.2857142985
66778  -25.469  -11.781  -6.274 0.4285714328
66779  -26.091  -11.224  -5.402 0.4285714328
66805  -25.475  -11.499  -8.106 0.4285714328
66806  -25.962  -11.248  -7.724 0.4285714328
67909  -26.029  -10.945  -8.171 0.4285714328
68988  -26.477  -9.940  -7.777 0.4285714328
69015  -25.919  -9.507  -9.736 0.5714285970
147779  -26.057  -9.782  -9.138 0.5714285970
69003  -26.340  -9.557  -8.584 0.4285714328
70059  -27.009  -8.126  -7.989 0.2857142985
69016  -26.277  -9.174  -9.441 0.7142857313
70058  -26.568  -8.000  -8.843 0.7142857313
72130  -26.832  -6.349  -9.213 0.7142857313
73194  -27.670  -5.605  -8.823 0.4285714328
71068  -26.528  -7.372  -9.509 0.7142857313
71056  -26.822  -7.073  -8.750 0.5714285970
148364  -27.600  -5.125  -9.572 0.5714285970
140820  -26.497  -6.855  -10.047 0.5714285970
73204  -27.089  -5.604  -9.565 0.5714285970
73219  -27.210  -5.281  -10.420 0.5714285970
73220  -27.953  -4.565  -10.081 0.5714285970
73218  -26.636  -6.093  -10.170 0.5714285970
74288  -28.839  -4.262  -9.847 0.4285714328
74302  -28.604  -4.103  -10.774 0.5714285970
76485  -30.917  -2.828  -11.082 0.5714285970
74301  -27.810  -4.633  -11.079 0.7142857313
75426  -29.844  -3.292  -11.437 0.7142857313
75427  -30.363  -2.949  -11.444 0.7142857313
76500  -31.644  -2.273  -11.098 0.5714285970
74315  -28.455  -4.215  -11.786 0.5714285970
73245  -26.609  -5.789  -12.757 0.5714285970
75437  -28.956  -3.712  -12.258 0.8571428657
76499  -30.646  -2.397  -11.597 0.7142857313
77591  -32.312  -1.454  -11.319 0.5714285970
74326  -28.281  -4.162  -12.632 0.7142857313
74325  -27.665  -4.554  -13.136 0.5714285970
78649  -31.956  -0.715  -11.638 0.7142857313
78650  -32.881  -0.752  -11.621 0.5714285970
75438  -29.335  -3.070  -12.460 0.7142857313
77605  -30.465  -1.614  -11.923 0.7142857313
78664  -32.518  -0.038  -11.969 0.5714285970
76515  -29.920  -2.381  -12.171 0.7142857313
78665  -33.332  -0.299  -12.205 0.5714285970
76514  -29.281  -2.258  -12.789 0.5714285970
77604  -29.749  -1.565  -12.448 0.7142857313
78663  -31.583  0.020  -11.920 0.7142857313
79776  -32.164  0.703  -12.237 0.7142857313
79777  -33.076  0.517  -12.571 0.7142857313
78661  -29.784  -0.020  -12.558 0.7142857313
78662  -30.670  -0.017  -12.159 0.7142857313
80955  -32.958  1.876  -13.282 0.7142857313
80944  -33.271  1.123  -13.234 0.5714285970
79775  -31.239  0.729  -12.239 0.7142857313
77617  -28.505  -1.632  -13.708 0.5714285970
150896  -33.698  1.574  -14.559 0.5714285970
82086  -33.617  2.310  -14.995 0.5714285970
79774  -30.350  0.709  -12.474 0.8571428657
82076  -33.320  2.350  -14.021 0.7142857313
82075  -32.632  2.658  -13.368 0.7142857313
80941  -30.831  1.442  -12.481 0.8571428657
82057  -32.218  2.117  -12.769 0.7142857313
83207  -32.285  4.353  -13.793 0.8571428657
157037  -33.288  3.678  -15.112 0.5714285970
139813  -32.414  3.471  -13.498 0.8571428657
83188  -31.018  3.499  -12.856 0.8571428657
82055  -30.342  2.127  -12.717 0.8571428657
82074  -31.742  2.995  -12.864 0.8571428657
85357  -31.004  5.733  -13.651 0.8571428657
85358  -31.816  5.904  -14.231 0.8571428657
136671  -30.639  7.283  -14.285 0.8571428657
83189  -31.664  3.878  -13.186 0.8571428657
86446  -28.927  6.256  -14.388 1.0000000000
139483  -31.020  6.608  -13.986 1.0000000000
84291  -30.885  4.976  -13.402 0.8571428657
86447  -29.901  6.711  -14.055 1.0000000000
85356  -29.531  5.775  -13.997 1.0000000000
87597  -28.396  7.417  -14.637 1.0000000000
142501  -26.691  7.909  -15.727 0.7142857313
87579  -29.084  7.123  -14.438 1.0000000000
86465  -28.305  6.684  -14.694 1.0000000000
149376  -27.950  8.123  -14.752 1.0000000000
90596  -25.690  11.043  -17.313 1.0000000000
89656  -25.067  10.291  -17.937 0.8571428657
91641  -24.936  11.736  -18.776 0.8571428657
91642  -25.345  11.350  -18.057 1.0000000000
92666  -23.514  11.708  -22.816 0.8571428657
141094  -24.099  11.449  -20.983 0.8571428657
137940  -24.531  11.940  -19.728 1.0000000000
157266  -22.114  11.768  -24.122 0.8571428657
92682  -22.819  11.354  -23.681 0.8571428657
93648  -21.938  12.386  -24.386 0.7142857313
92681  -21.831  11.610  -23.356 0.5714285970
148104  -21.453  13.670  -22.853 0.7142857313
94592  -21.621  13.236  -24.179 0.5714285970
94571  -21.154  14.418  -20.520 0.5714285970
93626  -21.651  12.841  -22.366 0.5714285970
95544  -20.761  15.697  -21.681 0.4285714328
152003  -20.394  16.477  -22.159 0.4285714328
96437  -20.499  16.459  -19.454 0.2857142985
97321  -20.749  16.946  -19.008 0.2857142985
65778  -24.883  -12.600  -5.904 0.2857142985
77590  -31.339  -1.561  -11.548 0.5714285970
152013  -33.520  2.978  -15.505 0.5714285970
83208  -32.839  3.677  -14.152 0.8571428657
84293  -32.335  5.071  -14.356 0.8571428657
85359  -32.379  5.600  -14.797 0.8571428657
86448  -31.691  6.620  -14.602 0.8571428657
156078  -27.044  9.009  -15.463 0.8571428657
97315  -22.344  17.473  -17.491 0.1428571492
65791  -24.332  -13.401  -7.203 0.2857142985
65802  -24.327  -13.044  -7.713 0.2857142985
66793  -26.144  -11.055  -6.584 0.4285714328
139509  -26.390  -10.587  -7.272 0.4285714328
65803  -24.803  -12.142  -7.781 0.2857142985
67920  -26.011  -10.306  -8.603 0.4285714328
66792  -25.455  -11.749  -7.445 0.4285714328
69002  -25.561  -10.017  -8.926 0.5714285970
70073  -26.130  -9.087  -10.367 0.2857142985
70074  -26.349  -8.459  -10.028 0.7142857313
72142  -26.553  -7.129  -11.108 0.5714285970
75395  -30.349  -3.587  -10.091 0.4285714328
73232  -26.703  -6.118  -11.221 0.7142857313
73233  -27.215  -5.387  -11.594 0.7142857313
74303  -29.507  -3.649  -10.530 0.7142857313
150434  -30.978  -3.253  -10.475 0.4285714328
158040  -29.526  -3.386  -11.995 0.7142857313
73246  -27.158  -5.172  -12.968 0.5714285970
74314  -27.690  -4.787  -12.213 0.5714285970
79788  -34.054  0.169  -13.734 0.5714285970
74339  -28.079  -3.990  -13.296 0.5714285970
143264  -30.196  -0.808  -12.229 0.7142857313
79787  -33.601  0.543  -13.264 0.5714285970
76528  -28.800  -2.112  -13.303 0.8571428657
80942  -31.764  1.443  -12.431 0.7142857313
84294  -32.873  4.274  -14.636 0.5714285970
142246  -30.198  3.388  -13.124 1.0000000000
87580  -29.948  7.627  -14.379 1.0000000000
85355  -28.714  5.415  -14.426 1.0000000000
154927  -27.287  7.739  -15.319 0.8571428657
89635  -26.131  9.124  -16.315 0.7142857313
89624  -26.807  9.563  -15.687 1.0000000000
90582  -27.610  10.203  -15.441 1.0000000000
90588  -25.615  10.184  -17.090 0.7142857313
90581  -26.920  10.414  -15.798 1.0000000000
88671  -25.552  8.755  -16.896 0.7142857313
91673  -23.585  10.904  -22.320 0.8571428657
92693  -22.008  11.482  -24.072 0.7142857313
157972  -20.650  15.730  -20.873 0.7142857313
96446  -20.342  17.029  -20.315 0.2857142985
96454  -20.433  16.552  -21.094 0.4285714328
95562  -21.267  14.658  -23.472 0.4285714328
161341  -20.196  17.237  -20.877 0.4285714328
71094  -26.228  -7.926  -11.523 0.4285714328
95545  -20.979  14.982  -21.160 0.7142857313
95536  -20.488  16.142  -20.247 0.2857142985
97335  -20.476  17.426  -19.862 0.2857142985
149190  -23.757  -13.948  -6.703 0.2857142985
64733  -23.748  -14.594  -5.718 0.2857142985
65765  -25.399  -12.299  -4.498 0.4285714328
66804  -24.990  -11.597  -8.181 0.2857142985
67919  -25.532  -10.920  -8.412 0.4285714328
151073  -26.586  -8.788  -8.503 0.4285714328
71079  -26.452  -7.848  -10.654 0.5714285970
75410  -29.163  -3.687  -11.490 0.7142857313
158945  -31.497  -2.887  -10.670 0.5714285970
159720  -27.111  -5.471  -12.360 0.7142857313
139036  -26.726  -6.109  -12.121 0.7142857313
139332  -28.621  -3.548  -12.936 0.5714285970
76513  -28.767  -2.830  -13.163 0.7142857313
77618  -29.080  -1.382  -13.085 0.8571428657
80943  -32.604  1.319  -12.709 0.7142857313
78677  -29.126  -0.436  -13.067 0.8571428657
83191  -33.292  3.125  -14.581 0.8571428657
149072  -31.489  4.532  -13.401 0.8571428657
84292  -31.685  5.140  -13.730 0.8571428657
82073  -30.753  2.847  -12.731 0.8571428657
85340  -30.201  5.372  -13.612 1.0000000000
87596  -27.685  7.106  -15.084 1.0000000000
88672  -26.039  8.168  -16.371 0.8571428657
93636  -21.716  12.426  -23.679 0.7142857313
94581  -21.431  13.981  -21.499 0.5714285970
94560  -20.748  14.556  -19.751 0.4285714328
94570  -20.683  15.241  -20.232 0.4285714328
96427  -20.830  16.479  -18.000 0.2857142985
95527  -20.436  15.703  -19.622 0.2857142985
97322  -21.268  17.376  -18.538 0.2857142985
97323  -21.936  17.787  -18.188 0.1428571492
70085  -26.175  -8.618  -10.940 0.2857142985
145688  -26.210  10.099  -16.333 1.0000000000
95553  -21.140  14.791  -22.181 0.5714285970
157451  -19.760  19.812  -23.868 0.2857142985
101013  -20.198  20.864  -23.575 0.1428571492
97362  -19.555  18.295  -22.689 0.2857142985
99206  -19.712  19.146  -24.275 0.2857142985
160920  -19.617  19.789  -22.251 0.1428571492
101014  -20.809  21.335  -22.960 0.1428571492
98277  -19.880  18.601  -20.545 0.1428571492
98287  -19.558  18.560  -21.233 0.2857142985
99169  -19.696  19.166  -20.869 0.1428571492
97387  -20.204  17.764  -25.899 0.2857142985
98299  -19.524  18.666  -23.901 0.2857142985
94648  -23.093  14.189  -27.360 0.2857142985
95577  -21.256  16.386  -26.440 0.2857142985
100075  -21.008  20.317  -21.437 0.1428571492
96462  -19.938  17.204  -22.940 0.2857142985
93679  -22.001  13.535  -25.774 0.2857142985
152214  -20.041  17.603  -24.990 0.2857142985
97370  -19.781  17.888  -24.010 0.2857142985
94620  -25.116  14.521  -24.345 0.1428571492
94629  -21.965  13.923  -26.301 0.2857142985
95568  -20.864  16.252  -25.897 0.2857142985
99184  -19.909  19.703  -21.431 0.1428571492
95561  -20.691  16.093  -24.906 0.2857142985
96471  -20.166  16.859  -24.200 0.2857142985
94610  -27.193  14.359  -23.711 0.1428571492
94621  -26.259  14.474  -24.257 0.1428571492
94618  -23.099  13.875  -25.292 0.4285714328
94605  -21.503  14.089  -24.751 0.2857142985
94572  -26.099  14.397  -20.363 0.2857142985
94593  -23.760  13.854  -23.122 0.4285714328
93664  -21.977  13.399  -25.441 0.2857142985
153521  -20.824  15.644  -22.682 0.2857142985
93606  -28.616  13.716  -20.037 0.1428571492
138337  -25.722  14.546  -21.920 0.2857142985
93650  -22.315  13.397  -24.906 0.4285714328
93628  -24.673  13.806  -21.189 0.5714285970
145417  -22.552  12.986  -23.911 0.7142857313
92621  -28.575  13.259  -18.286 0.1428571492
93605  -27.662  14.105  -19.717 0.1428571492
91643  -29.919  12.065  -17.726 0.2857142985
92608  -28.502  12.736  -17.337 0.7142857313
93627  -23.951  13.019  -21.919 0.7142857313
155613  -25.693  12.409  -18.134 0.8571428657
92619  -26.569  13.280  -18.154 0.8571428657
93613  -24.702  13.436  -20.332 0.5714285970
137776  -30.587  10.432  -17.927 0.2857142985
91629  -30.334  11.290  -17.599 0.2857142985
93604  -25.463  13.428  -19.177 0.7142857313
161860  -23.390  10.141  -22.424 0.5714285970
92640  -24.752  13.018  -19.636 0.8571428657
89644  -30.731  9.785  -17.240 0.1428571492
91628  -28.462  12.171  -16.589 0.7142857313
152483  -31.043  8.890  -17.739 0.1428571492
145130  -26.687  3.823  -16.023 0.5714285970
86445  -28.174  5.926  -14.742 0.8571428657
86463  -27.236  6.423  -15.449 0.8571428657
85371  -27.023  5.172  -15.675 0.4285714328
86475  -26.571  6.476  -15.900 0.5714285970
156788  -26.069  10.822  -16.709 0.8571428657
89626  -29.292  9.831  -14.844 0.8571428657
91611  -26.482  11.678  -16.825 0.8571428657
88690  -31.367  8.277  -17.123 0.2857142985
161862  -29.016  11.389  -15.823 0.8571428657
91612  -27.491  11.731  -16.284 0.8571428657
92641  -25.107  12.648  -18.943 0.8571428657
87642  -31.403  7.221  -18.442 0.4285714328
90592  -30.367  10.379  -16.270 0.7142857313
91614  -29.299  11.679  -16.401 0.7142857313
82103  -25.764  2.230  -16.853 0.2857142985
84289  -27.651  4.840  -15.167 0.5714285970
84307  -27.178  4.352  -15.607 0.5714285970
140235  -28.540  9.073  -14.665 0.8571428657
89625  -27.604  9.305  -15.173 0.8571428657
152316  -28.436  9.993  -15.066 0.8571428657
90590  -27.594  11.047  -15.755 0.8571428657
88674  -31.291  8.429  -16.147 0.4285714328
89628  -30.437  9.737  -15.611 0.8571428657
164133  -29.179  10.478  -15.245 0.8571428657
86490  -31.802  6.647  -17.985 0.4285714328
77630  -27.351  -1.653  -15.039 0.7142857313
156143  -26.495  -0.950  -16.088 0.4285714328
78690  -28.265  -1.172  -14.201 0.7142857313
80954  -28.737  1.631  -13.692 0.8571428657
80964  -27.853  1.573  -14.848 0.5714285970
80973  -26.968  1.625  -15.993 0.5714285970
80987  -26.248  1.472  -16.540 0.4285714328
82071  -28.788  2.356  -13.803 0.8571428657
82084  -27.832  2.398  -14.842 0.5714285970
83215  -26.900  2.987  -15.937 0.5714285970
83187  -29.706  4.011  -13.509 0.8571428657
83206  -28.910  3.918  -14.034 0.7142857313
83205  -28.314  3.662  -14.500 0.5714285970
86449  -32.205  6.225  -15.000 0.7142857313
157034  -31.895  6.972  -15.335 0.7142857313
87599  -30.819  8.022  -14.624 0.7142857313
88659  -30.460  9.096  -15.035 0.8571428657
84345  -32.370  4.844  -18.282 0.2857142985
86477  -32.383  6.280  -16.748 0.4285714328
86476  -32.060  6.903  -17.123 0.5714285970
75450  -28.153  -3.351  -13.735 0.4285714328
76539  -27.325  -2.576  -14.850 0.4285714328
76549  -26.316  -2.239  -15.627 0.4285714328
80940  -29.944  1.403  -12.715 0.7142857313
144022  -29.240  1.196  -13.148 0.7142857313
82072  -29.436  2.081  -13.225 0.7142857313
83186  -29.236  3.092  -13.628 0.8571428657
84320  -32.950  4.977  -15.996 0.7142857313
84331  -32.803  4.647  -17.549 0.2857142985
149649  -32.914  4.929  -16.866 0.5714285970
85373  -32.558  5.629  -15.493 0.5714285970
74338  -27.478  -4.170  -13.914 0.4285714328
74347  -26.166  -4.298  -14.630 0.5714285970
75464  -27.910  -2.766  -14.284 0.5714285970
76540  -27.981  -1.903  -14.406 0.5714285970
79786  -29.160  0.394  -13.093 0.7142857313
82105  -33.564  2.874  -16.411 0.4285714328
83227  -33.423  3.500  -16.907 0.4285714328
84332  -33.187  4.066  -17.384 0.4285714328
160391  -33.087  4.508  -17.118 0.4285714328
72168  -26.281  -6.590  -12.450 0.5714285970
77606  -33.683  -1.008  -11.856 0.4285714328
78679  -34.311  -0.463  -13.421 0.4285714328
79836  -34.158  0.788  -16.052 0.4285714328
79850  -34.089  0.682  -17.067 0.4285714328
152990  -33.718  2.219  -15.980 0.4285714328
68989  -27.217  -9.193  -7.086 0.1428571492
79802  -34.246  0.219  -14.603 0.4285714328
79818  -34.360  0.091  -15.572 0.4285714328
79837  -34.360  -0.061  -16.610 0.4285714328
72105  -28.200  -6.647  -7.606 0.1428571492
73206  -29.249  -4.720  -9.065 0.2857142985
76516  -34.826  -2.155  -11.979 0.2857142985
77646  -35.183  -2.216  -15.786 0.2857142985
77620  -35.214  -1.781  -13.782 0.2857142985
76486  -32.268  -2.774  -10.524 0.4285714328
77619  -34.688  -1.153  -13.153 0.2857142985
77593  -34.073  -1.719  -11.531 0.2857142985
152646  -34.959  -1.697  -16.168 0.2857142985
78691  -34.568  -0.516  -15.015 0.4285714328
70044  -27.482  -8.344  -7.254 0.1428571492
71042  -27.678  -7.377  -7.529 0.1428571492
70043  -26.800  -8.980  -7.827 0.1428571492
72106  -28.985  -6.408  -7.505 0.2857142985
72119  -29.276  -5.780  -7.923 0.2857142985
75397  -32.423  -3.886  -9.585 0.2857142985
75428  -34.672  -3.214  -10.982 0.2857142985
76488  -34.008  -2.874  -10.616 0.2857142985
75412  -31.775  -3.418  -10.086 0.2857142985
76503  -34.415  -2.478  -11.263 0.2857142985
71043  -28.647  -7.067  -7.086 0.1428571492
73198  -31.335  -5.396  -8.425 0.2857142985
73197  -30.558  -5.269  -8.376 0.2857142985
73184  -30.101  -5.718  -7.886 0.2857142985
74277  -31.087  -4.739  -8.782 0.2857142985
68975  -26.932  -9.859  -6.813 0.1428571492
67896  -26.686  -10.337  -6.404 0.2857142985
70030  -27.893  -8.574  -6.486 0.1428571492
63581  -24.624  -15.197  -4.060 0.2857142985
62458  -24.165  -15.583  -4.424 0.2857142985
148243  -26.741  -10.463  -5.447 0.2857142985
64710  -25.226  -13.920  -3.604 0.1428571492
62457  -24.030  -15.651  -3.859 0.2857142985
72107  -30.409  -6.287  -7.459 0.2857142985
74292  -32.483  -4.503  -9.257 0.2857142985
76504  -35.141  -2.936  -11.678 0.2857142985
75413  -32.780  -3.377  -10.016 0.2857142985
147945  -35.440  -2.451  -13.433 0.2857142985
77592  -33.247  -1.482  -11.305 0.4285714328
78666  -34.053  -0.674  -12.568 0.4285714328
77645  -34.913  -1.348  -15.358 0.2857142985
77657  -34.888  -1.740  -16.979 0.2857142985
79799  -27.711  -0.017  -14.996 0.7142857313
83204  -27.788  3.212  -14.890 0.5714285970
80975  -33.872  1.532  -15.528 0.4285714328
83217  -33.408  3.619  -16.000 0.4285714328
83237  -33.303  3.221  -17.865 0.2857142985
83236  -32.818  4.039  -18.182 0.2857142985
85393  -32.514  5.474  -17.416 0.5714285970
150031  -24.578  11.088  -19.419 0.7142857313
87600  -31.486  7.814  -15.406 0.7142857313
91626  -25.908  11.833  -17.497 0.8571428657
91694  -22.157  10.972  -23.708 0.4285714328
91684  -22.812  10.486  -23.443 0.5714285970
92667  -23.995  12.117  -21.606 0.7142857313
86491  -32.213  6.225  -17.545 0.2857142985
91627  -27.501  12.460  -16.883 0.8571428657
92652  -24.358  12.556  -20.478 0.8571428657
158972  -29.842  11.741  -17.075 0.5714285970
152696  -21.235  15.205  -24.369 0.2857142985
94573  -26.996  14.432  -20.299 0.4285714328
94583  -25.488  14.364  -21.100 0.4285714328
94619  -24.106  14.368  -24.629 0.2857142985
94608  -25.565  14.551  -23.349 0.1428571492
64723  -25.027  -13.014  -4.030 0.1428571492
63600  -23.391  -14.898  -5.709 0.2857142985
66763  -26.010  -11.516  -4.524 0.1428571492
71030  -29.188  -7.535  -6.504 0.1428571492
71044  -29.695  -6.796  -7.020 0.1428571492
73195  -28.773  -5.368  -8.562 0.2857142985
73196  -29.704  -5.259  -8.440 0.2857142985
74291  -31.622  -4.165  -9.367 0.2857142985
75429  -35.225  -3.727  -11.408 0.2857142985
74289  -29.779  -4.141  -9.623 0.2857142985
76517  -35.468  -2.807  -12.635 0.2857142985
75473  -26.208  -2.975  -15.531 0.2857142985
76557  -35.251  -2.513  -17.639 0.2857142985
77670  -34.843  -1.825  -18.841 0.2857142985
155447  -28.234  -0.456  -14.289 0.7142857313
142753  -28.617  -0.021  -13.629 0.5714285970
78702  -26.357  -0.189  -16.423 0.4285714328
143229  -27.092  0.032  -15.786 0.5714285970
78715  -34.564  -0.986  -17.280 0.4285714328
83226  -26.186  3.178  -16.534 0.2857142985
82104  -26.561  2.311  -16.273 0.5714285970
79851  -34.245  -0.242  -17.710 0.2857142985
79801  -33.816  0.882  -14.018 0.4285714328
143980  -28.322  2.017  -14.321 0.7142857313
151867  -33.867  0.501  -18.163 0.1428571492
81016  -33.479  1.313  -18.662 0.4285714328
152835  -33.720  2.188  -16.902 0.4285714328
82137  -32.884  1.424  -19.595 0.1428571492
88657  -29.080  8.132  -14.514 0.8571428657
82131  -33.155  2.333  -18.720 0.1428571492
85383  -32.645  5.590  -16.410 0.5714285970
85404  -31.976  5.752  -18.326 0.2857142985
87615  -31.693  7.633  -16.483 0.5714285970
89636  -30.721  9.615  -16.369 0.7142857313
92606  -26.559  12.527  -17.426 0.8571428657
87641  -31.020  7.748  -18.984 0.2857142985
88702  -30.943  8.610  -18.707 0.1428571492
97346  -20.038  17.860  -20.604 0.2857142985
88703  -31.301  8.071  -18.093 0.4285714328
89657  -30.753  9.538  -18.406 0.1428571492
92620  -27.537  13.578  -18.422 0.5714285970
163465  -30.555  11.004  -18.349 0.1428571492
92622  -29.361  12.666  -17.904 0.1428571492
158207  -28.918  13.387  -19.187 0.1428571492
99170  -20.509  19.521  -20.703 0.1428571492
94562  -26.450  14.325  -19.878 0.5714285970
145270  -29.598  12.916  -18.859 0.1428571492
93616  -27.923  14.204  -20.627 0.1428571492
94607  -24.465  14.358  -23.414 0.2857142985
94584  -26.496  14.540  -21.241 0.2857142985
94585  -27.311  14.452  -21.886 0.1428571492
94597  -27.258  14.411  -22.785 0.1428571492
94631  -22.831  13.909  -26.567 0.2857142985
94632  -23.821  14.139  -26.979 0.2857142985
94633  -24.782  14.244  -26.733 0.1428571492
138245  -25.532  14.425  -25.398 0.1428571492
66750  -26.778  -11.611  -3.477 0.1428571492
68977  -28.186  -8.828  -5.894 0.1428571492
76529  -35.458  -2.634  -14.367 0.2857142985
84350  -32.197  4.036  -19.159 0.2857142985
94635  -26.457  14.259  -25.441 0.1428571492
94649  -23.710  13.988  -28.005 0.2857142985
62465  -23.759  -15.321  -5.083 0.2857142985
64722  -24.606  -13.887  -4.281 0.2857142985
66749  -26.084  -11.890  -3.831 0.1428571492
67863  -26.546  -10.879  -4.532 0.1428571492
72117  -27.474  -6.588  -8.258 0.2857142985
72118  -28.373  -6.016  -8.032 0.2857142985
71057  -27.096  -7.398  -8.236 0.1428571492
73205  -28.324  -4.885  -9.276 0.2857142985
76527  -28.371  -2.446  -13.773 0.4285714328
80988  -33.910  1.479  -16.502 0.4285714328
78676  -28.604  -0.839  -13.628 0.7142857313
154364  -29.948  2.714  -13.013 0.7142857313
85354  -28.053  5.273  -14.802 0.8571428657
84271  -30.157  4.676  -13.487 0.8571428657
84270  -29.338  4.814  -13.945 0.8571428657
87598  -30.126  8.472  -14.600 0.8571428657
163204  -27.802  8.766  -14.870 0.8571428657
91672  -23.150  10.709  -23.308 0.5714285970
93637  -23.484  12.905  -22.976 0.7142857313
93649  -21.874  12.876  -24.613 0.5714285970
93663  -21.863  13.189  -25.080 0.2857142985
159339  -20.391  16.396  -23.136 0.2857142985
84309  -33.163  4.328  -15.557 0.4285714328
72155  -26.437  -7.040  -11.920 0.5714285970
74290  -30.662  -4.164  -9.440 0.2857142985
147732  -34.416  -0.297  -14.201 0.4285714328
84290  -28.359  4.561  -14.549 0.5714285970
90589  -26.719  11.005  -16.207 0.8571428657
97355  -19.940  17.467  -21.596 0.2857142985
95552  -20.765  15.830  -23.756 0.2857142985
145853  -19.206  19.030  -23.258 0.2857142985
149946  -19.750  20.236  -23.007 0.1428571492
99196  -19.428  19.533  -23.107 0.2857142985
100074  -20.071  20.149  -22.054 0.1428571492
99183  -19.362  19.217  -22.009 0.2857142985
97379  -19.986  18.378  -24.962 0.2857142985
94630  -22.387  14.009  -26.721 0.2857142985
96492  -20.595  17.123  -26.202 0.2857142985
95578  -21.699  15.107  -26.182 0.2857142985
94617  -21.705  13.991  -25.656 0.2857142985
93680  -22.126  13.686  -26.130 0.2857142985
93665  -22.250  13.579  -25.767 0.2857142985
96480  -20.290  17.002  -25.501 0.2857142985
94606  -23.354  13.965  -24.119 0.2857142985
145119  -24.605  14.434  -25.542 0.1428571492
95569  -21.406  15.162  -25.315 0.2857142985
94622  -27.210  14.204  -24.677 0.1428571492
94609  -26.468  14.527  -23.157 0.1428571492
152494  -23.726  14.248  -25.753 0.1428571492
158973  -27.380  14.433  -21.104 0.1428571492
93638  -24.263  13.772  -22.216 0.5714285970
94594  -24.481  14.205  -22.544 0.4285714328
93617  -28.650  13.760  -21.117 0.1428571492
93598  -28.134  13.674  -19.090 0.1428571492
94595  -25.141  14.479  -22.568 0.2857142985
94596  -26.522  14.558  -22.265 0.2857142985
94582  -24.889  14.308  -21.854 0.4285714328
155870  -24.321  13.074  -21.042 0.7142857313
148003  -26.895  13.811  -18.704 0.5714285970
92609  -29.284  12.245  -17.126 0.5714285970
92607  -27.545  13.108  -17.632 0.7142857313
93596  -26.241  13.722  -18.892 0.7142857313
90598  -30.468  10.641  -17.108 0.5714285970
88689  -31.055  9.031  -16.761 0.4285714328
91613  -28.420  11.578  -15.970 0.8571428657
146299  -27.739  4.033  -15.019 0.5714285970
85382  -26.355  5.657  -16.255 0.4285714328
84306  -26.549  4.694  -16.161 0.4285714328
88658  -29.604  9.094  -14.626 0.8571428657
90584  -29.889  10.278  -15.363 0.8571428657
88673  -30.868  9.092  -15.887 0.4285714328
87627  -31.626  7.477  -17.556 0.5714285970
90597  -30.096  11.188  -16.664 0.8571428657
88660  -30.977  8.548  -15.271 0.7142857313
157427  -26.693  -2.741  -15.317 0.5714285970
141894  -27.194  -0.802  -15.472 0.4285714328
79800  -28.242  0.382  -14.296 0.7142857313
154544  -27.896  0.811  -14.790 0.7142857313
79816  -27.417  0.949  -15.471 0.4285714328
80974  -27.435  1.937  -15.420 0.5714285970
82096  -27.396  2.731  -15.414 0.5714285970
79815  -26.710  0.739  -16.204 0.4285714328
79835  -25.867  0.598  -16.787 0.2857142985
82085  -28.431  2.874  -14.324 0.7142857313
156574  -32.130  6.968  -16.204 0.5714285970
161528  -31.823  7.371  -15.832 0.7142857313
75463  -27.460  -3.407  -14.473 0.5714285970
74348  -26.875  -4.015  -14.713 0.5714285970
82119  -33.530  2.811  -17.174 0.4285714328
83247  -32.707  3.187  -18.840 0.2857142985
77607  -34.421  -1.396  -12.263 0.2857142985
77631  -34.816  -1.018  -14.247 0.4285714328
79817  -34.069  0.860  -15.058 0.4285714328
81005  -33.779  1.432  -17.494 0.4285714328
74276  -30.178  -4.692  -8.902 0.2857142985
77608  -35.099  -1.899  -12.813 0.2857142985
77632  -35.224  -1.939  -14.816 0.2857142985
76501  -32.713  -2.087  -10.879 0.2857142985
76487  -33.200  -2.753  -10.474 0.2857142985
78703  -34.665  -0.863  -16.120 0.4285714328
70045  -28.245  -7.820  -6.747 0.1428571492
152819  -29.700  -6.196  -7.547 0.2857142985
75414  -33.598  -3.439  -10.141 0.2857142985
74278  -31.881  -4.881  -8.806 0.2857142985
63582  -25.193  -15.485  -3.554 0.1428571492
62459  -24.597  -15.666  -3.695 0.1428571492
64711  -26.104  -13.352  -3.071 0.1428571492
142479  -33.527  2.254  -17.792 0.2857142985
65752  -25.667  -12.702  -3.627 0.1428571492
158863  -26.467  -11.271  -3.963 0.1428571492
98278  -20.394  18.870  -20.307 0.1428571492
90623  -23.568  9.723  -21.367 0.5714285970
89670  -24.013  9.089  -19.786 0.4285714328
89669  -23.185  8.629  -20.601 0.4285714328
91666  -24.150  10.625  -20.439 0.5714285970
135723  -24.589  9.790  -18.875 0.4285714328
90613  -24.369  10.166  -19.621 0.5714285970
151254  -25.429  8.056  -16.951 0.4285714328
89643  -25.203  9.313  -17.540 0.4285714328
88687  -24.715  8.666  -18.234 0.4285714328
89655  -24.770  9.410  -18.291 0.5714285970
90602  -24.795  10.770  -18.745 0.5714285970
87614  -26.297  7.268  -16.152 0.5714285970
75491  -35.935  -3.635  -17.392 0.1428571492
77658  -35.201  -2.423  -16.701 0.1428571492
76565  -35.649  -2.952  -17.917 0.1428571492
69014  -25.228  -9.515  -9.592 0.2857142985
76551  -37.612  -3.268  -16.149 0.1428571492
75485  -35.932  -4.278  -16.907 0.1428571492
154385  -37.687  -2.435  -15.699 0.1428571492
76559  -37.179  -3.300  -17.064 0.1428571492
77647  -37.560  -1.554  -15.271 0.1428571492
69001  -24.820  -9.828  -8.955 0.2857142985
164357  -35.662  -3.690  -12.983 0.1428571492
74349  -35.627  -4.735  -15.663 0.1428571492
75451  -35.596  -3.378  -13.838 0.1428571492
74365  -36.055  -4.700  -16.613 0.1428571492
76530  -37.980  -2.913  -14.291 0.1428571492
74356  -36.834  -4.533  -16.362 0.1428571492
77609  -36.950  -1.021  -12.049 0.1428571492
152775  -37.716  -2.148  -13.917 0.1428571492
78667  -37.159  -0.821  -12.963 0.1428571492
67918  -24.899  -10.685  -8.551 0.2857142985
69000  -23.952  -9.708  -8.458 0.2857142985
74293  -33.573  -4.697  -9.619 0.1428571492
74304  -34.707  -4.643  -10.564 0.1428571492
75416  -34.804  -3.924  -10.743 0.1428571492
75398  -33.193  -4.068  -9.597 0.1428571492
75439  -35.533  -3.627  -12.187 0.1428571492
73274  -36.241  -5.498  -15.751 0.1428571492
73259  -35.610  -5.480  -13.666 0.1428571492
74350  -38.005  -4.827  -15.029 0.1428571492
74340  -35.587  -5.173  -14.746 0.1428571492
75466  -38.222  -3.853  -14.564 0.1428571492
76518  -37.531  -2.141  -12.982 0.1428571492
77595  -37.227  -1.805  -12.104 0.1428571492
67907  -23.767  -11.086  -7.543 0.2857142985
73199  -31.993  -5.639  -8.639 0.1428571492
73209  -33.715  -5.462  -9.793 0.1428571492
73222  -34.987  -5.372  -11.082 0.1428571492
73266  -36.066  -6.071  -15.204 0.1428571492
74316  -35.615  -5.176  -12.402 0.1428571492
74341  -38.420  -4.669  -14.135 0.1428571492
151498  -37.737  -3.007  -12.902 0.1428571492
75453  -38.354  -4.079  -13.732 0.1428571492
78651  -36.654  -0.268  -11.615 0.1428571492
73185  -30.890  -5.817  -7.919 0.1428571492
72131  -32.474  -6.019  -9.107 0.1428571492
72121  -32.191  -6.358  -8.486 0.1428571492
72133  -33.690  -6.430  -10.235 0.1428571492
142128  -33.016  -6.366  -9.552 0.1428571492
72169  -35.349  -7.151  -13.185 0.1428571492
73221  -34.359  -5.412  -10.350 0.1428571492
72186  -36.661  -6.396  -14.597 0.1428571492
73247  -35.452  -6.220  -12.940 0.1428571492
73268  -38.194  -5.407  -14.376 0.1428571492
76505  -37.453  -2.557  -12.098 0.1428571492
74328  -38.507  -4.678  -13.202 0.1428571492
77579  -36.913  -1.590  -11.290 0.1428571492
146994  -37.176  -2.187  -11.442 0.1428571492
72109  -31.990  -6.609  -7.727 0.1428571492
71080  -33.357  -7.675  -10.224 0.1428571492
71069  -33.185  -7.463  -9.444 0.1428571492
72122  -32.578  -6.773  -8.999 0.1428571492
72144  -34.025  -6.982  -10.931 0.1428571492
72132  -33.067  -7.119  -9.908 0.1428571492
139987  -37.326  -6.847  -13.916 0.1428571492
162365  -35.138  -7.727  -13.083 0.1428571492
73260  -38.379  -5.850  -13.726 0.1428571492
72178  -37.753  -6.165  -14.310 0.1428571492
75440  -37.710  -3.434  -12.038 0.1428571492
161626  -38.520  -5.222  -13.737 0.1428571492
70075  -33.671  -8.091  -9.668 0.1428571492
71058  -32.917  -7.282  -8.786 0.1428571492
148403  -33.707  -8.249  -11.608 0.1428571492
70086  -33.573  -8.481  -11.037 0.1428571492
71114  -35.738  -7.779  -13.356 0.1428571492
71095  -34.654  -7.736  -12.452 0.1428571492
74317  -38.176  -4.393  -12.095 0.1428571492
72170  -38.533  -6.372  -13.058 0.1428571492
71081  -33.413  -7.836  -10.864 0.1428571492
72157  -35.008  -6.752  -12.263 0.1428571492
72176  -35.656  -6.550  -13.983 0.1428571492
75415  -34.254  -3.578  -10.401 0.1428571492
77594  -36.663  -0.887  -11.058 0.1428571492
79761  -36.519  0.473  -11.232 0.1428571492
151094  -37.935  -3.140  -15.200 0.1428571492
155248  -37.808  -2.715  -13.567 0.1428571492
76541  -35.407  -2.881  -15.393 0.1428571492
76566  -36.934  -2.761  -17.779 0.1428571492
66803  -24.435  -12.273  -7.767 0.2857142985
147389  -37.327  -2.915  -11.089 0.1428571492
142801  -36.555  -0.744  -10.190 0.1428571492
79745  -36.489  0.644  -10.269 0.1428571492
87613  -25.637  7.400  -16.728 0.4285714328
79778  -36.605  0.392  -12.017 0.1428571492
77610  -37.284  -1.428  -12.725 0.1428571492
78680  -36.833  -0.280  -12.453 0.1428571492
77633  -37.536  -1.441  -14.350 0.1428571492
159236  -36.978  -0.222  -13.149 0.1428571492
76571  -36.457  -2.462  -18.348 0.1428571492
76564  -35.257  -2.346  -18.349 0.1428571492
90628  -23.156  9.602  -22.326 0.4285714328
89692  -22.895  10.089  -23.085 0.4285714328
94665  -23.972  14.061  -28.460 0.1428571492
157748  -23.701  10.387  -21.636 0.4285714328
67908  -24.579  -11.353  -8.108 0.2857142985
95590  -22.993  15.017  -27.763 0.1428571492
76550  -35.411  -3.136  -16.398 0.1428571492
153288  -33.015  -4.748  -9.347 0.1428571492
72120  -31.609  -6.029  -8.109 0.1428571492
72108  -31.241  -6.394  -7.491 0.1428571492
73207  -32.514  -5.163  -9.039 0.1428571492
78726  -34.490  -1.162  -18.400 0.1428571492
79858  -34.096  -0.478  -18.894 0.1428571492
75465  -35.498  -3.637  -15.020 0.1428571492
75474  -35.517  -3.904  -16.075 0.1428571492
76558  -35.570  -3.222  -17.284 0.1428571492
144608  -37.242  -3.876  -16.506 0.1428571492
155894  -37.507  -2.600  -16.645 0.1428571492
75475  -37.699  -4.087  -15.696 0.1428571492
74364  -35.829  -4.565  -16.523 0.1428571492
150787  -37.794  -2.281  -14.788 0.1428571492
160670  -37.327  -2.706  -17.254 0.1428571492
155645  -37.513  -1.736  -16.236 0.1428571492
158008  -35.674  -4.430  -12.750 0.1428571492
74327  -35.607  -4.395  -13.740 0.1428571492
150381  -35.530  -4.282  -14.643 0.1428571492
74354  -35.914  -5.113  -16.192 0.1428571492
75452  -38.086  -3.371  -13.671 0.1428571492
73275  -37.094  -5.069  -15.814 0.1428571492
77621  -37.433  -1.419  -13.470 0.1428571492
73208  -33.085  -5.391  -9.384 0.1428571492
74294  -34.173  -4.684  -10.003 0.1428571492
74305  -35.206  -4.490  -11.184 0.1428571492
72184  -35.711  -6.013  -14.780 0.1428571492
73267  -37.174  -5.729  -15.109 0.1428571492
73234  -35.316  -5.768  -11.931 0.1428571492
146934  -34.435  -6.091  -10.776 0.1428571492
72185  -35.928  -6.485  -14.521 0.1428571492
75441  -38.130  -3.817  -12.955 0.1428571492
137738  -32.538  -6.971  -8.220 0.1428571492
72143  -33.413  -7.280  -10.411 0.1428571492
135676  -32.827  -7.088  -9.401 0.1428571492
72177  -36.349  -6.873  -14.214 0.1428571492
72145  -34.736  -6.343  -11.432 0.1428571492
72156  -34.326  -7.277  -11.650 0.1428571492
155581  -38.151  -6.488  -13.722 0.1428571492
139196  -38.613  -5.514  -13.117 0.1428571492
149365  -38.565  -5.113  -12.502 0.1428571492
63563  -23.132  -14.693  -3.029 0.1428571492
63578  -21.584  -14.018  -3.397 0.1428571492
63580  -23.281  -15.229  -4.319 0.1428571492
62464  -23.812  -15.536  -4.686 0.1428571492
63599  -22.867  -14.862  -5.693 0.1428571492
64732  -23.284  -14.353  -6.363 0.1428571492
64747  -23.080  -13.790  -6.677 0.1428571492
65790  -23.313  -13.114  -7.029 0.1428571492
64748  -23.697  -13.721  -7.068 0.1428571492
65801  -24.003  -13.258  -7.676 0.1428571492
64731  -22.621  -14.020  -6.010 0.1428571492
66791  -23.596  -12.210  -7.317 0.1428571492
67894  -22.364  -10.682  -6.507 0.1428571492
67906  -22.826  -10.355  -7.143 0.1428571492
68987  -23.352  -9.974  -7.711 0.1428571492
69013  -24.242  -9.289  -9.245 0.1428571492
70057  -23.295  -8.945  -8.890 0.2857142985
150888  -25.695  -8.793  -10.952 0.2857142985
139390  -26.108  -6.040  -13.013 0.4285714328
73258  -27.136  -4.871  -13.628 0.4285714328
74337  -26.726  -4.692  -14.169 0.4285714328
86489  -25.273  6.769  -17.179 0.2857142985
88714  -22.501  8.286  -19.792 0.2857142985
89681  -23.718  9.481  -20.601 0.2857142985
89680  -23.089  8.988  -21.639 0.4285714328
67917  -24.160  -10.541  -8.088 0.1428571492
68999  -22.856  -9.265  -8.146 0.1428571492
69026  -25.635  -9.143  -10.382 0.1428571492
65776  -22.533  -13.007  -6.217 0.1428571492
66777  -22.684  -11.829  -6.443 0.1428571492
68986  -22.418  -9.541  -7.427 0.1428571492
70070  -22.749  -8.417  -9.575 0.2857142985
70072  -24.578  -9.009  -10.011 0.2857142985
70071  -23.639  -8.713  -9.638 0.2857142985
70082  -23.852  -8.369  -10.306 0.2857142985
70083  -24.924  -8.693  -10.697 0.2857142985
70094  -25.409  -8.390  -11.270 0.2857142985
71104  -26.109  -7.376  -12.118 0.4285714328
72167  -25.829  -6.691  -12.517 0.4285714328
73244  -25.277  -5.883  -12.853 0.2857142985
85381  -25.823  4.985  -16.702 0.2857142985
85392  -25.483  5.868  -16.910 0.2857142985
86474  -25.927  6.567  -16.514 0.2857142985
86488  -24.629  6.169  -17.633 0.2857142985
140915  -24.690  7.061  -17.737 0.2857142985
88688  -25.088  8.363  -17.542 0.2857142985
87649  -23.410  7.722  -19.510 0.2857142985
87637  -21.217  7.173  -19.599 0.2857142985
88715  -23.139  8.223  -19.825 0.2857142985
71078  -24.425  -8.069  -11.015 0.2857142985
85391  -24.967  5.061  -17.328 0.2857142985
85402  -23.770  6.048  -18.175 0.2857142985
87639  -23.484  7.112  -19.161 0.2857142985
86501  -24.092  6.918  -18.415 0.2857142985
87625  -24.545  7.781  -18.171 0.2857142985
142700  -21.763  6.997  -19.529 0.2857142985
140111  -24.419  8.853  -19.006 0.2857142985
85401  -22.388  5.877  -18.401 0.2857142985
86500  -23.463  6.573  -18.704 0.2857142985
64749  -24.043  -13.531  -7.481 0.1428571492
71093  -25.879  -8.004  -11.712 0.4285714328
63591  -23.328  -15.311  -5.166 0.1428571492
88716  -23.784  8.289  -19.559 0.2857142985
87640  -24.031  7.619  -19.074 0.2857142985
67895  -23.083  -11.183  -6.930 0.1428571492
63590  -22.632  -14.866  -4.801 0.1428571492
72166  -24.813  -6.392  -12.367 0.4285714328
87648  -22.821  7.811  -19.752 0.2857142985
72154  -25.299  -7.263  -12.024 0.4285714328
145301  -21.735  6.472  -18.795 0.2857142985
163358  -25.497  -4.459  -14.408 0.2857142985
74336  -26.005  -4.981  -14.151 0.2857142985
76538  -26.817  -3.313  -15.101 0.2857142985
98301  -22.842  18.336  -23.300 0.1428571492
159055  -23.264  17.259  -23.734 0.1428571492
97382  -22.452  17.235  -24.820 0.1428571492
96494  -21.561  16.503  -26.613 0.1428571492
96505  -22.904  15.541  -27.403 0.1428571492
99209  -23.148  19.068  -22.939 0.1428571492
97381  -20.849  17.311  -26.187 0.1428571492
98305  -20.090  18.772  -24.863 0.1428571492
100115  -20.336  21.118  -25.759 0.1428571492
75461  -25.345  -3.782  -14.935 0.2857142985
96506  -23.808  15.674  -27.050 0.1428571492
96472  -23.660  16.745  -24.138 0.1428571492
95589  -22.496  15.446  -27.233 0.1428571492
96481  -22.173  16.751  -25.975 0.1428571492
96495  -22.859  16.213  -26.626 0.1428571492
95588  -21.952  15.441  -26.798 0.1428571492
97380  -19.954  17.977  -25.778 0.1428571492
96504  -21.764  16.274  -26.694 0.1428571492
99207  -21.213  18.879  -24.443 0.1428571492
100116  -21.145  20.559  -25.343 0.1428571492
99215  -20.331  19.202  -24.818 0.1428571492
147001  -20.256  19.878  -24.764 0.1428571492
100100  -20.071  20.424  -24.234 0.1428571492
96493  -20.917  16.904  -26.352 0.1428571492
97388  -20.451  17.473  -26.191 0.1428571492
73257  -26.523  -5.352  -13.535 0.2857142985
97373  -22.579  17.771  -23.829 0.1428571492
97372  -21.361  17.935  -24.811 0.1428571492
100102  -22.942  19.971  -23.576 0.1428571492
97371  -20.562  18.468  -24.840 0.1428571492
96482  -23.328  16.599  -25.321 0.1428571492
154856  -22.455  3.864  -17.849 0.1428571492
157667  -24.148  5.375  -17.797 0.1428571492
84343  -23.176  5.058  -18.125 0.1428571492
86498  -21.138  6.887  -19.297 0.1428571492
86487  -19.221  7.027  -18.230 0.1428571492
150897  -19.596  7.580  -18.671 0.1428571492
84318  -25.474  4.397  -16.993 0.1428571492
88697  -18.671  8.619  -18.502 0.1428571492
88712  -20.370  8.636  -19.050 0.1428571492
88711  -19.133  9.183  -18.598 0.2857142985
161832  -26.800  -0.464  -15.914 0.2857142985
77656  -25.740  -0.895  -16.559 0.1428571492
82118  -24.485  2.056  -17.568 0.1428571492
83225  -25.547  3.657  -17.019 0.1428571492
83235  -24.022  3.534  -17.580 0.1428571492
86502  -31.478  6.366  -18.795 0.1428571492
143166  -22.080  4.837  -18.081 0.1428571492
88700  -21.863  7.786  -19.665 0.1428571492
89668  -22.399  8.984  -19.930 0.1428571492
152679  -20.989  9.015  -19.215 0.1428571492
89666  -19.976  9.744  -18.948 0.2857142985
90611  -22.067  10.001  -19.699 0.2857142985
93601  -20.839  13.263  -19.430 0.2857142985
93594  -19.680  13.009  -18.238 0.2857142985
136550  -20.671  14.001  -19.374 0.2857142985
147161  -20.434  18.179  -20.039 0.1428571492
96421  -20.888  16.490  -17.066 0.1428571492
90612  -22.568  9.168  -21.060 0.2857142985
91665  -22.355  10.260  -20.971 0.2857142985
91682  -22.061  10.914  -22.954 0.2857142985
92639  -21.490  11.977  -19.705 0.2857142985
92638  -20.775  12.444  -19.207 0.2857142985
93612  -21.678  13.085  -21.168 0.2857142985
148587  -21.329  12.674  -19.789 0.2857142985
145939  -20.306  12.920  -18.790 0.2857142985
163796  -21.422  13.741  -20.654 0.2857142985
147651  -20.231  15.596  -18.852 0.1428571492
145053  -19.424  13.759  -18.040 0.2857142985
97336  -20.915  17.771  -19.386 0.1428571492
92617  -19.366  12.259  -17.895 0.1428571492
89654  -18.493  9.997  -18.665 0.2857142985
153635  -19.828  15.028  -18.779 0.1428571492
94556  -19.468  14.567  -18.255 0.2857142985
140135  -20.121  15.896  -18.080 0.1428571492
95516  -18.906  15.224  -17.504 0.1428571492
88686  -17.180  10.067  -18.602 0.2857142985
94547  -18.769  15.074  -17.163 0.1428571492
96414  -19.889  16.353  -16.500 0.1428571492
95509  -18.840  15.705  -16.968 0.1428571492
145501  -16.327  9.147  -17.819 0.1428571492
87651  -31.057  6.894  -19.314 0.1428571492
83255  -32.149  3.057  -19.655 0.1428571492
154875  -25.093  1.825  -17.390 0.1428571492
83234  -23.188  3.047  -17.680 0.1428571492
140680  -31.520  5.682  -19.100 0.1428571492
83246  -22.398  2.912  -17.616 0.1428571492
163176  -21.313  4.717  -18.003 0.1428571492
85399  -20.799  5.258  -18.012 0.1428571492
85400  -21.545  5.655  -18.235 0.1428571492
153048  -20.612  7.207  -19.149 0.1428571492
87635  -17.557  9.048  -18.296 0.1428571492
163007  -21.190  8.391  -19.366 0.1428571492
90610  -20.710  10.593  -19.071 0.1428571492
91656  -21.736  11.057  -19.638 0.2857142985
92618  -19.970  12.187  -18.532 0.1428571492
91655  -20.731  11.622  -19.051 0.1428571492
147593  -19.032  13.953  -17.363 0.2857142985
95517  -19.068  15.864  -17.476 0.1428571492
96420  -19.814  16.153  -17.296 0.1428571492
85403  -31.777  4.995  -19.058 0.1428571492
85410  -31.182  5.193  -19.738 0.1428571492
92665  -21.926  12.046  -21.935 0.2857142985
96426  -20.470  16.197  -18.598 0.1428571492
94557  -20.125  14.550  -19.053 0.2857142985
139496  -20.312  15.116  -19.422 0.2857142985
98255  -21.656  18.087  -18.965 0.1428571492
158666  -22.948  9.789  -22.741 0.2857142985
80986  -25.419  1.287  -17.152 0.1428571492
79834  -24.936  0.539  -17.289 0.1428571492
91683  -22.598  10.444  -23.309 0.2857142985
84319  -26.091  4.141  -16.606 0.1428571492
82130  -32.450  2.167  -19.768 0.1428571492
91671  -22.500  10.199  -22.440 0.2857142985
88713  -21.718  8.695  -19.508 0.1428571492
145451  -22.904  8.559  -20.394 0.1428571492
84342  -23.255  3.891  -17.765 0.1428571492
148273  -21.027  6.352  -18.556 0.1428571492
84341  -21.558  3.838  -17.842 0.1428571492
163196  -21.969  3.314  -17.676 0.1428571492
86497  -20.739  6.760  -18.875 0.1428571492
86496  -20.186  6.838  -18.660 0.1428571492
88698  -19.919  8.025  -18.877 0.1428571492
88699  -20.865  7.704  -19.367 0.1428571492
146214  -23.842  2.551  -17.652 0.1428571492
89667  -21.353  9.543  -19.369 0.2857142985
90601  -19.408  10.512  -18.608 0.2857142985
90622  -22.776  9.411  -22.005 0.2857142985
93595  -20.072  13.717  -18.731 0.2857142985
93602  -21.441  13.194  -20.246 0.2857142985
96415  -20.865  16.654  -16.131 0.1428571492
91664  -22.046  11.445  -20.387 0.2857142985
91670  -22.161  11.231  -21.501 0.2857142985
92651  -21.813  12.295  -20.628 0.2857142985
95520  -19.482  15.350  -18.125 0.1428571492
94553  -19.069  14.324  -17.501 0.2857142985
155819  -19.136  16.109  -16.918 0.1428571492
70055  -21.445  -8.148  -8.915 0.1428571492
159160  -23.232  -8.406  -9.967 0.1428571492
70081  -22.939  -8.101  -10.210 0.1428571492
71055  -20.839  -7.659  -9.103 0.1428571492
71075  -21.676  -7.168  -10.311 0.1428571492
72140  -21.774  -6.384  -10.874 0.1428571492
71076  -22.590  -7.476  -10.473 0.1428571492
72151  -22.014  -5.843  -11.486 0.1428571492
72141  -22.355  -6.842  -10.731 0.1428571492
71091  -24.110  -7.293  -11.393 0.1428571492
72165  -23.792  -6.116  -12.133 0.1428571492
162454  -24.261  -6.698  -11.879 0.1428571492
73243  -24.267  -5.663  -12.656 0.1428571492
73217  -21.130  -5.758  -11.140 0.1428571492
73241  -22.263  -5.239  -12.132 0.1428571492
73255  -24.728  -5.294  -13.310 0.1428571492
140666  -24.254  -4.666  -13.719 0.1428571492
75472  -25.542  -3.082  -15.571 0.1428571492
76548  -25.520  -2.286  -15.932 0.1428571492
71077  -23.469  -7.701  -10.710 0.1428571492
71092  -25.055  -7.838  -11.538 0.1428571492
162818  -21.525  -8.485  -8.285 0.1428571492
93587  -19.257  13.217  -17.549 0.1428571492
77643  -26.017  -1.615  -16.124 0.1428571492
73256  -25.692  -5.455  -13.519 0.1428571492
70069  -21.971  -8.194  -9.403 0.1428571492
74335  -25.160  -4.890  -13.942 0.1428571492
71067  -22.136  -7.974  -10.050 0.1428571492
71066  -21.450  -7.756  -9.647 0.1428571492
71065  -20.831  -7.177  -9.808 0.1428571492
72152  -22.579  -6.424  -11.254 0.1428571492
73231  -22.880  -5.934  -11.833 0.1428571492
72153  -23.425  -6.560  -11.570 0.1428571492
71090  -23.072  -7.022  -11.003 0.1428571492
73242  -23.290  -5.448  -12.422 0.1428571492
161692  -21.239  -8.642  -7.764 0.1428571492
70084  -26.041  -8.904  -10.878 0.2857142985
70095  -26.033  -8.555  -11.302 0.2857142985
71115  -36.535  -7.355  -13.710 0.1428571492
73273  -35.818  -5.541  -15.501 0.1428571492
74355  -36.268  -5.070  -16.233 0.1428571492
75396  -31.041  -3.653  -9.861 0.4285714328
75399  -33.938  -4.049  -9.893 0.1428571492
75411  -30.342  -3.239  -10.870 0.4285714328
75462  -26.229  -3.638  -15.182 0.2857142985
75471  -24.776  -3.070  -15.502 0.1428571492
75484  -35.713  -3.954  -16.903 0.1428571492
75486  -36.450  -4.039  -16.972 0.1428571492
75492  -36.487  -3.396  -17.473 0.1428571492
76498  -29.976  -2.958  -11.904 0.7142857313
76502  -33.632  -2.190  -10.969 0.2857142985
77644  -26.723  -1.564  -15.570 0.1428571492
77664  -34.840  -1.876  -17.991 0.2857142985
78634  -36.525  -0.142  -10.747 0.1428571492
78648  -31.007  -0.757  -11.807 0.7142857313
78678  -33.720  -0.028  -12.936 0.5714285970
78689  -27.839  -1.006  -14.772 0.7142857313
79785  -28.665  0.820  -13.642 0.7142857313
80965  -28.288  1.221  -14.281 0.7142857313
82056  -31.304  2.181  -12.589 0.8571428657
82095  -27.089  2.318  -15.830 0.5714285970
83190  -32.969  3.077  -13.899 0.8571428657
83216  -27.307  3.529  -15.505 0.5714285970
84272  -30.725  4.155  -13.209 0.8571428657
84308  -32.777  4.997  -15.100 0.8571428657
84321  -33.230  4.299  -16.565 0.4285714328
84329  -24.077  4.507  -17.644 0.1428571492
84330  -24.867  4.058  -17.350 0.1428571492
84339  -20.379  4.284  -17.845 0.1428571492
84340  -20.795  4.097  -17.878 0.1428571492
85372  -27.552  5.677  -15.254 0.8571428657
86429  -30.324  6.077  -13.757 0.8571428657
86464  -27.774  6.347  -15.059 0.8571428657
86466  -32.366  6.318  -15.831 0.5714285970
86499  -22.669  6.645  -19.012 0.2857142985
87581  -31.339  7.293  -14.632 0.8571428657
87595  -26.930  7.146  -15.591 0.5714285970
87626  -25.109  7.577  -17.398 0.2857142985
87638  -22.754  7.274  -19.558 0.2857142985
88655  -26.619  8.707  -15.779 0.8571428657
88656  -27.257  8.491  -15.314 0.8571428657
88701  -24.331  8.196  -18.889 0.2857142985
89627  -30.011  9.713  -14.919 0.8571428657
89634  -25.694  9.495  -16.811 0.7142857313
89679  -22.862  8.889  -21.354 0.4285714328
89686  -22.947  9.423  -22.211 0.4285714328
90583  -28.561  10.896  -15.489 0.8571428657
90591  -29.579  10.998  -15.813 0.8571428657
90627  -22.880  9.818  -22.749 0.4285714328
91695  -22.379  10.974  -23.760 0.8571428657
93597  -27.398  13.900  -19.022 0.5714285970
93603  -25.189  13.655  -19.771 0.5714285970
93614  -25.286  14.055  -20.331 0.4285714328
93615  -25.908  14.093  -19.611 0.5714285970
94561  -21.160  13.887  -19.955 0.2857142985
94646  -22.112  14.508  -26.645 0.1428571492
94647  -22.477  14.642  -27.128 0.1428571492
94650  -24.372  13.523  -28.552 0.1428571492
94663  -22.908  14.714  -27.585 0.1428571492
94664  -23.447  14.449  -27.826 0.2857142985
95591  -23.533  15.031  -27.841 0.1428571492
97363  -23.428  17.636  -23.128 0.1428571492
98300  -21.874  18.389  -24.132 0.1428571492
99214  -20.371  19.401  -24.814 0.1428571492
100087  -20.454  20.688  -22.458 0.1428571492
101036  -20.222  21.386  -26.645 0.1428571492
136877  -23.059  10.096  -22.976 0.4285714328
139333  -26.783  14.172  -19.376 0.5714285970
146663  -22.173  16.044  -27.116 0.1428571492
147738  -35.837  -7.062  -13.906 0.1428571492
149774  -20.533  6.185  -18.352 0.1428571492
151720  -34.394  -4.141  -10.281 0.1428571492
153887  -36.141  -3.064  -17.982 0.1428571492
155510  -33.443  1.575  -13.794 0.7142857313
156706  -26.908  5.868  -15.670 0.4285714328
157314  -25.886  14.588  -22.635 0.2857142985
159219  -35.540  -4.388  -11.897 0.1428571492
160410  -26.887  -2.138  -15.258 0.4285714328
160677  -28.706  3.384  -14.126 0.8571428657
160684  -25.545  2.942  -17.047 0.2857142985
161006  -24.846  3.055  -17.442 0.1428571492
161218  -33.109  3.682  -14.621 0.8571428657
161321  -25.785  13.145  -18.596 0.8571428657
161700  -33.728  -7.662  -11.248 0.1428571492
161975  -23.107  6.082  -18.487 0.2857142985
162203  -35.451  -5.014  -11.659 0.1428571492
162330  -25.187  2.437  -17.315 0.1428571492
162356  -29.672  0.748  -12.750 0.7142857313
162714  -30.633  8.572  -14.855 0.7142857313
162959  -23.511  -14.503  -6.174 0.2857142985
163085  -22.778  3.381  -17.736 0.1428571492
163232  -23.327  14.057  -27.300 0.2857142985
164352  -29.578  -0.833  -12.640 0.8571428657
