#!ascii label  , from subject sub-v2s3x28785_ses-1 vox2ras=TkReg
971
14358  35.237  -59.802  -31.506 0.3000000119
132478  38.871  -49.724  -35.186 0.6000000238
26006  41.036  -47.127  -33.197 0.6999999881
25996  40.789  -46.980  -32.285 0.6999999881
13613  34.826  -60.433  -32.293 0.4000000060
17753  36.460  -55.336  -35.139 0.4000000060
137952  35.612  -58.387  -31.367 0.5000000000
15139  35.900  -58.282  -30.663 0.5000000000
23253  39.547  -49.815  -35.516 0.6999999881
24134  39.413  -48.369  -34.850 0.6999999881
24143  39.819  -48.939  -35.339 0.5000000000
26012  41.982  -46.890  -34.261 0.6000000238
26013  41.232  -47.162  -34.049 0.6000000238
26005  41.760  -46.758  -33.467 0.6999999881
26945  41.915  -45.849  -32.133 0.6999999881
15155  35.324  -58.727  -32.945 0.5000000000
17748  36.555  -55.564  -34.831 0.4000000060
132715  35.515  -58.082  -32.103 0.6000000238
115536  37.425  -53.749  -35.320 0.4000000060
20524  38.580  -53.307  -35.457 0.5000000000
15981  35.749  -57.186  -32.105 0.6000000238
21463  38.630  -52.633  -35.654 0.6000000238
123231  39.111  -52.023  -35.924 0.6000000238
16845  36.031  -56.996  -30.980 0.6000000238
22388  40.135  -50.916  -36.083 0.6000000238
25104  40.827  -47.894  -35.155 0.6000000238
25093  42.278  -47.063  -34.947 0.6000000238
26957  43.903  -45.770  -34.469 0.6999999881
26004  42.494  -46.425  -33.729 0.6999999881
26952  43.580  -45.371  -33.692 0.6999999881
26953  42.900  -45.735  -33.315 0.6999999881
26933  42.183  -45.108  -31.814 0.6999999881
27832  43.744  -44.513  -33.437 0.6999999881
26943  43.259  -44.947  -32.986 0.6999999881
27823  42.912  -44.456  -32.503 0.6999999881
130406  43.785  -43.734  -33.221 0.6999999881
15164  35.347  -58.556  -34.083 0.5000000000
16873  36.208  -56.269  -34.416 0.5000000000
126346  35.679  -56.892  -34.622 0.5000000000
18622  37.426  -54.275  -35.181 0.4000000060
136861  35.734  -57.084  -32.935 0.5000000000
117969  39.226  -53.155  -35.641 0.5000000000
21468  39.902  -52.097  -36.243 0.6000000238
17713  36.497  -55.597  -31.292 0.6000000238
17728  36.374  -55.723  -32.609 0.5000000000
18601  37.207  -54.285  -32.455 0.5000000000
23251  41.217  -49.591  -36.112 0.6999999881
24141  41.446  -48.529  -35.724 0.6000000238
24142  40.593  -48.769  -35.564 0.6999999881
26019  43.100  -46.756  -35.001 0.6000000238
25103  41.819  -47.680  -35.354 0.6000000238
26010  44.389  -45.884  -35.025 0.6000000238
26011  42.755  -46.622  -34.435 0.6000000238
26956  44.644  -45.256  -34.782 0.6000000238
27838  44.256  -44.934  -34.053 0.6999999881
28682  42.142  -43.521  -31.576 0.6999999881
27837  44.876  -44.266  -34.536 0.6000000238
28692  43.503  -43.015  -32.727 0.6999999881
28693  42.792  -43.524  -32.246 0.6999999881
27831  44.286  -43.973  -33.728 0.6999999881
19541  38.021  -53.898  -35.222 0.4000000060
16862  35.884  -56.950  -33.787 0.5000000000
17741  36.991  -55.081  -34.465 0.4000000060
19545  38.632  -53.383  -35.371 0.5000000000
21462  39.639  -52.848  -36.008 0.6000000238
17742  36.574  -55.674  -33.904 0.4000000060
22396  41.060  -50.841  -36.333 0.6000000238
18613  37.361  -54.478  -33.832 0.4000000060
18602  36.819  -54.992  -33.200 0.4000000060
19534  38.220  -53.167  -33.528 0.4000000060
24140  42.350  -48.285  -35.879 0.6000000238
125606  43.610  -47.478  -35.799 0.6000000238
26017  44.570  -46.388  -35.554 0.6000000238
26018  43.690  -46.890  -35.435 0.6000000238
27842  45.357  -44.861  -35.236 0.6000000238
29543  42.221  -42.664  -31.830 0.6999999881
29559  43.232  -42.215  -32.776 0.6999999881
29575  44.529  -42.272  -33.717 0.6000000238
29576  43.790  -42.264  -33.195 0.6000000238
18617  37.474  -54.524  -34.930 0.4000000060
19540  38.583  -53.557  -34.961 0.4000000060
21467  40.902  -52.170  -36.365 0.6999999881
19535  37.880  -53.956  -34.418 0.4000000060
23260  41.966  -50.601  -36.426 0.8000000119
19528  37.661  -53.655  -32.988 0.5000000000
24150  42.109  -49.340  -36.221 0.6999999881
25111  43.219  -48.113  -36.074 0.6000000238
26016  45.576  -46.075  -35.997 0.5000000000
25101  44.389  -47.213  -35.928 0.6000000238
29544  41.591  -42.863  -31.370 0.6999999881
29586  46.698  -42.761  -35.624 0.6000000238
27836  45.570  -44.082  -35.114 0.6000000238
30392  42.746  -41.880  -32.717 0.8000000119
30393  42.030  -41.874  -32.411 0.8000000119
29581  46.029  -42.510  -34.994 0.6000000238
29582  45.262  -42.374  -34.347 0.6000000238
19539  39.188  -53.177  -35.644 0.5000000000
134264  40.001  -53.054  -35.921 0.6000000238
137777  39.157  -53.223  -35.040 0.5000000000
21447  39.644  -51.860  -33.721 0.6999999881
117670  39.366  -52.548  -34.339 0.4000000060
23259  42.989  -50.344  -36.489 0.6999999881
24148  43.848  -48.895  -36.403 0.6999999881
26023  45.412  -46.932  -36.253 0.6000000238
25109  45.219  -47.899  -36.435 0.6000000238
136629  46.394  -45.810  -36.330 0.6000000238
30394  40.903  -41.574  -32.524 0.6000000238
27841  46.315  -44.448  -35.763 0.6000000238
30408  43.157  -41.599  -33.256 0.6999999881
30409  42.286  -41.469  -33.139 0.6999999881
30416  45.747  -41.646  -35.048 0.6999999881
30407  43.972  -41.533  -33.747 0.6999999881
20523  41.047  -52.823  -36.048 0.5000000000
21461  41.607  -52.417  -36.140 0.6000000238
21466  41.518  -52.380  -36.221 0.6000000238
21445  41.084  -51.337  -34.457 0.6999999881
21452  40.765  -52.287  -35.264 0.6000000238
22395  42.662  -51.452  -36.362 0.6999999881
22376  41.807  -50.824  -34.359 0.6999999881
21442  39.764  -51.504  -32.763 0.6999999881
128811  43.759  -50.558  -36.611 0.6999999881
23257  44.525  -49.824  -36.545 0.6999999881
120817  46.551  -47.656  -36.578 0.5000000000
24146  46.059  -48.671  -36.537 0.6000000238
30381  39.242  -41.632  -31.852 0.5000000000
27845  47.787  -45.275  -36.537 0.6000000238
26964  47.281  -45.770  -36.558 0.6000000238
30395  39.926  -41.635  -32.282 0.5000000000
28708  47.082  -43.588  -35.994 0.6000000238
27840  47.437  -44.468  -36.398 0.6000000238
30419  42.526  -41.126  -33.778 0.6000000238
30410  40.702  -41.156  -33.499 0.5000000000
31261  40.148  -40.795  -33.815 0.5000000000
29585  47.505  -42.549  -36.210 0.6999999881
119228  46.654  -41.770  -35.793 0.6999999881
30424  45.338  -40.831  -35.666 0.6999999881
121983  43.997  -40.996  -34.483 0.6999999881
31269  42.347  -40.586  -34.682 0.5000000000
131847  46.121  -41.008  -36.046 0.6999999881
31267  44.380  -40.551  -35.432 0.6000000238
118168  42.209  -52.034  -36.186 0.6000000238
21451  41.710  -52.074  -35.623 0.6999999881
21450  42.514  -51.937  -36.098 0.6000000238
22394  43.559  -51.243  -36.365 0.6999999881
24145  46.535  -49.064  -36.335 0.6999999881
129399  44.863  -50.549  -36.384 0.6999999881
135804  47.093  -47.686  -36.541 0.6000000238
30396  39.439  -41.200  -32.591 0.4000000060
26020  48.044  -46.580  -36.335 0.5000000000
31272  39.886  -40.205  -33.907 0.4000000060
29587  48.172  -42.860  -36.389 0.6000000238
28707  47.788  -43.668  -36.443 0.6000000238
31260  40.753  -40.753  -34.107 0.5000000000
31268  43.418  -40.488  -35.094 0.5000000000
31281  41.889  -39.914  -35.283 0.4000000060
117141  47.117  -40.503  -36.756 0.6000000238
31285  45.665  -39.559  -37.018 0.6999999881
31278  44.932  -39.768  -36.680 0.6000000238
32173  44.332  -38.924  -36.746 0.5000000000
117610  43.467  -50.819  -35.065 0.6000000238
22387  43.577  -51.526  -35.990 0.6999999881
21459  43.883  -51.323  -36.215 0.6999999881
137226  44.195  -50.114  -33.911 0.6999999881
22373  44.726  -50.186  -34.548 0.6999999881
22391  45.565  -50.361  -36.196 0.6000000238
23255  46.247  -49.811  -36.232 0.6000000238
131147  48.541  -45.262  -36.128 0.6000000238
25106  48.031  -47.068  -36.212 0.5000000000
27844  48.361  -45.291  -36.332 0.6000000238
28709  48.415  -43.066  -36.166 0.6000000238
133383  48.518  -44.038  -36.224 0.6000000238
32163  41.179  -39.847  -34.919 0.4000000060
31271  40.499  -40.172  -34.389 0.5000000000
32165  40.037  -39.414  -34.309 0.4000000060
30426  47.657  -41.229  -36.455 0.6000000238
32164  40.748  -39.271  -34.792 0.4000000060
31284  46.408  -39.905  -37.012 0.6000000238
32172  45.146  -39.033  -36.980 0.5000000000
22378  45.199  -50.513  -35.549 0.6999999881
22386  45.269  -50.908  -36.026 0.6000000238
23241  45.112  -49.473  -34.175 0.6999999881
23245  45.591  -49.959  -35.157 0.6000000238
23250  46.377  -49.742  -36.146 0.6000000238
22374  44.379  -49.730  -33.626 0.6999999881
25100  47.303  -48.221  -35.872 0.5000000000
27834  48.354  -44.717  -35.535 0.6000000238
26954  48.314  -45.686  -35.744 0.6000000238
27833  48.636  -44.377  -35.908 0.6000000238
29579  48.467  -42.822  -35.317 0.5000000000
31265  48.217  -41.343  -35.754 0.6000000238
32178  47.107  -40.149  -36.674 0.6000000238
32171  45.981  -39.214  -36.712 0.5000000000
24128  45.283  -48.599  -33.961 0.6999999881
25092  46.045  -48.223  -34.591 0.6999999881
26008  47.060  -46.854  -35.186 0.6000000238
26955  47.371  -45.937  -35.029 0.5000000000
131540  47.543  -43.411  -34.178 0.6000000238
27835  47.609  -45.011  -34.845 0.6000000238
29572  48.163  -42.116  -34.446 0.6000000238
31266  47.850  -40.761  -35.179 0.6000000238
32162  46.095  -39.258  -35.706 0.5000000000
19503  37.900  -53.822  -30.495 0.5000000000
20500  38.820  -52.413  -31.552 0.5000000000
19501  39.421  -53.427  -30.415 0.5000000000
19502  38.438  -53.084  -30.895 0.5000000000
20507  39.261  -51.866  -32.101 0.6999999881
21431  41.076  -51.456  -31.581 0.6999999881
21432  40.070  -51.572  -31.750 0.5000000000
20499  39.607  -52.146  -31.218 0.5000000000
22371  41.120  -50.810  -33.438 0.6999999881
21441  40.571  -51.128  -32.531 0.6999999881
22375  42.893  -50.447  -34.061 0.6999999881
13601  35.160  -60.189  -30.841 0.3000000119
25994  42.262  -46.178  -32.913 0.6999999881
25095  40.770  -47.493  -34.532 0.6000000238
26944  42.601  -45.272  -32.503 0.6999999881
28683  41.514  -43.631  -31.096 0.6999999881
20515  39.153  -52.014  -33.190 0.6000000238
26961  45.884  -45.336  -35.821 0.6000000238
30417  44.790  -41.434  -34.491 0.6999999881
128820  41.519  -41.394  -33.054 0.6000000238
30418  43.256  -41.033  -34.120 0.6999999881
30420  41.585  -41.010  -33.874 0.6000000238
30411  39.978  -41.239  -33.134 0.5000000000
31262  39.704  -40.777  -33.317 0.5000000000
31279  43.845  -39.707  -36.134 0.5000000000
24138  47.225  -48.252  -36.217 0.5000000000
24133  45.896  -49.194  -34.820 0.6999999881
25090  47.715  -47.371  -35.889 0.5000000000
30415  48.144  -41.370  -34.795 0.6000000238
32169  47.334  -40.177  -35.708 0.6000000238
24132  46.631  -48.794  -35.493 0.6000000238
29580  48.164  -42.900  -34.588 0.6000000238
26009  46.162  -47.206  -34.455 0.5000000000
116264  41.889  -51.796  -31.188 0.6000000238
20483  44.395  -52.664  -30.167 0.6000000238
20469  44.797  -52.059  -29.712 0.4000000060
21422  42.469  -51.885  -30.755 0.5000000000
130172  41.831  -51.225  -31.713 0.6000000238
21464  37.483  -51.846  -35.082 0.5000000000
21420  45.827  -51.978  -29.802 0.4000000060
22389  39.134  -50.804  -35.622 0.5000000000
127885  37.600  -50.178  -34.750 0.5000000000
20485  42.830  -52.376  -30.503 0.5000000000
21402  46.232  -51.163  -29.492 0.4000000060
23254  38.298  -50.035  -35.010 0.5000000000
24135  38.627  -48.523  -34.592 0.5000000000
20470  43.836  -52.009  -29.781 0.6000000238
24144  39.086  -49.043  -35.050 0.5000000000
21440  41.443  -50.865  -32.348 0.6000000238
134674  47.194  -50.059  -29.444 0.4000000060
23209  47.798  -49.687  -29.772 0.4000000060
21404  44.217  -51.392  -29.444 0.4000000060
25088  37.794  -47.877  -33.330 0.5000000000
21421  43.091  -51.788  -30.211 0.5000000000
25098  38.159  -48.099  -34.067 0.5000000000
25079  38.390  -47.648  -32.655 0.5000000000
21430  42.331  -51.297  -31.355 0.6000000238
21439  42.251  -50.809  -32.062 0.6000000238
22370  42.033  -50.518  -33.136 0.6000000238
25085  40.440  -47.376  -33.905 0.5000000000
25078  39.295  -47.500  -32.789 0.5000000000
25070  38.187  -47.673  -31.876 0.4000000060
120292  43.117  -50.528  -30.689 0.5000000000
21429  42.782  -51.256  -30.773 0.5000000000
22363  42.809  -50.698  -31.570 0.6000000238
22368  43.406  -50.172  -32.265 0.6000000238
22369  42.923  -50.422  -32.669 0.6000000238
23239  43.942  -49.452  -32.688 0.6000000238
114068  43.698  -50.120  -33.375 0.6000000238
22334  45.603  -50.613  -29.052 0.4000000060
22333  46.566  -50.322  -29.246 0.4000000060
25997  39.947  -47.238  -32.015 0.5000000000
25069  39.027  -47.467  -31.744 0.5000000000
25062  38.285  -47.489  -30.440 0.4000000060
25077  40.191  -47.316  -33.002 0.6000000238
134315  38.428  -47.572  -31.213 0.4000000060
23224  43.290  -50.071  -29.855 0.6000000238
23234  43.292  -50.069  -31.323 0.6000000238
131347  43.568  -49.597  -31.839 0.6000000238
24102  47.360  -48.158  -29.099 0.4000000060
25987  39.765  -47.089  -31.049 0.5000000000
25979  38.855  -47.009  -29.888 0.4000000060
25052  37.349  -47.542  -29.168 0.4000000060
22324  44.085  -50.088  -28.830 0.6000000238
22335  44.594  -50.731  -29.069 0.4000000060
114855  43.243  -49.125  -29.926 0.6000000238
126617  43.698  -50.674  -29.385 0.6000000238
131035  43.273  -49.780  -30.534 0.5000000000
128894  43.477  -48.306  -31.203 0.6000000238
127878  43.244  -48.292  -30.401 0.5000000000
125721  44.178  -48.455  -32.560 0.6000000238
132792  48.246  -48.408  -29.848 0.4000000060
22322  45.986  -49.795  -28.740 0.4000000060
26935  40.921  -45.993  -30.863 0.6000000238
129402  39.264  -46.460  -29.539 0.5000000000
25967  37.793  -46.916  -28.770 0.5000000000
25037  37.126  -47.174  -28.626 0.5000000000
23200  44.379  -49.418  -28.549 0.4000000060
22323  44.938  -50.029  -28.662 0.4000000060
23201  43.770  -49.490  -28.816 0.5000000000
121519  43.142  -48.266  -29.465 0.5000000000
25076  43.753  -47.901  -31.840 0.6000000238
25075  44.261  -47.456  -32.534 0.6000000238
24129  44.585  -48.976  -33.340 0.6000000238
24087  46.478  -47.910  -28.525 0.4000000060
115976  46.328  -48.887  -28.632 0.4000000060
25031  47.469  -47.251  -28.846 0.4000000060
27813  41.902  -44.416  -31.423 0.6000000238
25033  45.380  -47.719  -28.128 0.4000000060
24088  45.628  -48.527  -28.376 0.4000000060
26912  39.691  -45.368  -29.302 0.6000000238
27780  38.225  -45.254  -28.464 0.5000000000
25952  37.249  -46.488  -28.417 0.4000000060
24089  44.717  -48.656  -28.304 0.4000000060
24103  43.383  -48.913  -29.007 0.5000000000
25068  43.313  -47.443  -30.995 0.5000000000
25993  43.773  -46.946  -31.869 0.6000000238
25084  44.686  -48.007  -33.251 0.6000000238
26002  44.788  -47.007  -33.192 0.6000000238
25947  46.672  -46.151  -28.032 0.4000000060
27803  41.354  -44.484  -30.809 0.6000000238
27804  40.764  -44.603  -30.269 0.6000000238
26899  39.087  -45.283  -28.779 0.5000000000
27782  35.969  -45.017  -28.373 0.5000000000
25019  44.656  -47.089  -27.780 0.4000000060
24090  43.896  -48.791  -28.485 0.4000000060
25035  43.380  -48.071  -28.598 0.5000000000
25060  42.999  -47.528  -29.941 0.5000000000
25992  44.356  -46.491  -32.516 0.5000000000
25946  47.399  -46.581  -28.404 0.4000000060
129131  40.428  -44.010  -29.990 0.6000000238
28653  39.140  -43.768  -29.246 0.5000000000
28639  37.153  -44.178  -28.562 0.5000000000
25050  42.945  -47.602  -29.135 0.5000000000
25976  43.010  -46.681  -30.409 0.4000000060
25983  43.903  -45.995  -31.940 0.4000000060
25991  44.902  -46.036  -33.121 0.4000000060
26000  46.305  -46.212  -34.352 0.4000000060
26884  46.440  -45.740  -27.507 0.4000000060
25948  45.735  -46.708  -27.849 0.4000000060
29529  41.126  -42.997  -30.935 0.6000000238
25938  45.076  -46.243  -27.524 0.4000000060
122092  40.890  -42.475  -31.331 0.5000000000
28652  39.884  -43.900  -29.588 0.5000000000
28654  38.370  -43.615  -28.976 0.5000000000
28640  36.315  -44.204  -28.651 0.4000000060
28672  39.472  -43.137  -29.822 0.4000000060
25963  42.768  -46.776  -29.412 0.5000000000
26924  42.797  -45.925  -30.052 0.5000000000
26923  43.163  -45.248  -30.553 0.6000000238
26931  44.178  -45.287  -31.882 0.4000000060
27821  44.630  -44.781  -32.232 0.4000000060
27830  45.918  -44.704  -33.397 0.4000000060
27810  44.117  -44.675  -31.571 0.5000000000
29545  39.960  -42.170  -31.409 0.5000000000
29531  39.724  -42.622  -30.530 0.6000000238
29546  39.097  -42.076  -31.034 0.4000000060
27820  45.375  -44.168  -32.628 0.5000000000
26950  46.551  -45.263  -34.189 0.5000000000
121705  43.411  -44.017  -30.518 0.5000000000
27811  43.567  -44.646  -30.957 0.5000000000
28680  44.649  -43.907  -31.860 0.5000000000
128741  45.219  -45.316  -26.806 0.4000000060
31259  47.715  -40.837  -34.127 0.5000000000
131382  46.779  -43.478  -33.528 0.4000000060
27819  46.146  -43.842  -33.210 0.5000000000
28668  44.357  -43.231  -31.280 0.5000000000
28681  43.937  -43.959  -31.198 0.5000000000
30390  47.521  -40.972  -33.286 0.4000000060
30391  47.079  -41.299  -32.650 0.4000000060
29556  47.487  -41.900  -33.455 0.5000000000
29557  46.731  -42.265  -32.822 0.5000000000
28679  45.349  -43.333  -32.242 0.5000000000
29558  46.008  -42.762  -32.450 0.5000000000
114947  44.902  -43.122  -31.750 0.5000000000
29542  44.815  -42.493  -31.335 0.5000000000
30380  45.453  -41.805  -31.411 0.4000000060
25986  40.508  -46.731  -31.360 0.6000000238
25096  39.976  -47.776  -34.591 0.6000000238
26934  41.566  -45.385  -31.323 0.6000000238
29562  40.612  -42.004  -31.870 0.5000000000
25083  45.393  -47.604  -33.821 0.6000000238
26951  45.677  -45.636  -33.591 0.4000000060
25087  38.658  -47.728  -33.565 0.5000000000
25086  39.567  -47.559  -33.755 0.5000000000
25061  39.026  -47.293  -30.735 0.4000000060
25063  37.544  -47.781  -30.077 0.4000000060
23210  43.438  -49.520  -29.337 0.6000000238
25978  39.523  -46.743  -30.217 0.6000000238
25966  38.641  -46.557  -29.037 0.4000000060
23199  45.310  -49.261  -28.470 0.4000000060
26925  41.087  -45.231  -30.613 0.6000000238
26926  40.508  -45.535  -30.123 0.6000000238
25950  38.705  -45.882  -28.671 0.5000000000
25954  35.690  -46.647  -28.317 0.5000000000
118214  35.972  -47.418  -28.476 0.5000000000
26901  36.499  -45.943  -28.299 0.5000000000
27778  39.488  -44.582  -29.160 0.5000000000
129247  37.515  -44.880  -28.380 0.5000000000
27779  38.749  -44.453  -28.753 0.5000000000
25984  43.413  -46.402  -31.243 0.5000000000
27781  36.817  -44.973  -28.320 0.5000000000
25036  43.048  -47.168  -28.528 0.5000000000
29530  40.509  -42.802  -30.751 0.6000000238
26941  45.162  -45.142  -32.873 0.3000000119
29540  46.236  -41.798  -32.096 0.4000000060
9058  37.953  -66.869  -24.049 0.3000000119
9050  37.341  -66.249  -23.733 0.3000000119
9049  38.199  -66.317  -23.460 0.3000000119
9744  37.295  -64.872  -22.799 0.3000000119
129118  37.116  -65.607  -23.310 0.3000000119
9743  38.254  -64.995  -22.728 0.3000000119
10451  35.772  -64.816  -22.824 0.3000000119
133210  37.154  -63.944  -22.548 0.3000000119
11193  40.243  -63.737  -22.769 0.3000000119
10429  38.761  -64.341  -22.551 0.3000000119
129042  37.576  -63.107  -22.499 0.3000000119
11196  36.637  -63.345  -22.488 0.3000000119
11194  39.375  -63.621  -22.607 0.3000000119
129696  40.286  -62.071  -24.010 0.3000000119
11995  39.242  -62.683  -22.850 0.3000000119
11996  38.424  -62.553  -22.681 0.4000000060
11997  37.599  -62.143  -22.675 0.4000000060
12724  36.979  -61.672  -22.906 0.4000000060
12725  35.992  -61.941  -22.658 0.3000000119
128160  39.676  -61.716  -25.135 0.3000000119
12744  38.484  -61.342  -23.732 0.4000000060
135282  37.597  -61.726  -22.949 0.4000000060
122354  40.719  -62.288  -25.825 0.3000000119
12745  36.966  -61.100  -23.585 0.4000000060
12081  40.924  -63.072  -28.329 0.4000000060
12067  40.295  -62.309  -26.570 0.4000000060
13466  36.237  -60.800  -23.857 0.4000000060
13480  36.106  -60.566  -24.626 0.3000000119
122308  40.115  -62.564  -27.641 0.4000000060
12795  39.514  -61.845  -26.063 0.3000000119
12779  38.716  -61.416  -25.481 0.4000000060
131038  38.024  -61.369  -26.166 0.5000000000
12762  37.533  -60.766  -24.615 0.4000000060
11304  40.708  -63.414  -29.281 0.4000000060
13465  36.945  -60.718  -24.256 0.4000000060
116259  35.433  -60.146  -29.953 0.3000000119
134767  36.576  -58.709  -29.837 0.4000000060
13512  35.620  -60.538  -26.514 0.3000000119
20526  36.689  -53.036  -35.071 0.4000000060
21465  36.820  -52.203  -34.868 0.4000000060
19527  38.112  -52.917  -32.161 0.4000000060
19521  37.654  -53.566  -31.624 0.4000000060
18591  36.756  -54.914  -31.901 0.4000000060
12094  39.905  -62.901  -28.587 0.4000000060
12068  39.345  -62.186  -27.043 0.3000000119
12796  38.666  -61.714  -26.537 0.5000000000
17712  36.924  -54.972  -30.736 0.4000000060
132875  36.745  -55.601  -30.368 0.4000000060
11319  40.174  -63.607  -30.133 0.4000000060
15131  36.401  -58.086  -30.034 0.4000000060
13479  36.946  -60.597  -24.999 0.4000000060
123693  37.245  -57.038  -29.592 0.5000000000
13496  36.264  -60.549  -25.466 0.5000000000
15130  36.993  -58.490  -29.609 0.4000000060
14339  36.134  -59.669  -29.788 0.4000000060
131124  36.674  -60.883  -27.587 0.3000000119
14338  36.778  -59.266  -29.626 0.4000000060
22381  37.082  -50.715  -34.683 0.4000000060
20508  38.639  -52.410  -32.697 0.4000000060
11305  39.703  -63.224  -29.342 0.4000000060
12082  39.119  -62.458  -28.037 0.4000000060
18577  37.569  -54.570  -30.172 0.4000000060
16820  36.926  -56.088  -29.809 0.5000000000
12095  38.908  -62.786  -29.036 0.4000000060
12069  38.404  -62.063  -27.492 0.4000000060
16819  37.696  -56.192  -29.583 0.5000000000
11335  39.192  -63.311  -30.470 0.4000000060
128960  39.261  -63.412  -31.449 0.4000000060
12096  38.284  -62.255  -28.356 0.4000000060
12111  38.452  -62.322  -29.020 0.5000000000
12825  37.890  -61.807  -28.444 0.5000000000
18564  37.910  -55.069  -29.669 0.4000000060
16818  38.472  -56.114  -29.713 0.5000000000
11359  39.498  -63.771  -33.068 0.4000000060
12826  37.246  -61.112  -28.168 0.5000000000
118195  37.378  -57.896  -29.600 0.4000000060
125649  37.293  -59.821  -29.342 0.4000000060
13582  36.617  -60.011  -29.202 0.4000000060
15129  38.025  -58.601  -29.613 0.4000000060
18576  38.310  -54.413  -29.894 0.4000000060
12124  38.911  -62.878  -30.489 0.4000000060
12125  38.645  -62.228  -29.634 0.4000000060
17696  38.652  -55.221  -29.794 0.4000000060
25053  36.542  -47.757  -28.814 0.4000000060
12159  39.881  -62.930  -34.228 0.4000000060
12135  39.228  -63.163  -32.263 0.4000000060
12841  38.170  -61.713  -29.021 0.5000000000
136879  38.187  -60.982  -29.127 0.5000000000
117994  39.248  -56.048  -30.189 0.5000000000
16829  39.042  -56.860  -30.089 0.4000000060
12893  39.809  -62.211  -33.855 0.4000000060
13580  38.041  -60.273  -29.324 0.4000000060
117986  38.056  -57.721  -29.628 0.4000000060
118651  38.888  -59.013  -30.040 0.4000000060
15138  38.664  -58.279  -29.915 0.4000000060
20486  39.936  -52.697  -30.705 0.4000000060
18575  39.135  -54.374  -30.102 0.3000000119
12882  39.519  -62.130  -32.749 0.4000000060
12868  39.325  -61.992  -31.565 0.4000000060
17695  39.602  -55.234  -30.377 0.3000000119
13623  39.939  -61.195  -33.280 0.4000000060
13612  39.635  -60.959  -32.131 0.4000000060
13599  39.354  -60.643  -30.893 0.4000000060
137433  38.608  -60.309  -29.777 0.5000000000
13642  40.575  -60.508  -34.967 0.4000000060
13622  40.356  -60.366  -33.792 0.4000000060
14348  39.404  -59.390  -30.705 0.4000000060
15961  38.866  -57.646  -30.017 0.4000000060
20498  40.459  -52.087  -31.058 0.4000000060
14357  39.714  -59.801  -31.674 0.4000000060
10470  30.707  -64.212  -24.336 0.3000000119
136555  40.598  -63.220  -23.147 0.3000000119
12030  40.575  -62.179  -24.890 0.3000000119
116252  41.025  -62.695  -27.343 0.4000000060
11348  40.726  -64.139  -31.525 0.4000000060
123665  39.947  -63.862  -31.086 0.4000000060
128295  40.847  -64.127  -32.769 0.4000000060
11367  40.396  -63.315  -34.320 0.4000000060
18574  40.271  -54.413  -30.655 0.3000000119
121860  40.553  -61.205  -35.261 0.4000000060
19500  40.293  -53.400  -30.611 0.4000000060
136093  41.047  -54.565  -31.146 0.4000000060
17710  40.367  -55.389  -30.939 0.4000000060
14389  41.007  -59.901  -35.366 0.4000000060
14365  40.428  -59.409  -33.139 0.4000000060
15154  40.096  -59.270  -32.241 0.4000000060
15147  39.789  -58.662  -31.418 0.4000000060
16844  40.120  -57.057  -31.348 0.3000000119
16828  39.620  -56.754  -30.655 0.4000000060
15172  41.232  -59.089  -34.565 0.4000000060
15951  36.499  -57.064  -30.061 0.4000000060
20497  41.396  -52.305  -30.934 0.4000000060
9059  36.583  -66.297  -24.232 0.3000000119
9762  37.802  -65.649  -23.163 0.3000000119
9763  36.404  -65.287  -23.131 0.3000000119
9785  31.099  -64.950  -24.247 0.3000000119
10456  31.648  -64.343  -23.695 0.3000000119
10430  37.914  -64.117  -22.545 0.3000000119
11215  39.970  -62.962  -23.006 0.3000000119
11195  38.487  -63.449  -22.540 0.4000000060
11998  36.802  -62.436  -22.552 0.4000000060
12743  39.366  -61.645  -23.837 0.3000000119
12031  39.813  -61.765  -24.326 0.3000000119
12723  38.138  -61.773  -23.008 0.4000000060
128137  37.691  -60.902  -23.967 0.4000000060
12066  41.183  -62.499  -26.437 0.3000000119
11318  41.557  -63.717  -30.222 0.4000000060
126141  37.827  -61.586  -26.968 0.4000000060
12798  36.666  -60.992  -26.896 0.5000000000
13560  36.614  -60.484  -28.388 0.3000000119
12797  37.221  -61.115  -26.395 0.5000000000
11358  40.352  -64.171  -33.526 0.4000000060
14336  38.418  -59.553  -29.731 0.4000000060
15960  39.576  -57.612  -30.777 0.4000000060
19517  43.543  -53.815  -30.943 0.4000000060
19518  42.611  -53.703  -30.955 0.4000000060
19496  44.930  -53.328  -30.613 0.4000000060
20484  43.495  -52.531  -30.278 0.5000000000
19499  42.241  -52.690  -30.756 0.4000000060
16836  48.358  -56.327  -32.706 0.3000000119
16853  48.519  -56.380  -33.467 0.3000000119
20506  49.295  -53.145  -32.756 0.3000000119
21428  48.130  -51.913  -31.034 0.3000000119
21418  47.703  -51.356  -30.417 0.3000000119
21419  46.799  -51.720  -30.042 0.3000000119
17734  49.484  -55.294  -33.729 0.3000000119
19533  50.255  -54.215  -33.500 0.3000000119
20505  50.141  -52.671  -32.981 0.3000000119
17705  47.891  -55.945  -31.955 0.3000000119
17703  49.490  -55.484  -32.707 0.3000000119
21417  48.622  -50.992  -30.879 0.3000000119
22350  48.198  -50.319  -30.321 0.3000000119
18609  50.101  -54.778  -33.525 0.3000000119
129536  51.055  -51.170  -32.867 0.3000000119
22362  49.622  -50.558  -31.586 0.3000000119
19510  51.197  -53.754  -32.124 0.3000000119
117643  51.389  -53.128  -33.149 0.3000000119
22366  51.655  -50.398  -32.449 0.3000000119
20502  52.328  -51.953  -32.763 0.3000000119
22365  52.296  -50.989  -32.574 0.3000000119
19511  50.481  -54.305  -31.972 0.3000000119
23222  49.998  -49.257  -31.464 0.3000000119
133293  49.537  -48.786  -30.920 0.3000000119
25049  48.230  -47.562  -29.485 0.3000000119
20492  51.749  -52.883  -32.236 0.3000000119
22360  51.052  -50.009  -32.339 0.3000000119
24113  49.353  -48.098  -30.305 0.3000000119
22358  52.692  -51.073  -31.515 0.3000000119
23220  51.456  -49.907  -31.387 0.3000000119
23221  50.665  -49.402  -31.501 0.3000000119
24100  50.139  -48.665  -29.852 0.3000000119
131036  47.493  -46.362  -28.163 0.3000000119
24114  48.873  -47.711  -30.083 0.3000000119
25945  47.900  -46.713  -28.556 0.3000000119
26883  47.024  -45.736  -27.403 0.3000000119
136957  45.905  -45.399  -27.064 0.3000000119
26864  46.490  -45.514  -25.764 0.3000000119
26865  46.019  -45.164  -26.062 0.3000000119
26874  45.688  -45.182  -26.499 0.3000000119
20482  45.389  -52.659  -30.241 0.3000000119
19497  43.981  -53.252  -30.560 0.4000000060
21401  47.245  -50.711  -29.735 0.3000000119
23223  48.698  -49.109  -30.436 0.3000000119
18586  43.970  -54.431  -31.471 0.5000000000
17720  49.428  -55.595  -33.350 0.3000000119
22367  50.555  -50.741  -32.406 0.3000000119
20494  49.172  -52.425  -32.141 0.3000000119
20480  47.302  -52.272  -30.708 0.3000000119
20513  51.360  -52.668  -33.232 0.3000000119
18594  50.786  -54.306  -32.719 0.3000000119
22349  49.127  -49.851  -30.890 0.3000000119
21444  52.046  -51.756  -33.195 0.3000000119
22348  52.470  -50.672  -31.113 0.3000000119
23208  51.037  -49.710  -29.685 0.3000000119
23233  49.960  -48.667  -31.079 0.3000000119
20477  52.124  -52.133  -31.533 0.3000000119
121729  49.789  -48.382  -30.515 0.3000000119
119583  40.678  -55.894  -31.429 0.3000000119
16843  40.629  -56.576  -31.744 0.4000000060
16871  42.808  -56.995  -33.529 0.4000000060
16858  42.253  -56.541  -32.821 0.4000000060
115762  41.024  -55.242  -31.379 0.3000000119
119884  43.652  -56.108  -32.883 0.4000000060
16870  43.789  -56.747  -33.642 0.3000000119
16842  41.221  -56.141  -31.974 0.4000000060
127952  43.136  -55.653  -32.402 0.4000000060
17724  44.891  -55.642  -32.776 0.3000000119
18588  41.715  -54.728  -31.421 0.3000000119
17708  42.506  -55.237  -31.858 0.4000000060
17725  43.955  -55.571  -32.523 0.4000000060
18587  42.562  -54.506  -31.421 0.3000000119
120364  43.213  -54.305  -31.308 0.4000000060
18585  44.876  -54.494  -31.655 0.4000000060
118763  41.943  -54.029  -31.146 0.3000000119
19519  41.704  -53.278  -30.847 0.3000000119
18589  41.125  -53.897  -30.943 0.3000000119
18600  43.390  -54.977  -31.836 0.4000000060
17727  41.831  -56.156  -32.341 0.4000000060
11286  41.827  -63.169  -28.072 0.3000000119
15991  40.824  -58.035  -32.999 0.3000000119
11264  43.584  -63.106  -26.781 0.3000000119
138034  43.017  -62.921  -26.768 0.3000000119
11285  42.541  -63.214  -27.719 0.3000000119
11303  41.821  -63.464  -29.162 0.3000000119
16859  41.581  -56.714  -32.627 0.3000000119
15163  40.772  -58.767  -33.544 0.3000000119
11315  44.067  -63.227  -29.278 0.3000000119
11302  42.783  -63.471  -28.837 0.3000000119
11316  43.378  -63.288  -29.505 0.3000000119
11333  42.105  -63.432  -30.337 0.3000000119
124896  41.469  -63.854  -30.988 0.3000000119
15980  41.279  -57.449  -33.014 0.3000000119
12838  44.002  -62.868  -29.418 0.3000000119
12108  43.688  -63.133  -29.518 0.3000000119
11317  42.566  -63.433  -29.819 0.3000000119
12109  42.877  -63.218  -29.928 0.3000000119
12134  41.458  -63.555  -31.418 0.3000000119
12824  42.458  -61.950  -29.402 0.3000000119
12840  42.511  -62.843  -30.234 0.3000000119
12123  41.940  -63.380  -30.572 0.3000000119
123504  41.722  -62.497  -30.671 0.3000000119
12146  41.257  -63.458  -32.590 0.3000000119
12158  40.857  -63.291  -34.181 0.3000000119
12172  40.825  -62.089  -35.257 0.3000000119
12823  43.293  -62.105  -29.047 0.3000000119
129018  41.663  -62.908  -31.150 0.3000000119
117265  41.254  -63.006  -33.605 0.3000000119
132164  41.766  -57.796  -33.802 0.3000000119
115477  41.607  -61.477  -29.957 0.3000000119
132062  41.804  -60.976  -29.014 0.3000000119
12853  41.447  -61.558  -30.927 0.3000000119
12881  41.472  -62.122  -32.839 0.3000000119
12906  41.377  -61.979  -35.164 0.3000000119
14398  41.504  -60.186  -35.778 0.3000000119
136661  42.520  -58.323  -34.915 0.3000000119
15989  43.430  -57.461  -34.410 0.3000000119
15972  40.607  -57.436  -32.247 0.3000000119
13611  41.451  -60.419  -31.069 0.3000000119
121602  41.490  -61.248  -31.829 0.3000000119
12892  41.377  -62.441  -34.435 0.3000000119
130002  42.010  -60.274  -35.899 0.3000000119
11301  43.682  -63.448  -28.857 0.3000000119
125011  43.205  -63.434  -28.150 0.3000000119
10431  36.376  -64.295  -22.640 0.3000000119
10469  31.120  -64.171  -23.993 0.3000000119
10537  40.117  -64.366  -32.798 0.4000000060
10538  39.651  -64.110  -32.774 0.4000000060
10547  39.823  -64.134  -33.466 0.4000000060
11265  43.111  -63.199  -27.341 0.3000000119
11284  43.888  -63.454  -27.888 0.3000000119
11320  39.211  -63.208  -29.748 0.4000000060
11334  40.923  -64.028  -30.851 0.4000000060
11347  41.138  -64.010  -31.905 0.3000000119
11349  39.792  -64.154  -32.032 0.4000000060
11368  40.060  -63.884  -34.045 0.4000000060
11369  39.793  -63.657  -33.869 0.4000000060
11375  40.109  -63.242  -34.313 0.4000000060
12012  39.744  -62.207  -23.486 0.3000000119
12013  38.936  -61.955  -23.206 0.3000000119
12049  40.180  -62.029  -25.690 0.3000000119
12080  41.836  -62.763  -27.101 0.3000000119
12110  38.842  -62.818  -29.763 0.4000000060
12147  39.528  -63.108  -33.409 0.4000000060
12167  41.172  -62.857  -34.799 0.4000000060
12168  40.474  -62.671  -34.723 0.4000000060
12746  36.198  -61.311  -23.246 0.3000000119
12761  39.079  -61.426  -24.501 0.4000000060
12780  37.685  -60.941  -25.417 0.5000000000
12811  37.616  -61.732  -27.812 0.5000000000
12839  43.312  -62.948  -29.771 0.3000000119
12842  37.839  -61.007  -28.792 0.5000000000
12854  39.001  -61.894  -30.416 0.4000000060
12855  38.556  -61.157  -29.566 0.5000000000
12867  41.448  -62.457  -31.835 0.3000000119
12891  41.903  -61.524  -34.929 0.3000000119
12907  40.402  -61.821  -34.970 0.4000000060
12908  40.275  -62.498  -34.609 0.4000000060
12918  41.266  -61.391  -35.601 0.3000000119
12919  40.768  -61.418  -35.435 0.4000000060
13495  36.910  -60.739  -25.710 0.5000000000
13536  36.101  -60.683  -27.050 0.3000000119
13581  37.317  -60.415  -28.869 0.4000000060
13583  35.929  -60.037  -29.315 0.4000000060
13600  38.946  -60.763  -30.111 0.4000000060
13630  40.250  -61.415  -34.506 0.4000000060
13648  41.359  -60.784  -35.766 0.3000000119
13649  40.898  -60.681  -35.611 0.3000000119
14337  37.606  -59.313  -29.504 0.4000000060
14349  36.184  -58.972  -30.191 0.4000000060
14350  35.623  -59.620  -30.497 0.3000000119
14366  40.089  -60.151  -32.663 0.4000000060
14376  40.717  -59.630  -34.329 0.4000000060
14388  41.699  -59.415  -35.442 0.4000000060
15137  39.269  -58.436  -30.446 0.4000000060
15140  35.613  -59.009  -30.972 0.5000000000
15146  40.385  -58.466  -32.445 0.3000000119
15148  35.413  -58.957  -31.913 0.5000000000
15162  41.293  -58.263  -33.731 0.3000000119
15171  41.898  -58.468  -34.675 0.3000000119
15950  38.221  -56.916  -29.633 0.4000000060
15962  36.098  -57.609  -30.551 0.5000000000
15973  40.102  -57.835  -31.652 0.3000000119
15982  35.547  -57.740  -33.185 0.5000000000
15990  42.488  -57.750  -34.270 0.3000000119
16830  36.414  -56.253  -30.599 0.4000000060
16852  49.032  -55.910  -33.716 0.3000000119
16857  42.996  -56.319  -32.911 0.4000000060
16860  41.025  -56.828  -32.365 0.4000000060
16861  35.977  -56.566  -32.767 0.5000000000
16872  42.003  -57.186  -33.333 0.3000000119
17679  38.057  -55.600  -29.600 0.4000000060
17680  37.549  -55.618  -29.687 0.4000000060
17681  37.230  -55.277  -29.959 0.4000000060
17704  48.816  -55.647  -32.201 0.3000000119
17709  41.784  -55.569  -31.887 0.4000000060
17711  40.077  -56.143  -30.945 0.4000000060
17721  49.003  -55.970  -32.995 0.3000000119
17726  42.401  -55.889  -32.372 0.4000000060
17740  44.431  -56.202  -33.205 0.3000000119
17747  37.001  -54.970  -35.100 0.4000000060
18569  49.814  -54.619  -31.822 0.3000000119
18583  50.103  -54.912  -32.532 0.3000000119
18590  37.276  -54.295  -31.178 0.4000000060
18599  44.378  -55.027  -32.087 0.4000000060
18608  50.767  -54.099  -33.274 0.3000000119
19498  43.093  -53.073  -30.618 0.4000000060
19509  51.361  -53.527  -32.783 0.3000000119
19516  44.445  -53.912  -31.043 0.4000000060
19520  40.810  -52.878  -30.754 0.4000000060
19532  50.905  -53.519  -33.358 0.3000000119
19546  38.087  -53.677  -35.305 0.4000000060
20476  52.305  -52.124  -32.272 0.3000000119
20487  39.219  -52.662  -30.800 0.5000000000
20495  47.831  -52.689  -31.448 0.3000000119
20503  51.926  -52.548  -32.841 0.3000000119
20504  50.932  -52.432  -33.235 0.3000000119
20511  52.164  -52.002  -33.072 0.3000000119
20512  51.816  -52.326  -33.142 0.3000000119
20514  50.659  -53.275  -33.389 0.3000000119
20516  38.789  -52.758  -33.936 0.4000000060
20519  40.435  -52.986  -35.870 0.5000000000
20520  39.692  -53.011  -35.511 0.5000000000
20528  41.037  -52.788  -36.107 0.6000000238
20529  40.437  -52.877  -36.128 0.6000000238
21403  45.221  -51.349  -29.397 0.4000000060
21405  43.542  -51.373  -29.733 0.6000000238
21415  52.549  -51.493  -31.450 0.3000000119
21425  52.434  -51.532  -32.341 0.3000000119
21426  49.829  -51.644  -32.187 0.3000000119
21427  48.945  -51.666  -31.505 0.3000000119
21435  52.278  -51.525  -32.955 0.3000000119
21436  52.062  -51.097  -33.053 0.3000000119
21437  51.552  -51.689  -33.153 0.3000000119
21438  50.688  -51.729  -32.825 0.3000000119
21446  40.314  -51.428  -33.840 0.6999999881
21453  40.029  -52.428  -34.812 0.6000000238
21454  36.361  -51.213  -34.627 0.4000000060
21458  44.420  -51.112  -36.222 0.6999999881
21460  43.091  -51.590  -36.152 0.6000000238
22336  43.609  -49.989  -29.180 0.6000000238
22351  43.152  -50.959  -30.050 0.6000000238
22359  52.026  -50.468  -31.991 0.3000000119
22361  50.430  -49.897  -31.913 0.3000000119
22379  44.332  -50.824  -35.440 0.6999999881
22380  42.685  -51.297  -35.343 0.6000000238
22384  46.075  -50.087  -36.195 0.6000000238
22385  45.902  -50.321  -36.038 0.6000000238
22390  38.188  -51.177  -35.287 0.5000000000
22392  44.806  -50.836  -36.221 0.6000000238
22393  44.283  -51.077  -36.329 0.6999999881
23207  51.540  -50.069  -30.394 0.3000000119
23231  51.303  -49.793  -32.014 0.3000000119
23232  50.687  -49.542  -31.728 0.3000000119
23238  51.198  -49.859  -32.156 0.3000000119
23244  46.365  -49.681  -35.754 0.6000000238
23246  38.367  -49.186  -34.811 0.5000000000
23249  46.735  -49.107  -36.167 0.6000000238
23252  40.369  -49.767  -35.845 0.6999999881
23256  45.652  -49.743  -36.451 0.6999999881
23258  43.650  -49.750  -36.510 0.6999999881
24091  35.639  -48.083  -28.742 0.5000000000
24101  49.453  -47.973  -30.049 0.3000000119
24115  43.405  -49.142  -30.993 0.6000000238
24122  43.719  -48.825  -31.853 0.6000000238
24139  46.860  -49.078  -36.069 0.5000000000
24147  44.906  -48.871  -36.521 0.6000000238
24149  42.971  -49.056  -36.313 0.6999999881
25032  46.572  -46.965  -28.324 0.4000000060
25047  49.091  -47.656  -30.021 0.3000000119
25048  48.641  -47.574  -29.576 0.3000000119
25051  38.124  -47.251  -29.521 0.4000000060
25089  37.012  -48.145  -33.089 0.5000000000
25091  46.859  -47.832  -35.334 0.6000000238
25094  41.462  -47.340  -34.759 0.6000000238
25097  39.023  -47.942  -34.304 0.6000000238
25099  47.641  -47.389  -36.247 0.5000000000
25102  42.826  -47.410  -35.500 0.6000000238
25105  40.089  -48.279  -35.122 0.6999999881
25107  47.574  -47.385  -36.342 0.5000000000
25108  46.772  -48.313  -36.472 0.6000000238
25110  44.134  -48.024  -36.233 0.6000000238
25951  38.045  -46.171  -28.465 0.5000000000
25953  36.543  -46.940  -28.392 0.5000000000
25962  48.074  -47.018  -29.075 0.3000000119
25964  39.869  -46.039  -29.690 0.6000000238
25965  39.272  -45.971  -29.074 0.5000000000
25977  40.238  -46.428  -30.493 0.6000000238
25985  41.267  -46.343  -31.684 0.6000000238
25995  41.531  -46.598  -32.595 0.6999999881
26001  45.506  -46.600  -33.718 0.6000000238
26003  43.228  -46.119  -34.010 0.6999999881
26007  48.097  -46.599  -35.863 0.5000000000
26014  48.097  -46.460  -36.318 0.5000000000
26015  48.117  -47.019  -36.046 0.5000000000
26021  47.341  -46.727  -36.616 0.5000000000
26022  46.532  -46.571  -36.515 0.6000000238
26873  46.394  -45.446  -26.752 0.3000000119
26885  45.567  -45.688  -27.288 0.4000000060
26897  47.102  -45.970  -27.997 0.3000000119
26900  37.403  -45.647  -28.329 0.5000000000
26902  35.670  -45.744  -28.337 0.5000000000
26910  42.597  -45.892  -29.217 0.5000000000
26911  40.204  -44.766  -29.631 0.6000000238
26932  43.609  -45.427  -31.320 0.4000000060
26942  44.508  -45.599  -32.434 0.4000000060
26958  48.285  -45.879  -36.297 0.6000000238
26959  48.294  -46.169  -36.246 0.6000000238
26960  46.861  -45.204  -36.356 0.6000000238
26962  45.033  -45.626  -35.403 0.6000000238
26963  48.154  -45.837  -36.443 0.6000000238
27740  45.454  -44.860  -25.774 0.3000000119
27812  42.476  -44.392  -31.988 0.6999999881
27822  43.373  -44.050  -32.813 0.6999999881
27828  47.810  -44.216  -34.716 0.6000000238
27829  46.847  -44.254  -33.999 0.4000000060
27839  48.536  -44.578  -36.191 0.6000000238
27843  48.456  -44.647  -36.277 0.6000000238
28638  37.953  -44.278  -28.561 0.5000000000
28656  36.710  -43.458  -28.993 0.4000000060
28669  43.730  -43.273  -30.683 0.5000000000
28670  40.865  -43.637  -30.539 0.6000000238
28671  40.172  -43.303  -30.175 0.6000000238
28691  46.430  -43.102  -32.985 0.5000000000
28700  44.802  -43.222  -33.960 0.6999999881
28701  44.161  -43.084  -33.344 0.6999999881
28703  48.356  -43.710  -35.225 0.6000000238
28704  46.156  -43.450  -35.337 0.6000000238
28705  45.460  -43.315  -34.622 0.6000000238
28706  48.617  -43.665  -35.871 0.5000000000
28710  48.360  -43.853  -36.354 0.6000000238
28711  48.159  -44.605  -36.499 0.6000000238
29516  38.720  -43.033  -29.541 0.4000000060
29541  45.459  -42.573  -31.888 0.5000000000
29560  42.780  -42.479  -32.379 0.8000000119
29561  41.400  -42.205  -31.845 0.6999999881
29573  47.703  -42.605  -33.986 0.5000000000
29574  47.095  -42.794  -33.447 0.5000000000
29584  48.392  -42.068  -36.075 0.6000000238
29588  47.888  -41.974  -36.419 0.6000000238
30368  44.767  -41.802  -30.841 0.5000000000
30425  47.952  -41.321  -36.335 0.6000000238
30427  47.400  -41.336  -36.453 0.6000000238
30428  46.677  -40.664  -36.656 0.6999999881
31270  41.296  -40.438  -34.612 0.5000000000
31276  47.696  -40.709  -36.166 0.6000000238
31277  45.858  -40.215  -36.803 0.6999999881
31283  47.353  -40.639  -36.612 0.6000000238
32160  47.358  -40.320  -34.458 0.6000000238
32170  46.681  -39.652  -36.306 0.6000000238
32179  46.473  -39.740  -36.923 0.6000000238
32180  45.822  -39.345  -36.991 0.5000000000
33101  45.522  -38.860  -36.277 0.5000000000
33108  45.164  -38.792  -36.811 0.5000000000
115831  36.132  -56.357  -31.710 0.6000000238
116195  37.160  -61.317  -27.229 0.5000000000
117036  51.428  -50.752  -32.777 0.3000000119
117482  49.215  -48.267  -30.487 0.3000000119
117724  46.908  -40.121  -36.917 0.6000000238
117848  43.161  -45.910  -30.757 0.5000000000
118538  49.750  -54.865  -33.723 0.3000000119
118767  39.018  -62.860  -31.218 0.4000000060
119066  50.533  -49.088  -30.814 0.3000000119
119268  44.281  -51.242  -36.165 0.6999999881
119525  40.499  -62.622  -23.551 0.3000000119
119809  36.233  -56.247  -33.530 0.5000000000
119958  39.449  -63.760  -32.350 0.4000000060
120593  48.488  -52.348  -31.600 0.3000000119
121769  34.889  -60.426  -31.543 0.3000000119
122022  40.636  -53.020  -36.059 0.6000000238
122421  41.773  -51.771  -36.377 0.6999999881
122461  49.945  -55.223  -33.297 0.3000000119
122530  38.242  -61.027  -24.591 0.4000000060
122643  43.913  -50.393  -34.342 0.6999999881
123065  35.980  -60.488  -27.828 0.3000000119
123476  40.858  -63.771  -33.505 0.4000000060
123761  39.018  -59.917  -30.153 0.5000000000
126131  48.404  -45.168  -36.277 0.6000000238
126242  48.137  -42.069  -36.363 0.6000000238
126530  36.802  -57.674  -29.723 0.5000000000
126770  48.534  -42.719  -35.870 0.6000000238
127083  38.628  -53.763  -30.235 0.4000000060
128298  48.456  -42.033  -35.418 0.6000000238
128564  40.525  -62.087  -35.025 0.3000000119
128817  37.651  -61.408  -23.354 0.4000000060
129492  43.845  -46.361  -34.972 0.6000000238
129599  47.089  -49.359  -29.182 0.4000000060
130307  47.092  -48.307  -36.341 0.5000000000
130463  45.852  -43.445  -32.691 0.5000000000
130657  47.837  -41.405  -33.972 0.5000000000
131052  45.975  -46.039  -27.664 0.4000000060
131308  40.447  -63.793  -33.969 0.3000000119
131429  35.759  -57.722  -31.265 0.5000000000
131649  42.729  -46.452  -28.693 0.5000000000
133549  50.376  -54.725  -33.202 0.3000000119
133675  40.582  -64.259  -32.183 0.4000000060
134728  38.885  -63.055  -22.617 0.4000000060
135557  40.111  -45.448  -29.642 0.6000000238
136166  39.824  -61.839  -23.907 0.3000000119
136895  39.877  -62.023  -34.383 0.4000000060
137217  43.376  -46.352  -34.586 0.6000000238
137237  51.977  -50.388  -30.752 0.3000000119
137407  51.778  -52.115  -33.209 0.3000000119
137687  37.159  -61.280  -27.672 0.5000000000
137916  41.499  -62.315  -33.696 0.3000000119
