#!ascii label  , from subject sub-v2s3x28829_ses-1 vox2ras=TkReg
1260
60477  -33.188  -11.630  47.355 0.0000000000
65521  -47.285  -7.295  42.674 0.0000000000
129463  -40.766  -10.703  45.311 0.0000000000
36531  -9.511  -36.621  64.354 0.0000000000
55652  -33.822  -17.682  50.939 0.0000000000
46633  -19.837  -26.221  63.706 0.0000000000
46650  -28.863  -27.152  62.638 0.0000000000
51331  -32.159  -21.199  58.621 0.0000000000
53621  -35.010  -19.131  56.515 0.0000000000
42408  -16.584  -30.445  59.424 0.0000000000
42332  -18.294  -30.222  66.694 0.0000000000
46696  -18.187  -26.172  57.968 0.0000000000
45633  -25.752  -26.668  57.963 0.0000000000
48547  -29.125  -24.008  58.493 0.0000000000
60418  -36.791  -12.706  52.821 0.0000000000
63619  -36.747  -8.646  50.572 0.0000000000
62702  -44.373  -10.427  44.000 0.0000000000
60501  -36.897  -12.367  46.273 0.0000000000
68051  -43.747  -4.866  37.834 0.0000000000
33255  -6.658  -40.716  64.749 0.0000000000
56572  -36.916  -16.536  54.644 0.0000000000
57550  -33.708  -15.201  48.583 0.0000000000
46708  -21.812  -26.901  57.344 0.0000000000
45562  -24.344  -27.164  63.379 0.0000000000
62611  -40.827  -10.276  50.688 0.0000000000
69025  -50.463  -3.592  35.650 0.0000000000
51358  -30.662  -21.467  56.882 0.0000000000
52543  -31.960  -20.288  55.857 0.0000000000
43476  -17.677  -28.989  58.310 0.0000000000
48573  -27.851  -24.489  55.983 0.0000000000
50267  -29.156  -22.665  56.287 0.0000000000
50257  -30.495  -22.324  58.061 0.0000000000
60443  -34.524  -12.301  49.834 0.0000000000
61454  -36.389  -10.837  52.010 0.0000000000
61519  -34.579  -10.666  48.547 0.0000000000
64650  -45.691  -9.081  43.138 0.0000000000
63721  -47.288  -9.407  46.365 0.0000000000
66378  -48.334  -6.138  42.789 0.0000000000
37502  -7.784  -34.972  61.783 0.0000000000
34152  -7.912  -39.002  64.521 0.0000000000
54689  -34.622  -18.282  53.959 0.0000000000
54664  -36.233  -18.041  55.637 0.0000000000
55646  -34.822  -17.038  51.981 0.0000000000
57530  -35.385  -15.566  51.473 0.0000000000
56620  -33.895  -16.762  49.911 0.0000000000
45548  -18.697  -27.645  65.006 0.0000000000
43383  -18.406  -28.557  68.561 0.0000000000
45518  -19.146  -26.164  67.320 0.0000000000
47597  -20.619  -24.785  66.927 0.0000000000
115375  -20.231  -24.974  54.900 0.0000000000
46761  -21.830  -26.113  54.056 0.0000000000
46674  -27.513  -26.998  60.242 0.0000000000
45603  -25.264  -27.827  60.640 0.0000000000
113696  -26.899  -27.872  63.523 0.0000000000
46610  -26.077  -26.383  65.882 0.0000000000
39320  -12.381  -33.067  62.301 0.0000000000
39271  -13.716  -33.776  66.225 0.0000000000
37449  -13.171  -35.382  69.063 0.0000000000
61573  -38.419  -11.692  45.235 0.0000000000
61523  -39.069  -11.179  48.270 0.0000000000
131881  -40.933  -10.420  48.147 0.0000000000
69037  -53.141  -2.519  34.288 0.0000000000
33239  -9.649  -39.894  67.273 0.0000000000
52472  -33.672  -20.797  60.114 0.0000000000
53583  -35.048  -20.015  59.109 0.0000000000
134622  -33.638  -20.067  57.855 0.0000000000
136778  -32.964  -19.521  54.701 0.0000000000
41309  -16.414  -31.752  63.132 0.0000000000
40276  -17.472  -32.468  66.490 0.0000000000
42370  -17.617  -30.653  63.590 0.0000000000
44482  -18.369  -28.229  61.301 0.0000000000
46658  -19.195  -26.393  60.933 0.0000000000
134767  -24.649  -26.409  54.861 0.0000000000
47692  -26.614  -25.571  55.106 0.0000000000
47669  -27.529  -25.460  57.836 0.0000000000
47631  -29.202  -25.931  61.173 0.0000000000
48533  -30.337  -23.895  60.504 0.0000000000
50223  -32.051  -22.307  60.824 0.0000000000
41384  -14.657  -31.888  59.196 0.0000000000
59394  -37.811  -13.694  55.049 0.0000000000
61374  -39.553  -11.703  57.833 0.0000000000
116279  -37.946  -11.878  54.591 0.0000000000
63559  -38.114  -9.183  53.747 0.0000000000
62685  -42.452  -10.575  44.747 0.0000000000
62642  -42.751  -10.275  47.458 0.0000000000
62655  -44.743  -10.017  46.669 0.0000000000
31471  -3.781  -42.570  69.335 0.0000000000
60499  -34.801  -12.259  46.796 0.0000000000
60571  -36.249  -12.708  42.816 0.0000000000
62711  -40.443  -10.545  42.499 0.0000000000
63775  -41.421  -9.572  41.526 0.0000000000
64675  -43.497  -8.396  41.637 0.0000000000
65547  -44.183  -7.154  40.744 0.0000000000
66397  -45.332  -6.252  40.579 0.0000000000
66419  -42.994  -6.062  38.740 0.0000000000
31490  -8.219  -42.516  67.025 0.0000000000
30593  -6.598  -44.232  67.802 0.0000000000
31477  -4.949  -42.974  69.063 0.0000000000
56507  -39.440  -16.173  59.700 0.0000000000
54622  -37.529  -18.994  58.683 0.0000000000
55587  -38.284  -17.396  57.304 0.0000000000
57491  -38.340  -15.528  56.470 0.0000000000
58452  -36.742  -14.528  53.284 0.0000000000
122712  -35.195  -14.123  50.767 0.0000000000
59449  -33.071  -12.489  47.777 0.0000000000
41243  -18.700  -31.663  70.147 0.0000000000
47667  -19.213  -25.337  57.614 0.0000000000
46685  -20.967  -26.797  60.140 0.0000000000
45664  -23.806  -26.953  57.070 0.0000000000
45601  -22.756  -27.659  60.471 0.0000000000
46636  -22.401  -26.579  63.260 0.0000000000
47600  -23.112  -24.896  66.325 0.0000000000
38385  -9.520  -34.632  62.135 0.0000000000
39307  -11.038  -33.794  62.317 0.0000000000
37468  -10.726  -35.856  65.283 0.0000000000
61504  -36.242  -10.515  49.039 0.0000000000
62594  -38.246  -9.706  50.846 0.0000000000
65416  -40.500  -7.225  53.127 0.0000000000
63678  -42.952  -9.819  49.704 0.0000000000
68030  -46.758  -4.505  40.032 0.0000000000
68966  -47.901  -3.581  39.925 0.0000000000
69951  -49.449  -2.586  38.928 0.0000000000
69011  -48.423  -3.679  36.937 0.0000000000
70850  -51.676  -1.799  38.525 0.0000000000
52540  -29.797  -21.044  55.295 0.0000000000
52541  -30.375  -20.794  55.465 0.0000000000
52567  -29.476  -20.702  54.027 0.0000000000
117389  -28.569  -22.549  54.985 0.0000000000
50281  -29.055  -22.226  55.585 0.0000000000
131173  -30.067  -21.829  56.679 0.0000000000
60465  -33.722  -11.148  48.297 0.0000000000
61490  -34.430  -11.006  49.376 0.0000000000
61518  -33.997  -10.844  48.096 0.0000000000
64663  -46.929  -8.063  42.964 0.0000000000
64638  -47.834  -8.977  44.302 0.0000000000
64653  -48.100  -8.298  43.868 0.0000000000
123190  -48.634  -7.171  43.697 0.0000000000
66377  -47.602  -6.514  42.413 0.0000000000
37481  -8.698  -35.933  62.875 0.0000000000
35718  -7.736  -37.476  63.510 0.0000000000
119897  -8.971  -37.833  64.838 0.0000000000
54712  -33.834  -18.083  51.728 0.0000000000
54690  -35.047  -17.736  53.714 0.0000000000
54713  -34.264  -17.528  51.609 0.0000000000
56604  -34.401  -17.095  51.143 0.0000000000
55657  -33.570  -17.432  50.134 0.0000000000
38333  -15.656  -34.557  68.763 0.0000000000
45560  -19.230  -26.731  63.891 0.0000000000
45534  -18.992  -26.999  65.930 0.0000000000
46619  -19.684  -26.138  64.720 0.0000000000
46607  -19.637  -25.589  66.914 0.0000000000
46620  -20.347  -25.714  64.556 0.0000000000
45592  -28.283  -27.350  61.857 0.0000000000
113684  -26.938  -27.970  62.250 0.0000000000
45563  -27.737  -27.865  63.633 0.0000000000
45551  -27.236  -27.659  64.489 0.0000000000
39295  -14.814  -32.957  64.940 0.0000000000
39263  -14.843  -34.011  67.104 0.0000000000
38344  -14.303  -34.353  67.857 0.0000000000
58396  -39.984  -14.363  60.889 0.0000000000
115017  -39.854  -10.990  45.722 0.0000000000
62650  -39.975  -10.868  46.344 0.0000000000
62651  -40.662  -10.588  46.590 0.0000000000
52487  -32.856  -20.844  58.925 0.0000000000
52488  -33.556  -20.585  59.263 0.0000000000
52503  -32.626  -20.691  58.126 0.0000000000
130293  -32.524  -19.852  55.242 0.0000000000
114097  -32.362  -19.580  53.689 0.0000000000
131007  -33.017  -19.231  53.387 0.0000000000
41346  -16.219  -31.393  61.593 0.0000000000
41310  -17.033  -31.231  63.372 0.0000000000
42394  -16.735  -30.777  61.237 0.0000000000
44507  -18.083  -27.910  58.304 0.0000000000
43452  -18.087  -28.973  60.939 0.0000000000
45612  -18.483  -26.957  60.131 0.0000000000
135822  -18.569  -27.573  61.636 0.0000000000
46682  -18.546  -26.184  59.419 0.0000000000
47706  -25.958  -25.661  53.888 0.0000000000
125263  -28.535  -24.234  57.635 0.0000000000
48561  -27.728  -25.055  57.087 0.0000000000
47670  -28.187  -25.143  58.450 0.0000000000
47659  -28.277  -25.561  59.241 0.0000000000
48546  -28.873  -24.713  59.011 0.0000000000
48532  -29.873  -24.519  60.524 0.0000000000
49381  -29.608  -23.778  59.096 0.0000000000
51330  -31.471  -21.614  58.291 0.0000000000
50233  -31.564  -22.117  59.483 0.0000000000
51314  -31.808  -21.686  59.099 0.0000000000
125353  -32.623  -21.386  60.039 0.0000000000
41385  -15.352  -31.554  59.464 0.0000000000
59401  -37.489  -13.332  54.329 0.0000000000
60406  -37.883  -12.760  54.859 0.0000000000
60419  -37.194  -11.993  53.310 0.0000000000
62593  -36.118  -9.734  51.244 0.0000000000
117757  -37.157  -10.286  52.794 0.0000000000
63595  -37.352  -8.257  51.542 0.0000000000
63575  -38.190  -7.861  53.034 0.0000000000
64564  -37.721  -8.006  51.363 0.0000000000
62686  -43.760  -10.531  44.449 0.0000000000
116092  -43.781  -10.489  45.359 0.0000000000
62687  -44.512  -10.462  44.829 0.0000000000
133301  -48.481  -9.126  47.820 0.0000000000
62727  -40.941  -10.091  42.002 0.0000000000
63788  -40.260  -9.469  40.517 0.0000000000
64685  -42.261  -8.346  40.635 0.0000000000
65545  -42.643  -7.706  40.198 0.0000000000
65532  -43.814  -7.722  41.247 0.0000000000
65560  -43.038  -7.101  39.754 0.0000000000
66406  -43.407  -6.465  39.361 0.0000000000
34923  -6.465  -38.531  63.765 0.0000000000
33246  -5.555  -40.418  65.137 0.0000000000
32420  -9.432  -41.977  69.554 0.0000000000
33229  -9.009  -41.366  67.511 0.0000000000
32419  -8.989  -42.743  69.491 0.0000000000
132015  -7.718  -44.934  68.781 0.0000000000
29657  -6.504  -45.587  68.803 0.0000000000
30592  -5.691  -43.880  68.243 0.0000000000
28693  -5.078  -44.912  68.802 0.0000000000
29656  -4.740  -44.328  68.919 0.0000000000
53594  -34.894  -19.692  58.184 0.0000000000
53595  -35.830  -19.584  58.588 0.0000000000
53607  -35.833  -19.290  57.710 0.0000000000
55629  -36.392  -17.176  54.568 0.0000000000
54651  -37.407  -17.751  56.548 0.0000000000
56562  -37.598  -16.944  55.999 0.0000000000
56550  -38.480  -16.772  57.155 0.0000000000
129591  -37.395  -16.321  55.286 0.0000000000
57509  -37.353  -15.044  54.628 0.0000000000
132490  -37.057  -15.430  54.183 0.0000000000
57535  -34.668  -15.168  50.066 0.0000000000
57536  -35.079  -14.928  50.775 0.0000000000
58477  -34.351  -14.356  49.456 0.0000000000
59439  -34.033  -13.248  49.052 0.0000000000
124202  -33.309  -13.789  47.939 0.0000000000
42331  -18.096  -30.971  66.109 0.0000000000
41251  -18.194  -32.297  68.494 0.0000000000
42321  -18.311  -30.280  67.645 0.0000000000
46721  -20.639  -25.716  56.144 0.0000000000
47690  -19.565  -25.034  56.195 0.0000000000
46706  -20.819  -26.352  57.358 0.0000000000
46698  -20.239  -26.314  59.024 0.0000000000
127974  -20.921  -26.769  59.337 0.0000000000
46726  -25.380  -26.410  56.162 0.0000000000
46724  -23.727  -26.775  56.413 0.0000000000
45650  -24.987  -26.884  57.716 0.0000000000
113590  -25.074  -28.000  61.986 0.0000000000
113440  -24.393  -27.897  60.758 0.0000000000
45575  -23.480  -27.615  61.880 0.0000000000
45574  -22.666  -27.398  61.667 0.0000000000
46637  -23.280  -26.677  63.542 0.0000000000
46623  -22.986  -26.024  64.481 0.0000000000
113781  -23.999  -26.335  64.297 0.0000000000
48518  -31.032  -24.192  62.447 0.0000000000
127330  -11.676  -33.415  62.290 0.0000000000
39299  -11.676  -33.957  63.396 0.0000000000
38377  -10.750  -34.773  63.572 0.0000000000
36473  -12.837  -36.563  70.378 0.0000000000
60500  -35.882  -12.501  46.596 0.0000000000
61537  -35.573  -11.530  47.953 0.0000000000
114703  -36.696  -11.922  47.897 0.0000000000
62621  -40.030  -10.619  49.567 0.0000000000
122107  -38.927  -10.851  49.798 0.0000000000
62596  -40.018  -10.013  51.398 0.0000000000
63596  -39.557  -8.414  52.183 0.0000000000
63597  -40.721  -8.823  52.314 0.0000000000
63692  -43.844  -9.786  48.569 0.0000000000
63691  -43.119  -9.913  48.930 0.0000000000
131916  -43.808  -9.732  49.498 0.0000000000
67226  -44.598  -5.566  39.199 0.0000000000
67218  -46.412  -5.242  40.441 0.0000000000
67241  -45.043  -5.029  38.731 0.0000000000
68985  -46.999  -3.829  38.830 0.0000000000
68986  -47.563  -3.588  38.367 0.0000000000
121598  -48.624  -2.987  39.018 0.0000000000
68998  -48.141  -3.460  37.779 0.0000000000
68100  -48.964  -4.263  35.178 0.0000000000
68099  -48.119  -4.336  35.378 0.0000000000
69024  -49.565  -3.833  35.842 0.0000000000
69964  -50.331  -2.500  37.877 0.0000000000
126424  -51.066  -2.480  37.248 0.0000000000
69976  -51.857  -2.346  36.773 0.0000000000
69983  -53.938  -1.342  35.505 0.0000000000
51345  -31.301  -21.310  57.443 0.0000000000
52516  -31.714  -20.850  57.079 0.0000000000
52528  -31.466  -20.686  56.373 0.0000000000
52552  -30.861  -20.405  54.704 0.0000000000
43461  -17.138  -29.766  58.902 0.0000000000
49408  -28.151  -23.480  54.955 0.0000000000
49402  -28.706  -23.398  56.378 0.0000000000
49396  -29.378  -23.158  57.491 0.0000000000
49388  -29.615  -23.310  58.269 0.0000000000
50256  -29.938  -22.656  57.765 0.0000000000
51344  -30.880  -21.809  57.742 0.0000000000
60432  -35.416  -12.264  50.965 0.0000000000
122791  -36.237  -11.574  51.914 0.0000000000
114769  -35.327  -10.926  50.569 0.0000000000
61491  -35.219  -9.918  49.709 0.0000000000
62607  -35.813  -9.323  49.835 0.0000000000
63752  -45.499  -9.867  43.740 0.0000000000
63729  -46.166  -10.021  45.411 0.0000000000
121184  -46.710  -9.811  44.694 0.0000000000
63722  -48.056  -9.132  46.451 0.0000000000
67195  -48.585  -5.356  42.490 0.0000000000
120873  -7.044  -38.116  63.528 0.0000000000
33256  -7.311  -40.545  64.821 0.0000000000
54662  -34.838  -18.766  55.200 0.0000000000
54649  -35.742  -18.621  56.102 0.0000000000
54676  -35.176  -18.139  54.532 0.0000000000
55628  -35.716  -17.501  54.170 0.0000000000
56583  -36.071  -16.684  53.456 0.0000000000
56595  -36.242  -16.042  53.030 0.0000000000
133746  -35.329  -16.335  51.939 0.0000000000
114796  -34.389  -16.040  49.957 0.0000000000
57543  -33.900  -16.120  49.286 0.0000000000
124705  -18.398  -28.784  65.631 0.0000000000
126925  -18.347  -29.423  67.482 0.0000000000
136041  -18.451  -28.417  66.491 0.0000000000
44424  -18.538  -27.493  68.458 0.0000000000
47572  -20.119  -25.028  68.404 0.0000000000
47705  -21.134  -25.670  54.420 0.0000000000
46742  -21.479  -26.219  55.710 0.0000000000
46686  -26.601  -26.778  59.033 0.0000000000
113842  -25.587  -27.535  59.815 0.0000000000
45604  -26.220  -27.647  60.588 0.0000000000
45577  -26.012  -27.980  62.320 0.0000000000
113597  -26.029  -27.732  63.320 0.0000000000
46638  -24.937  -26.699  64.194 0.0000000000
115279  -26.411  -27.134  64.918 0.0000000000
40347  -13.826  -32.275  60.567 0.0000000000
112827  -13.201  -32.687  62.240 0.0000000000
38363  -12.933  -34.125  66.020 0.0000000000
38342  -12.976  -34.695  67.472 0.0000000000
38343  -13.569  -34.463  67.659 0.0000000000
61572  -37.797  -12.051  45.081 0.0000000000
115821  -38.287  -11.620  46.791 0.0000000000
61540  -39.236  -11.169  46.740 0.0000000000
62632  -40.109  -10.733  47.953 0.0000000000
62633  -41.050  -10.407  49.066 0.0000000000
68085  -43.097  -4.247  36.785 0.0000000000
68052  -44.643  -4.733  37.972 0.0000000000
68086  -43.799  -4.226  36.500 0.0000000000
69035  -50.893  -3.862  34.732 0.0000000000
69026  -51.516  -3.240  35.506 0.0000000000
125638  -51.338  -3.876  33.739 0.0000000000
69046  -52.441  -3.288  33.534 0.0000000000
35698  -10.014  -37.335  65.643 0.0000000000
34905  -9.368  -38.820  66.056 0.0000000000
52474  -35.208  -20.348  60.941 0.0000000000
52489  -34.314  -20.402  59.623 0.0000000000
53593  -34.073  -19.930  58.049 0.0000000000
131354  -34.520  -19.470  57.116 0.0000000000
52530  -32.767  -20.212  56.900 0.0000000000
53635  -33.700  -19.475  55.970 0.0000000000
53653  -34.071  -19.144  55.208 0.0000000000
130006  -34.019  -18.705  53.869 0.0000000000
54701  -33.807  -18.421  52.511 0.0000000000
118227  -15.844  -32.878  65.061 0.0000000000
39275  -17.183  -33.304  66.828 0.0000000000
40284  -17.082  -32.496  65.676 0.0000000000
136851  -17.531  -31.221  64.756 0.0000000000
42360  -18.204  -30.124  64.838 0.0000000000
130781  -17.685  -29.536  60.652 0.0000000000
43441  -17.919  -29.784  62.323 0.0000000000
116758  -18.353  -28.930  63.789 0.0000000000
127274  -18.435  -28.051  63.563 0.0000000000
45572  -18.775  -27.241  63.160 0.0000000000
46659  -19.484  -26.458  61.805 0.0000000000
46746  -25.314  -26.283  55.238 0.0000000000
46727  -26.143  -26.166  56.532 0.0000000000
47693  -27.347  -25.007  55.373 0.0000000000
47680  -27.151  -25.523  56.977 0.0000000000
46699  -26.525  -26.415  58.285 0.0000000000
46688  -27.762  -26.329  59.550 0.0000000000
46675  -28.165  -26.548  60.379 0.0000000000
46665  -29.021  -26.575  61.850 0.0000000000
47615  -29.937  -25.953  63.447 0.0000000000
119983  -30.093  -25.234  62.026 0.0000000000
47633  -30.461  -24.606  61.833 0.0000000000
49352  -30.949  -23.833  61.618 0.0000000000
49382  -30.318  -23.156  59.364 0.0000000000
50222  -31.255  -22.802  60.436 0.0000000000
50206  -32.033  -22.750  61.665 0.0000000000
51291  -32.837  -21.746  61.310 0.0000000000
41364  -14.621  -32.113  60.442 0.0000000000
58421  -39.050  -14.164  57.077 0.0000000000
129468  -38.926  -12.745  56.692 0.0000000000
61391  -38.923  -11.328  56.463 0.0000000000
118822  -38.755  -10.790  55.967 0.0000000000
61455  -36.922  -11.029  52.709 0.0000000000
62515  -38.211  -10.213  54.414 0.0000000000
62684  -41.668  -10.606  44.543 0.0000000000
113424  -41.990  -10.411  46.339 0.0000000000
62669  -42.812  -10.466  45.732 0.0000000000
63718  -44.165  -10.014  47.152 0.0000000000
63694  -45.302  -9.624  48.127 0.0000000000
63709  -46.208  -9.529  47.254 0.0000000000
63695  -46.163  -9.602  48.105 0.0000000000
59482  -32.296  -12.501  45.557 0.0000000000
60498  -33.687  -11.897  46.882 0.0000000000
59483  -33.293  -12.885  45.422 0.0000000000
132704  -35.240  -13.128  45.394 0.0000000000
59503  -36.203  -13.010  44.346 0.0000000000
60572  -36.769  -12.663  43.801 0.0000000000
60573  -37.547  -12.226  43.788 0.0000000000
61591  -38.734  -11.605  44.050 0.0000000000
61603  -39.170  -11.336  43.438 0.0000000000
62698  -40.651  -10.720  43.378 0.0000000000
62699  -41.435  -10.579  43.671 0.0000000000
62713  -42.049  -10.312  43.088 0.0000000000
63761  -42.752  -9.825  42.621 0.0000000000
64683  -40.648  -8.883  40.057 0.0000000000
64673  -41.846  -8.959  41.097 0.0000000000
63762  -43.632  -9.478  42.679 0.0000000000
64660  -44.648  -8.557  42.333 0.0000000000
65518  -45.012  -7.965  41.951 0.0000000000
65535  -46.107  -7.085  41.819 0.0000000000
66376  -46.846  -6.813  42.093 0.0000000000
66396  -44.568  -6.523  40.324 0.0000000000
66407  -44.193  -6.221  39.592 0.0000000000
67239  -43.373  -5.436  38.350 0.0000000000
113544  -43.068  -4.640  37.398 0.0000000000
34132  -9.023  -39.660  66.175 0.0000000000
33249  -8.384  -40.486  65.797 0.0000000000
32436  -7.283  -41.684  65.475 0.0000000000
30595  -8.201  -44.281  68.711 0.0000000000
31483  -7.696  -43.567  67.346 0.0000000000
31495  -6.668  -42.337  65.837 0.0000000000
31487  -6.028  -42.619  66.273 0.0000000000
32423  -5.183  -41.605  67.830 0.0000000000
32418  -5.031  -41.132  68.844 0.0000000000
30578  -4.275  -43.159  69.375 0.0000000000
57475  -39.575  -15.488  59.209 0.0000000000
54608  -37.831  -18.906  59.723 0.0000000000
54650  -36.600  -18.337  56.454 0.0000000000
54639  -38.132  -18.321  58.088 0.0000000000
55578  -39.241  -16.937  59.085 0.0000000000
56538  -38.999  -16.349  57.740 0.0000000000
57483  -38.836  -15.111  57.037 0.0000000000
58429  -38.507  -14.615  56.425 0.0000000000
58445  -37.421  -14.219  54.496 0.0000000000
59408  -36.803  -13.622  53.050 0.0000000000
57524  -36.323  -15.166  52.793 0.0000000000
58459  -36.375  -14.249  52.565 0.0000000000
59424  -35.465  -13.423  51.083 0.0000000000
59423  -34.937  -13.392  50.382 0.0000000000
122095  -33.703  -12.038  48.677 0.0000000000
60476  -32.757  -11.870  47.303 0.0000000000
54732  -32.996  -17.767  49.488 0.0000000000
55672  -33.070  -17.137  48.819 0.0000000000
56628  -33.422  -16.335  48.648 0.0000000000
57560  -32.708  -15.414  47.307 0.0000000000
58496  -32.629  -14.020  47.226 0.0000000000
122387  -32.169  -12.597  46.838 0.0000000000
60496  -32.003  -12.166  46.472 0.0000000000
60522  -31.702  -12.095  46.191 0.0000000000
42306  -18.592  -29.976  69.704 0.0000000000
46720  -18.298  -25.803  56.457 0.0000000000
47689  -18.971  -24.835  56.110 0.0000000000
127369  -18.759  -25.498  58.190 0.0000000000
47657  -19.006  -25.601  58.810 0.0000000000
129759  -19.849  -26.342  61.145 0.0000000000
46660  -20.318  -26.378  61.938 0.0000000000
46763  -23.367  -26.506  54.232 0.0000000000
112837  -23.011  -26.805  56.287 0.0000000000
45647  -22.631  -27.167  57.458 0.0000000000
113438  -24.731  -27.740  59.950 0.0000000000
45631  -23.143  -27.704  59.034 0.0000000000
45630  -22.312  -27.457  58.904 0.0000000000
45600  -21.851  -27.291  60.363 0.0000000000
46661  -21.131  -26.636  62.040 0.0000000000
46635  -21.426  -26.250  63.442 0.0000000000
47608  -21.826  -25.322  65.319 0.0000000000
47599  -22.195  -24.724  66.447 0.0000000000
38384  -8.639  -34.909  61.905 0.0000000000
37482  -9.576  -35.613  63.321 0.0000000000
40345  -11.057  -32.771  60.370 0.0000000000
40344  -10.152  -32.887  60.123 0.0000000000
38395  -9.759  -34.094  61.616 0.0000000000
38376  -10.131  -34.880  62.961 0.0000000000
36532  -10.183  -36.279  64.828 0.0000000000
36507  -10.784  -36.805  66.578 0.0000000000
37448  -12.520  -35.912  68.898 0.0000000000
61536  -34.553  -10.969  48.007 0.0000000000
62631  -35.263  -10.207  48.913 0.0000000000
63676  -36.316  -9.160  49.885 0.0000000000
61522  -38.078  -11.508  48.465 0.0000000000
62620  -37.782  -10.789  49.836 0.0000000000
119674  -37.176  -8.362  50.761 0.0000000000
64565  -38.392  -7.744  51.697 0.0000000000
112864  -42.286  -10.310  47.893 0.0000000000
62622  -41.942  -10.216  49.156 0.0000000000
63677  -42.240  -10.032  49.859 0.0000000000
66387  -47.174  -6.080  41.772 0.0000000000
67204  -47.483  -5.324  41.430 0.0000000000
113543  -47.809  -4.574  41.048 0.0000000000
68038  -45.773  -4.665  39.028 0.0000000000
68031  -47.471  -4.184  40.322 0.0000000000
68032  -48.185  -3.895  40.641 0.0000000000
68968  -49.317  -3.027  40.538 0.0000000000
69934  -49.742  -2.610  40.208 0.0000000000
69010  -47.652  -3.938  37.093 0.0000000000
68999  -48.861  -3.283  37.521 0.0000000000
69952  -50.060  -2.431  38.529 0.0000000000
69982  -53.441  -1.656  35.716 0.0000000000
51394  -29.299  -21.113  54.658 0.0000000000
51374  -28.942  -21.787  54.913 0.0000000000
51375  -29.468  -21.513  55.453 0.0000000000
132458  -33.590  -11.157  47.827 0.0000000000
64652  -47.387  -8.597  43.612 0.0000000000
65505  -47.677  -7.814  43.280 0.0000000000
65494  -48.733  -7.804  44.238 0.0000000000
65506  -48.262  -7.639  43.602 0.0000000000
66363  -48.108  -7.019  43.089 0.0000000000
36544  -9.132  -36.313  63.590 0.0000000000
36530  -8.727  -37.007  63.899 0.0000000000
35708  -9.199  -37.289  64.599 0.0000000000
54702  -34.358  -17.766  52.312 0.0000000000
135081  -34.037  -17.127  50.542 0.0000000000
38334  -16.446  -34.494  68.678 0.0000000000
38346  -16.132  -34.314  67.962 0.0000000000
45580  -28.117  -27.726  62.773 0.0000000000
46639  -28.644  -27.544  63.547 0.0000000000
38345  -15.202  -34.338  67.939 0.0000000000
62665  -40.101  -10.993  45.020 0.0000000000
62666  -40.445  -10.740  45.847 0.0000000000
53664  -31.697  -19.812  53.223 0.0000000000
53651  -32.373  -19.736  54.483 0.0000000000
116331  -16.679  -30.583  60.350 0.0000000000
45628  -18.110  -26.890  58.383 0.0000000000
122297  -18.215  -27.137  59.099 0.0000000000
125816  -18.282  -26.175  58.696 0.0000000000
116580  -28.618  -24.435  58.207 0.0000000000
48540  -29.396  -24.581  59.820 0.0000000000
51315  -32.415  -21.318  59.393 0.0000000000
42407  -15.891  -31.014  58.998 0.0000000000
41386  -16.025  -31.128  59.864 0.0000000000
59409  -37.201  -13.018  53.564 0.0000000000
62592  -36.166  -9.035  50.451 0.0000000000
63594  -36.640  -8.815  51.186 0.0000000000
127736  -37.158  -8.315  50.902 0.0000000000
62701  -43.613  -10.403  43.714 0.0000000000
63697  -48.287  -9.421  48.660 0.0000000000
63787  -39.467  -9.631  40.338 0.0000000000
65559  -42.237  -7.331  39.493 0.0000000000
66404  -41.924  -6.894  38.953 0.0000000000
66405  -42.619  -6.675  39.147 0.0000000000
34150  -6.581  -39.336  64.117 0.0000000000
33254  -6.086  -40.444  64.676 0.0000000000
34149  -5.768  -39.644  64.535 0.0000000000
33247  -6.022  -41.097  65.057 0.0000000000
31479  -9.171  -42.980  69.987 0.0000000000
28694  -5.760  -45.331  68.722 0.0000000000
28697  -5.066  -45.129  68.667 0.0000000000
53606  -35.066  -19.357  57.354 0.0000000000
54636  -35.840  -18.984  56.868 0.0000000000
56561  -36.994  -17.059  55.226 0.0000000000
56573  -37.230  -15.825  54.674 0.0000000000
57508  -36.837  -16.042  54.109 0.0000000000
57544  -34.214  -15.322  49.398 0.0000000000
136632  -34.059  -14.775  49.055 0.0000000000
58485  -33.874  -14.085  48.736 0.0000000000
41269  -18.232  -30.876  66.966 0.0000000000
41260  -18.229  -31.123  67.736 0.0000000000
46722  -21.499  -26.459  56.513 0.0000000000
136197  -20.756  -26.079  56.722 0.0000000000
131565  -20.911  -26.715  58.699 0.0000000000
46707  -21.289  -26.854  58.090 0.0000000000
46709  -25.545  -26.521  57.097 0.0000000000
124700  -25.249  -27.064  58.394 0.0000000000
45576  -24.320  -27.672  62.404 0.0000000000
45561  -23.499  -27.272  62.771 0.0000000000
131940  -31.558  -23.789  63.194 0.0000000000
38352  -12.308  -34.751  66.189 0.0000000000
60526  -36.432  -12.654  45.644 0.0000000000
60480  -36.295  -12.220  47.238 0.0000000000
130570  -40.710  -10.456  49.941 0.0000000000
117268  -39.982  -10.444  50.588 0.0000000000
63653  -40.853  -9.884  51.330 0.0000000000
63622  -40.279  -9.371  51.875 0.0000000000
117225  -44.484  -9.692  48.986 0.0000000000
67240  -44.209  -5.261  38.500 0.0000000000
67227  -45.362  -5.250  39.470 0.0000000000
68997  -47.422  -3.803  37.741 0.0000000000
69013  -50.099  -3.384  36.376 0.0000000000
69975  -51.004  -2.953  36.432 0.0000000000
51359  -31.179  -21.050  56.786 0.0000000000
52527  -30.786  -20.955  56.193 0.0000000000
52551  -29.955  -20.732  54.727 0.0000000000
49409  -28.643  -23.017  55.669 0.0000000000
49403  -29.161  -23.071  56.862 0.0000000000
50268  -29.663  -22.453  56.965 0.0000000000
51376  -30.061  -21.292  56.033 0.0000000000
133533  -35.057  -12.642  50.534 0.0000000000
60444  -34.904  -11.624  50.202 0.0000000000
131903  -34.773  -10.230  49.096 0.0000000000
124296  -34.859  -10.590  49.701 0.0000000000
62617  -35.420  -9.858  49.450 0.0000000000
63753  -46.292  -9.621  43.867 0.0000000000
64627  -48.507  -8.846  45.801 0.0000000000
64618  -48.866  -8.670  46.640 0.0000000000
67186  -49.026  -5.684  43.211 0.0000000000
34914  -7.655  -38.412  64.002 0.0000000000
34151  -7.280  -39.249  64.192 0.0000000000
34141  -7.736  -39.756  64.765 0.0000000000
55639  -34.950  -17.413  52.897 0.0000000000
55640  -35.580  -17.188  53.466 0.0000000000
128925  -36.072  -17.083  53.920 0.0000000000
56594  -35.574  -16.680  52.705 0.0000000000
56612  -34.433  -16.592  50.578 0.0000000000
132661  -18.477  -28.344  65.096 0.0000000000
44444  -18.625  -27.872  66.000 0.0000000000
45517  -18.775  -27.040  66.930 0.0000000000
45502  -18.756  -26.682  68.209 0.0000000000
47596  -20.065  -25.038  67.475 0.0000000000
113779  -21.871  -26.271  54.892 0.0000000000
45619  -26.883  -27.306  60.174 0.0000000000
45618  -26.383  -27.243  59.673 0.0000000000
45605  -27.112  -27.495  60.851 0.0000000000
45579  -27.312  -27.955  62.885 0.0000000000
45578  -26.636  -27.968  62.862 0.0000000000
45550  -25.760  -27.205  64.153 0.0000000000
136005  -26.471  -27.582  64.051 0.0000000000
45539  -27.123  -27.337  65.379 0.0000000000
40334  -14.068  -32.361  62.048 0.0000000000
131437  -13.506  -32.445  61.388 0.0000000000
40321  -13.782  -32.616  62.916 0.0000000000
39284  -14.236  -33.355  65.564 0.0000000000
39283  -13.430  -33.586  65.392 0.0000000000
38354  -13.330  -34.270  66.855 0.0000000000
38332  -14.659  -34.703  68.931 0.0000000000
61557  -38.732  -11.465  46.001 0.0000000000
62640  -40.791  -10.496  47.370 0.0000000000
62639  -40.081  -10.769  47.079 0.0000000000
112964  -40.401  -10.592  48.662 0.0000000000
117242  -43.736  -4.518  37.207 0.0000000000
68107  -49.152  -4.284  34.295 0.0000000000
68108  -50.104  -4.185  33.897 0.0000000000
34896  -10.336  -38.153  66.961 0.0000000000
33219  -9.725  -41.104  69.425 0.0000000000
52458  -33.854  -21.016  60.957 0.0000000000
52473  -34.437  -20.596  60.497 0.0000000000
52504  -33.428  -20.343  58.372 0.0000000000
52505  -34.203  -20.174  58.765 0.0000000000
53605  -34.471  -19.637  57.641 0.0000000000
53604  -33.911  -19.792  57.388 0.0000000000
52529  -32.163  -20.436  56.629 0.0000000000
53652  -33.285  -19.503  55.276 0.0000000000
54674  -33.612  -19.165  54.484 0.0000000000
53679  -33.165  -18.992  52.686 0.0000000000
131832  -16.528  -32.825  65.508 0.0000000000
40293  -16.752  -32.297  64.930 0.0000000000
42379  -17.373  -30.651  62.696 0.0000000000
119521  -17.303  -31.212  64.114 0.0000000000
42359  -17.795  -30.669  64.384 0.0000000000
42409  -17.314  -29.803  59.944 0.0000000000
44494  -17.824  -29.068  59.282 0.0000000000
43446  -18.196  -29.015  61.737 0.0000000000
119445  -18.241  -29.444  63.119 0.0000000000
43442  -18.321  -28.912  62.513 0.0000000000
44467  -18.459  -28.044  62.789 0.0000000000
45586  -18.876  -26.852  61.562 0.0000000000
123292  -18.666  -27.395  62.274 0.0000000000
46645  -19.120  -26.762  62.442 0.0000000000
46766  -25.956  -25.906  54.758 0.0000000000
46747  -26.062  -26.045  55.629 0.0000000000
126889  -27.861  -24.242  55.318 0.0000000000
46711  -26.865  -25.908  57.624 0.0000000000
130333  -27.132  -25.973  58.257 0.0000000000
127580  -27.132  -26.366  58.871 0.0000000000
47658  -27.654  -25.804  58.695 0.0000000000
47641  -28.745  -25.972  60.484 0.0000000000
130763  -28.356  -25.969  59.904 0.0000000000
46664  -28.581  -26.633  61.106 0.0000000000
122751  -29.587  -25.805  61.911 0.0000000000
48526  -30.383  -24.266  61.101 0.0000000000
49362  -30.823  -23.476  60.844 0.0000000000
50243  -30.155  -22.779  58.331 0.0000000000
49389  -30.065  -23.103  58.766 0.0000000000
50244  -30.605  -22.565  58.778 0.0000000000
124592  -31.591  -22.313  60.029 0.0000000000
50232  -31.018  -22.588  59.582 0.0000000000
49363  -31.477  -23.084  61.259 0.0000000000
50216  -32.479  -22.324  61.647 0.0000000000
51303  -33.098  -21.234  60.587 0.0000000000
123971  -14.902  -31.989  59.823 0.0000000000
40304  -15.962  -32.280  63.630 0.0000000000
59388  -38.662  -13.582  56.405 0.0000000000
59377  -39.134  -13.301  57.089 0.0000000000
60407  -38.270  -12.096  55.381 0.0000000000
60395  -38.645  -12.216  56.173 0.0000000000
61411  -38.566  -11.503  55.829 0.0000000000
61410  -38.329  -11.111  55.116 0.0000000000
60426  -36.661  -11.793  52.498 0.0000000000
62539  -37.628  -9.950  53.376 0.0000000000
62497  -38.585  -10.193  55.365 0.0000000000
62516  -38.474  -9.571  54.674 0.0000000000
63560  -38.529  -8.698  54.285 0.0000000000
64519  -38.631  -7.784  53.866 0.0000000000
62668  -41.869  -10.531  45.434 0.0000000000
62654  -43.769  -10.317  46.420 0.0000000000
63707  -44.839  -9.736  47.473 0.0000000000
63720  -46.365  -9.642  46.394 0.0000000000
113609  -46.795  -9.513  47.665 0.0000000000
32410  -3.896  -41.737  69.602 0.0000000000
124413  -3.923  -40.983  69.945 0.0000000000
135904  -34.731  -13.405  44.447 0.0000000000
59502  -35.406  -13.281  44.539 0.0000000000
59520  -34.948  -13.379  43.687 0.0000000000
59521  -35.897  -13.124  43.656 0.0000000000
60553  -37.368  -12.333  44.509 0.0000000000
61602  -38.190  -11.806  43.393 0.0000000000
61592  -39.346  -11.301  44.406 0.0000000000
62697  -39.914  -10.979  42.998 0.0000000000
62710  -39.704  -10.749  42.230 0.0000000000
63774  -40.621  -9.805  41.237 0.0000000000
63760  -41.774  -9.911  42.306 0.0000000000
62700  -42.865  -10.346  43.408 0.0000000000
64674  -42.671  -8.669  41.400 0.0000000000
63777  -43.133  -9.059  42.093 0.0000000000
64659  -43.924  -8.772  42.241 0.0000000000
63763  -44.393  -9.218  42.728 0.0000000000
65533  -44.600  -7.526  41.410 0.0000000000
65519  -45.737  -7.747  42.175 0.0000000000
65534  -45.364  -7.319  41.597 0.0000000000
66384  -44.946  -6.882  41.017 0.0000000000
67225  -43.807  -5.871  38.928 0.0000000000
115427  -5.038  -40.239  66.139 0.0000000000
34133  -9.649  -39.285  66.794 0.0000000000
33238  -9.018  -40.547  66.766 0.0000000000
32437  -8.223  -41.437  66.188 0.0000000000
117218  -7.684  -40.973  65.354 0.0000000000
32431  -7.529  -42.250  66.065 0.0000000000
30581  -9.032  -44.489  69.940 0.0000000000
29661  -6.981  -44.984  68.564 0.0000000000
30594  -7.310  -44.285  67.867 0.0000000000
30600  -6.920  -43.652  66.967 0.0000000000
31489  -7.239  -42.999  66.445 0.0000000000
31488  -6.585  -43.020  66.434 0.0000000000
30599  -6.164  -43.427  67.091 0.0000000000
30586  -4.986  -43.917  69.131 0.0000000000
131598  -5.498  -43.241  68.068 0.0000000000
126332  -5.025  -42.163  68.898 0.0000000000
31472  -4.531  -43.002  69.318 0.0000000000
120674  -4.568  -42.072  69.474 0.0000000000
29660  -4.513  -44.739  68.458 0.0000000000
55558  -39.281  -16.086  61.106 0.0000000000
57464  -39.672  -15.270  60.373 0.0000000000
52490  -35.134  -20.215  60.021 0.0000000000
129557  -35.894  -20.045  61.319 0.0000000000
53571  -35.930  -19.985  60.512 0.0000000000
53596  -36.670  -19.434  58.880 0.0000000000
53584  -37.080  -19.421  59.565 0.0000000000
54638  -37.873  -17.951  57.287 0.0000000000
54623  -38.327  -18.369  59.046 0.0000000000
114575  -38.700  -17.633  58.436 0.0000000000
117363  -38.675  -17.180  57.703 0.0000000000
120435  -38.659  -15.966  57.053 0.0000000000
130017  -39.059  -15.560  57.536 0.0000000000
57500  -38.044  -15.061  55.833 0.0000000000
58444  -37.093  -14.763  53.973 0.0000000000
58436  -37.719  -14.600  55.173 0.0000000000
58453  -37.165  -13.926  53.765 0.0000000000
57523  -35.837  -15.808  52.309 0.0000000000
58465  -35.531  -14.495  51.335 0.0000000000
58466  -35.993  -13.904  51.825 0.0000000000
59438  -33.524  -12.895  48.381 0.0000000000
60464  -33.327  -11.695  47.874 0.0000000000
55671  -32.538  -17.383  48.030 0.0000000000
135134  -32.679  -16.257  47.480 0.0000000000
56641  -33.160  -15.864  47.945 0.0000000000
58510  -31.532  -14.188  46.219 0.0000000000
58511  -32.012  -13.656  46.669 0.0000000000
59463  -31.453  -12.622  46.281 0.0000000000
124737  -17.595  -32.892  67.280 0.0000000000
39266  -17.436  -33.532  67.659 0.0000000000
40269  -17.882  -32.939  68.074 0.0000000000
40261  -18.410  -31.979  69.358 0.0000000000
123743  -18.442  -29.246  69.207 0.0000000000
127325  -18.362  -29.581  68.315 0.0000000000
47678  -19.957  -25.470  56.997 0.0000000000
47677  -19.122  -25.107  56.856 0.0000000000
126848  -19.212  -25.510  58.231 0.0000000000
46684  -20.158  -26.310  59.805 0.0000000000
46673  -20.228  -26.388  60.531 0.0000000000
134256  -21.049  -26.745  61.141 0.0000000000
115322  -23.864  -26.510  54.845 0.0000000000
45663  -23.162  -26.977  56.906 0.0000000000
131434  -23.391  -27.239  57.582 0.0000000000
45617  -25.021  -27.425  59.095 0.0000000000
45602  -23.577  -27.824  60.589 0.0000000000
113439  -24.042  -27.828  60.084 0.0000000000
45615  -23.364  -27.795  59.858 0.0000000000
45614  -22.513  -27.595  59.701 0.0000000000
46649  -22.653  -27.129  62.424 0.0000000000
46662  -21.904  -27.000  61.818 0.0000000000
46648  -21.717  -26.649  62.595 0.0000000000
46621  -21.164  -25.731  64.404 0.0000000000
46622  -22.106  -25.988  64.209 0.0000000000
127576  -22.714  -25.368  65.409 0.0000000000
46625  -25.508  -26.478  65.011 0.0000000000
46624  -24.609  -26.009  65.131 0.0000000000
46609  -25.168  -25.630  66.209 0.0000000000
47623  -30.018  -25.585  62.643 0.0000000000
37492  -9.171  -35.277  62.545 0.0000000000
113911  -12.650  -32.721  61.498 0.0000000000
40346  -11.996  -32.649  60.716 0.0000000000
39319  -11.187  -33.381  61.654 0.0000000000
131621  -11.358  -33.010  61.065 0.0000000000
39326  -10.565  -33.267  60.934 0.0000000000
136047  -9.939  -33.649  61.166 0.0000000000
39318  -10.485  -33.725  61.685 0.0000000000
38369  -10.952  -35.019  64.197 0.0000000000
37483  -10.350  -35.340  63.767 0.0000000000
37474  -9.910  -35.973  64.073 0.0000000000
37475  -10.541  -35.606  64.533 0.0000000000
36519  -10.419  -36.659  65.671 0.0000000000
113941  -12.732  -35.256  68.138 0.0000000000
37440  -12.742  -36.145  69.674 0.0000000000
126581  -40.239  -12.225  59.364 0.0000000000
60478  -33.988  -11.310  47.557 0.0000000000
61520  -35.918  -11.130  48.501 0.0000000000
62618  -35.827  -9.633  49.456 0.0000000000
61539  -38.670  -11.383  47.549 0.0000000000
61538  -37.744  -11.752  47.694 0.0000000000
62610  -39.046  -10.469  50.517 0.0000000000
62609  -38.067  -10.265  50.398 0.0000000000
62608  -37.052  -9.437  50.012 0.0000000000
63652  -37.383  -8.903  50.499 0.0000000000
63620  -37.970  -8.472  51.024 0.0000000000
64548  -40.005  -7.831  52.640 0.0000000000
64547  -38.927  -7.231  52.107 0.0000000000
113263  -42.095  -10.350  47.161 0.0000000000
62623  -42.477  -10.178  48.608 0.0000000000
132695  -42.565  -10.050  49.232 0.0000000000
63655  -42.632  -9.723  50.561 0.0000000000
66386  -46.440  -6.374  41.493 0.0000000000
66398  -46.064  -5.965  40.842 0.0000000000
67219  -47.115  -4.912  40.725 0.0000000000
67205  -48.196  -4.993  41.761 0.0000000000
68053  -45.518  -4.592  38.258 0.0000000000
68040  -47.207  -3.897  39.576 0.0000000000
68953  -48.878  -3.575  40.991 0.0000000000
68967  -48.607  -3.300  40.224 0.0000000000
69933  -49.103  -2.797  39.724 0.0000000000
69942  -49.918  -2.433  39.623 0.0000000000
69935  -50.559  -2.326  40.277 0.0000000000
69023  -48.730  -4.051  36.096 0.0000000000
68090  -47.892  -4.209  36.269 0.0000000000
69953  -50.792  -2.210  38.518 0.0000000000
69943  -51.090  -2.003  39.133 0.0000000000
69027  -52.713  -2.467  35.378 0.0000000000
50293  -28.184  -22.752  54.212 0.0000000000
50282  -29.584  -21.950  56.177 0.0000000000
60455  -34.036  -11.509  49.007 0.0000000000
61503  -34.210  -10.767  48.640 0.0000000000
64651  -46.589  -8.845  43.361 0.0000000000
66348  -49.205  -6.944  44.183 0.0000000000
66364  -48.803  -6.479  43.490 0.0000000000
37491  -8.230  -35.484  62.267 0.0000000000
36556  -7.738  -36.126  62.590 0.0000000000
36543  -8.220  -36.623  63.195 0.0000000000
35707  -8.468  -37.721  64.247 0.0000000000
34915  -8.452  -38.397  64.670 0.0000000000
117500  -34.380  -18.168  53.199 0.0000000000
127299  -15.369  -34.812  69.591 0.0000000000
45559  -18.720  -27.443  64.105 0.0000000000
45549  -19.112  -26.850  64.856 0.0000000000
116287  -19.420  -26.164  65.870 0.0000000000
46608  -20.059  -25.410  65.910 0.0000000000
47607  -20.880  -25.184  65.527 0.0000000000
46663  -27.887  -27.176  60.996 0.0000000000
45591  -27.432  -27.672  61.613 0.0000000000
119693  -27.634  -27.803  62.260 0.0000000000
45552  -28.318  -27.697  64.651 0.0000000000
39272  -14.532  -33.629  66.364 0.0000000000
38355  -14.029  -34.063  67.005 0.0000000000
61574  -39.231  -11.297  45.304 0.0000000000
61558  -39.399  -11.149  46.023 0.0000000000
51316  -33.000  -20.976  59.748 0.0000000000
52518  -33.155  -20.221  57.552 0.0000000000
52553  -31.739  -20.151  55.039 0.0000000000
53666  -32.970  -19.374  54.085 0.0000000000
41327  -16.267  -31.583  62.368 0.0000000000
41328  -16.767  -31.235  62.721 0.0000000000
42384  -16.763  -30.978  62.067 0.0000000000
42385  -17.355  -30.376  61.758 0.0000000000
132934  -18.086  -28.323  58.904 0.0000000000
43451  -17.978  -28.997  60.141 0.0000000000
44495  -18.244  -28.162  59.655 0.0000000000
44486  -18.339  -28.142  60.513 0.0000000000
44475  -18.421  -28.202  62.032 0.0000000000
132448  -18.564  -27.346  60.999 0.0000000000
45599  -18.796  -26.646  60.774 0.0000000000
46672  -18.864  -26.215  60.160 0.0000000000
48562  -28.288  -24.089  56.503 0.0000000000
136958  -27.918  -24.656  56.595 0.0000000000
120006  -28.238  -24.445  57.118 0.0000000000
48553  -28.133  -24.804  57.733 0.0000000000
119440  -28.804  -25.340  59.842 0.0000000000
47642  -29.301  -25.258  60.522 0.0000000000
49372  -30.026  -23.853  59.887 0.0000000000
51329  -30.965  -22.097  58.354 0.0000000000
50245  -31.256  -22.123  58.917 0.0000000000
51301  -32.089  -21.830  59.900 0.0000000000
51302  -32.539  -21.674  60.526 0.0000000000
41365  -15.394  -31.714  60.344 0.0000000000
41345  -15.586  -31.730  61.232 0.0000000000
59395  -38.294  -13.078  55.680 0.0000000000
60414  -37.555  -12.459  54.118 0.0000000000
123376  -37.613  -11.699  53.932 0.0000000000
62566  -36.650  -9.949  52.073 0.0000000000
62567  -37.114  -9.226  52.265 0.0000000000
63574  -37.618  -8.549  52.623 0.0000000000
64545  -37.913  -7.627  51.941 0.0000000000
131325  -43.028  -10.565  44.143 0.0000000000
136622  -43.170  -10.565  44.886 0.0000000000
62670  -44.622  -10.335  45.777 0.0000000000
117833  -47.619  -9.275  46.931 0.0000000000
63710  -46.954  -9.425  47.037 0.0000000000
130401  -47.623  -9.374  47.634 0.0000000000
68955  -50.460  -3.007  41.664 0.0000000000
60590  -37.241  -12.229  42.942 0.0000000000
62726  -40.170  -10.304  41.724 0.0000000000
63773  -39.849  -10.028  40.984 0.0000000000
65544  -41.837  -7.998  39.860 0.0000000000
64686  -43.039  -8.005  40.980 0.0000000000
65546  -43.418  -7.416  40.492 0.0000000000
66395  -43.782  -6.798  40.054 0.0000000000
34140  -5.137  -39.578  65.443 0.0000000000
115418  -5.464  -41.159  65.743 0.0000000000
32425  -9.614  -40.953  69.022 0.0000000000
32424  -9.001  -42.148  68.469 0.0000000000
31484  -8.516  -43.242  68.270 0.0000000000
117632  -7.839  -45.595  69.163 0.0000000000
30587  -5.885  -44.834  68.735 0.0000000000
30580  -5.180  -44.640  68.870 0.0000000000
30579  -4.546  -43.759  69.111 0.0000000000
29650  -4.797  -44.170  69.118 0.0000000000
130102  -36.035  -19.793  59.547 0.0000000000
54621  -36.706  -19.198  58.106 0.0000000000
55614  -36.508  -17.518  55.211 0.0000000000
55599  -36.938  -17.637  55.829 0.0000000000
55600  -37.998  -17.223  56.793 0.0000000000
56549  -38.177  -16.412  56.553 0.0000000000
57490  -37.865  -15.963  55.911 0.0000000000
57499  -37.610  -15.473  55.257 0.0000000000
57517  -36.687  -15.446  53.569 0.0000000000
56613  -34.860  -15.836  50.671 0.0000000000
58471  -34.816  -14.255  50.201 0.0000000000
59431  -34.478  -13.386  49.723 0.0000000000
41268  -17.951  -31.584  66.714 0.0000000000
41259  -17.995  -32.147  67.573 0.0000000000
41252  -18.314  -31.453  68.597 0.0000000000
120784  -18.528  -30.990  69.514 0.0000000000
130728  -18.551  -28.373  69.488 0.0000000000
43367  -18.618  -28.910  69.944 0.0000000000
129787  -20.108  -25.076  55.615 0.0000000000
47668  -19.843  -25.779  57.852 0.0000000000
46697  -19.619  -25.864  58.604 0.0000000000
114329  -20.467  -26.347  58.270 0.0000000000
46745  -24.432  -26.554  55.719 0.0000000000
46725  -24.591  -26.734  56.830 0.0000000000
45649  -24.177  -27.124  57.636 0.0000000000
129201  -24.954  -27.954  61.278 0.0000000000
45588  -24.340  -27.893  61.581 0.0000000000
130174  -23.779  -27.846  61.191 0.0000000000
45587  -23.070  -27.688  61.152 0.0000000000
136561  -22.948  -26.981  62.998 0.0000000000
134559  -22.696  -26.343  63.837 0.0000000000
47609  -23.694  -25.538  65.334 0.0000000000
39300  -12.306  -33.634  63.650 0.0000000000
39309  -12.050  -33.476  62.948 0.0000000000
39308  -11.484  -33.769  62.816 0.0000000000
38387  -10.970  -34.255  63.043 0.0000000000
38378  -11.310  -34.475  63.811 0.0000000000
37476  -11.132  -35.248  64.929 0.0000000000
37462  -11.025  -36.089  66.046 0.0000000000
37429  -13.307  -35.832  70.094 0.0000000000
60525  -35.536  -12.807  45.955 0.0000000000
60479  -35.114  -11.791  47.409 0.0000000000
61507  -39.596  -10.897  48.866 0.0000000000
61506  -38.491  -11.241  49.168 0.0000000000
62595  -39.047  -9.968  51.241 0.0000000000
63621  -39.179  -9.120  51.733 0.0000000000
63706  -43.999  -9.848  47.792 0.0000000000
63705  -43.138  -10.067  48.080 0.0000000000
67216  -44.943  -5.858  39.919 0.0000000000
67217  -45.689  -5.553  40.180 0.0000000000
67228  -46.076  -4.891  39.745 0.0000000000
123629  -47.824  -3.442  39.126 0.0000000000
68976  -48.418  -3.220  39.579 0.0000000000
68987  -48.220  -3.283  38.521 0.0000000000
69962  -48.891  -2.974  38.261 0.0000000000
68106  -48.313  -4.291  34.522 0.0000000000
69012  -49.338  -3.453  36.805 0.0000000000
69974  -50.207  -2.949  37.092 0.0000000000
69954  -51.344  -2.114  37.904 0.0000000000
69965  -51.854  -2.079  37.374 0.0000000000
116841  -53.779  -1.466  34.887 0.0000000000
52502  -31.923  -21.055  57.831 0.0000000000
52542  -31.162  -20.544  55.632 0.0000000000
53650  -31.684  -19.975  54.144 0.0000000000
44524  -17.784  -28.366  57.577 0.0000000000
45644  -18.022  -27.333  57.709 0.0000000000
45645  -18.055  -26.738  56.979 0.0000000000
114454  -27.522  -24.035  53.685 0.0000000000
48587  -27.585  -24.332  54.517 0.0000000000
48574  -28.251  -23.788  55.801 0.0000000000
49395  -28.747  -23.736  57.140 0.0000000000
48554  -28.977  -23.801  57.890 0.0000000000
50269  -30.298  -22.074  57.360 0.0000000000
59420  -35.968  -12.886  51.635 0.0000000000
60425  -36.334  -12.381  52.129 0.0000000000
60433  -35.870  -11.844  51.456 0.0000000000
61473  -35.876  -10.771  51.325 0.0000000000
61472  -35.624  -9.741  50.434 0.0000000000
63650  -36.393  -8.977  50.204 0.0000000000
116324  -44.841  -10.087  43.678 0.0000000000
62703  -45.109  -10.303  44.298 0.0000000000
62672  -45.895  -10.113  44.509 0.0000000000
63730  -46.996  -9.653  45.583 0.0000000000
63740  -47.522  -9.481  44.864 0.0000000000
63731  -47.789  -9.300  45.676 0.0000000000
120624  -48.269  -9.072  47.143 0.0000000000
66365  -49.565  -5.995  44.052 0.0000000000
67196  -49.286  -4.950  42.864 0.0000000000
68009  -48.879  -4.622  42.145 0.0000000000
36542  -7.323  -36.816  62.960 0.0000000000
114571  -6.992  -37.451  63.210 0.0000000000
34924  -7.007  -38.777  63.814 0.0000000000
115676  -7.009  -40.015  64.378 0.0000000000
53637  -35.147  -18.825  55.800 0.0000000000
54663  -35.540  -18.360  55.355 0.0000000000
55613  -35.943  -17.766  54.894 0.0000000000
117727  -36.457  -16.661  54.049 0.0000000000
132583  -36.475  -16.197  53.634 0.0000000000
134420  -34.890  -16.454  51.285 0.0000000000
127827  -18.322  -29.554  65.407 0.0000000000
43409  -18.351  -29.325  66.382 0.0000000000
125098  -18.390  -28.453  67.426 0.0000000000
44433  -18.526  -27.601  67.252 0.0000000000
44414  -18.657  -27.685  69.339 0.0000000000
46593  -19.682  -25.355  68.170 0.0000000000
47704  -20.450  -24.956  54.008 0.0000000000
47691  -20.919  -25.725  55.267 0.0000000000
45634  -25.886  -27.030  58.876 0.0000000000
45590  -26.579  -27.847  61.500 0.0000000000
45589  -25.685  -27.922  61.395 0.0000000000
113523  -25.172  -27.718  62.830 0.0000000000
129454  -25.252  -27.332  63.555 0.0000000000
45538  -26.728  -26.914  65.807 0.0000000000
116687  -12.975  -32.466  60.658 0.0000000000
40302  -13.621  -32.942  63.849 0.0000000000
40320  -12.864  -33.105  63.133 0.0000000000
38362  -12.374  -34.374  65.517 0.0000000000
38353  -12.776  -34.566  66.738 0.0000000000
38330  -13.212  -34.842  68.192 0.0000000000
38331  -13.747  -34.759  68.567 0.0000000000
37441  -13.885  -35.168  69.633 0.0000000000
60527  -37.205  -12.357  45.345 0.0000000000
119266  -37.361  -12.084  46.979 0.0000000000
61556  -37.843  -11.965  45.947 0.0000000000
132579  -39.485  -11.034  47.497 0.0000000000
62612  -41.440  -10.288  49.929 0.0000000000
134122  -44.151  -4.656  37.543 0.0000000000
68066  -44.514  -4.508  37.109 0.0000000000
69034  -49.861  -4.147  34.939 0.0000000000
69036  -52.054  -3.385  34.535 0.0000000000
69045  -50.583  -3.902  33.010 0.0000000000
36518  -9.813  -36.948  65.065 0.0000000000
35697  -9.505  -37.603  65.257 0.0000000000
35685  -9.836  -38.046  66.028 0.0000000000
126105  -9.989  -38.768  66.834 0.0000000000
52517  -32.367  -20.569  57.367 0.0000000000
53634  -32.809  -19.935  56.113 0.0000000000
53619  -33.409  -19.851  56.766 0.0000000000
53620  -34.178  -19.455  56.593 0.0000000000
53636  -34.506  -19.147  55.866 0.0000000000
54675  -34.406  -18.725  54.533 0.0000000000
136803  -33.463  -19.075  53.808 0.0000000000
54688  -33.650  -18.787  53.243 0.0000000000
39265  -16.728  -33.928  67.303 0.0000000000
41296  -17.183  -31.669  64.644 0.0000000000
41281  -17.518  -31.714  65.525 0.0000000000
42346  -17.895  -30.838  65.196 0.0000000000
42395  -17.285  -30.148  60.887 0.0000000000
43445  -17.766  -29.667  61.382 0.0000000000
43432  -17.925  -30.137  63.111 0.0000000000
43433  -18.200  -29.943  63.901 0.0000000000
117319  -18.339  -29.134  64.693 0.0000000000
44456  -18.435  -28.236  64.357 0.0000000000
45573  -19.341  -26.611  63.157 0.0000000000
46646  -19.870  -26.315  62.734 0.0000000000
134938  -25.382  -25.925  53.563 0.0000000000
46765  -25.215  -26.180  54.303 0.0000000000
46710  -26.261  -26.262  57.402 0.0000000000
47708  -26.996  -25.086  54.466 0.0000000000
121400  -27.465  -25.121  56.327 0.0000000000
47679  -26.791  -25.666  56.099 0.0000000000
46728  -26.637  -25.899  56.924 0.0000000000
46687  -27.070  -26.875  59.548 0.0000000000
46640  -29.357  -26.789  63.451 0.0000000000
46651  -29.477  -26.340  62.613 0.0000000000
47632  -29.838  -25.114  61.290 0.0000000000
47624  -30.496  -24.878  62.614 0.0000000000
49353  -31.667  -23.374  62.221 0.0000000000
49373  -30.615  -23.255  60.109 0.0000000000
50207  -32.415  -22.661  62.445 0.0000000000
41383  -13.827  -32.068  59.106 0.0000000000
40348  -14.310  -32.195  61.199 0.0000000000
41344  -14.979  -32.014  60.980 0.0000000000
40335  -14.936  -32.053  61.784 0.0000000000
59378  -39.566  -13.482  57.943 0.0000000000
134388  -38.615  -12.895  56.237 0.0000000000
60379  -39.137  -11.938  56.945 0.0000000000
61373  -39.290  -11.111  57.262 0.0000000000
61441  -37.404  -11.031  53.417 0.0000000000
61428  -37.899  -11.014  54.138 0.0000000000
114471  -41.251  -10.620  45.160 0.0000000000
62667  -41.182  -10.519  45.957 0.0000000000
62653  -42.792  -10.341  46.758 0.0000000000
62643  -43.443  -10.158  47.304 0.0000000000
63693  -44.572  -9.691  48.248 0.0000000000
129723  -45.025  -9.660  48.685 0.0000000000
118224  -45.329  -10.312  45.157 0.0000000000
62671  -45.486  -10.040  46.087 0.0000000000
63719  -45.529  -9.681  46.900 0.0000000000
63708  -45.597  -9.601  47.550 0.0000000000
33223  -4.613  -40.344  69.478 0.0000000000
122199  -32.915  -11.744  46.826 0.0000000000
60524  -33.521  -12.461  46.179 0.0000000000
125484  -34.565  -12.747  46.096 0.0000000000
59484  -34.430  -13.229  45.233 0.0000000000
59485  -35.995  -13.015  45.097 0.0000000000
59486  -36.704  -12.689  44.762 0.0000000000
61590  -38.132  -11.919  44.388 0.0000000000
131387  -38.772  -11.547  44.681 0.0000000000
62682  -40.010  -11.009  43.944 0.0000000000
61613  -39.290  -11.124  42.665 0.0000000000
62683  -40.835  -10.742  44.450 0.0000000000
113699  -42.246  -10.544  43.901 0.0000000000
62712  -41.219  -10.375  42.799 0.0000000000
63750  -43.415  -10.072  43.128 0.0000000000
63789  -41.068  -9.283  40.739 0.0000000000
63776  -42.270  -9.345  41.833 0.0000000000
63751  -44.181  -9.935  43.282 0.0000000000
115141  -44.940  -9.539  43.208 0.0000000000
63764  -45.006  -8.957  42.758 0.0000000000
64676  -44.273  -8.171  41.791 0.0000000000
64661  -45.364  -8.412  42.501 0.0000000000
64662  -46.143  -8.289  42.710 0.0000000000
65520  -46.495  -7.530  42.402 0.0000000000
66385  -45.702  -6.638  41.247 0.0000000000
67253  -42.993  -5.108  37.847 0.0000000000
34904  -9.133  -38.273  65.349 0.0000000000
34142  -8.581  -39.106  65.243 0.0000000000
125249  -8.334  -39.862  65.414 0.0000000000
33248  -7.879  -40.338  65.211 0.0000000000
131212  -7.093  -41.150  65.012 0.0000000000
31478  -8.895  -43.599  69.787 0.0000000000
32435  -6.588  -41.489  65.248 0.0000000000
31494  -5.981  -41.862  65.618 0.0000000000
31482  -5.539  -42.688  67.207 0.0000000000
32412  -4.574  -41.169  69.554 0.0000000000
132218  -4.375  -42.295  69.574 0.0000000000
29649  -4.300  -43.844  69.021 0.0000000000
30585  -3.916  -43.277  69.124 0.0000000000
57448  -39.708  -15.078  61.524 0.0000000000
54637  -36.637  -18.835  57.281 0.0000000000
131794  -37.210  -18.318  57.039 0.0000000000
123381  -37.421  -18.660  57.708 0.0000000000
55569  -39.234  -16.822  59.972 0.0000000000
56522  -39.057  -16.923  58.263 0.0000000000
56523  -39.345  -16.262  58.679 0.0000000000
57484  -39.381  -15.568  58.254 0.0000000000
58422  -39.375  -14.725  57.848 0.0000000000
58437  -38.185  -14.128  55.748 0.0000000000
58458  -35.934  -14.885  52.045 0.0000000000
59415  -36.393  -13.304  52.355 0.0000000000
133219  -34.153  -12.523  49.285 0.0000000000
60497  -32.533  -11.854  46.958 0.0000000000
54723  -33.178  -18.095  50.346 0.0000000000
55665  -33.429  -17.172  49.534 0.0000000000
117259  -33.546  -16.723  49.257 0.0000000000
128912  -32.886  -16.681  48.052 0.0000000000
57561  -33.182  -14.918  47.784 0.0000000000
57573  -32.193  -14.895  46.684 0.0000000000
59448  -32.627  -12.588  47.357 0.0000000000
132311  -32.360  -11.986  46.978 0.0000000000
60523  -32.435  -12.102  46.401 0.0000000000
39255  -17.028  -34.241  68.140 0.0000000000
39256  -17.724  -33.727  68.678 0.0000000000
40260  -18.244  -32.900  69.030 0.0000000000
42314  -18.393  -30.360  68.723 0.0000000000
46705  -18.396  -25.685  57.312 0.0000000000
131077  -18.409  -25.762  58.331 0.0000000000
130921  -18.636  -25.777  58.826 0.0000000000
47640  -18.880  -25.848  59.481 0.0000000000
46683  -19.402  -25.943  59.340 0.0000000000
118258  -19.372  -26.174  60.208 0.0000000000
46762  -22.551  -26.413  54.159 0.0000000000
46744  -23.384  -26.646  55.669 0.0000000000
113933  -22.897  -26.527  54.940 0.0000000000
46743  -22.377  -26.584  55.808 0.0000000000
46723  -22.436  -26.832  56.706 0.0000000000
45646  -22.078  -27.266  58.125 0.0000000000
45632  -24.546  -27.302  58.387 0.0000000000
45616  -24.080  -27.686  59.249 0.0000000000
45648  -23.710  -27.475  58.329 0.0000000000
117863  -22.870  -27.474  58.235 0.0000000000
45629  -21.538  -27.112  58.782 0.0000000000
45613  -21.676  -27.231  59.543 0.0000000000
125067  -22.216  -27.341  61.098 0.0000000000
46647  -20.795  -26.390  62.715 0.0000000000
46634  -20.552  -26.121  63.580 0.0000000000
133860  -22.408  -25.669  64.808 0.0000000000
47598  -21.369  -24.637  66.626 0.0000000000
127424  -23.837  -25.051  66.320 0.0000000000
40333  -11.879  -33.015  61.608 0.0000000000
38386  -10.347  -34.237  62.304 0.0000000000
35686  -10.361  -37.412  66.322 0.0000000000
121432  -35.021  -10.740  48.372 0.0000000000
61521  -37.027  -11.555  48.580 0.0000000000
61505  -37.403  -11.189  49.244 0.0000000000
62619  -36.604  -9.969  49.598 0.0000000000
63651  -36.790  -8.748  50.338 0.0000000000
64546  -38.380  -7.482  51.948 0.0000000000
62652  -41.360  -10.420  46.851 0.0000000000
62641  -41.515  -10.386  47.629 0.0000000000
62634  -41.712  -10.334  48.404 0.0000000000
63654  -41.684  -9.940  50.789 0.0000000000
63624  -42.261  -9.456  51.441 0.0000000000
63623  -41.297  -9.479  51.697 0.0000000000
67194  -47.893  -5.743  42.109 0.0000000000
67203  -46.762  -5.637  41.141 0.0000000000
68018  -48.522  -4.265  41.387 0.0000000000
68054  -46.286  -4.317  38.508 0.0000000000
68039  -46.495  -4.305  39.292 0.0000000000
68019  -49.248  -3.943  41.734 0.0000000000
68954  -49.638  -3.296  41.314 0.0000000000
69920  -50.055  -2.726  40.869 0.0000000000
69921  -50.938  -2.494  41.192 0.0000000000
69963  -49.512  -2.930  37.659 0.0000000000
122091  -49.609  -2.645  38.254 0.0000000000
127108  -50.294  -2.298  39.053 0.0000000000
136250  -50.616  -2.200  39.573 0.0000000000
69981  -51.960  -2.651  36.119 0.0000000000
112830  -52.696  -2.060  36.277 0.0000000000
31473  -9.246  -43.825  70.112 0.0000000000
39274  -16.358  -33.555  66.574 0.0000000000
40323  -15.667  -32.081  62.781 0.0000000000
41295  -16.690  -31.843  64.016 0.0000000000
41366  -16.149  -31.266  60.751 0.0000000000
42347  -18.236  -30.231  65.719 0.0000000000
46764  -24.382  -26.403  54.258 0.0000000000
124334  -6.452  -40.054  64.443 0.0000000000
131754  -18.456  -25.611  57.900 0.0000000000
135482  -18.381  -28.691  63.152 0.0000000000
136272  -38.361  -17.747  57.719 0.0000000000
136840  -23.887  -26.481  54.257 0.0000000000
