#!ascii label  , from subject sub-v2s3x28791_ses-1 vox2ras=TkReg
2182
64523  -42.671  -11.604  48.350 0.0000000000
49790  -29.099  -23.834  60.570 0.0000000000
134217  -54.257  -13.044  36.860 0.0000000000
55007  -39.528  -20.122  37.483 0.0000000000
58765  -49.005  -16.928  44.089 0.0000000000
138633  -39.805  -18.625  53.540 0.0000000000
49898  -33.705  -23.833  52.408 0.0000000000
50024  -36.075  -24.640  42.311 0.0000000000
54655  -23.613  -18.772  59.878 0.0000000000
72156  -53.442  -4.396  40.302 0.0000000000
44026  -29.579  -28.868  52.672 0.0000000000
58813  -41.790  -16.788  42.564 0.0000000000
53634  -44.228  -21.061  43.284 0.0000000000
65854  -44.289  -10.986  42.813 0.0000000000
145835  -44.452  -16.433  51.935 0.0000000000
51177  -41.136  -23.683  49.300 0.0000000000
56202  -39.494  -18.214  46.673 0.0000000000
53662  -36.346  -20.299  39.330 0.0000000000
77508  -50.523  -0.516  38.151 0.0000000000
51007  -25.055  -22.554  62.974 0.0000000000
49857  -28.306  -23.161  56.432 0.0000000000
43967  -28.602  -28.091  58.004 0.0000000000
58826  -51.196  -16.451  41.417 0.0000000000
53504  -33.378  -20.819  55.388 0.0000000000
46351  -35.826  -26.782  58.980 0.0000000000
48684  -39.814  -24.841  55.125 0.0000000000
49991  -36.574  -23.924  47.447 0.0000000000
49801  -21.823  -23.590  59.306 0.0000000000
62124  -51.097  -13.762  49.129 0.0000000000
59985  -56.148  -15.301  44.309 0.0000000000
70950  -55.652  -6.500  43.595 0.0000000000
156046  -58.392  -11.663  41.092 0.0000000000
67178  -55.892  -9.840  38.131 0.0000000000
52255  -24.353  -21.191  53.920 0.0000000000
44006  -32.616  -28.833  55.192 0.0000000000
61036  -41.834  -13.737  46.095 0.0000000000
62182  -43.366  -13.628  44.463 0.0000000000
65820  -42.028  -10.359  45.560 0.0000000000
62097  -43.616  -13.432  50.556 0.0000000000
57455  -40.820  -17.417  49.663 0.0000000000
59920  -40.909  -14.817  47.721 0.0000000000
57504  -40.069  -16.715  44.885 0.0000000000
63440  -54.067  -11.768  34.763 0.0000000000
63426  -55.816  -11.829  36.028 0.0000000000
49768  -27.379  -24.343  62.674 0.0000000000
152656  -27.331  -25.402  60.282 0.0000000000
46337  -29.689  -26.964  61.421 0.0000000000
57623  -40.178  -16.932  37.125 0.0000000000
57507  -46.664  -18.586  45.678 0.0000000000
56294  -45.792  -17.582  40.913 0.0000000000
54940  -48.218  -18.846  43.093 0.0000000000
58840  -49.170  -17.021  39.844 0.0000000000
54897  -51.094  -19.472  44.838 0.0000000000
54737  -36.227  -19.618  53.964 0.0000000000
51095  -37.085  -22.072  55.958 0.0000000000
51122  -40.120  -22.387  54.126 0.0000000000
51207  -38.460  -23.989  45.995 0.0000000000
47548  -39.609  -26.151  47.295 0.0000000000
48820  -37.359  -26.189  43.964 0.0000000000
52438  -38.370  -21.458  37.185 0.0000000000
61023  -53.450  -15.008  48.102 0.0000000000
63334  -54.032  -12.097  43.198 0.0000000000
64633  -53.114  -11.602  41.058 0.0000000000
65910  -56.699  -10.572  39.384 0.0000000000
65906  -52.231  -10.625  39.402 0.0000000000
69835  -49.230  -7.235  37.642 0.0000000000
140149  -22.408  -20.695  59.822 0.0000000000
51074  -23.192  -22.267  56.779 0.0000000000
53476  -23.882  -19.854  56.946 0.0000000000
47478  -29.367  -25.509  54.463 0.0000000000
51121  -28.578  -22.774  53.031 0.0000000000
46431  -29.290  -26.567  51.256 0.0000000000
47462  -34.459  -25.103  55.771 0.0000000000
45197  -33.101  -28.036  57.157 0.0000000000
47479  -32.605  -25.709  54.359 0.0000000000
143957  -41.126  -20.682  41.516 0.0000000000
53667  -42.229  -21.334  40.002 0.0000000000
56250  -43.420  -19.246  43.756 0.0000000000
59979  -45.376  -15.575  44.512 0.0000000000
61104  -47.004  -14.127  42.662 0.0000000000
56098  -43.830  -18.083  53.235 0.0000000000
141325  -43.469  -22.385  52.123 0.0000000000
53557  -42.502  -20.176  50.484 0.0000000000
53573  -39.560  -20.601  48.392 0.0000000000
53605  -36.952  -20.714  44.493 0.0000000000
51234  -35.084  -21.627  41.047 0.0000000000
54913  -38.015  -18.837  42.904 0.0000000000
56280  -39.011  -18.477  41.586 0.0000000000
75318  -52.662  -2.240  39.231 0.0000000000
80932  -52.263  3.188  41.226 0.0000000000
54633  -25.446  -19.804  62.014 0.0000000000
142001  -26.492  -19.689  58.832 0.0000000000
147796  -27.056  -23.156  59.812 0.0000000000
47441  -28.197  -25.532  57.252 0.0000000000
158327  -29.251  -28.420  54.942 0.0000000000
56308  -43.543  -17.784  39.157 0.0000000000
61155  -50.398  -13.514  38.212 0.0000000000
61146  -52.761  -13.635  38.758 0.0000000000
52207  -30.952  -21.891  58.177 0.0000000000
47408  -31.889  -25.462  60.185 0.0000000000
49815  -34.445  -23.665  58.263 0.0000000000
47433  -38.167  -25.356  57.186 0.0000000000
48682  -36.886  -23.900  53.993 0.0000000000
47530  -41.747  -25.622  50.603 0.0000000000
49921  -38.429  -23.923  51.038 0.0000000000
49950  -34.750  -23.263  49.752 0.0000000000
69623  -40.831  -7.362  49.933 0.0000000000
52177  -31.233  -20.626  61.348 0.0000000000
138362  -36.518  -19.424  57.968 0.0000000000
54721  -39.957  -19.223  57.203 0.0000000000
69659  -42.405  -7.109  47.242 0.0000000000
67088  -45.224  -9.120  45.486 0.0000000000
64578  -48.168  -11.690  44.592 0.0000000000
65777  -48.650  -10.445  48.738 0.0000000000
145134  -50.895  -14.474  45.050 0.0000000000
56203  -52.389  -18.594  45.788 0.0000000000
60030  -53.758  -15.612  43.301 0.0000000000
61129  -55.071  -14.710  40.373 0.0000000000
64579  -55.755  -11.951  44.898 0.0000000000
62222  -58.293  -14.073  42.752 0.0000000000
62260  -57.822  -13.475  38.643 0.0000000000
154749  -59.272  -11.704  37.740 0.0000000000
67177  -50.605  -9.476  38.479 0.0000000000
48658  -21.242  -24.188  55.413 0.0000000000
51163  -24.484  -21.895  49.980 0.0000000000
53502  -26.192  -20.424  55.476 0.0000000000
52308  -26.488  -21.233  51.493 0.0000000000
137853  -32.592  -28.427  58.920 0.0000000000
42813  -31.483  -29.894  56.669 0.0000000000
41717  -31.319  -30.771  54.152 0.0000000000
41720  -32.963  -29.856  53.042 0.0000000000
63276  -42.295  -12.296  47.289 0.0000000000
64565  -42.452  -11.633  45.910 0.0000000000
65793  -41.819  -10.354  47.515 0.0000000000
63257  -43.195  -12.221  49.379 0.0000000000
60994  -42.279  -14.247  49.709 0.0000000000
62122  -42.199  -13.211  48.495 0.0000000000
59938  -41.094  -14.560  46.893 0.0000000000
62279  -53.602  -13.026  36.713 0.0000000000
63408  -54.328  -12.444  36.073 0.0000000000
63425  -55.213  -11.809  35.629 0.0000000000
63397  -55.422  -12.548  36.687 0.0000000000
51020  -28.548  -23.184  61.866 0.0000000000
47385  -28.612  -25.919  62.296 0.0000000000
47397  -29.605  -25.784  61.443 0.0000000000
56335  -38.402  -18.177  36.380 0.0000000000
57605  -39.895  -17.806  37.377 0.0000000000
58764  -48.085  -16.957  44.438 0.0000000000
54917  -47.582  -19.319  44.178 0.0000000000
56219  -49.022  -19.010  45.407 0.0000000000
54919  -49.748  -19.366  43.801 0.0000000000
56234  -49.785  -18.924  45.362 0.0000000000
54739  -38.071  -19.121  53.872 0.0000000000
52279  -37.679  -20.932  53.362 0.0000000000
53539  -39.347  -20.386  52.543 0.0000000000
51216  -37.346  -23.866  44.764 0.0000000000
50016  -38.026  -25.487  44.823 0.0000000000
48827  -36.834  -25.854  42.825 0.0000000000
47609  -36.304  -26.362  42.440 0.0000000000
151592  -39.437  -21.446  37.846 0.0000000000
55021  -37.666  -20.558  36.049 0.0000000000
56334  -37.890  -19.273  36.042 0.0000000000
68478  -53.669  -8.599  42.112 0.0000000000
152399  -52.806  -7.885  40.999 0.0000000000
64651  -52.750  -11.112  40.116 0.0000000000
68513  -52.109  -8.021  40.402 0.0000000000
53442  -22.501  -19.904  60.371 0.0000000000
53466  -23.045  -20.067  58.119 0.0000000000
54670  -24.042  -19.032  58.794 0.0000000000
157509  -29.378  -27.381  53.550 0.0000000000
46421  -29.462  -26.522  52.165 0.0000000000
142697  -29.423  -28.084  52.113 0.0000000000
44054  -29.062  -28.741  50.632 0.0000000000
42878  -29.454  -29.624  51.177 0.0000000000
48698  -34.254  -23.984  54.124 0.0000000000
48660  -33.537  -24.896  55.048 0.0000000000
48696  -32.781  -24.819  53.392 0.0000000000
57564  -41.977  -17.891  42.170 0.0000000000
56268  -42.295  -19.571  42.590 0.0000000000
143724  -43.053  -16.968  43.259 0.0000000000
63317  -43.334  -12.429  43.330 0.0000000000
61070  -44.373  -14.710  44.224 0.0000000000
62215  -44.950  -12.992  42.842 0.0000000000
61103  -46.150  -13.905  42.852 0.0000000000
149921  -45.832  -11.987  42.591 0.0000000000
57415  -44.408  -17.581  52.576 0.0000000000
54782  -44.310  -19.528  51.962 0.0000000000
56129  -43.717  -18.410  51.567 0.0000000000
56181  -40.037  -18.035  48.497 0.0000000000
54824  -40.093  -18.852  48.866 0.0000000000
54841  -39.351  -19.398  47.538 0.0000000000
53585  -38.182  -20.611  46.390 0.0000000000
54852  -38.611  -19.719  46.131 0.0000000000
54888  -37.583  -19.905  44.304 0.0000000000
56229  -38.544  -18.869  44.472 0.0000000000
58757  -40.737  -16.334  44.083 0.0000000000
57546  -39.757  -17.139  43.244 0.0000000000
56266  -40.437  -17.680  41.770 0.0000000000
54952  -40.366  -19.595  41.130 0.0000000000
53416  -25.128  -20.752  62.581 0.0000000000
53432  -26.288  -20.761  61.079 0.0000000000
149645  -26.205  -22.424  61.208 0.0000000000
152799  -27.662  -26.672  58.798 0.0000000000
47418  -27.669  -26.033  58.689 0.0000000000
46368  -28.205  -27.129  57.296 0.0000000000
151556  -28.600  -27.410  56.009 0.0000000000
43989  -28.710  -28.005  56.155 0.0000000000
53655  -43.157  -21.376  41.384 0.0000000000
54978  -42.623  -20.011  39.855 0.0000000000
54968  -43.549  -19.954  40.961 0.0000000000
57578  -46.578  -17.388  39.931 0.0000000000
57587  -45.304  -17.324  39.087 0.0000000000
58855  -45.683  -16.898  37.521 0.0000000000
58834  -50.123  -16.920  40.562 0.0000000000
61143  -49.600  -15.037  38.814 0.0000000000
60048  -50.669  -15.188  39.835 0.0000000000
61145  -51.889  -13.531  38.731 0.0000000000
61127  -52.215  -14.496  40.349 0.0000000000
52219  -31.796  -21.382  57.099 0.0000000000
49829  -31.919  -23.337  57.292 0.0000000000
51077  -33.239  -22.364  56.105 0.0000000000
51097  -39.333  -23.400  55.797 0.0000000000
51066  -37.477  -23.468  57.323 0.0000000000
47467  -39.224  -25.102  56.221 0.0000000000
48663  -37.165  -24.736  55.439 0.0000000000
140370  -38.807  -24.848  54.596 0.0000000000
51166  -43.053  -22.863  50.490 0.0000000000
48734  -43.089  -24.281  51.254 0.0000000000
48765  -41.528  -25.422  49.567 0.0000000000
49992  -37.693  -24.813  47.382 0.0000000000
49954  -38.578  -24.646  48.967 0.0000000000
146418  -37.384  -23.747  48.860 0.0000000000
153484  -36.163  -23.323  50.288 0.0000000000
53648  -35.596  -20.638  40.733 0.0000000000
136083  -38.086  -19.204  57.308 0.0000000000
58621  -43.617  -17.073  55.156 0.0000000000
69647  -40.865  -6.864  48.705 0.0000000000
69661  -44.765  -7.013  47.133 0.0000000000
68408  -45.929  -8.804  46.935 0.0000000000
65821  -46.471  -10.248  45.151 0.0000000000
67079  -46.979  -9.829  46.876 0.0000000000
133620  -49.849  -12.271  48.635 0.0000000000
63288  -49.491  -12.532  46.470 0.0000000000
61037  -51.128  -14.430  47.136 0.0000000000
59961  -52.148  -16.366  45.903 0.0000000000
59939  -52.432  -15.734  47.325 0.0000000000
59942  -55.235  -15.466  45.817 0.0000000000
58769  -54.017  -16.582  45.305 0.0000000000
60007  -55.287  -15.506  44.076 0.0000000000
61117  -54.538  -15.113  41.707 0.0000000000
60032  -56.009  -15.344  42.876 0.0000000000
150208  -55.394  -10.096  44.511 0.0000000000
63355  -55.778  -12.614  42.084 0.0000000000
63337  -57.018  -12.895  42.868 0.0000000000
62236  -59.173  -13.097  41.641 0.0000000000
62245  -58.383  -14.109  40.362 0.0000000000
63378  -59.544  -13.001  39.960 0.0000000000
63389  -59.350  -12.266  38.422 0.0000000000
63380  -59.938  -11.521  39.905 0.0000000000
65931  -56.364  -10.224  38.785 0.0000000000
67181  -59.378  -9.576  38.691 0.0000000000
67202  -58.709  -8.882  38.156 0.0000000000
75317  -51.896  -2.390  38.685 0.0000000000
72167  -51.365  -5.219  38.912 0.0000000000
73180  -51.003  -4.272  38.445 0.0000000000
52238  -23.884  -21.548  55.264 0.0000000000
51104  -22.630  -22.516  54.362 0.0000000000
51134  -23.179  -22.008  53.090 0.0000000000
51150  -22.754  -22.509  51.793 0.0000000000
52305  -23.998  -21.503  51.795 0.0000000000
153181  -27.444  -21.244  57.117 0.0000000000
53477  -26.528  -20.065  57.051 0.0000000000
52240  -27.541  -21.261  55.634 0.0000000000
52291  -27.841  -21.692  52.595 0.0000000000
47527  -26.740  -24.770  51.387 0.0000000000
47410  -34.425  -26.032  59.917 0.0000000000
46340  -32.658  -27.320  60.467 0.0000000000
43957  -34.281  -27.766  58.626 0.0000000000
43998  -32.653  -29.004  56.075 0.0000000000
43984  -32.681  -29.222  57.308 0.0000000000
41684  -32.145  -30.243  56.004 0.0000000000
41699  -31.558  -30.470  55.547 0.0000000000
41712  -31.860  -30.841  54.924 0.0000000000
41730  -31.983  -31.093  53.143 0.0000000000
59958  -41.841  -14.880  45.420 0.0000000000
58759  -42.705  -15.889  44.186 0.0000000000
62165  -42.309  -13.366  45.612 0.0000000000
63305  -42.614  -12.348  44.536 0.0000000000
65842  -42.611  -10.875  43.820 0.0000000000
60970  -44.247  -14.827  51.517 0.0000000000
58672  -42.756  -16.682  51.124 0.0000000000
59897  -41.889  -15.071  50.123 0.0000000000
59895  -40.714  -16.006  48.687 0.0000000000
145693  -39.933  -16.868  47.374 0.0000000000
57503  -39.532  -17.523  45.335 0.0000000000
59937  -40.451  -15.768  46.375 0.0000000000
148684  -41.091  -15.132  46.099 0.0000000000
64713  -56.440  -10.988  35.266 0.0000000000
49757  -26.170  -23.867  63.225 0.0000000000
48591  -26.356  -24.738  61.958 0.0000000000
47384  -26.846  -25.313  62.147 0.0000000000
45146  -28.012  -27.014  60.345 0.0000000000
43954  -29.003  -27.828  59.346 0.0000000000
54867  -45.846  -20.087  45.212 0.0000000000
54937  -45.030  -20.045  43.129 0.0000000000
54938  -46.006  -19.329  43.548 0.0000000000
56285  -47.290  -18.058  41.616 0.0000000000
56296  -47.764  -17.726  40.791 0.0000000000
57601  -47.658  -17.250  39.347 0.0000000000
57581  -48.425  -17.676  40.629 0.0000000000
57572  -49.520  -18.179  41.390 0.0000000000
57574  -51.014  -18.164  42.320 0.0000000000
53516  -34.509  -20.241  54.600 0.0000000000
52244  -35.153  -21.345  54.886 0.0000000000
52262  -36.421  -20.957  54.115 0.0000000000
51108  -38.680  -22.104  54.961 0.0000000000
51110  -40.343  -23.352  54.612 0.0000000000
51197  -39.326  -23.331  47.536 0.0000000000
144764  -40.359  -25.642  47.969 0.0000000000
50006  -39.142  -25.497  46.111 0.0000000000
48805  -38.525  -26.173  45.809 0.0000000000
48803  -36.390  -24.912  45.440 0.0000000000
50011  -35.171  -24.219  45.512 0.0000000000
154270  -36.047  -25.730  44.105 0.0000000000
53663  -37.569  -20.471  39.126 0.0000000000
52454  -36.982  -21.159  36.763 0.0000000000
63250  -51.039  -12.149  50.065 0.0000000000
59907  -52.345  -14.826  48.705 0.0000000000
62125  -52.486  -13.592  49.119 0.0000000000
62140  -54.222  -13.492  47.511 0.0000000000
62154  -54.951  -13.209  46.745 0.0000000000
70990  -55.704  -6.700  42.796 0.0000000000
67107  -55.350  -9.594  43.792 0.0000000000
67114  -55.177  -8.940  43.096 0.0000000000
63368  -53.810  -12.149  41.591 0.0000000000
64635  -56.311  -11.615  40.560 0.0000000000
64655  -58.547  -11.205  40.582 0.0000000000
64653  -55.398  -11.263  39.885 0.0000000000
65908  -54.588  -10.957  39.351 0.0000000000
155928  -53.175  -10.590  38.545 0.0000000000
77507  -49.966  -0.633  37.455 0.0000000000
73194  -49.706  -4.434  37.677 0.0000000000
74260  -48.921  -3.966  37.198 0.0000000000
51038  -22.086  -22.205  59.025 0.0000000000
51059  -22.918  -22.827  57.540 0.0000000000
52203  -22.615  -21.649  58.411 0.0000000000
52216  -23.229  -21.238  57.055 0.0000000000
52228  -24.285  -20.773  55.555 0.0000000000
49858  -28.604  -23.471  55.712 0.0000000000
49869  -28.668  -22.976  54.708 0.0000000000
159778  -29.273  -23.943  53.903 0.0000000000
47500  -29.167  -25.006  51.970 0.0000000000
46430  -28.891  -26.021  50.923 0.0000000000
45243  -27.792  -26.873  50.021 0.0000000000
44053  -28.503  -28.118  49.856 0.0000000000
46387  -36.099  -26.354  57.539 0.0000000000
45187  -34.706  -27.619  58.644 0.0000000000
142200  -34.131  -26.637  57.002 0.0000000000
46400  -32.954  -26.482  55.723 0.0000000000
45207  -32.605  -27.726  54.857 0.0000000000
52441  -40.595  -21.711  38.982 0.0000000000
53681  -41.007  -21.226  38.941 0.0000000000
52417  -41.868  -22.084  40.635 0.0000000000
52404  -42.772  -21.711  42.561 0.0000000000
54890  -44.015  -20.077  44.471 0.0000000000
58760  -43.600  -15.950  44.206 0.0000000000
57525  -44.569  -18.144  44.792 0.0000000000
56215  -45.007  -19.091  45.251 0.0000000000
149165  -45.890  -16.784  45.150 0.0000000000
60001  -46.817  -15.504  43.854 0.0000000000
60027  -48.220  -14.992  42.941 0.0000000000
144360  -41.961  -18.538  53.346 0.0000000000
53541  -41.172  -20.280  52.332 0.0000000000
143715  -43.664  -20.379  52.238 0.0000000000
52327  -43.765  -21.524  51.077 0.0000000000
52338  -41.403  -21.581  49.847 0.0000000000
139927  -41.434  -18.896  50.225 0.0000000000
140636  -40.762  -20.004  49.596 0.0000000000
158414  -39.982  -22.093  48.734 0.0000000000
52357  -38.723  -22.262  47.359 0.0000000000
52377  -37.346  -22.504  45.393 0.0000000000
52397  -36.267  -22.005  43.928 0.0000000000
51228  -35.461  -22.968  42.212 0.0000000000
52402  -35.991  -21.282  43.284 0.0000000000
145625  -36.120  -20.331  41.976 0.0000000000
54949  -37.229  -19.353  41.533 0.0000000000
145713  -39.226  -17.782  43.691 0.0000000000
56264  -38.720  -18.326  42.461 0.0000000000
54964  -37.549  -19.486  40.637 0.0000000000
140077  -38.970  -20.413  40.033 0.0000000000
53652  -39.919  -21.316  40.049 0.0000000000
144762  -53.134  -3.345  39.633 0.0000000000
77493  -53.345  -0.567  40.329 0.0000000000
77492  -52.280  -0.259  39.912 0.0000000000
79781  -50.977  1.042  39.184 0.0000000000
79792  -50.779  1.247  38.277 0.0000000000
79807  -51.621  1.839  37.597 0.0000000000
55979  -24.738  -18.482  61.270 0.0000000000
56004  -25.128  -18.739  59.538 0.0000000000
54656  -25.849  -19.262  60.491 0.0000000000
52194  -27.256  -21.322  59.622 0.0000000000
51061  -27.904  -22.826  57.481 0.0000000000
48610  -27.366  -24.826  59.628 0.0000000000
146473  -27.702  -24.225  58.175 0.0000000000
49843  -28.307  -23.918  57.110 0.0000000000
47459  -28.894  -25.337  55.910 0.0000000000
133554  -29.296  -27.288  54.143 0.0000000000
44005  -29.410  -28.633  54.293 0.0000000000
148689  -41.773  -18.696  38.680 0.0000000000
57594  -42.172  -17.801  38.346 0.0000000000
56303  -44.535  -17.622  39.964 0.0000000000
62266  -53.057  -13.194  37.113 0.0000000000
62258  -54.148  -13.632  37.939 0.0000000000
51041  -29.970  -22.939  59.236 0.0000000000
48612  -30.301  -24.702  59.635 0.0000000000
48624  -30.740  -24.126  58.700 0.0000000000
48626  -32.816  -24.459  58.734 0.0000000000
48617  -35.593  -25.076  59.249 0.0000000000
51079  -35.480  -22.394  56.398 0.0000000000
49817  -36.742  -24.167  58.245 0.0000000000
47419  -36.651  -25.960  58.381 0.0000000000
47445  -36.354  -25.769  56.736 0.0000000000
48680  -35.285  -24.159  54.612 0.0000000000
136902  -34.788  -23.559  52.793 0.0000000000
51137  -41.561  -22.038  52.731 0.0000000000
48703  -41.706  -24.242  53.085 0.0000000000
48718  -40.779  -24.853  53.044 0.0000000000
48764  -40.484  -25.788  48.691 0.0000000000
48731  -39.603  -24.586  50.588 0.0000000000
153185  -38.830  -24.304  52.575 0.0000000000
49902  -37.243  -23.664  52.253 0.0000000000
134282  -35.778  -23.401  51.665 0.0000000000
51233  -34.720  -22.622  40.786 0.0000000000
65755  -42.709  -10.916  49.760 0.0000000000
67048  -41.623  -9.792  49.231 0.0000000000
52172  -21.561  -21.119  61.341 0.0000000000
55977  -22.818  -18.472  61.680 0.0000000000
134135  -24.432  -18.266  62.015 0.0000000000
54621  -25.071  -19.670  63.121 0.0000000000
52150  -27.313  -21.604  63.366 0.0000000000
50999  -27.846  -22.497  62.775 0.0000000000
51009  -29.000  -22.047  61.537 0.0000000000
52186  -30.497  -21.598  60.295 0.0000000000
137265  -31.242  -21.384  59.803 0.0000000000
53467  -32.433  -20.881  58.556 0.0000000000
53480  -33.174  -20.497  56.641 0.0000000000
54702  -34.861  -19.813  57.813 0.0000000000
54716  -34.831  -19.861  56.461 0.0000000000
54718  -36.261  -19.297  55.749 0.0000000000
56043  -38.209  -18.767  56.236 0.0000000000
56061  -40.049  -18.775  55.826 0.0000000000
138620  -41.580  -18.496  54.445 0.0000000000
56065  -43.154  -18.126  54.877 0.0000000000
57390  -44.261  -17.294  53.856 0.0000000000
148744  -43.500  -11.629  50.956 0.0000000000
67057  -41.083  -9.185  47.642 0.0000000000
68403  -41.550  -8.696  46.618 0.0000000000
68430  -43.452  -8.861  44.660 0.0000000000
72047  -42.795  -5.737  47.951 0.0000000000
68406  -44.288  -8.006  46.024 0.0000000000
67106  -45.012  -9.701  44.081 0.0000000000
65845  -46.317  -10.655  43.590 0.0000000000
63319  -47.713  -12.271  42.854 0.0000000000
62219  -49.066  -14.055  42.934 0.0000000000
64555  -48.501  -11.436  46.448 0.0000000000
157092  -49.205  -12.771  44.620 0.0000000000
60005  -50.413  -15.259  43.780 0.0000000000
57531  -51.270  -17.623  45.295 0.0000000000
54874  -52.068  -19.292  45.338 0.0000000000
57566  -52.092  -17.719  43.411 0.0000000000
58711  -53.240  -16.713  47.041 0.0000000000
57551  -53.075  -17.657  44.860 0.0000000000
58815  -52.393  -16.588  42.934 0.0000000000
134696  -53.176  -14.553  40.345 0.0000000000
61137  -53.841  -14.236  39.525 0.0000000000
141738  -54.931  -13.724  38.079 0.0000000000
155974  -55.013  -10.987  46.051 0.0000000000
62186  -56.576  -13.346  45.181 0.0000000000
63321  -54.910  -12.166  43.831 0.0000000000
62202  -56.685  -12.935  44.228 0.0000000000
61091  -57.660  -14.427  43.453 0.0000000000
61119  -57.410  -14.894  41.795 0.0000000000
62251  -56.334  -14.152  39.040 0.0000000000
62270  -56.172  -13.279  37.682 0.0000000000
63387  -56.895  -12.922  37.513 0.0000000000
64689  -57.915  -11.781  36.982 0.0000000000
64702  -57.954  -11.140  36.492 0.0000000000
65912  -59.704  -10.700  39.830 0.0000000000
65950  -60.008  -10.548  37.983 0.0000000000
65974  -59.435  -10.154  36.411 0.0000000000
71025  -51.655  -6.464  39.439 0.0000000000
67163  -51.146  -9.723  38.974 0.0000000000
65947  -52.821  -10.382  37.970 0.0000000000
69827  -49.704  -7.857  38.047 0.0000000000
67195  -51.323  -10.032  37.407 0.0000000000
67198  -54.302  -9.741  37.160 0.0000000000
49842  -22.429  -23.363  56.556 0.0000000000
135470  -25.138  -19.141  58.163 0.0000000000
53489  -25.618  -20.101  56.102 0.0000000000
53513  -24.976  -20.722  54.243 0.0000000000
52257  -27.824  -21.538  54.300 0.0000000000
138354  -26.489  -20.872  53.099 0.0000000000
53535  -25.078  -20.821  52.885 0.0000000000
52321  -25.077  -21.496  50.543 0.0000000000
46329  -30.644  -26.470  61.184 0.0000000000
45160  -30.721  -27.865  59.997 0.0000000000
148637  -30.084  -28.530  58.563 0.0000000000
43985  -33.267  -28.337  58.325 0.0000000000
43983  -31.473  -29.261  57.779 0.0000000000
42805  -29.963  -28.937  57.224 0.0000000000
42811  -29.830  -29.149  55.765 0.0000000000
42823  -29.729  -29.147  54.927 0.0000000000
42852  -30.409  -30.041  53.629 0.0000000000
45212  -32.612  -27.005  53.793 0.0000000000
44016  -32.696  -28.537  54.221 0.0000000000
42853  -32.683  -29.626  53.780 0.0000000000
41718  -31.922  -31.077  54.063 0.0000000000
151980  -31.536  -31.011  53.423 0.0000000000
41729  -30.156  -30.120  52.745 0.0000000000
156706  -42.616  -11.999  47.989 0.0000000000
145939  -42.387  -10.866  47.108 0.0000000000
65794  -42.440  -10.928  47.973 0.0000000000
64524  -42.931  -11.812  48.958 0.0000000000
62123  -42.886  -12.685  48.912 0.0000000000
63266  -42.869  -12.115  48.645 0.0000000000
63265  -42.428  -12.528  48.149 0.0000000000
62287  -53.985  -12.783  36.424 0.0000000000
63396  -54.631  -12.711  36.543 0.0000000000
143976  -54.841  -12.928  36.934 0.0000000000
49779  -28.672  -24.109  61.338 0.0000000000
48593  -29.060  -24.992  60.967 0.0000000000
55023  -39.031  -19.566  37.012 0.0000000000
56336  -39.139  -18.272  36.916 0.0000000000
56319  -39.691  -18.904  37.413 0.0000000000
57528  -48.626  -17.781  44.973 0.0000000000
57509  -48.297  -18.577  45.443 0.0000000000
56233  -49.041  -18.629  45.355 0.0000000000
54870  -49.614  -19.168  45.139 0.0000000000
57529  -49.626  -17.879  44.764 0.0000000000
56095  -38.859  -18.796  53.733 0.0000000000
54764  -38.920  -19.811  52.632 0.0000000000
54765  -39.671  -19.292  52.765 0.0000000000
51225  -36.425  -23.417  43.705 0.0000000000
50021  -37.185  -25.473  43.598 0.0000000000
53693  -39.469  -21.165  37.599 0.0000000000
55006  -38.931  -20.810  37.035 0.0000000000
146446  -38.588  -19.089  36.565 0.0000000000
72140  -54.137  -4.717  40.942 0.0000000000
69803  -53.435  -6.845  41.187 0.0000000000
71017  -53.712  -5.775  41.006 0.0000000000
69786  -52.625  -7.228  40.578 0.0000000000
71016  -52.861  -6.353  40.480 0.0000000000
54654  -22.948  -18.934  60.427 0.0000000000
54668  -22.982  -19.377  59.713 0.0000000000
155349  -29.526  -28.284  53.028 0.0000000000
45219  -29.438  -27.475  52.868 0.0000000000
44040  -29.469  -28.864  51.711 0.0000000000
42867  -29.711  -29.541  52.257 0.0000000000
49882  -34.077  -23.755  53.153 0.0000000000
48697  -33.433  -24.296  53.747 0.0000000000
48715  -33.282  -24.285  52.879 0.0000000000
58788  -42.428  -16.452  43.396 0.0000000000
64602  -43.566  -11.674  42.881 0.0000000000
63318  -44.115  -12.823  42.994 0.0000000000
63329  -44.574  -12.358  42.646 0.0000000000
63330  -45.390  -12.470  42.603 0.0000000000
64604  -45.075  -11.636  42.593 0.0000000000
58661  -44.545  -16.893  52.342 0.0000000000
57427  -44.251  -17.913  51.941 0.0000000000
58660  -44.300  -17.100  51.917 0.0000000000
56180  -39.722  -17.876  47.552 0.0000000000
54823  -39.662  -18.738  48.053 0.0000000000
54853  -39.140  -19.083  46.626 0.0000000000
54865  -38.928  -19.050  45.796 0.0000000000
54864  -38.481  -19.389  45.247 0.0000000000
56214  -39.283  -18.348  45.818 0.0000000000
58787  -41.366  -16.360  43.311 0.0000000000
57547  -40.552  -16.602  43.218 0.0000000000
58812  -41.059  -16.661  42.608 0.0000000000
149239  -41.217  -17.924  41.699 0.0000000000
52160  -24.923  -21.572  63.067 0.0000000000
149926  -25.630  -22.510  62.099 0.0000000000
45171  -28.019  -27.370  58.537 0.0000000000
45184  -27.916  -26.914  57.982 0.0000000000
45185  -28.233  -27.414  57.749 0.0000000000
45195  -28.428  -27.486  56.635 0.0000000000
43980  -28.499  -27.941  57.054 0.0000000000
53645  -43.556  -21.405  42.446 0.0000000000
153846  -44.228  -20.658  42.557 0.0000000000
57599  -46.602  -17.226  38.652 0.0000000000
57612  -46.155  -17.120  38.107 0.0000000000
58825  -50.493  -17.271  41.239 0.0000000000
58841  -50.003  -16.188  39.913 0.0000000000
58835  -50.711  -15.786  40.392 0.0000000000
60049  -51.362  -14.772  40.102 0.0000000000
60044  -51.460  -15.456  40.866 0.0000000000
53492  -32.817  -20.848  55.888 0.0000000000
51076  -32.179  -22.243  56.395 0.0000000000
52241  -32.918  -21.189  55.680 0.0000000000
48666  -39.807  -24.772  55.189 0.0000000000
49850  -39.333  -24.341  55.997 0.0000000000
47481  -39.420  -25.060  55.769 0.0000000000
48683  -39.329  -25.089  55.329 0.0000000000
48701  -39.759  -24.958  54.465 0.0000000000
51178  -42.035  -23.323  50.035 0.0000000000
49957  -42.658  -24.034  50.364 0.0000000000
49955  -41.316  -25.069  49.022 0.0000000000
159331  -37.158  -23.930  48.135 0.0000000000
49974  -36.261  -23.350  48.651 0.0000000000
49990  -35.422  -23.319  48.006 0.0000000000
53649  -36.300  -20.093  40.301 0.0000000000
53676  -35.939  -20.572  38.458 0.0000000000
140098  -46.614  -9.221  47.330 0.0000000000
145270  -50.606  -12.483  49.756 0.0000000000
63267  -50.040  -12.163  49.456 0.0000000000
63268  -50.461  -12.859  49.027 0.0000000000
63277  -49.996  -12.645  47.989 0.0000000000
62138  -50.570  -13.434  48.191 0.0000000000
61009  -51.264  -14.290  48.238 0.0000000000
59963  -55.637  -15.457  45.026 0.0000000000
59984  -55.018  -15.824  44.764 0.0000000000
152117  -55.401  -15.423  43.401 0.0000000000
60008  -56.205  -15.313  43.599 0.0000000000
140412  -55.324  -5.705  43.929 0.0000000000
69720  -55.646  -7.205  44.023 0.0000000000
69701  -55.498  -8.030  44.348 0.0000000000
157008  -55.737  -7.944  43.724 0.0000000000
63371  -57.584  -11.970  41.400 0.0000000000
63356  -57.243  -12.585  42.104 0.0000000000
63372  -58.898  -12.201  41.580 0.0000000000
62247  -59.349  -13.314  40.793 0.0000000000
63379  -59.677  -12.268  40.525 0.0000000000
63384  -59.817  -12.373  39.558 0.0000000000
64637  -59.230  -11.830  41.050 0.0000000000
67179  -56.969  -9.645  38.433 0.0000000000
67201  -57.511  -8.989  37.992 0.0000000000
67200  -56.399  -9.278  37.668 0.0000000000
75316  -51.243  -2.025  38.413 0.0000000000
74247  -51.148  -3.482  38.368 0.0000000000
138136  -51.233  -2.767  38.339 0.0000000000
48609  -22.096  -23.818  58.709 0.0000000000
52254  -23.808  -21.608  54.371 0.0000000000
51120  -23.177  -22.041  53.945 0.0000000000
52273  -23.761  -21.596  53.524 0.0000000000
52288  -23.838  -21.547  52.680 0.0000000000
52229  -27.798  -22.129  56.940 0.0000000000
141063  -27.553  -21.317  56.415 0.0000000000
135237  -28.070  -22.156  56.243 0.0000000000
48745  -27.388  -24.111  51.164 0.0000000000
46350  -35.089  -26.871  59.407 0.0000000000
46342  -34.286  -26.942  59.991 0.0000000000
45162  -34.763  -27.579  59.236 0.0000000000
42824  -32.449  -29.791  55.655 0.0000000000
41700  -32.179  -30.488  55.284 0.0000000000
61052  -42.114  -14.169  45.482 0.0000000000
138061  -42.318  -11.049  45.485 0.0000000000
64576  -42.439  -11.668  45.035 0.0000000000
64588  -42.444  -11.600  44.105 0.0000000000
65830  -42.345  -10.775  44.739 0.0000000000
60982  -43.624  -14.332  50.854 0.0000000000
59884  -43.583  -15.247  51.189 0.0000000000
60981  -42.845  -14.718  50.462 0.0000000000
61007  -41.309  -14.394  48.391 0.0000000000
60993  -41.485  -14.777  49.244 0.0000000000
59906  -40.979  -15.169  48.515 0.0000000000
58709  -40.288  -16.407  47.994 0.0000000000
59919  -40.582  -15.604  47.867 0.0000000000
58725  -39.946  -16.480  46.544 0.0000000000
153232  -40.653  -15.285  47.022 0.0000000000
61035  -41.563  -13.835  46.828 0.0000000000
61051  -41.531  -14.380  46.113 0.0000000000
140765  -41.392  -15.446  45.196 0.0000000000
63423  -53.432  -12.074  35.194 0.0000000000
64701  -56.830  -11.394  36.162 0.0000000000
49758  -26.762  -24.008  63.190 0.0000000000
48569  -26.566  -24.251  62.935 0.0000000000
48570  -27.006  -24.588  62.750 0.0000000000
46327  -29.057  -26.675  62.027 0.0000000000
46326  -28.331  -26.674  62.125 0.0000000000
46336  -28.802  -27.035  61.359 0.0000000000
45147  -28.881  -27.339  60.212 0.0000000000
150315  -29.559  -27.275  60.925 0.0000000000
58865  -39.576  -16.511  36.542 0.0000000000
56217  -46.339  -19.414  45.575 0.0000000000
137772  -45.850  -20.283  44.950 0.0000000000
54868  -46.591  -19.861  45.292 0.0000000000
54939  -47.101  -18.956  43.412 0.0000000000
56271  -47.724  -18.523  42.302 0.0000000000
56286  -48.172  -18.173  41.445 0.0000000000
56297  -48.347  -17.802  40.980 0.0000000000
56272  -48.627  -18.566  42.100 0.0000000000
54942  -50.119  -19.203  43.136 0.0000000000
56273  -49.735  -18.761  42.334 0.0000000000
56274  -50.310  -18.868  42.696 0.0000000000
56289  -50.561  -18.557  42.404 0.0000000000
161168  -50.799  -18.899  43.057 0.0000000000
54736  -35.472  -19.775  54.014 0.0000000000
53517  -35.164  -20.066  53.974 0.0000000000
53527  -35.978  -20.208  53.780 0.0000000000
52280  -38.536  -21.238  53.276 0.0000000000
52264  -38.174  -21.476  54.077 0.0000000000
52265  -39.165  -21.888  54.209 0.0000000000
51109  -39.613  -22.681  55.100 0.0000000000
51196  -38.882  -23.718  46.780 0.0000000000
49993  -39.573  -25.047  46.952 0.0000000000
48821  -37.676  -25.983  44.560 0.0000000000
149934  -38.257  -25.948  45.375 0.0000000000
48813  -37.460  -26.108  44.601 0.0000000000
48804  -37.590  -25.742  45.488 0.0000000000
48812  -36.171  -25.331  44.707 0.0000000000
48819  -37.015  -26.320  44.090 0.0000000000
53678  -38.029  -21.224  37.984 0.0000000000
53692  -37.492  -21.213  37.295 0.0000000000
52473  -37.788  -21.279  36.598 0.0000000000
64514  -51.193  -11.531  49.866 0.0000000000
63260  -52.166  -12.972  49.429 0.0000000000
64541  -53.225  -11.724  47.964 0.0000000000
63278  -53.786  -12.571  47.708 0.0000000000
63279  -54.584  -12.478  46.951 0.0000000000
156094  -55.328  -4.486  41.845 0.0000000000
74205  -55.370  -3.411  42.008 0.0000000000
72130  -55.454  -4.897  42.196 0.0000000000
71008  -55.434  -5.829  42.424 0.0000000000
69763  -55.721  -7.390  42.811 0.0000000000
69762  -55.257  -7.362  42.441 0.0000000000
65869  -52.556  -10.749  41.529 0.0000000000
64607  -52.977  -11.068  42.355 0.0000000000
64619  -52.871  -11.369  41.715 0.0000000000
63369  -54.816  -12.302  41.370 0.0000000000
142008  -54.042  -11.851  40.796 0.0000000000
64652  -54.351  -11.407  40.069 0.0000000000
65887  -52.177  -10.596  40.117 0.0000000000
150337  -53.590  -11.150  39.631 0.0000000000
65907  -52.935  -10.830  39.210 0.0000000000
65929  -53.819  -10.720  38.895 0.0000000000
78642  -49.807  0.154  37.066 0.0000000000
76421  -49.748  -1.371  37.188 0.0000000000
145990  -21.974  -21.543  59.831 0.0000000000
52193  -22.424  -21.211  59.172 0.0000000000
52204  -22.895  -20.946  57.829 0.0000000000
53487  -23.582  -20.560  56.708 0.0000000000
52227  -23.663  -21.314  56.164 0.0000000000
53488  -24.114  -20.306  56.225 0.0000000000
47477  -29.252  -24.948  55.140 0.0000000000
48676  -29.117  -23.911  54.793 0.0000000000
48677  -29.385  -24.645  53.981 0.0000000000
47501  -29.450  -25.670  52.486 0.0000000000
47515  -29.293  -25.772  51.571 0.0000000000
47514  -28.789  -25.271  51.381 0.0000000000
45244  -28.413  -27.205  49.942 0.0000000000
45245  -28.910  -27.699  50.421 0.0000000000
41754  -29.083  -29.918  50.240 0.0000000000
47444  -35.276  -25.752  56.647 0.0000000000
46386  -34.963  -26.458  57.328 0.0000000000
47443  -34.294  -25.985  56.431 0.0000000000
47480  -32.974  -25.391  54.887 0.0000000000
47461  -33.455  -25.731  55.595 0.0000000000
47460  -32.735  -26.093  55.068 0.0000000000
46399  -32.687  -26.989  55.339 0.0000000000
46409  -32.595  -26.686  54.459 0.0000000000
52416  -40.728  -21.936  40.087 0.0000000000
154856  -41.335  -22.062  40.141 0.0000000000
53643  -41.402  -21.535  41.360 0.0000000000
142565  -42.950  -19.780  43.326 0.0000000000
53633  -42.397  -21.118  42.622 0.0000000000
54936  -42.872  -20.653  43.191 0.0000000000
54914  -43.507  -20.637  43.812 0.0000000000
59960  -43.172  -14.703  44.638 0.0000000000
59976  -42.984  -15.286  44.542 0.0000000000
61069  -43.615  -14.370  44.454 0.0000000000
59978  -44.697  -15.517  44.459 0.0000000000
58761  -44.444  -16.167  44.466 0.0000000000
58740  -44.896  -17.177  44.905 0.0000000000
58762  -45.226  -16.369  44.850 0.0000000000
58741  -45.539  -17.388  45.296 0.0000000000
62217  -46.646  -13.345  42.530 0.0000000000
61088  -47.377  -14.860  43.060 0.0000000000
60002  -47.779  -15.581  43.450 0.0000000000
61105  -47.868  -14.314  42.631 0.0000000000
151159  -42.709  -18.740  52.963 0.0000000000
54768  -42.866  -19.399  52.531 0.0000000000
54769  -44.089  -19.487  52.278 0.0000000000
54795  -43.331  -19.818  50.993 0.0000000000
53559  -43.946  -20.979  51.519 0.0000000000
53558  -43.556  -20.784  50.859 0.0000000000
52326  -43.241  -21.729  50.585 0.0000000000
140021  -42.644  -20.917  50.441 0.0000000000
57441  -41.464  -17.423  50.349 0.0000000000
57442  -42.347  -17.413  50.895 0.0000000000
56165  -41.060  -18.203  50.027 0.0000000000
136078  -39.704  -19.627  48.403 0.0000000000
153837  -40.244  -19.551  49.116 0.0000000000
53574  -40.118  -20.289  49.004 0.0000000000
52350  -40.013  -21.208  48.921 0.0000000000
52349  -39.513  -21.566  48.357 0.0000000000
144376  -39.179  -22.125  47.892 0.0000000000
52358  -38.970  -21.071  47.759 0.0000000000
53593  -37.541  -21.251  45.841 0.0000000000
142878  -37.940  -21.556  46.473 0.0000000000
52388  -37.013  -21.413  45.138 0.0000000000
51215  -36.890  -22.352  44.904 0.0000000000
52387  -36.635  -21.647  44.508 0.0000000000
53604  -36.487  -21.018  43.921 0.0000000000
54912  -37.463  -19.559  43.384 0.0000000000
53617  -36.888  -19.988  42.985 0.0000000000
53632  -36.709  -19.826  42.219 0.0000000000
54933  -37.350  -19.304  42.467 0.0000000000
57490  -39.727  -16.955  45.867 0.0000000000
160671  -39.242  -18.018  45.025 0.0000000000
57522  -39.548  -17.430  44.362 0.0000000000
56265  -39.489  -17.941  42.010 0.0000000000
56248  -39.237  -17.789  42.880 0.0000000000
150227  -37.908  -19.065  41.089 0.0000000000
54950  -38.609  -18.916  41.046 0.0000000000
54965  -38.348  -19.494  40.540 0.0000000000
151122  -39.007  -19.482  40.586 0.0000000000
54966  -39.666  -20.118  40.587 0.0000000000
53653  -40.566  -21.148  40.842 0.0000000000
52415  -40.227  -21.752  39.270 0.0000000000
152423  -52.389  1.697  41.413 0.0000000000
158734  -52.039  2.432  40.951 0.0000000000
78618  -51.744  0.775  40.161 0.0000000000
79782  -51.586  1.728  40.127 0.0000000000
79793  -51.350  1.824  39.139 0.0000000000
80949  -51.841  2.259  38.633 0.0000000000
138012  -51.144  1.735  38.222 0.0000000000
80950  -52.567  2.160  37.852 0.0000000000
54646  -25.542  -19.111  61.355 0.0000000000
55980  -25.332  -18.766  60.718 0.0000000000
53443  -25.994  -19.861  61.228 0.0000000000
133960  -26.844  -22.154  60.337 0.0000000000
52184  -26.850  -21.007  60.422 0.0000000000
151977  -27.344  -22.252  59.507 0.0000000000
52206  -27.535  -21.781  58.656 0.0000000000
51039  -27.516  -22.866  58.912 0.0000000000
48601  -26.883  -24.805  60.924 0.0000000000
153168  -27.240  -24.809  60.255 0.0000000000
47430  -27.843  -25.679  57.942 0.0000000000
48640  -27.676  -24.927  58.035 0.0000000000
48649  -28.060  -24.847  57.463 0.0000000000
156206  -28.024  -24.330  57.624 0.0000000000
48650  -28.371  -24.646  56.875 0.0000000000
47442  -28.499  -25.349  56.552 0.0000000000
45201  -28.928  -27.925  55.396 0.0000000000
45205  -29.018  -27.150  55.168 0.0000000000
45206  -29.172  -27.955  54.624 0.0000000000
54977  -41.833  -20.534  39.427 0.0000000000
54991  -41.377  -19.862  38.853 0.0000000000
56301  -43.062  -18.792  39.622 0.0000000000
56307  -42.681  -18.281  38.985 0.0000000000
57595  -43.140  -17.554  38.409 0.0000000000
56283  -45.010  -18.303  41.710 0.0000000000
56293  -44.707  -17.851  40.861 0.0000000000
57627  -45.102  -17.046  37.223 0.0000000000
58839  -48.318  -17.257  39.658 0.0000000000
60053  -48.701  -15.838  38.736 0.0000000000
159202  -49.814  -14.230  38.435 0.0000000000
62254  -51.252  -12.940  37.648 0.0000000000
62255  -51.806  -13.271  38.010 0.0000000000
62256  -52.534  -13.365  37.934 0.0000000000
62257  -53.357  -13.518  37.875 0.0000000000
52195  -30.529  -22.367  58.702 0.0000000000
51051  -30.433  -23.293  58.617 0.0000000000
49827  -30.950  -23.368  58.146 0.0000000000
136887  -33.596  -23.462  57.535 0.0000000000
49813  -32.309  -23.907  57.993 0.0000000000
49814  -33.314  -23.896  58.137 0.0000000000
48627  -33.955  -24.241  59.018 0.0000000000
48628  -35.036  -24.242  59.040 0.0000000000
51094  -35.889  -21.977  55.692 0.0000000000
51093  -34.820  -21.919  55.550 0.0000000000
51080  -36.494  -22.413  56.667 0.0000000000
49833  -38.003  -24.420  57.304 0.0000000000
144401  -37.348  -24.101  57.725 0.0000000000
48631  -37.448  -24.949  57.831 0.0000000000
48630  -36.786  -25.129  58.381 0.0000000000
47432  -37.572  -25.515  57.574 0.0000000000
46388  -36.944  -26.107  57.329 0.0000000000
47446  -37.326  -25.729  56.791 0.0000000000
147121  -37.611  -24.430  54.691 0.0000000000
48681  -36.484  -24.192  54.722 0.0000000000
49871  -35.963  -23.914  54.044 0.0000000000
49870  -35.092  -23.679  53.588 0.0000000000
49884  -36.123  -23.668  53.349 0.0000000000
158675  -43.037  -21.038  52.206 0.0000000000
147288  -41.918  -21.064  52.262 0.0000000000
51138  -42.685  -22.830  52.515 0.0000000000
48733  -42.578  -25.045  51.074 0.0000000000
48719  -42.237  -24.507  52.169 0.0000000000
47504  -41.693  -24.869  52.060 0.0000000000
47492  -41.133  -24.796  52.916 0.0000000000
47503  -41.300  -24.974  52.119 0.0000000000
48782  -40.137  -26.016  47.718 0.0000000000
48783  -40.702  -25.637  48.695 0.0000000000
49935  -38.608  -24.128  50.025 0.0000000000
48748  -39.677  -25.278  49.364 0.0000000000
48716  -39.135  -24.287  51.734 0.0000000000
49903  -38.158  -23.950  51.989 0.0000000000
49920  -37.443  -23.650  51.394 0.0000000000
49932  -35.336  -23.286  50.407 0.0000000000
134097  -35.928  -23.342  51.006 0.0000000000
49918  -35.163  -23.325  51.199 0.0000000000
49931  -34.512  -23.322  50.570 0.0000000000
52408  -35.264  -21.815  41.992 0.0000000000
51231  -34.985  -22.680  41.512 0.0000000000
51017  -21.463  -21.818  60.641 0.0000000000
55964  -23.614  -18.030  62.091 0.0000000000
52142  -26.619  -21.509  63.687 0.0000000000
135565  -30.581  -21.176  61.098 0.0000000000
52187  -31.308  -21.048  60.680 0.0000000000
53468  -32.981  -20.582  57.790 0.0000000000
152765  -33.812  -20.292  58.490 0.0000000000
54687  -35.991  -19.512  58.681 0.0000000000
54703  -35.697  -19.516  57.372 0.0000000000
54717  -35.540  -19.562  56.113 0.0000000000
54704  -36.412  -19.202  56.977 0.0000000000
54720  -39.105  -19.283  57.452 0.0000000000
54719  -37.190  -18.959  56.582 0.0000000000
56060  -38.939  -18.572  55.460 0.0000000000
56044  -39.550  -19.083  56.616 0.0000000000
56062  -41.241  -18.935  55.797 0.0000000000
56063  -41.893  -18.851  56.003 0.0000000000
56080  -42.208  -18.628  55.348 0.0000000000
56064  -42.472  -18.437  55.419 0.0000000000
58635  -43.994  -17.245  54.497 0.0000000000
58636  -44.407  -16.836  54.062 0.0000000000
58647  -44.584  -16.842  53.483 0.0000000000
65756  -43.131  -11.244  50.347 0.0000000000
68377  -41.183  -8.940  49.563 0.0000000000
68386  -41.017  -9.178  48.519 0.0000000000
68376  -40.721  -8.386  48.966 0.0000000000
70899  -41.874  -6.697  47.752 0.0000000000
69677  -41.412  -8.143  47.224 0.0000000000
69678  -41.945  -7.831  46.811 0.0000000000
68416  -42.555  -8.609  45.418 0.0000000000
141748  -42.836  -7.542  46.563 0.0000000000
68407  -45.191  -8.238  46.519 0.0000000000
69679  -44.637  -7.619  46.652 0.0000000000
68418  -44.839  -8.579  45.694 0.0000000000
67087  -44.700  -8.912  45.113 0.0000000000
147272  -45.171  -9.381  44.875 0.0000000000
65832  -45.681  -10.309  43.692 0.0000000000
67099  -45.771  -9.960  44.632 0.0000000000
64566  -47.636  -11.165  45.118 0.0000000000
64577  -47.549  -11.241  44.130 0.0000000000
64592  -47.999  -11.889  43.621 0.0000000000
63320  -48.397  -12.603  43.193 0.0000000000
138812  -48.623  -12.321  44.129 0.0000000000
65757  -48.935  -10.315  49.856 0.0000000000
65795  -47.656  -10.237  47.313 0.0000000000
65796  -48.382  -10.612  47.746 0.0000000000
62167  -49.907  -13.189  46.001 0.0000000000
63298  -49.351  -12.634  45.522 0.0000000000
62184  -49.776  -13.282  45.017 0.0000000000
62185  -50.233  -14.007  44.413 0.0000000000
61072  -50.926  -14.950  44.420 0.0000000000
59982  -50.914  -15.676  44.279 0.0000000000
59983  -51.584  -15.883  44.900 0.0000000000
58744  -52.275  -17.800  46.364 0.0000000000
57510  -51.824  -18.365  46.031 0.0000000000
56223  -52.204  -18.969  45.687 0.0000000000
56252  -52.048  -19.096  44.633 0.0000000000
57550  -52.498  -18.314  44.487 0.0000000000
59908  -52.896  -15.169  48.284 0.0000000000
59922  -53.025  -16.020  47.579 0.0000000000
59923  -53.389  -15.773  47.656 0.0000000000
58794  -53.551  -16.426  44.246 0.0000000000
58768  -53.558  -17.127  45.117 0.0000000000
58793  -52.769  -17.137  43.953 0.0000000000
60029  -53.042  -15.718  42.897 0.0000000000
156012  -52.568  -15.509  42.118 0.0000000000
60038  -53.669  -15.263  42.352 0.0000000000
144828  -55.359  -14.992  41.192 0.0000000000
61128  -54.111  -14.687  40.266 0.0000000000
61138  -54.705  -14.386  39.561 0.0000000000
61148  -54.403  -13.989  38.752 0.0000000000
61149  -55.295  -14.132  38.857 0.0000000000
65823  -55.279  -10.401  45.314 0.0000000000
64568  -55.292  -11.469  45.682 0.0000000000
63299  -56.042  -12.951  45.637 0.0000000000
140866  -55.680  -12.128  45.362 0.0000000000
64593  -54.427  -11.790  43.746 0.0000000000
65848  -54.890  -10.794  44.054 0.0000000000
139808  -54.934  -12.457  43.430 0.0000000000
63338  -58.190  -13.151  42.723 0.0000000000
62220  -56.847  -12.970  43.637 0.0000000000
62221  -57.831  -13.462  43.387 0.0000000000
62203  -57.412  -13.608  44.062 0.0000000000
61109  -57.855  -14.824  42.668 0.0000000000
61120  -58.383  -14.390  42.063 0.0000000000
62252  -58.702  -13.587  39.657 0.0000000000
141210  -57.502  -14.007  39.294 0.0000000000
62259  -56.750  -13.715  38.418 0.0000000000
62271  -57.086  -13.281  37.976 0.0000000000
63398  -56.196  -12.709  37.151 0.0000000000
64679  -58.427  -12.108  37.502 0.0000000000
64690  -58.730  -11.471  37.125 0.0000000000
150107  -57.558  -10.797  39.940 0.0000000000
65911  -58.759  -10.607  40.014 0.0000000000
67182  -60.018  -9.967  38.425 0.0000000000
154384  -60.052  -9.938  37.708 0.0000000000
65962  -59.882  -10.297  37.088 0.0000000000
74233  -52.912  -2.815  39.410 0.0000000000
72155  -52.592  -5.007  39.807 0.0000000000
73168  -51.978  -4.562  39.226 0.0000000000
69817  -51.031  -6.880  39.046 0.0000000000
68528  -50.916  -7.859  39.057 0.0000000000
68511  -50.913  -8.890  39.088 0.0000000000
158306  -51.405  -10.133  38.858 0.0000000000
65927  -51.183  -10.093  38.329 0.0000000000
72181  -49.607  -5.368  37.753 0.0000000000
72166  -50.121  -5.877  38.221 0.0000000000
71052  -49.461  -6.270  37.738 0.0000000000
146643  -51.895  -9.886  36.776 0.0000000000
67197  -53.250  -10.005  37.256 0.0000000000
160364  -22.939  -22.968  56.955 0.0000000000
51073  -22.913  -22.786  56.203 0.0000000000
49868  -22.048  -22.934  53.883 0.0000000000
49856  -22.151  -23.049  54.745 0.0000000000
49896  -22.142  -22.978  52.222 0.0000000000
51162  -23.637  -22.130  50.369 0.0000000000
51161  -22.903  -22.570  50.878 0.0000000000
51174  -23.909  -22.363  49.428 0.0000000000
156854  -25.700  -19.077  58.981 0.0000000000
56013  -24.787  -18.891  58.831 0.0000000000
54685  -26.016  -19.354  58.099 0.0000000000
53490  -26.367  -20.227  56.329 0.0000000000
54715  -25.875  -19.762  56.801 0.0000000000
53501  -25.420  -20.347  55.476 0.0000000000
53514  -25.584  -20.553  54.829 0.0000000000
51107  -28.547  -22.518  53.840 0.0000000000
51106  -28.328  -22.177  54.612 0.0000000000
52258  -28.224  -21.917  53.873 0.0000000000
133584  -27.203  -21.407  52.019 0.0000000000
136017  -27.133  -21.190  52.865 0.0000000000
52290  -26.451  -20.971  52.376 0.0000000000
53536  -25.837  -20.736  52.907 0.0000000000
133451  -25.563  -20.902  52.020 0.0000000000
52306  -24.845  -21.214  51.409 0.0000000000
52307  -25.744  -21.240  51.019 0.0000000000
44064  -27.594  -28.467  49.466 0.0000000000
45257  -27.166  -27.616  49.775 0.0000000000
48613  -31.204  -24.875  59.416 0.0000000000
48603  -30.825  -25.397  60.305 0.0000000000
139228  -31.413  -26.082  60.816 0.0000000000
45150  -32.522  -27.990  60.207 0.0000000000
137649  -31.834  -27.415  60.618 0.0000000000
45161  -31.709  -27.957  60.233 0.0000000000
155052  -30.651  -28.299  59.116 0.0000000000
43956  -31.580  -28.322  59.258 0.0000000000
45186  -33.622  -27.809  58.071 0.0000000000
43992  -33.044  -28.588  57.658 0.0000000000
42814  -32.162  -29.898  56.787 0.0000000000
42800  -32.214  -29.404  57.538 0.0000000000
42807  -31.758  -29.687  57.215 0.0000000000
42806  -30.961  -29.429  57.227 0.0000000000
42812  -30.475  -29.492  56.443 0.0000000000
41711  -31.239  -30.517  54.961 0.0000000000
150840  -30.637  -29.874  55.473 0.0000000000
42837  -30.515  -29.940  54.517 0.0000000000
42836  -29.834  -29.318  54.004 0.0000000000
45220  -32.686  -26.988  53.108 0.0000000000
45213  -32.754  -27.749  53.550 0.0000000000
42854  -33.188  -29.153  53.053 0.0000000000
41713  -32.217  -30.686  54.465 0.0000000000
41719  -32.308  -30.727  53.592 0.0000000000
40667  -31.281  -31.191  52.346 0.0000000000
144158  -30.857  -30.758  53.130 0.0000000000
41745  -30.421  -30.782  52.272 0.0000000000
62151  -42.019  -13.057  46.575 0.0000000000
160018  -42.359  -12.839  46.045 0.0000000000
64553  -42.443  -11.510  46.745 0.0000000000
147323  -41.786  -10.360  46.756 0.0000000000
63248  -43.471  -12.602  50.303 0.0000000000
60995  -43.062  -13.851  50.087 0.0000000000
62107  -42.676  -13.447  49.279 0.0000000000
61008  -41.854  -13.920  48.908 0.0000000000
62121  -41.620  -13.732  48.226 0.0000000000
61021  -41.328  -14.075  47.640 0.0000000000
62137  -41.834  -13.219  47.626 0.0000000000
62278  -52.958  -12.838  36.460 0.0000000000
62286  -53.334  -12.697  36.215 0.0000000000
63407  -53.687  -12.446  35.896 0.0000000000
140732  -54.012  -12.136  35.558 0.0000000000
63424  -54.601  -11.971  35.574 0.0000000000
63409  -55.003  -12.286  36.133 0.0000000000
49769  -27.944  -23.394  62.547 0.0000000000
48582  -27.979  -25.219  62.294 0.0000000000
48592  -28.587  -25.087  61.843 0.0000000000
148692  -29.097  -25.669  61.912 0.0000000000
46328  -29.830  -26.460  61.523 0.0000000000
57508  -47.464  -18.598  45.589 0.0000000000
56218  -47.086  -19.347  45.595 0.0000000000
141781  -47.942  -19.165  45.461 0.0000000000
54894  -48.047  -19.445  44.758 0.0000000000
54918  -48.713  -19.234  43.862 0.0000000000
54941  -49.261  -18.947  42.839 0.0000000000
54895  -49.172  -19.318  44.609 0.0000000000
54896  -50.201  -19.390  44.635 0.0000000000
54871  -50.635  -19.180  45.163 0.0000000000
54738  -37.186  -19.376  53.967 0.0000000000
54748  -36.647  -19.951  53.593 0.0000000000
54749  -37.632  -19.777  53.304 0.0000000000
160203  -38.663  -20.356  52.673 0.0000000000
157948  -39.973  -21.061  52.686 0.0000000000
51206  -37.911  -24.002  45.373 0.0000000000
50005  -38.512  -25.477  45.508 0.0000000000
50015  -37.644  -25.561  44.219 0.0000000000
142030  -37.028  -26.271  43.353 0.0000000000
47585  -36.804  -26.407  43.440 0.0000000000
47597  -36.722  -26.404  42.860 0.0000000000
47630  -35.771  -26.174  41.685 0.0000000000
52439  -39.007  -21.563  37.860 0.0000000000
160060  -38.332  -21.408  36.882 0.0000000000
53707  -38.175  -21.158  36.609 0.0000000000
71007  -54.964  -5.991  42.034 0.0000000000
68479  -54.497  -7.859  42.226 0.0000000000
140589  -53.606  -7.768  41.668 0.0000000000
68477  -52.918  -8.672  41.518 0.0000000000
67125  -52.453  -9.710  41.362 0.0000000000
64632  -52.512  -11.080  40.882 0.0000000000
67145  -52.222  -10.375  40.748 0.0000000000
153639  -52.033  -9.592  40.666 0.0000000000
68498  -51.756  -8.993  40.258 0.0000000000
53455  -22.687  -20.029  59.626 0.0000000000
154668  -22.643  -20.481  59.256 0.0000000000
53456  -22.942  -19.821  58.962 0.0000000000
54683  -23.496  -19.458  58.480 0.0000000000
54698  -23.653  -19.649  57.732 0.0000000000
46414  -29.398  -26.633  53.318 0.0000000000
47490  -29.424  -25.601  53.559 0.0000000000
137856  -29.395  -27.230  51.901 0.0000000000
45230  -29.275  -27.425  51.158 0.0000000000
148657  -29.256  -28.200  51.212 0.0000000000
41755  -29.658  -30.537  50.837 0.0000000000
48679  -34.325  -24.455  54.942 0.0000000000
149035  -33.641  -24.445  54.474 0.0000000000
48678  -32.935  -24.892  54.301 0.0000000000
156915  -32.557  -25.372  53.746 0.0000000000
56267  -41.523  -18.876  41.822 0.0000000000
54935  -41.673  -20.230  42.042 0.0000000000
56249  -42.805  -18.546  42.978 0.0000000000
57549  -43.377  -17.787  43.495 0.0000000000
62197  -43.745  -13.239  43.795 0.0000000000
62183  -44.115  -13.946  44.120 0.0000000000
61085  -44.900  -14.167  43.820 0.0000000000
61071  -45.160  -14.890  44.166 0.0000000000
60000  -45.943  -15.110  44.089 0.0000000000
61086  -45.669  -14.388  43.533 0.0000000000
62216  -45.780  -13.182  42.650 0.0000000000
63331  -46.230  -12.604  42.539 0.0000000000
56099  -44.221  -17.892  52.875 0.0000000000
54770  -44.296  -19.086  52.152 0.0000000000
146633  -44.350  -18.776  52.109 0.0000000000
56148  -43.891  -19.324  51.606 0.0000000000
56147  -43.021  -18.909  51.140 0.0000000000
57454  -40.395  -17.368  48.898 0.0000000000
56164  -40.476  -18.154  49.301 0.0000000000
53581  -39.297  -20.127  47.807 0.0000000000
54840  -38.808  -20.127  47.065 0.0000000000
53594  -38.060  -20.168  45.610 0.0000000000
141500  -37.494  -20.474  45.082 0.0000000000
54863  -37.988  -19.865  44.956 0.0000000000
154701  -38.147  -19.442  44.574 0.0000000000
54889  -38.057  -19.158  43.869 0.0000000000
57523  -40.110  -16.791  43.942 0.0000000000
57561  -39.819  -17.413  42.395 0.0000000000
56281  -39.918  -18.470  41.410 0.0000000000
56282  -40.775  -18.605  41.481 0.0000000000
53431  -25.656  -20.696  61.799 0.0000000000
47407  -27.481  -26.072  59.506 0.0000000000
143424  -27.493  -25.512  59.237 0.0000000000
151955  -28.066  -26.716  57.674 0.0000000000
159970  -28.199  -26.692  57.266 0.0000000000
143890  -28.338  -26.225  56.834 0.0000000000
46384  -28.335  -26.953  56.689 0.0000000000
146973  -29.267  -28.505  55.582 0.0000000000
53654  -42.588  -21.616  40.696 0.0000000000
54967  -42.903  -20.638  40.530 0.0000000000
54979  -43.300  -19.356  40.239 0.0000000000
56302  -43.748  -18.129  39.864 0.0000000000
57577  -45.518  -17.370  39.971 0.0000000000
57588  -46.223  -17.312  39.110 0.0000000000
57611  -45.508  -17.177  37.838 0.0000000000
134565  -49.646  -16.975  40.205 0.0000000000
60054  -49.397  -15.993  39.335 0.0000000000
60055  -50.180  -15.126  39.346 0.0000000000
61144  -50.378  -14.234  38.781 0.0000000000
136681  -51.124  -13.520  38.503 0.0000000000
61134  -51.067  -14.215  39.340 0.0000000000
61135  -52.035  -13.925  39.592 0.0000000000
137960  -31.265  -21.892  57.512 0.0000000000
151141  -31.397  -22.444  57.309 0.0000000000
52218  -31.686  -22.060  56.778 0.0000000000
149752  -32.669  -22.436  56.300 0.0000000000
157163  -34.280  -23.116  57.310 0.0000000000
51081  -38.672  -22.900  56.250 0.0000000000
143189  -37.392  -22.721  56.821 0.0000000000
49849  -38.886  -23.901  56.361 0.0000000000
49834  -38.576  -24.372  56.810 0.0000000000
47448  -38.752  -25.176  56.675 0.0000000000
47465  -37.857  -25.354  56.158 0.0000000000
48664  -38.363  -25.042  55.427 0.0000000000
48699  -37.931  -24.229  53.822 0.0000000000
145368  -43.618  -23.106  51.208 0.0000000000
49905  -43.436  -23.448  51.445 0.0000000000
49936  -43.096  -24.136  50.744 0.0000000000
48767  -42.601  -24.720  50.464 0.0000000000
47539  -41.667  -25.643  50.044 0.0000000000
48781  -38.725  -25.804  47.330 0.0000000000
151565  -38.997  -25.614  48.034 0.0000000000
49975  -38.060  -24.634  48.174 0.0000000000
49953  -37.647  -23.685  49.676 0.0000000000
49934  -37.629  -23.629  50.543 0.0000000000
49952  -36.646  -23.353  49.558 0.0000000000
49951  -35.657  -23.257  49.618 0.0000000000
53641  -35.580  -20.897  41.592 0.0000000000
52188  -32.126  -20.729  60.227 0.0000000000
53446  -32.701  -20.052  60.961 0.0000000000
54688  -37.025  -19.383  58.699 0.0000000000
54705  -37.435  -19.391  57.849 0.0000000000
160740  -43.087  -17.612  55.397 0.0000000000
70849  -40.848  -6.688  49.849 0.0000000000
70866  -40.713  -7.066  49.267 0.0000000000
70867  -40.946  -6.218  49.234 0.0000000000
70881  -41.353  -6.385  48.371 0.0000000000
70882  -42.028  -5.996  48.076 0.0000000000
69680  -45.173  -7.654  47.045 0.0000000000
67077  -45.516  -9.033  46.150 0.0000000000
67089  -45.862  -9.637  45.572 0.0000000000
67078  -46.245  -9.460  46.502 0.0000000000
65810  -46.684  -10.037  46.025 0.0000000000
64554  -47.778  -11.066  46.030 0.0000000000
65758  -49.499  -10.775  50.124 0.0000000000
65778  -49.253  -10.943  49.261 0.0000000000
64525  -49.027  -11.095  48.244 0.0000000000
63287  -49.132  -11.895  46.874 0.0000000000
139235  -49.599  -12.412  47.255 0.0000000000
62152  -50.175  -13.035  47.092 0.0000000000
61053  -51.051  -14.459  45.980 0.0000000000
61054  -51.615  -15.277  45.451 0.0000000000
61038  -51.727  -15.139  46.671 0.0000000000
148861  -52.223  -15.862  46.359 0.0000000000
59940  -52.677  -16.849  46.865 0.0000000000
61024  -54.081  -15.272  47.468 0.0000000000
58712  -53.918  -16.192  47.038 0.0000000000
59962  -54.629  -16.090  45.454 0.0000000000
58795  -54.307  -16.092  44.613 0.0000000000
60006  -54.498  -15.531  43.796 0.0000000000
60031  -54.790  -15.344  42.737 0.0000000000
61108  -55.610  -15.151  42.051 0.0000000000
143288  -54.728  -8.038  45.071 0.0000000000
67091  -55.449  -9.466  44.568 0.0000000000
157388  -55.413  -10.652  44.816 0.0000000000
63336  -55.510  -12.739  42.930 0.0000000000
63357  -58.462  -12.721  42.049 0.0000000000
62235  -58.784  -13.669  42.157 0.0000000000
62246  -58.936  -13.985  41.438 0.0000000000
63383  -59.043  -13.069  38.994 0.0000000000
63388  -57.990  -12.865  37.944 0.0000000000
64668  -60.031  -11.717  39.185 0.0000000000
65932  -57.639  -10.163  39.250 0.0000000000
67180  -58.220  -9.481  38.705 0.0000000000
67203  -59.771  -9.213  37.910 0.0000000000
74248  -52.041  -3.036  38.721 0.0000000000
134615  -51.659  -3.909  38.741 0.0000000000
153457  -50.979  -4.913  38.585 0.0000000000
71038  -50.602  -6.425  38.598 0.0000000000
69834  -48.487  -7.567  37.153 0.0000000000
144878  -48.989  -8.252  37.421 0.0000000000
48639  -21.954  -24.049  56.978 0.0000000000
51089  -23.388  -22.159  55.793 0.0000000000
51088  -22.759  -22.613  55.276 0.0000000000
51105  -23.304  -22.105  54.845 0.0000000000
51119  -22.588  -22.473  53.495 0.0000000000
51133  -22.638  -22.473  52.652 0.0000000000
51151  -23.281  -21.994  52.229 0.0000000000
140209  -23.437  -22.016  51.330 0.0000000000
52320  -24.209  -21.610  50.890 0.0000000000
145045  -26.733  -20.013  57.883 0.0000000000
158726  -26.991  -20.551  57.302 0.0000000000
53491  -26.986  -20.622  56.662 0.0000000000
156751  -26.857  -20.788  55.235 0.0000000000
150216  -28.446  -22.973  52.363 0.0000000000
51136  -28.258  -22.335  52.431 0.0000000000
51135  -27.849  -21.977  51.799 0.0000000000
52323  -26.583  -21.678  50.571 0.0000000000
49947  -26.934  -23.175  49.714 0.0000000000
48744  -26.890  -24.069  50.732 0.0000000000
46439  -26.361  -25.446  51.496 0.0000000000
47409  -32.925  -25.405  60.122 0.0000000000
47399  -32.443  -25.966  60.536 0.0000000000
47400  -33.494  -26.125  60.387 0.0000000000
45151  -33.338  -27.962  60.017 0.0000000000
43945  -33.158  -28.280  59.580 0.0000000000
156299  -32.764  -28.259  56.457 0.0000000000
43991  -32.910  -28.979  56.900 0.0000000000
134654  -32.439  -29.591  56.492 0.0000000000
41683  -31.884  -30.312  56.117 0.0000000000
41682  -31.259  -30.104  56.084 0.0000000000
156170  -31.995  -30.601  55.596 0.0000000000
41731  -32.699  -30.659  52.757 0.0000000000
152598  -41.629  -15.878  44.268 0.0000000000
59975  -42.187  -15.339  44.765 0.0000000000
59959  -42.559  -14.727  44.963 0.0000000000
62166  -42.861  -14.033  44.945 0.0000000000
63296  -42.521  -12.521  45.515 0.0000000000
62181  -42.751  -13.177  44.867 0.0000000000
63306  -43.054  -12.857  44.161 0.0000000000
63316  -42.688  -12.190  43.823 0.0000000000
64589  -42.839  -11.646  43.462 0.0000000000
149606  -43.312  -10.929  43.227 0.0000000000
59870  -44.336  -15.712  51.725 0.0000000000
58673  -43.721  -16.317  51.476 0.0000000000
59883  -42.495  -15.737  50.846 0.0000000000
58684  -41.166  -16.662  49.990 0.0000000000
160401  -41.384  -15.425  49.663 0.0000000000
58683  -40.718  -16.697  49.217 0.0000000000
58697  -40.418  -16.739  48.583 0.0000000000
57467  -40.086  -17.208  48.161 0.0000000000
57478  -39.683  -17.355  46.683 0.0000000000
57489  -39.553  -17.720  46.065 0.0000000000
58738  -40.256  -16.240  45.724 0.0000000000
58739  -40.772  -15.678  45.665 0.0000000000
58758  -40.782  -15.999  44.969 0.0000000000
64712  -55.031  -11.504  34.831 0.0000000000
49756  -25.632  -23.558  63.145 0.0000000000
51018  -25.526  -23.356  62.651 0.0000000000
48590  -26.093  -24.164  62.572 0.0000000000
47395  -27.246  -25.602  60.914 0.0000000000
46315  -27.661  -25.899  62.155 0.0000000000
161159  -27.517  -26.131  61.244 0.0000000000
47396  -27.370  -25.998  60.548 0.0000000000
146541  -27.730  -27.063  59.317 0.0000000000
45159  -28.211  -27.469  59.356 0.0000000000
45172  -28.523  -27.874  58.748 0.0000000000
53607  -45.034  -20.786  44.595 0.0000000000
53621  -44.809  -20.859  43.947 0.0000000000
54915  -45.432  -20.323  44.265 0.0000000000
54955  -45.282  -18.860  42.362 0.0000000000
56269  -45.760  -18.826  42.803 0.0000000000
54893  -46.955  -19.867  44.973 0.0000000000
56270  -46.670  -18.563  42.596 0.0000000000
56284  -46.060  -17.927  42.002 0.0000000000
56295  -46.930  -17.664  40.798 0.0000000000
57579  -47.380  -17.471  40.015 0.0000000000
57600  -47.136  -17.251  38.973 0.0000000000
58845  -47.357  -17.020  38.715 0.0000000000
57590  -47.515  -17.345  39.605 0.0000000000
57591  -48.027  -17.473  39.971 0.0000000000
57592  -48.653  -17.550  40.268 0.0000000000
160871  -49.199  -18.588  42.012 0.0000000000
56287  -49.355  -18.414  41.683 0.0000000000
57582  -49.016  -17.803  40.888 0.0000000000
57583  -49.783  -17.747  41.024 0.0000000000
57573  -50.341  -18.117  41.661 0.0000000000
142541  -51.017  -17.397  41.859 0.0000000000
53505  -33.949  -20.366  55.135 0.0000000000
52242  -33.420  -21.205  55.374 0.0000000000
52260  -34.694  -20.614  54.572 0.0000000000
52245  -36.184  -21.490  54.893 0.0000000000
52278  -36.865  -20.506  53.615 0.0000000000
52263  -37.277  -21.218  54.016 0.0000000000
51096  -38.095  -22.205  55.632 0.0000000000
152936  -38.969  -22.605  55.670 0.0000000000
51098  -39.811  -23.543  55.223 0.0000000000
48685  -40.142  -24.662  54.622 0.0000000000
51189  -40.329  -23.271  48.711 0.0000000000
49976  -40.811  -24.901  48.489 0.0000000000
149257  -40.117  -24.575  47.856 0.0000000000
49994  -39.935  -25.879  47.254 0.0000000000
47559  -39.266  -26.269  46.321 0.0000000000
48814  -38.926  -26.254  45.856 0.0000000000
47567  -38.988  -26.485  46.002 0.0000000000
48793  -38.487  -26.017  46.510 0.0000000000
48792  -37.512  -25.212  46.475 0.0000000000
50004  -36.490  -24.449  46.366 0.0000000000
50003  -35.456  -23.862  46.327 0.0000000000
48811  -34.872  -24.709  44.737 0.0000000000
48818  -35.271  -25.516  43.915 0.0000000000
47584  -36.043  -26.309  43.254 0.0000000000
158320  -36.816  -20.079  39.713 0.0000000000
53677  -36.932  -20.622  38.287 0.0000000000
52492  -36.124  -20.954  35.996 0.0000000000
53706  -37.380  -21.052  36.094 0.0000000000
53724  -36.616  -20.863  35.725 0.0000000000
152238  -50.611  -11.844  50.067 0.0000000000
62109  -50.994  -13.187  49.768 0.0000000000
61010  -51.752  -14.391  48.977 0.0000000000
62110  -51.594  -13.746  49.389 0.0000000000
156396  -52.458  -14.257  49.024 0.0000000000
61011  -52.944  -14.648  48.649 0.0000000000
64528  -52.398  -12.065  48.886 0.0000000000
63269  -52.960  -12.861  48.602 0.0000000000
144985  -54.051  -14.489  47.714 0.0000000000
61039  -54.820  -14.271  46.970 0.0000000000
61040  -55.595  -14.539  46.204 0.0000000000
61055  -56.079  -14.760  45.447 0.0000000000
70969  -55.816  -6.654  43.066 0.0000000000
68441  -55.698  -8.218  43.396 0.0000000000
68458  -55.738  -8.104  43.069 0.0000000000
65858  -54.323  -10.156  43.372 0.0000000000
65847  -53.713  -11.337  43.220 0.0000000000
67113  -53.779  -9.482  42.624 0.0000000000
65857  -53.413  -10.532  42.764 0.0000000000
63353  -53.759  -12.193  42.404 0.0000000000
63354  -54.563  -12.489  42.169 0.0000000000
63370  -56.075  -12.240  41.301 0.0000000000
64636  -57.443  -11.381  40.539 0.0000000000
64654  -56.464  -11.054  39.872 0.0000000000
65909  -55.651  -10.670  39.196 0.0000000000
154248  -55.496  -10.273  38.528 0.0000000000
65949  -54.931  -10.067  37.967 0.0000000000
76422  -50.434  -1.496  37.911 0.0000000000
75327  -50.530  -2.378  37.987 0.0000000000
159514  -50.017  -2.028  37.522 0.0000000000
74261  -49.785  -3.486  37.543 0.0000000000
73193  -48.904  -4.903  37.358 0.0000000000
133822  -22.148  -23.112  58.764 0.0000000000
51049  -22.600  -22.590  58.202 0.0000000000
51060  -23.024  -21.998  57.657 0.0000000000
147678  -22.741  -20.666  58.625 0.0000000000
52239  -24.389  -21.072  54.743 0.0000000000
51090  -28.367  -22.603  55.557 0.0000000000
48695  -29.214  -24.038  53.236 0.0000000000
48713  -29.354  -24.822  52.871 0.0000000000
48712  -28.928  -24.215  52.379 0.0000000000
46441  -28.343  -26.380  50.450 0.0000000000
45258  -27.958  -27.736  49.583 0.0000000000
42889  -28.558  -29.157  49.890 0.0000000000
46359  -35.764  -26.834  58.508 0.0000000000
45188  -35.276  -27.330  58.728 0.0000000000
142699  -35.483  -26.960  58.314 0.0000000000
46370  -34.381  -27.141  57.847 0.0000000000
46369  -33.545  -27.221  57.145 0.0000000000
46385  -33.500  -26.534  56.320 0.0000000000
146647  -32.885  -27.303  56.278 0.0000000000
45196  -32.615  -27.984  55.715 0.0000000000
53680  -40.100  -21.391  38.248 0.0000000000
54990  -40.573  -20.309  38.376 0.0000000000
52442  -41.167  -21.850  39.347 0.0000000000
52427  -41.636  -21.998  39.884 0.0000000000
52428  -42.189  -21.962  40.446 0.0000000000
53644  -41.822  -21.383  41.963 0.0000000000
52403  -42.352  -21.751  42.200 0.0000000000
52418  -42.500  -21.958  41.260 0.0000000000
52405  -43.113  -21.688  42.590 0.0000000000
143392  -43.651  -21.343  43.258 0.0000000000
53619  -44.231  -20.877  44.319 0.0000000000
58789  -43.432  -16.700  43.786 0.0000000000
158178  -43.976  -17.593  44.119 0.0000000000
59977  -43.798  -15.219  44.330 0.0000000000
57524  -44.213  -16.896  44.380 0.0000000000
56231  -43.970  -18.703  44.290 0.0000000000
56232  -44.567  -19.523  44.906 0.0000000000
53606  -44.750  -20.849  44.610 0.0000000000
56216  -45.599  -19.294  45.460 0.0000000000
57506  -45.910  -18.412  45.608 0.0000000000
58742  -46.227  -17.559  45.498 0.0000000000
59980  -46.055  -16.012  44.573 0.0000000000
160526  -46.690  -16.139  44.366 0.0000000000
57526  -47.003  -17.675  45.404 0.0000000000
59981  -47.369  -16.304  44.182 0.0000000000
58790  -48.348  -16.238  43.706 0.0000000000
60003  -48.544  -15.554  43.302 0.0000000000
56096  -40.871  -18.529  53.487 0.0000000000
54766  -40.489  -19.559  52.506 0.0000000000
54767  -41.593  -19.508  52.492 0.0000000000
53542  -42.335  -20.252  52.261 0.0000000000
52295  -43.826  -21.448  52.077 0.0000000000
53544  -44.321  -19.797  51.999 0.0000000000
52296  -44.029  -21.204  51.844 0.0000000000
52310  -43.835  -21.675  51.503 0.0000000000
51167  -43.688  -22.400  51.067 0.0000000000
51165  -42.208  -22.217  50.231 0.0000000000
157177  -41.434  -22.522  49.719 0.0000000000
57426  -43.483  -17.420  51.456 0.0000000000
150559  -42.861  -18.090  51.155 0.0000000000
54794  -42.284  -19.290  50.558 0.0000000000
54809  -40.730  -19.044  49.654 0.0000000000
54810  -41.483  -19.666  50.136 0.0000000000
53566  -41.590  -20.638  50.093 0.0000000000
53565  -40.669  -20.933  49.498 0.0000000000
52337  -40.622  -22.116  49.272 0.0000000000
51188  -39.650  -22.733  48.259 0.0000000000
52368  -38.298  -22.486  46.657 0.0000000000
53580  -38.382  -21.263  47.022 0.0000000000
52367  -37.789  -22.557  46.043 0.0000000000
51221  -36.661  -22.800  44.402 0.0000000000
51224  -35.867  -23.209  42.989 0.0000000000
52396  -35.918  -22.302  43.395 0.0000000000
52401  -35.562  -22.025  42.785 0.0000000000
53630  -35.695  -21.073  42.437 0.0000000000
140774  -36.968  -20.264  43.745 0.0000000000
53631  -36.307  -20.480  42.720 0.0000000000
53642  -36.124  -20.197  41.194 0.0000000000
54963  -36.769  -19.736  40.907 0.0000000000
56230  -39.012  -18.188  44.388 0.0000000000
143078  -38.668  -18.404  43.532 0.0000000000
54934  -38.050  -18.754  41.842 0.0000000000
53650  -37.156  -19.869  40.081 0.0000000000
53651  -38.043  -20.046  39.921 0.0000000000
53664  -38.680  -20.877  39.259 0.0000000000
53665  -39.461  -21.304  39.442 0.0000000000
52425  -39.379  -21.519  38.719 0.0000000000
52440  -39.857  -21.573  38.419 0.0000000000
74234  -53.677  -2.685  40.086 0.0000000000
75296  -53.543  -2.045  39.871 0.0000000000
76406  -53.331  -1.396  39.805 0.0000000000
76390  -52.706  -0.999  39.557 0.0000000000
77499  -51.890  -0.897  39.205 0.0000000000
77491  -51.169  -0.110  39.089 0.0000000000
80933  -52.599  3.627  40.829 0.0000000000
80939  -52.007  2.624  39.866 0.0000000000
78631  -50.540  0.470  38.283 0.0000000000
78643  -50.339  0.784  37.457 0.0000000000
156918  -50.581  1.200  36.871 0.0000000000
79808  -52.352  1.781  36.916 0.0000000000
79821  -51.372  1.515  36.675 0.0000000000
55990  -23.740  -18.508  60.678 0.0000000000
55991  -24.617  -18.572  60.210 0.0000000000
54671  -25.683  -19.017  59.765 0.0000000000
54672  -26.194  -19.498  59.689 0.0000000000
53444  -26.413  -20.064  60.452 0.0000000000
53457  -26.768  -20.306  59.641 0.0000000000
52205  -27.116  -20.623  58.757 0.0000000000
53478  -27.349  -20.982  57.882 0.0000000000
52217  -27.643  -21.956  57.640 0.0000000000
51075  -28.086  -23.016  56.936 0.0000000000
51019  -26.082  -23.311  61.772 0.0000000000
138405  -26.537  -23.228  60.735 0.0000000000
48623  -27.467  -24.875  58.769 0.0000000000
49802  -27.302  -23.992  59.079 0.0000000000
49811  -27.745  -23.388  58.196 0.0000000000
49826  -28.061  -23.650  57.537 0.0000000000
49844  -28.471  -23.895  56.529 0.0000000000
48659  -28.754  -24.470  55.983 0.0000000000
46407  -29.104  -26.015  55.366 0.0000000000
46398  -28.603  -26.668  56.043 0.0000000000
46408  -29.316  -26.382  54.342 0.0000000000
45211  -29.370  -28.012  53.742 0.0000000000
44015  -29.541  -28.801  53.515 0.0000000000
48730  -33.181  -24.213  52.013 0.0000000000
55008  -40.174  -19.535  37.867 0.0000000000
56320  -40.412  -18.409  37.804 0.0000000000
57606  -40.709  -17.474  37.601 0.0000000000
54992  -42.247  -19.347  39.277 0.0000000000
58853  -41.068  -16.730  37.177 0.0000000000
58854  -42.024  -16.697  37.128 0.0000000000
54954  -44.574  -19.612  42.130 0.0000000000
56292  -43.947  -18.594  40.564 0.0000000000
57586  -44.424  -17.488  39.114 0.0000000000
57596  -44.206  -17.360  38.250 0.0000000000
61142  -49.105  -14.700  38.296 0.0000000000
62265  -52.222  -12.987  37.341 0.0000000000
153027  -52.545  -12.838  36.721 0.0000000000
62267  -53.862  -13.338  37.240 0.0000000000
51040  -29.580  -23.422  59.929 0.0000000000
48611  -29.621  -24.406  60.097 0.0000000000
49803  -29.967  -23.934  59.238 0.0000000000
49812  -31.470  -23.706  58.023 0.0000000000
48625  -31.711  -24.428  58.608 0.0000000000
48614  -32.311  -24.917  59.456 0.0000000000
48615  -33.413  -24.875  59.546 0.0000000000
48616  -34.532  -24.992  59.573 0.0000000000
47411  -35.324  -25.970  59.445 0.0000000000
51092  -33.807  -21.950  55.671 0.0000000000
147050  -34.624  -22.418  56.126 0.0000000000
51063  -34.970  -22.633  57.039 0.0000000000
51065  -36.880  -22.880  57.267 0.0000000000
51064  -36.014  -22.790  57.394 0.0000000000
49816  -35.509  -23.761  58.489 0.0000000000
48629  -36.034  -24.443  58.774 0.0000000000
48618  -36.266  -25.333  58.793 0.0000000000
46352  -36.132  -26.456  58.525 0.0000000000
158958  -36.132  -26.588  57.937 0.0000000000
47463  -35.609  -25.123  56.014 0.0000000000
47464  -36.720  -25.224  56.095 0.0000000000
48662  -36.020  -24.564  55.413 0.0000000000
48661  -35.087  -24.574  55.402 0.0000000000
53540  -40.191  -20.356  52.430 0.0000000000
157458  -40.708  -21.448  52.716 0.0000000000
51123  -40.523  -21.921  53.188 0.0000000000
49887  -42.565  -23.759  52.412 0.0000000000
51125  -41.876  -23.284  53.035 0.0000000000
142914  -41.026  -22.938  53.747 0.0000000000
49873  -41.022  -24.283  53.869 0.0000000000
48686  -40.585  -24.559  54.091 0.0000000000
142811  -40.435  -24.728  53.978 0.0000000000
140923  -41.118  -25.736  49.392 0.0000000000
48750  -41.304  -25.671  50.190 0.0000000000
48763  -39.748  -25.833  48.243 0.0000000000
48749  -40.594  -25.555  49.726 0.0000000000
147774  -40.595  -25.237  50.672 0.0000000000
48732  -40.190  -24.752  51.554 0.0000000000
160836  -40.457  -24.844  52.979 0.0000000000
148497  -40.173  -24.849  53.542 0.0000000000
48700  -39.129  -24.646  53.549 0.0000000000
49886  -38.053  -24.039  52.898 0.0000000000
49885  -37.079  -23.755  53.139 0.0000000000
49933  -36.730  -23.460  50.854 0.0000000000
49919  -36.532  -23.472  51.605 0.0000000000
49901  -36.189  -23.502  52.423 0.0000000000
49900  -35.133  -23.439  52.093 0.0000000000
49899  -34.284  -23.569  52.269 0.0000000000
49916  -33.747  -23.689  51.685 0.0000000000
138483  -35.552  -20.895  37.693 0.0000000000
65775  -42.613  -11.135  48.912 0.0000000000
65774  -41.921  -10.326  48.472 0.0000000000
67049  -42.157  -10.251  49.988 0.0000000000
67036  -41.742  -9.474  50.226 0.0000000000
68366  -41.459  -8.632  50.488 0.0000000000
51028  -21.624  -22.429  59.806 0.0000000000
52183  -22.017  -20.903  60.553 0.0000000000
54645  -22.455  -19.245  61.251 0.0000000000
55989  -23.073  -18.608  61.064 0.0000000000
54632  -25.177  -18.927  62.251 0.0000000000
55965  -24.791  -18.323  62.582 0.0000000000
147541  -25.103  -19.983  62.768 0.0000000000
53415  -24.957  -20.713  63.153 0.0000000000
51006  -24.742  -22.072  63.342 0.0000000000
52140  -25.376  -21.321  63.581 0.0000000000
50987  -25.160  -21.953  63.622 0.0000000000
50988  -25.493  -22.500  63.622 0.0000000000
143579  -26.756  -23.316  63.498 0.0000000000
49759  -27.290  -23.487  63.159 0.0000000000
51021  -28.960  -22.935  61.061 0.0000000000
52185  -29.673  -21.935  60.823 0.0000000000
51030  -29.902  -22.399  60.043 0.0000000000
134925  -30.432  -21.994  59.460 0.0000000000
52196  -31.099  -21.707  58.920 0.0000000000
52197  -31.904  -21.179  59.212 0.0000000000
52208  -31.566  -21.373  58.103 0.0000000000
155724  -32.169  -20.985  57.619 0.0000000000
53479  -32.435  -20.898  56.764 0.0000000000
53481  -33.907  -20.250  57.675 0.0000000000
53494  -34.054  -20.160  56.652 0.0000000000
53493  -33.492  -20.468  55.749 0.0000000000
54727  -34.587  -19.861  55.127 0.0000000000
54728  -35.373  -19.605  54.850 0.0000000000
54729  -36.031  -19.486  54.658 0.0000000000
54730  -36.971  -19.102  55.125 0.0000000000
56076  -37.936  -18.683  54.838 0.0000000000
56077  -38.631  -18.579  54.522 0.0000000000
56078  -39.568  -18.482  54.710 0.0000000000
56045  -40.545  -19.135  56.712 0.0000000000
153017  -40.362  -18.619  55.272 0.0000000000
56079  -40.575  -18.479  54.544 0.0000000000
159750  -42.467  -18.403  54.416 0.0000000000
56082  -43.484  -17.982  54.162 0.0000000000
153041  -43.461  -17.744  54.949 0.0000000000
57389  -43.736  -17.668  54.348 0.0000000000
57403  -44.051  -17.673  53.619 0.0000000000
57404  -44.435  -17.376  53.194 0.0000000000
58655  -44.638  -16.953  52.885 0.0000000000
158451  -44.670  -16.445  52.628 0.0000000000
60946  -44.680  -15.391  53.287 0.0000000000
59858  -44.730  -15.787  52.615 0.0000000000
144432  -44.648  -15.328  52.066 0.0000000000
60971  -44.578  -14.399  51.953 0.0000000000
60983  -44.157  -13.884  51.308 0.0000000000
156517  -43.682  -12.226  50.779 0.0000000000
64501  -43.418  -11.896  50.182 0.0000000000
64512  -43.075  -11.565  49.545 0.0000000000
158135  -41.427  -9.741  48.523 0.0000000000
67067  -41.385  -9.769  47.023 0.0000000000
156179  -41.253  -9.189  47.005 0.0000000000
69658  -41.019  -7.943  47.790 0.0000000000
68394  -41.153  -8.661  47.417 0.0000000000
67085  -41.773  -9.763  45.762 0.0000000000
67086  -42.148  -9.849  45.107 0.0000000000
65831  -42.631  -10.030  44.342 0.0000000000
144386  -43.936  -10.380  43.330 0.0000000000
156489  -42.095  -5.218  48.378 0.0000000000
70900  -42.685  -6.429  47.623 0.0000000000
70901  -43.603  -6.171  47.591 0.0000000000
69660  -43.268  -6.892  47.163 0.0000000000
68405  -43.268  -8.064  45.790 0.0000000000
67098  -44.275  -9.119  44.473 0.0000000000
65844  -44.756  -10.263  43.394 0.0000000000
65855  -45.304  -10.792  42.919 0.0000000000
64605  -45.898  -11.324  42.766 0.0000000000
64606  -46.600  -11.893  42.690 0.0000000000
65833  -46.390  -10.413  44.253 0.0000000000
64591  -47.260  -11.560  43.207 0.0000000000
63332  -47.177  -12.660  42.532 0.0000000000
140948  -48.335  -13.789  42.649 0.0000000000
61106  -48.621  -14.470  42.824 0.0000000000
61107  -49.192  -14.599  43.073 0.0000000000
67069  -47.298  -9.600  47.735 0.0000000000
64567  -48.298  -11.578  45.542 0.0000000000
63297  -48.913  -12.036  45.987 0.0000000000
63307  -48.783  -12.137  45.060 0.0000000000
161049  -49.576  -13.370  44.235 0.0000000000
61089  -49.563  -14.369  43.310 0.0000000000
160314  -50.037  -15.526  43.586 0.0000000000
58792  -50.364  -16.135  43.943 0.0000000000
138462  -50.556  -17.399  44.620 0.0000000000
54872  -51.535  -19.286  45.389 0.0000000000
58743  -51.725  -17.156  45.639 0.0000000000
56222  -51.895  -19.031  45.739 0.0000000000
54898  -51.770  -19.446  45.136 0.0000000000
140697  -51.405  -19.167  43.830 0.0000000000
57565  -51.506  -18.178  42.930 0.0000000000
58814  -51.578  -17.435  42.585 0.0000000000
59921  -52.539  -15.380  48.022 0.0000000000
152734  -52.892  -16.173  47.404 0.0000000000
57492  -52.718  -18.218  46.189 0.0000000000
58728  -53.567  -17.104  46.475 0.0000000000
57493  -53.185  -17.853  46.030 0.0000000000
57532  -52.742  -18.468  45.031 0.0000000000
58827  -51.713  -16.486  42.097 0.0000000000
60037  -51.841  -15.709  41.544 0.0000000000
60045  -52.395  -14.964  41.152 0.0000000000
61116  -53.516  -14.899  41.280 0.0000000000
61147  -53.607  -13.800  38.726 0.0000000000
62268  -54.662  -13.305  37.374 0.0000000000
63289  -55.373  -12.453  46.169 0.0000000000
62169  -56.258  -13.854  45.698 0.0000000000
61056  -56.703  -14.149  45.069 0.0000000000
67100  -55.632  -9.254  43.936 0.0000000000
65835  -55.329  -10.745  44.529 0.0000000000
63309  -55.651  -12.206  44.431 0.0000000000
155198  -55.876  -12.729  43.687 0.0000000000
63322  -55.797  -12.494  44.146 0.0000000000
154087  -56.575  -12.915  44.692 0.0000000000
62187  -56.955  -13.595  44.663 0.0000000000
61074  -57.047  -14.459  44.328 0.0000000000
59986  -56.955  -14.996  43.801 0.0000000000
60009  -57.106  -15.158  43.191 0.0000000000
61118  -56.301  -15.030  41.601 0.0000000000
61130  -56.350  -14.707  40.791 0.0000000000
61131  -57.821  -14.482  41.060 0.0000000000
61140  -56.988  -14.351  40.015 0.0000000000
61139  -55.751  -14.425  39.747 0.0000000000
62269  -55.360  -13.409  37.674 0.0000000000
62280  -55.397  -13.016  37.237 0.0000000000
63410  -56.382  -12.106  36.684 0.0000000000
63399  -57.239  -12.325  37.193 0.0000000000
63411  -57.217  -11.732  36.726 0.0000000000
64656  -59.478  -11.300  40.440 0.0000000000
65913  -60.091  -10.977  39.311 0.0000000000
65934  -59.922  -10.209  39.200 0.0000000000
65935  -60.093  -10.580  38.738 0.0000000000
64691  -59.569  -11.078  37.478 0.0000000000
65961  -59.083  -10.755  36.716 0.0000000000
71026  -52.379  -5.988  39.858 0.0000000000
69818  -52.041  -7.055  39.982 0.0000000000
68512  -51.479  -8.213  39.699 0.0000000000
155727  -51.421  -7.294  39.441 0.0000000000
65905  -51.647  -10.137  39.427 0.0000000000
65928  -52.443  -10.540  38.671 0.0000000000
65948  -53.870  -10.348  38.024 0.0000000000
73195  -50.433  -3.927  38.049 0.0000000000
68527  -50.284  -8.533  38.461 0.0000000000
68526  -49.571  -8.839  37.746 0.0000000000
67176  -50.048  -9.321  38.029 0.0000000000
67196  -52.307  -10.126  37.334 0.0000000000
67199  -55.378  -9.532  37.404 0.0000000000
49810  -22.457  -23.295  58.110 0.0000000000
49825  -22.514  -23.396  57.389 0.0000000000
49841  -21.822  -23.790  56.005 0.0000000000
141534  -22.311  -23.216  55.651 0.0000000000
49944  -21.829  -23.682  49.902 0.0000000000
49913  -22.261  -23.061  51.360 0.0000000000
49927  -22.386  -23.141  50.426 0.0000000000
56003  -24.283  -18.777  59.380 0.0000000000
54684  -24.245  -19.206  58.231 0.0000000000
54699  -24.493  -19.420  57.493 0.0000000000
54701  -26.157  -19.637  57.436 0.0000000000
54700  -25.450  -19.434  57.428 0.0000000000
54714  -24.862  -19.741  56.637 0.0000000000
133543  -24.828  -20.239  55.835 0.0000000000
53500  -24.894  -20.578  55.119 0.0000000000
145866  -28.011  -21.744  55.251 0.0000000000
52256  -27.302  -21.133  54.778 0.0000000000
52276  -27.777  -21.537  53.432 0.0000000000
52275  -26.984  -21.063  53.798 0.0000000000
53515  -26.388  -20.710  54.540 0.0000000000
157004  -25.684  -20.641  54.155 0.0000000000
53524  -25.397  -20.716  53.551 0.0000000000
52274  -24.399  -21.197  53.137 0.0000000000
52289  -24.602  -21.133  52.306 0.0000000000
52335  -25.383  -21.891  49.754 0.0000000000
51175  -24.835  -22.289  49.131 0.0000000000
46440  -27.544  -25.712  50.856 0.0000000000
48602  -29.913  -25.245  60.562 0.0000000000
47398  -30.408  -25.904  61.059 0.0000000000
46338  -30.446  -26.999  61.227 0.0000000000
146733  -32.057  -26.652  60.703 0.0000000000
46339  -31.251  -26.857  61.020 0.0000000000
45148  -30.269  -27.355  60.863 0.0000000000
143412  -29.752  -27.550  60.083 0.0000000000
43955  -29.871  -28.116  59.302 0.0000000000
43981  -29.493  -28.611  57.953 0.0000000000
45173  -34.107  -27.812  58.516 0.0000000000
43972  -33.532  -28.254  58.776 0.0000000000
43971  -32.779  -28.737  58.091 0.0000000000
43970  -31.987  -28.844  58.318 0.0000000000
43969  -31.038  -28.684  58.463 0.0000000000
43982  -30.493  -28.938  57.871 0.0000000000
158564  -29.083  -28.499  57.344 0.0000000000
43990  -29.347  -28.654  56.487 0.0000000000
42851  -29.837  -29.434  53.150 0.0000000000
47491  -32.507  -25.494  52.999 0.0000000000
46415  -32.479  -26.177  53.591 0.0000000000
143451  -32.626  -27.518  54.188 0.0000000000
44017  -32.938  -28.595  53.350 0.0000000000
42838  -32.525  -29.760  54.755 0.0000000000
41744  -29.860  -30.268  51.855 0.0000000000
152286  -30.104  -30.820  51.581 0.0000000000
43968  -29.173  -28.286  58.659 0.0000000000
45149  -31.011  -27.453  60.736 0.0000000000
45152  -34.063  -27.737  59.637 0.0000000000
45163  -35.372  -27.329  58.863 0.0000000000
45174  -34.771  -27.613  58.710 0.0000000000
46316  -28.082  -26.340  62.282 0.0000000000
46317  -28.507  -26.374  62.293 0.0000000000
46324  -27.329  -25.794  61.511 0.0000000000
46325  -27.797  -26.390  61.872 0.0000000000
46335  -27.692  -26.463  60.892 0.0000000000
46341  -33.475  -27.109  60.323 0.0000000000
46349  -27.547  -26.577  59.823 0.0000000000
46360  -36.449  -26.404  58.126 0.0000000000
46367  -27.866  -26.437  58.108 0.0000000000
46371  -36.808  -26.246  57.828 0.0000000000
46372  -37.488  -25.825  57.390 0.0000000000
46383  -28.115  -26.281  57.570 0.0000000000
46442  -28.934  -26.818  50.534 0.0000000000
47368  -26.863  -24.771  62.600 0.0000000000
47376  -27.302  -25.261  62.355 0.0000000000
47377  -27.961  -25.915  62.330 0.0000000000
47386  -29.171  -26.223  62.161 0.0000000000
47412  -35.928  -25.846  59.040 0.0000000000
47420  -37.197  -25.630  58.022 0.0000000000
47431  -37.144  -26.036  57.922 0.0000000000
47447  -38.138  -25.483  56.766 0.0000000000
47466  -38.874  -25.288  56.089 0.0000000000
47517  -41.228  -25.360  51.259 0.0000000000
47518  -41.925  -25.365  51.283 0.0000000000
47519  -42.494  -25.094  50.620 0.0000000000
47531  -42.121  -25.498  50.592 0.0000000000
47558  -39.302  -26.332  46.386 0.0000000000
47568  -39.155  -26.387  46.092 0.0000000000
47575  -38.901  -26.318  45.870 0.0000000000
47596  -36.546  -26.497  42.906 0.0000000000
48579  -26.005  -24.077  62.954 0.0000000000
48580  -26.453  -24.516  62.532 0.0000000000
48581  -27.430  -25.117  62.404 0.0000000000
48641  -38.049  -25.109  57.411 0.0000000000
48642  -38.580  -24.957  57.074 0.0000000000
48651  -39.067  -24.806  56.471 0.0000000000
48665  -39.501  -24.891  55.775 0.0000000000
48702  -41.039  -24.601  53.471 0.0000000000
48717  -39.824  -24.674  52.649 0.0000000000
48751  -42.960  -24.570  50.868 0.0000000000
48766  -42.122  -25.316  50.172 0.0000000000
48794  -39.500  -26.113  46.735 0.0000000000
48806  -39.268  -26.329  46.151 0.0000000000
49748  -25.771  -23.274  63.445 0.0000000000
49749  -26.090  -22.981  63.690 0.0000000000
49767  -25.690  -23.780  62.876 0.0000000000
49776  -26.025  -23.985  62.330 0.0000000000
49777  -26.475  -24.081  61.342 0.0000000000
49778  -28.207  -24.290  62.168 0.0000000000
49789  -26.993  -24.137  60.236 0.0000000000
49828  -31.383  -23.035  57.549 0.0000000000
49830  -32.723  -23.485  57.311 0.0000000000
49831  -36.094  -23.455  58.117 0.0000000000
49832  -36.800  -23.436  57.725 0.0000000000
49845  -31.761  -22.691  56.901 0.0000000000
49846  -32.290  -22.910  56.704 0.0000000000
49847  -33.218  -22.956  56.740 0.0000000000
49848  -38.181  -23.435  56.814 0.0000000000
49859  -39.625  -24.287  55.468 0.0000000000
49860  -40.048  -24.218  54.931 0.0000000000
49872  -40.526  -24.217  54.412 0.0000000000
49881  -28.944  -23.339  53.722 0.0000000000
49883  -35.455  -23.541  52.849 0.0000000000
49897  -28.772  -23.477  52.751 0.0000000000
49904  -42.980  -23.992  51.771 0.0000000000
49937  -43.404  -23.847  51.052 0.0000000000
49956  -41.837  -24.531  49.682 0.0000000000
50007  -39.408  -26.152  46.544 0.0000000000
50989  -26.225  -22.195  63.987 0.0000000000
50990  -26.705  -22.430  63.652 0.0000000000
50997  -25.311  -22.724  63.349 0.0000000000
51029  -29.392  -22.857  60.481 0.0000000000
51050  -27.735  -22.580  58.139 0.0000000000
51062  -30.901  -22.592  57.953 0.0000000000
51078  -34.027  -22.598  56.468 0.0000000000
51091  -32.809  -21.798  55.842 0.0000000000
51111  -40.887  -23.715  54.130 0.0000000000
51124  -41.348  -23.731  53.621 0.0000000000
51139  -43.325  -23.172  51.973 0.0000000000
51154  -43.713  -22.347  51.670 0.0000000000
52139  -25.218  -21.249  63.470 0.0000000000
52149  -24.888  -21.465  63.280 0.0000000000
52161  -25.263  -21.632  62.374 0.0000000000
52173  -25.900  -21.601  61.561 0.0000000000
52174  -26.398  -21.615  60.899 0.0000000000
52230  -32.334  -21.494  56.255 0.0000000000
52243  -34.214  -21.250  55.040 0.0000000000
52246  -37.128  -21.638  54.859 0.0000000000
52247  -37.849  -21.717  54.711 0.0000000000
52259  -33.982  -20.695  54.984 0.0000000000
52261  -35.542  -20.699  54.289 0.0000000000
52277  -28.327  -22.049  53.185 0.0000000000
52281  -39.530  -21.533  53.295 0.0000000000
52292  -38.959  -20.887  52.767 0.0000000000
52293  -40.865  -21.012  52.496 0.0000000000
52294  -42.953  -21.914  52.382 0.0000000000
52325  -42.170  -21.387  50.287 0.0000000000
52409  -41.321  -21.945  40.780 0.0000000000
52410  -41.996  -21.982  41.540 0.0000000000
52411  -42.660  -21.894  42.059 0.0000000000
52419  -43.031  -21.899  41.975 0.0000000000
52426  -41.011  -22.002  39.544 0.0000000000
52455  -38.794  -21.387  37.278 0.0000000000
52472  -36.911  -21.114  36.169 0.0000000000
53475  -23.302  -20.333  57.360 0.0000000000
53503  -26.937  -20.681  55.916 0.0000000000
53523  -24.823  -20.890  53.534 0.0000000000
53525  -26.120  -20.710  53.654 0.0000000000
53526  -35.791  -19.922  53.802 0.0000000000
53528  -37.496  -20.294  53.210 0.0000000000
53537  -38.169  -20.064  52.852 0.0000000000
53538  -38.184  -20.656  52.913 0.0000000000
53543  -44.196  -20.447  51.966 0.0000000000
53550  -44.190  -20.385  51.893 0.0000000000
53618  -43.206  -21.373  43.161 0.0000000000
53620  -44.336  -21.040  44.048 0.0000000000
53666  -41.549  -21.520  39.511 0.0000000000
53679  -38.609  -21.235  38.518 0.0000000000
53694  -39.981  -20.626  37.879 0.0000000000
54669  -23.494  -19.142  59.165 0.0000000000
54735  -34.899  -19.877  54.293 0.0000000000
54750  -38.379  -19.488  53.042 0.0000000000
54751  -39.072  -19.153  53.042 0.0000000000
54796  -43.946  -20.197  51.563 0.0000000000
54866  -45.193  -20.047  45.192 0.0000000000
54869  -48.513  -19.259  45.228 0.0000000000
54873  -52.031  -19.281  45.534 0.0000000000
54891  -44.711  -20.538  44.825 0.0000000000
54892  -45.256  -20.612  44.934 0.0000000000
54916  -46.434  -19.710  44.417 0.0000000000
54920  -50.612  -19.518  44.013 0.0000000000
54921  -51.298  -19.440  44.384 0.0000000000
54922  -51.781  -19.384  44.755 0.0000000000
54943  -50.759  -19.248  43.501 0.0000000000
54951  -39.442  -19.036  40.951 0.0000000000
54953  -43.880  -20.443  41.781 0.0000000000
54969  -44.214  -19.123  41.325 0.0000000000
55022  -38.385  -20.152  36.546 0.0000000000
55992  -25.388  -18.793  60.145 0.0000000000
56081  -42.886  -18.328  54.826 0.0000000000
56097  -43.086  -18.313  53.658 0.0000000000
56110  -40.351  -18.918  52.918 0.0000000000
56111  -41.140  -18.924  52.786 0.0000000000
56112  -41.981  -18.980  52.754 0.0000000000
56113  -43.610  -18.684  52.785 0.0000000000
56114  -44.122  -18.556  52.527 0.0000000000
56115  -44.270  -18.323  52.358 0.0000000000
56130  -44.308  -18.720  51.944 0.0000000000
56131  -44.321  -18.144  52.200 0.0000000000
56146  -42.024  -18.309  50.599 0.0000000000
56213  -38.930  -18.650  45.139 0.0000000000
56220  -50.023  -18.854  45.313 0.0000000000
56221  -50.896  -19.005  45.385 0.0000000000
56235  -52.289  -19.106  45.157 0.0000000000
56236  -52.498  -18.584  45.649 0.0000000000
56251  -51.786  -18.571  43.693 0.0000000000
56275  -51.154  -18.644  42.977 0.0000000000
56288  -49.993  -18.565  41.941 0.0000000000
56298  -48.872  -18.012  41.191 0.0000000000
56306  -40.889  -19.067  38.320 0.0000000000
56321  -41.229  -18.053  38.162 0.0000000000
57365  -42.522  -17.756  55.925 0.0000000000
57377  -42.797  -18.125  55.368 0.0000000000
57428  -44.403  -17.536  52.214 0.0000000000
57491  -52.478  -18.344  46.022 0.0000000000
57505  -45.226  -18.218  45.317 0.0000000000
57511  -52.246  -18.544  46.012 0.0000000000
57512  -52.769  -18.258  45.785 0.0000000000
57527  -47.795  -17.735  45.189 0.0000000000
57530  -51.101  -18.448  45.455 0.0000000000
57533  -52.975  -18.043  45.502 0.0000000000
57548  -42.654  -17.297  42.831 0.0000000000
57562  -40.437  -16.950  42.416 0.0000000000
57563  -41.187  -17.142  41.999 0.0000000000
57580  -47.924  -17.564  40.282 0.0000000000
57589  -46.997  -17.341  39.271 0.0000000000
57598  -45.883  -17.249  38.430 0.0000000000
57607  -41.625  -17.276  37.739 0.0000000000
58671  -41.853  -16.601  50.663 0.0000000000
58710  -52.927  -17.003  46.956 0.0000000000
58726  -52.572  -17.830  46.345 0.0000000000
58727  -52.910  -17.754  46.404 0.0000000000
58745  -53.362  -17.605  45.657 0.0000000000
58746  -53.822  -17.021  45.874 0.0000000000
58763  -46.607  -16.770  44.927 0.0000000000
58766  -49.823  -16.842  44.024 0.0000000000
58767  -51.144  -16.597  44.639 0.0000000000
58791  -49.388  -15.911  43.525 0.0000000000
58816  -53.088  -16.251  43.493 0.0000000000
58833  -49.356  -17.459  40.476 0.0000000000
58846  -48.060  -16.850  39.022 0.0000000000
58847  -48.722  -16.650  39.323 0.0000000000
59835  -44.099  -16.471  54.631 0.0000000000
59871  -44.633  -16.123  52.200 0.0000000000
59882  -41.558  -15.886  50.221 0.0000000000
59896  -41.060  -16.011  49.496 0.0000000000
59941  -54.343  -16.276  46.245 0.0000000000
60004  -49.742  -15.015  43.338 0.0000000000
60028  -48.984  -15.091  43.065 0.0000000000
60996  -52.152  -14.342  49.124 0.0000000000
61022  -51.775  -15.052  47.779 0.0000000000
61073  -56.416  -14.892  44.828 0.0000000000
61087  -46.496  -14.639  43.297 0.0000000000
61090  -50.167  -14.504  43.719 0.0000000000
61136  -52.986  -14.014  39.597 0.0000000000
62108  -43.179  -13.009  49.720 0.0000000000
62111  -52.021  -13.754  49.437 0.0000000000
62126  -52.989  -13.874  48.717 0.0000000000
62139  -53.546  -14.208  48.223 0.0000000000
62153  -50.518  -13.777  46.493 0.0000000000
62155  -55.611  -13.508  46.264 0.0000000000
62168  -50.387  -13.839  45.453 0.0000000000
62198  -44.557  -13.480  43.483 0.0000000000
62199  -45.353  -13.672  43.136 0.0000000000
62200  -48.772  -13.365  43.044 0.0000000000
62201  -49.550  -13.803  43.550 0.0000000000
62218  -47.537  -13.528  42.532 0.0000000000
63258  -50.850  -12.407  49.982 0.0000000000
63259  -51.384  -13.005  49.786 0.0000000000
63286  -42.394  -12.311  46.386 0.0000000000
63308  -49.039  -13.031  43.779 0.0000000000
63310  -56.200  -12.521  44.989 0.0000000000
63328  -43.899  -12.256  42.761 0.0000000000
63333  -48.034  -13.002  42.592 0.0000000000
63335  -54.416  -12.425  42.836 0.0000000000
63373  -59.460  -12.528  41.261 0.0000000000
63406  -52.642  -12.553  35.896 0.0000000000
64503  -50.290  -11.450  50.240 0.0000000000
64513  -49.761  -11.476  49.889 0.0000000000
64515  -51.639  -12.238  49.647 0.0000000000
64526  -49.543  -11.636  48.862 0.0000000000
64538  -42.521  -11.493  47.562 0.0000000000
64539  -48.772  -11.264  47.315 0.0000000000
64540  -49.417  -11.875  47.849 0.0000000000
64580  -55.557  -11.266  45.019 0.0000000000
64590  -46.518  -11.128  43.156 0.0000000000
64594  -55.268  -11.632  44.406 0.0000000000
64603  -44.246  -11.781  42.630 0.0000000000
64620  -53.355  -11.664  42.506 0.0000000000
64634  -55.133  -11.769  40.622 0.0000000000
64680  -59.956  -11.323  38.408 0.0000000000
65740  -49.346  -10.097  50.504 0.0000000000
65754  -42.254  -10.514  49.282 0.0000000000
65808  -41.658  -10.085  46.246 0.0000000000
65809  -42.209  -10.822  46.223 0.0000000000
65811  -47.375  -10.439  46.446 0.0000000000
65812  -48.097  -10.814  46.875 0.0000000000
65822  -47.149  -10.614  45.585 0.0000000000
65834  -47.021  -10.733  44.675 0.0000000000
65843  -43.245  -10.193  43.704 0.0000000000
65846  -46.895  -10.870  43.794 0.0000000000
65856  -45.969  -10.780  43.149 0.0000000000
65870  -52.882  -10.231  42.117 0.0000000000
65886  -51.795  -9.909  40.147 0.0000000000
65926  -50.508  -9.769  37.776 0.0000000000
65930  -54.726  -10.500  38.650 0.0000000000
65933  -59.074  -10.006  39.405 0.0000000000
65946  -51.929  -10.327  38.081 0.0000000000
67058  -41.323  -9.734  47.908 0.0000000000
67076  -41.528  -9.452  46.365 0.0000000000
67097  -43.362  -9.433  44.202 0.0000000000
67105  -44.118  -9.755  43.787 0.0000000000
67108  -55.629  -8.750  43.455 0.0000000000
67126  -53.060  -9.336  41.970 0.0000000000
67164  -51.398  -9.352  39.617 0.0000000000
67194  -49.797  -9.358  37.438 0.0000000000
68385  -40.840  -8.523  48.129 0.0000000000
68395  -45.712  -8.095  47.333 0.0000000000
68404  -42.264  -8.287  46.088 0.0000000000
68415  -41.929  -9.109  45.662 0.0000000000
68417  -43.983  -8.509  45.184 0.0000000000
68421  -55.350  -8.838  44.772 0.0000000000
68429  -42.642  -9.162  44.844 0.0000000000
68431  -55.713  -8.673  44.059 0.0000000000
68456  -54.487  -8.582  42.552 0.0000000000
68457  -55.345  -8.051  42.669 0.0000000000
68499  -52.283  -8.803  40.866 0.0000000000
69624  -41.274  -7.749  50.637 0.0000000000
69636  -40.694  -7.719  49.320 0.0000000000
69637  -40.939  -8.135  49.830 0.0000000000
69646  -40.733  -7.660  48.602 0.0000000000
69741  -55.781  -7.352  43.340 0.0000000000
69742  -55.828  -7.431  43.015 0.0000000000
69787  -54.482  -6.902  42.006 0.0000000000
69828  -50.437  -7.371  38.564 0.0000000000
70902  -44.560  -6.299  47.553 0.0000000000
71037  -49.914  -6.818  38.193 0.0000000000
71039  -51.229  -6.032  38.976 0.0000000000
72129  -55.193  -5.183  41.899 0.0000000000
72139  -53.170  -5.371  40.397 0.0000000000
72154  -51.846  -5.555  39.376 0.0000000000
72182  -50.372  -4.899  38.222 0.0000000000
73149  -55.487  -4.080  42.065 0.0000000000
73169  -52.863  -4.076  39.697 0.0000000000
73170  -53.659  -3.461  40.221 0.0000000000
73181  -52.392  -3.596  39.214 0.0000000000
74262  -50.497  -3.119  37.993 0.0000000000
75326  -49.911  -2.674  37.483 0.0000000000
76404  -51.213  -1.174  38.599 0.0000000000
76405  -52.182  -1.622  39.005 0.0000000000
79806  -50.841  1.431  37.520 0.0000000000
133512  -37.941  -22.583  56.388 0.0000000000
133589  -55.793  -13.799  38.228 0.0000000000
133888  -53.025  -12.353  35.580 0.0000000000
135153  -51.757  -10.347  38.789 0.0000000000
136147  -41.210  -7.133  48.087 0.0000000000
136187  -50.781  -5.577  38.586 0.0000000000
136189  -56.808  -15.176  42.365 0.0000000000
136546  -36.922  -23.414  50.208 0.0000000000
137056  -55.703  -5.904  42.842 0.0000000000
138644  -54.739  -15.399  46.677 0.0000000000
139541  -28.099  -26.753  61.473 0.0000000000
140226  -42.672  -24.596  51.530 0.0000000000
140936  -26.937  -25.316  61.335 0.0000000000
141821  -51.904  -14.884  48.467 0.0000000000
142225  -50.670  -13.816  47.455 0.0000000000
142334  -40.722  -24.919  52.333 0.0000000000
143065  -43.857  -7.382  46.620 0.0000000000
143257  -35.235  -23.226  57.794 0.0000000000
143824  -43.420  -23.425  50.852 0.0000000000
143910  -47.365  -17.023  44.837 0.0000000000
143940  -50.403  -18.432  45.080 0.0000000000
144309  -33.766  -25.436  59.969 0.0000000000
145109  -42.233  -24.952  51.588 0.0000000000
145407  -28.657  -25.934  56.171 0.0000000000
145735  -25.344  -23.291  63.073 0.0000000000
146190  -44.008  -6.708  47.185 0.0000000000
146504  -53.272  -11.852  41.859 0.0000000000
147474  -48.797  -18.274  41.484 0.0000000000
148640  -41.521  -24.630  52.731 0.0000000000
148809  -40.233  -16.031  47.210 0.0000000000
148810  -53.518  -13.387  48.186 0.0000000000
149102  -55.367  -10.057  44.229 0.0000000000
149317  -39.662  -19.878  52.462 0.0000000000
151173  -35.690  -20.477  39.998 0.0000000000
152023  -41.093  -19.556  41.560 0.0000000000
152170  -53.489  -11.446  40.330 0.0000000000
152300  -51.849  2.319  40.145 0.0000000000
152379  -27.606  -25.453  58.540 0.0000000000
152844  -41.616  -7.439  47.468 0.0000000000
153260  -41.102  -15.471  49.122 0.0000000000
153594  -39.471  -18.683  47.299 0.0000000000
153816  -34.109  -20.093  55.703 0.0000000000
154132  -43.133  -8.563  45.080 0.0000000000
154177  -42.221  -24.929  49.996 0.0000000000
154458  -32.372  -28.254  59.777 0.0000000000
154802  -43.803  -21.186  43.776 0.0000000000
155217  -47.477  -19.536  45.297 0.0000000000
155431  -33.848  -28.175  59.234 0.0000000000
155816  -36.512  -20.579  43.346 0.0000000000
155911  -36.991  -24.197  44.192 0.0000000000
156114  -52.547  -14.676  48.784 0.0000000000
156151  -36.571  -19.854  41.577 0.0000000000
156276  -32.798  -26.566  60.532 0.0000000000
157453  -36.076  -26.053  43.695 0.0000000000
157792  -29.065  -29.384  50.477 0.0000000000
158288  -47.206  -12.090  42.734 0.0000000000
158432  -52.521  2.455  38.588 0.0000000000
158465  -32.924  -28.749  57.826 0.0000000000
158738  -54.483  -14.916  40.907 0.0000000000
159733  -36.120  -23.890  58.492 0.0000000000
159826  -50.146  0.085  37.668 0.0000000000
160263  -51.393  -4.576  38.759 0.0000000000
160667  -50.759  -16.390  40.913 0.0000000000
160790  -26.313  -23.592  63.408 0.0000000000
160852  -34.012  -27.807  58.448 0.0000000000
