#!ascii label  , from subject sub-v2s3x28809_ses-1 vox2ras=TkReg
373
62157  -28.347  -8.277  2.540 0.0000000000
62237  -27.169  -9.127  -3.097 0.0000000000
76585  -27.321  7.022  -5.139 0.0000000000
73095  -27.177  3.114  -2.712 0.0000000000
68251  -27.513  -2.537  -1.707 0.0000000000
65183  -30.390  -5.349  -1.050 0.0000000000
77487  -24.530  8.152  -4.909 0.0000000000
71232  -27.220  0.830  -1.870 0.0000000000
68279  -26.207  -2.814  -4.071 0.0000000000
63275  -27.538  -8.385  -0.881 0.0000000000
64282  -28.873  -7.265  -2.602 0.0000000000
64233  -29.473  -6.536  0.555 0.0000000000
132493  -25.298  -12.518  5.675 0.0000000000
60250  -25.839  -10.161  1.752 0.0000000000
82171  -24.703  13.022  -4.939 0.0000000000
80283  -25.608  10.925  -6.361 0.0000000000
79330  -28.178  10.011  -6.251 0.0000000000
80297  -30.750  10.092  -6.856 0.0000000000
78413  -31.722  8.544  -5.646 0.0000000000
74914  -27.558  4.772  -4.662 0.0000000000
76589  -31.797  6.457  -4.309 0.0000000000
74032  -30.582  3.830  -2.484 0.0000000000
71234  -30.317  0.300  -1.596 0.0000000000
69289  -29.674  -2.719  -2.278 0.0000000000
137956  -27.847  -5.344  -4.440 0.0000000000
66213  -29.252  -4.940  -2.750 0.0000000000
139350  -25.809  -1.531  -4.102 0.0000000000
143145  -25.189  -3.301  -4.180 0.0000000000
63243  -27.936  -8.100  1.056 0.0000000000
63276  -28.345  -7.766  -0.394 0.0000000000
63244  -28.664  -7.489  1.466 0.0000000000
135999  -27.195  -14.418  8.924 0.0000000000
129841  -27.293  -13.922  8.475 0.0000000000
129758  -27.402  -13.387  7.878 0.0000000000
61238  -25.523  -9.363  0.575 0.0000000000
59198  -24.690  -11.056  1.577 0.0000000000
80284  -26.243  10.224  -6.363 0.0000000000
139202  -25.590  7.227  -4.814 0.0000000000
78409  -27.805  8.677  -5.508 0.0000000000
77490  -27.958  7.777  -5.283 0.0000000000
79322  -31.108  9.227  -5.991 0.0000000000
134370  -29.599  7.539  -4.958 0.0000000000
74901  -27.769  4.239  -4.005 0.0000000000
75783  -29.391  5.475  -4.248 0.0000000000
74902  -29.013  4.758  -3.917 0.0000000000
75785  -31.009  5.466  -3.167 0.0000000000
74029  -28.246  3.764  -2.689 0.0000000000
70281  -27.424  -0.624  -1.473 0.0000000000
71233  -28.202  0.788  -1.318 0.0000000000
69288  -27.800  -1.230  -0.911 0.0000000000
70269  -30.117  -0.710  -1.548 0.0000000000
69274  -28.538  -1.859  -1.113 0.0000000000
63306  -25.747  -7.397  -3.204 0.0000000000
64298  -26.449  -6.039  -4.140 0.0000000000
63320  -28.210  -7.506  -4.415 0.0000000000
64283  -29.316  -6.353  -2.275 0.0000000000
131892  -28.740  -6.247  -3.076 0.0000000000
65209  -29.533  -5.469  -2.523 0.0000000000
132385  -30.008  -4.290  -2.991 0.0000000000
66184  -30.609  -4.559  -2.214 0.0000000000
59122  -27.080  -11.634  6.125 0.0000000000
59142  -25.654  -11.912  5.198 0.0000000000
59143  -26.496  -11.350  5.292 0.0000000000
60226  -26.782  -10.518  3.860 0.0000000000
71239  -26.171  1.153  -2.823 0.0000000000
72182  -26.964  1.446  -2.288 0.0000000000
122944  -26.493  0.220  -2.896 0.0000000000
69304  -26.528  -1.473  -3.495 0.0000000000
125421  -27.506  -2.730  -3.015 0.0000000000
62206  -27.712  -8.626  -2.035 0.0000000000
62239  -29.183  -9.347  -3.846 0.0000000000
131362  -28.366  -8.046  -1.464 0.0000000000
64267  -28.953  -7.262  -1.012 0.0000000000
65182  -29.985  -5.974  -0.831 0.0000000000
122967  -27.328  -12.297  6.716 0.0000000000
63290  -25.757  -8.539  -1.325 0.0000000000
143789  -26.070  -8.986  -0.371 0.0000000000
61239  -26.542  -9.170  1.163 0.0000000000
61227  -27.080  -9.120  2.019 0.0000000000
83010  -26.697  13.299  -5.565 0.0000000000
127358  -22.462  13.521  -3.988 0.0000000000
82180  -25.035  12.500  -5.532 0.0000000000
81289  -28.439  10.810  -6.922 0.0000000000
80305  -28.900  10.715  -7.366 0.0000000000
80324  -30.120  10.808  -8.132 0.0000000000
78408  -26.208  8.687  -5.401 0.0000000000
80296  -30.021  10.118  -6.686 0.0000000000
81310  -30.766  11.338  -8.757 0.0000000000
80326  -32.444  10.658  -8.521 0.0000000000
80327  -33.165  10.324  -8.896 0.0000000000
79358  -33.425  9.253  -7.929 0.0000000000
136899  -26.918  5.303  -4.916 0.0000000000
133427  -29.790  6.796  -4.623 0.0000000000
77494  -32.021  7.742  -5.106 0.0000000000
77502  -33.540  7.798  -6.951 0.0000000000
75803  -33.304  6.212  -5.799 0.0000000000
74041  -31.298  3.836  -2.783 0.0000000000
73087  -28.171  2.305  -1.911 0.0000000000
120356  -29.508  2.226  -1.901 0.0000000000
66220  -26.099  -4.511  -3.973 0.0000000000
67251  -27.035  -4.061  -3.708 0.0000000000
67238  -27.556  -3.636  -3.216 0.0000000000
64301  -28.606  -6.439  -4.114 0.0000000000
132141  -28.255  -4.639  -3.151 0.0000000000
66183  -27.977  -3.828  -2.014 0.0000000000
139763  -29.309  -3.972  -2.479 0.0000000000
68253  -30.152  -3.513  -3.142 0.0000000000
60237  -26.159  -10.697  2.970 0.0000000000
61206  -26.912  -9.914  3.137 0.0000000000
62145  -27.986  -8.701  3.035 0.0000000000
62165  -28.174  -8.194  1.825 0.0000000000
63234  -28.673  -7.837  2.181 0.0000000000
63224  -28.897  -7.917  2.800 0.0000000000
55935  -28.390  -14.869  9.199 0.0000000000
55946  -27.910  -14.390  8.760 0.0000000000
55947  -28.745  -14.395  8.661 0.0000000000
76599  -26.352  7.099  -4.981 0.0000000000
77491  -28.808  7.627  -5.194 0.0000000000
77473  -28.201  6.894  -5.200 0.0000000000
73094  -26.447  3.118  -2.864 0.0000000000
74040  -27.664  3.950  -3.026 0.0000000000
74893  -28.279  4.263  -3.702 0.0000000000
74894  -28.935  4.383  -2.731 0.0000000000
73086  -27.752  3.059  -2.514 0.0000000000
69287  -27.527  -1.599  -1.380 0.0000000000
68252  -27.727  -2.100  -1.220 0.0000000000
63307  -26.590  -8.199  -3.490 0.0000000000
63319  -27.274  -7.873  -4.183 0.0000000000
62249  -27.399  -8.983  -3.806 0.0000000000
65196  -30.021  -5.770  -1.909 0.0000000000
65210  -30.191  -5.168  -2.372 0.0000000000
65197  -30.429  -5.134  -1.817 0.0000000000
66170  -30.753  -4.721  -1.179 0.0000000000
70293  -25.716  0.088  -3.283 0.0000000000
69318  -26.044  -2.111  -4.176 0.0000000000
137702  -26.768  -2.418  -3.488 0.0000000000
131504  -27.401  -1.901  -2.815 0.0000000000
64249  -28.950  -7.096  0.053 0.0000000000
64250  -29.519  -6.576  -0.406 0.0000000000
65168  -30.089  -6.045  0.162 0.0000000000
55934  -27.569  -14.842  9.308 0.0000000000
54932  -27.124  -15.330  9.818 0.0000000000
130431  -27.394  -12.801  7.320 0.0000000000
58050  -28.182  -12.525  6.992 0.0000000000
62188  -25.624  -8.828  -0.706 0.0000000000
61225  -25.719  -9.746  1.210 0.0000000000
61226  -26.416  -9.610  1.841 0.0000000000
83001  -24.273  13.500  -3.983 0.0000000000
83002  -25.158  13.296  -4.426 0.0000000000
82172  -25.661  13.184  -5.534 0.0000000000
81284  -24.437  11.765  -5.433 0.0000000000
81285  -25.245  11.719  -6.006 0.0000000000
81286  -26.111  11.746  -6.480 0.0000000000
81287  -27.216  11.580  -6.592 0.0000000000
80293  -26.428  11.050  -6.542 0.0000000000
79329  -27.320  10.087  -6.287 0.0000000000
80294  -28.081  10.581  -6.582 0.0000000000
80295  -28.635  10.431  -6.650 0.0000000000
80323  -29.301  10.829  -8.172 0.0000000000
80306  -29.682  10.539  -7.411 0.0000000000
78407  -25.289  8.513  -5.144 0.0000000000
129857  -29.956  9.596  -6.125 0.0000000000
79319  -28.575  9.390  -5.849 0.0000000000
80307  -30.466  10.437  -7.391 0.0000000000
80325  -31.576  10.772  -8.215 0.0000000000
81311  -31.771  11.363  -8.986 0.0000000000
80308  -31.369  10.310  -7.357 0.0000000000
79334  -31.934  9.217  -6.339 0.0000000000
79342  -32.128  9.819  -6.979 0.0000000000
79343  -32.855  9.663  -7.417 0.0000000000
142875  -33.431  9.750  -8.551 0.0000000000
79344  -33.214  9.029  -7.241 0.0000000000
74900  -26.820  4.505  -3.897 0.0000000000
74913  -26.455  4.873  -4.685 0.0000000000
75793  -27.684  5.529  -5.138 0.0000000000
76586  -28.419  6.022  -5.169 0.0000000000
76587  -29.175  5.990  -4.755 0.0000000000
76576  -30.015  6.189  -4.086 0.0000000000
76588  -30.724  6.775  -4.251 0.0000000000
77477  -32.217  7.046  -4.794 0.0000000000
77501  -33.190  7.785  -6.264 0.0000000000
77495  -32.848  7.172  -5.501 0.0000000000
76602  -33.430  7.007  -6.296 0.0000000000
76600  -32.699  6.375  -4.933 0.0000000000
74904  -30.460  4.817  -2.658 0.0000000000
126378  -31.871  5.041  -3.659 0.0000000000
74905  -31.523  4.591  -3.157 0.0000000000
74915  -32.203  4.286  -3.995 0.0000000000
72173  -27.734  1.570  -1.801 0.0000000000
72168  -29.368  0.840  -1.281 0.0000000000
72174  -28.778  1.500  -1.657 0.0000000000
72175  -29.797  1.210  -1.577 0.0000000000
73088  -30.807  2.003  -2.306 0.0000000000
72176  -30.513  1.096  -2.079 0.0000000000
69275  -29.844  -1.698  -1.676 0.0000000000
69290  -30.166  -2.007  -3.214 0.0000000000
65218  -25.360  -4.716  -3.911 0.0000000000
65219  -27.628  -5.889  -4.469 0.0000000000
127107  -26.963  -5.156  -4.231 0.0000000000
66221  -27.565  -4.799  -4.154 0.0000000000
66212  -27.839  -4.432  -3.611 0.0000000000
63300  -29.240  -8.691  -3.053 0.0000000000
63308  -29.262  -8.470  -4.064 0.0000000000
64294  -29.049  -7.540  -3.671 0.0000000000
131489  -28.769  -5.272  -2.998 0.0000000000
66201  -27.941  -4.003  -2.731 0.0000000000
66202  -28.480  -4.387  -2.645 0.0000000000
67210  -28.431  -3.565  -1.901 0.0000000000
67229  -28.764  -4.246  -2.388 0.0000000000
67230  -30.346  -4.016  -2.958 0.0000000000
67240  -30.318  -3.634  -3.129 0.0000000000
60227  -27.666  -9.969  4.364 0.0000000000
142037  -27.278  -9.967  3.737 0.0000000000
61207  -27.729  -9.401  3.570 0.0000000000
133209  -28.469  -9.338  4.233 0.0000000000
133163  -25.217  -1.142  -4.117 0.0000000000
67249  -25.468  -2.630  -4.233 0.0000000000
63256  -27.716  -8.235  0.158 0.0000000000
63257  -28.388  -7.550  0.561 0.0000000000
64232  -28.902  -6.962  0.871 0.0000000000
64220  -29.492  -6.755  1.482 0.0000000000
63235  -29.314  -7.396  2.282 0.0000000000
57005  -26.619  -13.129  7.541 0.0000000000
56993  -28.246  -13.773  8.215 0.0000000000
61237  -24.655  -9.244  0.545 0.0000000000
61224  -24.258  -9.747  0.937 0.0000000000
60261  -24.898  -9.908  0.817 0.0000000000
60249  -25.146  -10.470  1.315 0.0000000000
83000  -23.406  13.788  -3.724 0.0000000000
80282  -24.680  10.783  -5.819 0.0000000000
119858  -25.292  10.152  -6.189 0.0000000000
79317  -26.639  9.430  -5.874 0.0000000000
77488  -25.908  7.899  -4.970 0.0000000000
77489  -26.943  8.017  -5.196 0.0000000000
78410  -28.687  8.504  -5.442 0.0000000000
79320  -29.499  9.115  -5.694 0.0000000000
80298  -31.312  9.746  -6.626 0.0000000000
144178  -30.052  8.712  -5.480 0.0000000000
78412  -30.749  8.671  -5.498 0.0000000000
77492  -30.226  8.151  -5.129 0.0000000000
75782  -28.582  5.135  -4.825 0.0000000000
75781  -28.292  4.479  -4.394 0.0000000000
75784  -29.990  5.724  -3.047 0.0000000000
75794  -30.885  6.145  -3.675 0.0000000000
74903  -29.610  4.932  -2.721 0.0000000000
74030  -29.110  3.483  -2.356 0.0000000000
137244  -27.437  0.215  -1.552 0.0000000000
70282  -27.954  -0.228  -0.914 0.0000000000
71222  -29.289  0.090  -0.938 0.0000000000
70268  -28.936  -0.909  -0.799 0.0000000000
64293  -26.442  -7.174  -3.888 0.0000000000
64299  -27.408  -6.804  -4.390 0.0000000000
64300  -28.239  -6.563  -4.407 0.0000000000
133155  -29.019  -7.005  -1.815 0.0000000000
66203  -30.027  -4.727  -2.787 0.0000000000
67211  -31.118  -3.745  -2.278 0.0000000000
66185  -31.100  -4.211  -1.445 0.0000000000
58092  -26.101  -11.938  5.947 0.0000000000
59162  -26.322  -11.146  4.384 0.0000000000
60207  -27.087  -10.665  4.823 0.0000000000
72180  -25.495  1.634  -3.114 0.0000000000
140327  -26.682  2.199  -2.606 0.0000000000
122573  -27.379  2.273  -2.299 0.0000000000
71240  -26.748  0.637  -2.468 0.0000000000
70295  -27.017  -0.075  -2.457 0.0000000000
70308  -25.802  -0.843  -3.679 0.0000000000
70294  -26.530  -0.519  -3.195 0.0000000000
69305  -27.284  -1.032  -2.718 0.0000000000
62224  -27.887  -9.666  -3.000 0.0000000000
62238  -27.931  -9.659  -3.590 0.0000000000
62225  -28.811  -9.477  -2.862 0.0000000000
63291  -28.831  -8.703  -2.324 0.0000000000
126704  -28.699  -7.890  -2.017 0.0000000000
64268  -29.518  -6.502  -1.392 0.0000000000
122559  -30.414  -5.604  -0.302 0.0000000000
65153  -30.015  -6.110  1.027 0.0000000000
54916  -27.613  -15.951  10.315 0.0000000000
58070  -25.802  -12.583  6.521 0.0000000000
58049  -26.609  -12.613  6.997 0.0000000000
58071  -26.578  -12.204  6.478 0.0000000000
58072  -28.022  -11.886  6.472 0.0000000000
62223  -26.987  -8.691  -2.125 0.0000000000
62205  -26.487  -8.704  -1.454 0.0000000000
131795  -26.640  -8.833  -1.008 0.0000000000
62189  -26.850  -8.747  -0.193 0.0000000000
62176  -26.260  -9.061  0.332 0.0000000000
62177  -27.185  -8.703  0.683 0.0000000000
62164  -27.467  -8.645  1.518 0.0000000000
62156  -27.725  -8.655  2.306 0.0000000000
83817  -25.603  13.691  -3.593 0.0000000000
82170  -23.681  12.889  -4.322 0.0000000000
81272  -24.305  12.503  -5.087 0.0000000000
82181  -25.817  12.594  -6.153 0.0000000000
82185  -26.862  12.366  -6.408 0.0000000000
120959  -27.252  10.810  -6.574 0.0000000000
141977  -28.466  10.962  -8.144 0.0000000000
81308  -29.081  11.075  -8.799 0.0000000000
81309  -29.834  11.293  -8.865 0.0000000000
81322  -30.306  11.897  -9.649 0.0000000000
79316  -25.518  9.339  -5.864 0.0000000000
127008  -27.036  8.863  -5.532 0.0000000000
79318  -27.593  9.423  -5.855 0.0000000000
79331  -28.823  9.995  -6.314 0.0000000000
121025  -31.168  12.038  -9.558 0.0000000000
81323  -32.061  11.847  -9.768 0.0000000000
81335  -33.019  11.087  -9.876 0.0000000000
80309  -32.323  10.309  -7.691 0.0000000000
75792  -26.039  5.395  -5.031 0.0000000000
76584  -26.805  6.129  -5.030 0.0000000000
143463  -27.702  6.276  -5.224 0.0000000000
77474  -29.001  6.770  -5.041 0.0000000000
77493  -31.104  8.034  -5.041 0.0000000000
77475  -30.460  7.465  -4.716 0.0000000000
78424  -32.570  8.556  -6.227 0.0000000000
78425  -33.205  8.487  -6.787 0.0000000000
78433  -33.480  8.423  -7.466 0.0000000000
75795  -31.822  5.656  -3.911 0.0000000000
75802  -33.051  5.538  -5.093 0.0000000000
74919  -32.952  4.714  -5.347 0.0000000000
142734  -28.457  2.989  -2.217 0.0000000000
74031  -30.176  3.137  -2.260 0.0000000000
126395  -31.119  2.925  -2.576 0.0000000000
143470  -30.501  -0.530  -2.513 0.0000000000
126302  -25.302  -3.996  -4.104 0.0000000000
67250  -26.071  -3.622  -4.058 0.0000000000
141116  -26.040  -5.164  -3.961 0.0000000000
68268  -26.827  -3.219  -3.559 0.0000000000
67228  -27.548  -3.354  -2.116 0.0000000000
63321  -28.863  -8.250  -4.296 0.0000000000
122764  -28.789  -7.474  -4.184 0.0000000000
65220  -28.205  -5.805  -4.418 0.0000000000
65216  -28.328  -5.321  -4.056 0.0000000000
68232  -27.737  -2.923  -1.700 0.0000000000
68233  -28.350  -2.774  -1.514 0.0000000000
67239  -29.865  -4.316  -2.913 0.0000000000
60242  -25.477  -10.815  2.102 0.0000000000
61216  -26.303  -10.136  2.392 0.0000000000
140183  -26.826  -9.569  2.459 0.0000000000
61217  -27.371  -9.202  2.774 0.0000000000
60309  -28.651  -9.718  -3.810 0.0000000000
60310  -28.576  -9.703  -3.961 0.0000000000
61267  -28.492  -9.746  -3.612 0.0000000000
61268  -28.858  -9.727  -3.753 0.0000000000
61278  -28.667  -9.723  -3.874 0.0000000000
61279  -28.937  -9.626  -3.923 0.0000000000
61287  -28.707  -9.424  -4.078 0.0000000000
62250  -28.002  -8.477  -4.306 0.0000000000
62251  -28.579  -8.968  -4.208 0.0000000000
62252  -29.070  -9.280  -4.080 0.0000000000
63309  -29.110  -8.870  -4.162 0.0000000000
68234  -29.195  -3.437  -2.149 0.0000000000
72181  -25.933  2.231  -2.882 0.0000000000
74039  -27.052  4.007  -3.164 0.0000000000
74895  -29.758  4.211  -2.498 0.0000000000
75796  -32.490  5.796  -4.483 0.0000000000
77476  -31.423  7.293  -4.620 0.0000000000
78411  -29.470  8.296  -5.295 0.0000000000
78414  -32.523  7.998  -5.693 0.0000000000
79321  -30.324  9.208  -5.805 0.0000000000
79332  -29.364  9.766  -6.210 0.0000000000
79333  -30.569  9.666  -6.350 0.0000000000
79335  -32.692  9.162  -6.800 0.0000000000
79357  -33.077  10.138  -8.060 0.0000000000
80338  -32.659  10.993  -9.351 0.0000000000
81288  -28.074  11.372  -6.844 0.0000000000
82216  -30.781  12.352  -10.150 0.0000000000
123340  -29.263  10.312  -6.733 0.0000000000
127481  -30.836  10.687  -7.998 0.0000000000
127660  -26.762  -4.490  -3.958 0.0000000000
128806  -33.614  7.131  -6.947 0.0000000000
137977  -28.462  -9.703  -3.895 0.0000000000
139537  -27.933  -9.364  -4.043 0.0000000000
144054  -33.480  7.408  -6.634 0.0000000000
