#!ascii label  , from subject sub-v2s3x28798_ses-1 vox2ras=TkReg
2024
7114  -5.958  -72.448  -7.164 0.5000000000
5317  -3.422  -75.424  -6.508 0.5000000000
5297  -3.527  -75.560  -5.479 0.5000000000
4772  -2.826  -76.791  -5.145 0.5000000000
8348  -7.975  -70.104  -6.730 0.5000000000
7735  -7.526  -71.009  -6.903 0.5000000000
7736  -7.921  -70.796  -5.706 0.5000000000
7094  -6.580  -71.970  -6.461 0.5000000000
7723  -8.723  -70.926  -4.721 0.6000000238
7093  -5.766  -72.542  -6.055 0.5000000000
131383  -2.301  -78.011  -5.276 0.5000000000
5840  -4.262  -74.024  -6.557 0.5000000000
3776  -3.170  -78.776  -5.023 0.5000000000
5318  -3.948  -74.659  -5.815 0.6000000238
4256  -2.949  -77.421  -4.688 0.6000000238
5823  -4.557  -74.215  -4.810 0.6000000238
4760  -3.300  -76.799  -4.578 0.6000000238
3760  -3.605  -78.273  -4.407 0.6999999881
5806  -4.696  -74.680  -4.210 0.6999999881
4258  -4.199  -77.701  -3.816 0.6999999881
5266  -4.964  -75.916  -3.447 0.6999999881
4745  -4.593  -76.809  -3.475 0.6999999881
141987  -4.907  -78.149  -3.789 0.6999999881
9055  -8.996  -69.858  -4.549 0.5000000000
8322  -9.573  -70.481  -4.384 0.6000000238
9750  -9.988  -69.320  -4.244 0.6000000238
8324  -10.291  -70.405  -4.620 0.6000000238
6420  -5.105  -73.069  -5.661 0.5000000000
3232  -3.559  -79.284  -5.597 0.5000000000
3248  -4.074  -79.415  -6.431 0.5000000000
132373  -5.276  -79.286  -7.586 0.6999999881
3233  -4.540  -79.163  -5.620 0.6999999881
3234  -5.597  -79.150  -5.803 0.6999999881
6403  -4.551  -73.751  -5.612 0.6000000238
6404  -5.142  -73.512  -4.840 0.6999999881
3778  -5.038  -78.734  -4.744 0.6999999881
5807  -5.228  -74.155  -4.247 0.6999999881
5808  -5.834  -74.424  -3.971 0.6999999881
3763  -6.646  -78.552  -4.143 0.6999999881
5283  -6.068  -75.131  -3.520 0.6999999881
4747  -6.356  -76.358  -2.906 0.6999999881
3748  -5.558  -77.847  -3.514 0.6999999881
3764  -7.568  -78.630  -4.168 0.6999999881
5268  -6.627  -75.722  -3.130 0.6999999881
4748  -7.340  -76.334  -3.042 0.6999999881
149075  -7.546  -77.202  -3.159 0.6999999881
4749  -8.250  -76.173  -3.397 0.6999999881
9749  -8.963  -68.781  -4.355 0.5000000000
9778  -10.244  -68.425  -4.933 0.6000000238
10560  -10.414  -68.083  -6.805 0.6000000238
139139  -10.528  -69.006  -5.231 0.6000000238
125124  -10.640  -68.947  -6.881 0.6000000238
8323  -9.991  -70.906  -4.383 0.6000000238
129009  -10.698  -70.031  -5.971 0.6000000238
7709  -8.518  -71.988  -4.615 0.6000000238
132372  -6.134  -79.366  -7.741 0.6999999881
7072  -6.595  -72.860  -4.797 0.6999999881
3250  -6.208  -79.327  -6.419 0.6999999881
132371  -7.078  -79.514  -7.873 0.6999999881
132370  -7.998  -79.666  -7.956 0.6999999881
7055  -8.326  -72.617  -4.633 0.6999999881
3251  -7.083  -79.405  -6.393 0.6999999881
132369  -8.890  -79.819  -8.041 0.6999999881
6390  -6.797  -73.402  -4.615 0.6999999881
6407  -8.058  -73.769  -5.062 0.6999999881
3235  -6.584  -79.216  -5.669 0.6999999881
138800  -7.538  -79.342  -5.627 0.6999999881
137281  -7.578  -79.551  -7.162 0.6999999881
133722  -8.493  -79.687  -7.199 0.6999999881
134799  -6.425  -74.164  -4.259 0.6999999881
6406  -7.155  -74.392  -4.712 0.6999999881
3780  -7.060  -79.040  -4.884 0.6999999881
3252  -9.041  -79.654  -6.368 0.6999999881
5284  -7.403  -75.402  -3.964 0.6999999881
3765  -8.471  -78.707  -4.252 0.6999999881
3223  -8.025  -79.148  -4.893 0.6999999881
4248  -8.928  -77.494  -3.494 0.6999999881
3766  -9.258  -78.711  -4.313 0.6999999881
5285  -8.327  -75.790  -3.698 0.6999999881
4249  -9.757  -77.198  -3.452 0.6999999881
5286  -9.389  -75.632  -3.813 0.6999999881
10527  -9.604  -67.876  -4.620 0.5000000000
10545  -10.078  -67.658  -5.671 0.6000000238
133480  -10.233  -67.724  -7.605 0.6000000238
11231  -9.410  -66.664  -7.180 0.5000000000
9866  -10.099  -68.054  -9.389 0.6000000238
127019  -8.183  -66.172  -5.673 0.5000000000
10544  -9.534  -66.848  -6.003 0.5000000000
9826  -10.481  -68.464  -7.719 0.6000000238
9881  -10.139  -68.593  -10.257 0.6000000238
9125  -10.677  -69.851  -8.837 0.6000000238
9145  -10.458  -69.079  -9.525 0.6000000238
7724  -10.512  -71.355  -5.582 0.6000000238
7711  -9.747  -71.680  -4.645 0.6999999881
7747  -10.681  -71.435  -7.050 0.6999999881
6408  -9.005  -73.244  -5.326 0.6999999881
7096  -10.442  -71.933  -6.267 0.6999999881
3295  -9.505  -79.833  -8.595 0.6999999881
6421  -8.418  -74.079  -5.998 0.6999999881
135895  -9.998  -72.770  -6.809 0.6999999881
3271  -9.750  -79.773  -7.736 0.6999999881
3296  -10.362  -79.649  -8.392 0.6999999881
6437  -8.666  -74.138  -7.096 0.6999999881
132757  -9.704  -79.544  -5.890 0.6999999881
3272  -10.628  -79.526  -7.520 0.6999999881
135970  -9.763  -79.820  -10.019 0.6999999881
5319  -7.597  -75.853  -6.513 0.6000000238
3781  -9.826  -79.170  -5.016 0.6999999881
3254  -10.933  -79.338  -6.636 0.6999999881
3273  -11.426  -79.124  -7.419 0.6999999881
3314  -10.972  -79.448  -9.071 0.6999999881
137115  -10.690  -79.561  -9.931 0.6999999881
5299  -7.614  -75.534  -5.378 0.6999999881
128745  -9.866  -78.552  -4.242 0.6999999881
4259  -10.976  -77.954  -4.007 0.6000000238
144864  -11.750  -78.477  -5.724 0.6999999881
3797  -11.741  -78.705  -6.607 0.6999999881
5301  -8.695  -75.826  -5.249 0.6000000238
140807  -9.616  -76.396  -3.437 0.6999999881
4751  -10.289  -76.454  -3.431 0.6999999881
4250  -10.622  -77.236  -3.539 0.6999999881
4752  -11.157  -76.444  -3.472 0.6000000238
4260  -11.698  -77.701  -4.352 0.6000000238
5302  -9.724  -75.221  -4.413 0.6000000238
5287  -10.292  -75.115  -3.733 0.6000000238
5272  -10.679  -75.686  -3.476 0.6000000238
5273  -11.509  -75.391  -3.452 0.5000000000
4762  -11.876  -76.908  -3.856 0.5000000000
4763  -12.592  -76.322  -4.148 0.5000000000
5826  -10.361  -74.623  -5.151 0.6000000238
5811  -10.929  -73.893  -4.674 0.5000000000
5794  -10.944  -74.380  -3.741 0.5000000000
126261  -9.713  -67.236  -8.814 0.6000000238
11241  -9.214  -66.565  -8.305 0.6000000238
10600  -9.220  -67.653  -11.122 0.5000000000
9894  -8.494  -67.741  -12.116 0.6999999881
11218  -8.874  -66.309  -6.339 0.5000000000
11229  -7.909  -65.779  -7.766 0.6000000238
11251  -8.028  -65.943  -9.141 0.6000000238
11917  -6.467  -65.606  -6.572 0.6000000238
11217  -8.072  -65.897  -6.772 0.6000000238
9896  -10.117  -68.878  -11.093 0.4000000060
11952  -7.117  -65.542  -8.179 0.6000000238
9163  -10.469  -69.527  -10.315 0.5000000000
8405  -10.673  -70.225  -9.732 0.6000000238
146850  -10.693  -70.667  -9.153 0.6000000238
7117  -10.429  -72.117  -7.363 0.6999999881
7759  -10.672  -71.456  -7.904 0.6000000238
6453  -9.657  -73.136  -8.337 0.6999999881
5857  -8.033  -74.919  -7.738 0.6000000238
6452  -8.741  -74.081  -8.239 0.6000000238
4788  -7.982  -76.393  -6.786 0.6000000238
3783  -12.326  -78.091  -6.136 0.6000000238
3810  -11.995  -78.618  -7.434 0.6000000238
3816  -11.861  -78.831  -8.084 0.6999999881
3821  -11.751  -79.008  -8.857 0.6999999881
126606  -11.696  -79.130  -9.818 0.6999999881
4789  -8.722  -76.211  -6.513 0.6000000238
4261  -12.389  -77.257  -4.656 0.6000000238
3344  -11.726  -79.010  -11.527 0.6999999881
5843  -10.385  -74.792  -6.348 0.6000000238
5796  -12.171  -74.666  -3.424 0.4000000060
5288  -13.233  -75.425  -4.121 0.4000000060
4775  -13.044  -76.759  -5.136 0.5000000000
4285  -12.954  -77.517  -6.627 0.6000000238
3811  -12.464  -78.266  -7.947 0.6000000238
128722  -12.435  -78.571  -10.097 0.6000000238
5844  -10.993  -74.036  -5.796 0.5000000000
6423  -11.658  -73.441  -6.266 0.5000000000
7057  -12.119  -72.809  -4.661 0.5000000000
125832  -12.091  -74.052  -3.411 0.5000000000
4776  -13.658  -76.292  -5.598 0.4000000060
4274  -13.370  -76.920  -6.092 0.6000000238
141434  -7.765  -66.592  -11.364 0.6000000238
10599  -9.076  -67.073  -10.434 0.6000000238
9906  -7.878  -68.054  -13.030 0.6000000238
11971  -7.115  -65.598  -9.202 0.6000000238
11264  -7.636  -65.868  -9.974 0.5000000000
11989  -5.929  -65.763  -11.267 0.6000000238
139432  -5.014  -65.461  -11.382 0.6000000238
9895  -9.413  -68.344  -11.694 0.6000000238
11934  -6.192  -65.532  -7.642 0.6999999881
11969  -5.041  -65.521  -9.960 0.6000000238
12003  -4.234  -65.060  -11.228 0.6000000238
9197  -10.277  -69.879  -12.267 0.5000000000
141536  -9.626  -69.421  -12.787 0.6000000238
11933  -5.028  -65.562  -7.607 0.6000000238
11987  -3.652  -65.093  -10.456 0.6999999881
8432  -10.612  -70.449  -10.641 0.5000000000
150040  -3.171  -65.289  -9.226 0.6999999881
125186  -10.655  -71.057  -9.912 0.6000000238
11947  -2.363  -64.785  -9.077 0.6000000238
7134  -10.300  -72.290  -8.282 0.6000000238
144689  -10.557  -71.533  -8.991 0.6000000238
7169  -9.619  -72.931  -10.344 0.6000000238
149636  -9.169  -73.601  -9.000 0.6000000238
5870  -7.366  -75.775  -8.911 0.6000000238
4822  -8.097  -76.560  -8.879 0.6000000238
5872  -10.306  -74.990  -9.243 0.6000000238
5338  -9.746  -75.641  -7.941 0.6000000238
5888  -11.025  -74.320  -9.638 0.6000000238
5858  -11.123  -74.127  -6.865 0.6000000238
4295  -13.142  -77.506  -7.713 0.6000000238
4302  -12.918  -77.884  -8.773 0.6000000238
143313  -13.051  -77.911  -9.868 0.6000000238
6439  -11.836  -73.439  -7.211 0.5000000000
6410  -12.184  -72.819  -5.643 0.5000000000
141263  -12.657  -72.651  -4.294 0.5000000000
4331  -13.469  -77.588  -10.791 0.6000000238
4777  -14.301  -75.904  -5.862 0.4000000060
4807  -13.889  -76.709  -7.905 0.6000000238
4303  -13.591  -77.082  -8.642 0.6000000238
11286  -6.164  -66.413  -13.193 0.6000000238
12828  -6.017  -65.703  -13.424 0.5000000000
12028  -6.326  -66.365  -13.735 0.6000000238
12029  -7.596  -66.036  -13.732 0.5000000000
11263  -7.101  -66.024  -11.080 0.6000000238
12819  -6.028  -64.818  -13.025 0.6000000238
11287  -6.774  -67.060  -12.970 0.5000000000
10627  -6.605  -67.345  -14.157 0.5000000000
10633  -7.124  -68.050  -14.566 0.5000000000
12818  -5.474  -64.853  -12.708 0.5000000000
144614  -5.787  -65.937  -12.838 0.6000000238
12810  -4.914  -64.111  -12.168 0.5000000000
126268  -7.542  -68.385  -13.731 0.6000000238
11968  -3.038  -65.030  -9.735 0.6999999881
12801  -3.721  -64.423  -10.833 0.6000000238
138840  -3.646  -63.494  -10.334 0.6000000238
7789  -10.457  -71.470  -12.015 0.5000000000
13548  -1.947  -64.050  -8.543 0.5000000000
139749  -2.679  -63.525  -9.105 0.6999999881
7170  -10.101  -72.335  -10.855 0.5000000000
6491  -8.609  -73.936  -10.818 0.5000000000
6469  -7.894  -74.789  -10.252 0.6000000238
5377  -9.155  -75.842  -10.570 0.6000000238
5364  -8.372  -76.257  -10.028 0.5000000000
5897  -10.051  -75.103  -11.029 0.6000000238
5365  -9.511  -75.770  -9.680 0.6000000238
6440  -12.186  -73.211  -8.135 0.5000000000
5321  -14.974  -75.606  -5.957 0.5000000000
4792  -15.021  -76.058  -7.337 0.5000000000
4823  -14.228  -76.468  -8.728 0.6000000238
4316  -14.469  -76.639  -10.085 0.6000000238
12821  -7.902  -64.626  -12.539 0.6000000238
12830  -8.358  -65.307  -13.057 0.6000000238
13592  -7.347  -63.878  -12.027 0.6000000238
142225  -8.411  -66.605  -14.193 0.5000000000
13591  -6.274  -63.822  -12.307 0.6000000238
13581  -5.636  -62.857  -11.839 0.6999999881
9204  -7.299  -68.704  -14.872 0.6000000238
14353  -4.309  -63.100  -10.668 0.6000000238
13579  -4.631  -63.377  -11.622 0.6000000238
9205  -8.935  -69.581  -13.618 0.6000000238
147448  -3.517  -63.324  -9.052 0.6000000238
133185  -4.286  -63.059  -10.117 0.6000000238
8480  -10.428  -70.686  -12.551 0.5000000000
7186  -9.438  -73.063  -11.296 0.5000000000
13529  -2.135  -63.156  -7.724 0.5000000000
13550  -2.830  -63.268  -8.461 0.6000000238
6490  -7.552  -75.218  -11.286 0.5000000000
5385  -7.783  -75.697  -12.185 0.6000000238
148754  -7.506  -75.833  -11.496 0.5000000000
5908  -10.666  -74.585  -11.812 0.5000000000
136568  -10.765  -74.532  -10.410 0.5000000000
5339  -15.753  -76.071  -7.271 0.6000000238
4809  -15.375  -76.178  -8.002 0.6000000238
13593  -8.497  -63.991  -11.869 0.6000000238
12822  -9.211  -64.706  -12.441 0.5000000000
12831  -9.400  -65.307  -12.985 0.5000000000
13583  -7.774  -63.114  -11.533 0.6999999881
12036  -9.682  -66.145  -13.822 0.5000000000
15257  -5.973  -61.806  -11.559 0.6999999881
13582  -6.671  -62.922  -11.741 0.6000000238
11305  -9.893  -66.664  -14.385 0.5000000000
14380  -5.069  -62.641  -11.548 0.6000000238
10634  -7.778  -68.107  -15.017 0.5000000000
9212  -7.572  -69.332  -15.057 0.6000000238
13562  -5.312  -62.768  -9.809 0.6999999881
8505  -9.369  -70.421  -13.985 0.6000000238
13552  -5.804  -63.312  -8.828 0.6000000238
8506  -10.196  -70.925  -13.402 0.6000000238
13511  -5.175  -63.514  -7.207 0.6999999881
13531  -4.523  -63.393  -8.359 0.6999999881
7187  -10.160  -72.246  -11.670 0.5000000000
7805  -10.408  -71.405  -12.821 0.5000000000
13530  -3.540  -63.308  -7.530 0.6000000238
137908  -8.413  -73.890  -12.908 0.5000000000
129584  -3.799  -63.452  -5.912 0.5000000000
6534  -7.800  -74.741  -12.628 0.6000000238
6512  -8.310  -74.151  -11.917 0.5000000000
13473  -3.180  -63.690  -4.912 0.6000000238
6511  -7.526  -75.156  -12.127 0.5000000000
5386  -9.617  -75.422  -11.890 0.6000000238
146578  -11.396  -74.087  -12.966 0.5000000000
13585  -9.809  -63.281  -11.404 0.6999999881
13595  -10.672  -63.567  -11.944 0.5000000000
12823  -10.354  -64.345  -12.476 0.5000000000
15250  -8.482  -60.812  -10.887 0.8000000119
15260  -9.568  -61.812  -10.825 0.6999999881
12832  -11.113  -64.674  -13.234 0.5000000000
12037  -10.811  -65.977  -14.108 0.5000000000
15249  -6.283  -60.409  -11.210 0.6999999881
15259  -7.239  -61.123  -11.326 0.6999999881
14383  -8.101  -62.326  -11.266 0.8000000119
15248  -5.805  -61.089  -11.091 0.6999999881
11306  -11.341  -66.613  -14.664 0.5000000000
145496  -6.888  -61.184  -9.693 0.6999999881
15237  -5.814  -60.766  -10.692 0.6999999881
9925  -7.989  -68.849  -15.428 0.6000000238
10635  -10.275  -67.337  -14.943 0.5000000000
13533  -7.150  -63.305  -7.454 0.6000000238
14337  -6.666  -62.904  -9.104 0.6000000238
7849  -8.825  -71.610  -15.326 0.6000000238
13512  -6.486  -63.557  -6.796 0.6999999881
13532  -6.106  -63.451  -7.848 0.6999999881
7204  -9.530  -72.853  -13.442 0.6000000238
7216  -9.546  -72.276  -14.352 0.6000000238
13490  -5.039  -63.791  -5.565 0.6000000238
146130  -8.453  -73.806  -13.687 0.6000000238
5395  -8.108  -75.576  -12.977 0.6000000238
12675  -3.637  -64.325  -4.255 0.6000000238
5918  -8.979  -75.617  -13.252 0.6000000238
5929  -10.158  -75.181  -13.405 0.5000000000
15251  -9.842  -60.834  -10.815 0.6000000238
15261  -10.562  -61.651  -11.016 0.5000000000
14390  -11.257  -62.874  -11.847 0.5000000000
145728  -12.148  -64.702  -13.834 0.5000000000
142314  -7.013  -60.142  -11.189 0.8000000119
12840  -12.656  -65.143  -14.242 0.5000000000
15238  -6.377  -60.191  -10.489 0.6999999881
9221  -8.642  -69.501  -15.696 0.6000000238
11818  -2.794  -66.223  -1.353 0.6000000238
14338  -7.312  -62.882  -8.343 0.8000000119
12621  -3.880  -64.794  -1.297 0.6000000238
13513  -7.270  -63.347  -6.397 0.6999999881
14324  -7.579  -62.753  -7.526 0.8000000119
8522  -8.081  -70.074  -15.313 0.6000000238
11149  -3.706  -66.573  -1.944 0.6000000238
13492  -6.749  -63.726  -5.696 0.6000000238
6552  -9.063  -73.271  -14.413 0.6000000238
6569  -8.390  -74.418  -14.842 0.6000000238
134275  -5.059  -65.001  -3.027 0.6000000238
12676  -4.800  -64.512  -3.892 0.6000000238
140422  -5.818  -64.340  -4.026 0.6000000238
5928  -8.075  -74.787  -14.152 0.6000000238
5940  -8.747  -74.671  -15.476 0.6000000238
139772  -4.087  -64.042  -4.598 0.5000000000
5941  -10.427  -75.156  -14.257 0.5000000000
5930  -11.192  -74.527  -13.580 0.5000000000
5409  -10.633  -75.222  -15.252 0.5000000000
16148  -10.844  -60.591  -11.207 0.5000000000
15262  -12.009  -61.473  -11.845 0.5000000000
16144  -9.163  -60.046  -10.780 0.6000000238
16994  -10.268  -59.504  -11.029 0.5000000000
124708  -6.918  -59.483  -10.910 0.8000000119
16993  -9.096  -59.017  -10.793 0.6999999881
16132  -6.627  -59.581  -10.822 0.8000000119
15217  -7.607  -61.171  -9.137 0.8000000119
10639  -10.633  -68.017  -15.381 0.6000000238
12039  -13.111  -65.628  -14.419 0.5000000000
14241  -1.702  -63.594  -1.845 0.6000000238
134459  -7.689  -61.400  -8.163 0.8000000119
10640  -11.875  -68.072  -15.328 0.5000000000
13432  -3.388  -63.831  -1.392 0.6999999881
138869  -2.996  -64.476  -1.357 0.6000000238
14316  -7.638  -63.018  -6.134 0.8000000119
7867  -8.411  -71.340  -15.946 0.6000000238
9225  -8.362  -70.157  -15.767 0.6000000238
9927  -10.958  -68.692  -15.636 0.6000000238
13433  -4.340  -63.815  -1.360 0.6000000238
7238  -8.643  -72.999  -15.866 0.6000000238
7868  -8.596  -72.131  -15.893 0.6000000238
8542  -9.387  -70.715  -16.306 0.6000000238
11838  -4.995  -65.315  -1.948 0.6000000238
12677  -6.667  -64.066  -3.808 0.6000000238
13493  -7.337  -63.396  -5.492 0.5000000000
5961  -8.802  -74.073  -16.236 0.6000000238
12654  -5.864  -64.552  -2.973 0.6000000238
5412  -9.967  -75.283  -15.823 0.6000000238
5415  -9.445  -75.033  -16.212 0.6000000238
5416  -10.451  -75.301  -16.654 0.5000000000
5414  -11.936  -75.526  -16.641 0.5000000000
5952  -11.635  -75.056  -15.636 0.5000000000
5953  -12.659  -75.206  -16.159 0.5000000000
17001  -10.296  -58.109  -10.971 0.6000000238
140174  -7.839  -57.958  -10.539 0.6999999881
14283  0.621  -63.378  -3.064 0.6000000238
13445  -0.613  -63.448  -2.439 0.6000000238
130831  -7.431  -59.275  -9.051 0.8000000119
11308  -13.205  -66.647  -14.500 0.5000000000
14263  -1.583  -62.774  -2.181 0.6000000238
16104  -7.537  -60.263  -8.461 0.8000000119
10628  -13.043  -67.474  -14.517 0.5000000000
14242  -2.624  -63.037  -1.697 0.6999999881
15179  -7.148  -61.016  -6.363 0.8000000119
9227  -10.243  -70.097  -15.993 0.6000000238
9928  -12.003  -68.733  -15.438 0.6000000238
14265  -4.028  -62.266  -1.729 0.8000000119
15158  -7.265  -61.869  -5.098 0.6999999881
7237  -8.643  -72.174  -16.183 0.6000000238
8543  -10.527  -70.794  -16.237 0.6000000238
14245  -5.449  -62.865  -1.683 0.6999999881
13446  -5.958  -63.493  -1.767 0.6999999881
13459  -7.229  -62.762  -3.732 0.6000000238
7247  -8.890  -72.747  -16.597 0.6000000238
7884  -11.164  -71.579  -16.448 0.6000000238
12637  -6.199  -64.189  -2.169 0.6000000238
7249  -10.500  -72.405  -16.883 0.5000000000
143107  -10.978  -74.736  -17.366 0.5000000000
17806  -8.964  -57.846  -10.683 0.6000000238
17807  -10.208  -57.450  -10.657 0.5000000000
14260  2.010  -61.882  -2.522 0.6000000238
18628  -8.211  -57.055  -10.449 0.6999999881
13457  1.360  -63.348  -3.215 0.6000000238
149516  -7.157  -57.992  -10.064 0.6999999881
18620  -7.535  -56.750  -9.951 0.6000000238
14284  0.317  -62.507  -3.389 0.6000000238
143334  1.074  -62.949  -3.483 0.6000000238
16972  -7.065  -58.186  -9.282 0.6000000238
16971  -6.681  -58.029  -8.541 0.6999999881
15090  -1.557  -61.887  -2.625 0.8000000119
16103  -6.955  -59.638  -7.556 0.6999999881
16962  -6.369  -58.373  -7.785 0.6000000238
14264  -3.118  -62.244  -1.811 0.8000000119
15157  -6.960  -61.209  -5.661 0.8000000119
16068  -6.352  -60.493  -5.943 0.6999999881
15093  -4.423  -61.706  -2.228 0.6999999881
15094  -5.408  -62.067  -2.284 0.6999999881
15116  -5.719  -61.566  -3.207 0.6000000238
16052  -6.394  -61.031  -5.014 0.8000000119
15077  2.410  -61.363  -1.687 0.6000000238
14281  1.871  -61.904  -3.481 0.6000000238
17788  -5.634  -57.351  -7.530 0.6000000238
149871  -0.579  -61.914  -3.118 0.6999999881
128763  -1.098  -61.247  -3.373 0.6999999881
16949  -6.036  -59.069  -6.959 0.6999999881
16948  -5.121  -58.635  -6.606 0.6000000238
15112  -2.076  -61.061  -3.082 0.8000000119
15113  -2.994  -60.958  -2.935 0.6000000238
15114  -3.897  -61.027  -2.937 0.5000000000
16067  -5.434  -60.212  -5.634 0.6999999881
16066  -4.400  -59.961  -5.971 0.6999999881
16947  -4.473  -58.741  -6.220 0.6000000238
15092  -3.507  -61.594  -2.241 0.8000000119
16030  -4.273  -60.627  -3.904 0.6000000238
16031  -5.216  -60.851  -3.941 0.6000000238
15998  3.350  -60.236  -1.823 0.6000000238
16011  3.318  -60.229  -2.812 0.6000000238
15109  2.455  -61.105  -3.983 0.6999999881
15089  2.573  -61.071  -3.131 0.6000000238
15110  1.718  -61.665  -4.257 0.6999999881
15133  1.265  -61.475  -4.633 0.6999999881
15134  0.110  -61.489  -3.947 0.6999999881
16046  -0.185  -60.760  -4.699 0.6000000238
17782  -5.113  -57.494  -6.939 0.6000000238
16027  -1.624  -60.690  -3.921 0.6000000238
135660  -2.908  -60.464  -4.741 0.6000000238
19393  -4.951  -56.959  -6.420 0.5000000000
17771  -4.133  -58.169  -5.845 0.6000000238
18588  -4.529  -57.400  -5.747 0.5000000000
18579  -4.296  -57.748  -4.797 0.5000000000
17770  -3.283  -59.057  -5.786 0.6000000238
18587  -3.506  -58.197  -4.960 0.5000000000
17725  3.992  -58.426  -0.868 0.6000000238
15997  3.601  -59.449  -2.444 0.6000000238
16025  3.150  -60.384  -3.629 0.6999999881
16898  3.406  -59.495  -3.283 0.6999999881
16043  2.874  -60.289  -4.875 0.6999999881
15132  1.902  -61.009  -5.142 0.6999999881
16060  1.894  -60.590  -5.909 0.6000000238
16045  0.442  -60.648  -5.506 0.5000000000
134131  0.151  -60.251  -6.305 0.6999999881
141902  0.272  -59.334  -7.034 0.6000000238
16047  -1.106  -60.517  -4.792 0.6000000238
134114  -1.817  -59.997  -6.350 0.6000000238
17768  -0.971  -58.968  -6.377 0.6000000238
16934  -2.986  -59.939  -6.330 0.6000000238
17760  -2.318  -58.984  -5.597 0.5000000000
18577  -1.694  -58.247  -4.493 0.5000000000
18569  -2.866  -58.010  -3.151 0.5000000000
17689  0.689  -58.751  1.432 0.6999999881
16839  0.194  -59.589  0.893 0.6999999881
16823  0.080  -59.458  1.902 0.6999999881
17726  3.679  -58.609  -1.421 0.6000000238
16851  0.531  -59.475  -0.064 0.6999999881
16840  -0.570  -60.272  1.335 0.6999999881
15970  -1.307  -60.642  1.273 0.6999999881
15971  -1.879  -61.085  1.823 0.6000000238
16880  3.361  -59.020  -2.566 0.6999999881
16865  1.088  -59.387  -1.129 0.6999999881
145155  0.109  -59.674  -0.541 0.6999999881
15990  -1.077  -60.178  0.076 0.6999999881
16899  3.256  -59.257  -3.347 0.6999999881
17727  2.375  -59.011  -2.011 0.6999999881
16867  -0.519  -59.780  -0.492 0.6999999881
16059  2.441  -60.184  -5.560 0.6999999881
16932  2.062  -59.740  -6.051 0.6000000238
16083  1.362  -60.139  -6.501 0.6000000238
18596  -0.182  -57.716  -6.797 0.6000000238
19391  -0.219  -56.286  -6.062 0.6000000238
127526  -0.674  -59.428  -6.646 0.6000000238
17767  -0.319  -58.115  -6.730 0.6000000238
143926  -0.374  -57.131  -6.534 0.6000000238
18586  -0.680  -58.035  -6.085 0.5000000000
19387  -0.679  -56.632  -5.021 0.6000000238
134349  -0.868  -55.133  -4.266 0.6000000238
17759  -1.435  -58.675  -5.605 0.5000000000
18567  -1.249  -57.572  -3.959 0.5000000000
19381  -0.847  -56.413  -3.884 0.5000000000
16804  0.023  -59.112  2.791 0.6999999881
15955  -1.108  -60.820  2.031 0.6999999881
15956  -1.592  -61.194  2.584 0.6000000238
15041  -2.263  -61.358  2.568 0.6000000238
15973  -3.082  -60.538  1.784 0.6000000238
17690  -3.032  -58.776  1.078 0.4000000060
16868  -1.356  -59.569  -0.520 0.6000000238
16853  -1.776  -59.982  0.171 0.5000000000
16854  -2.468  -59.576  0.492 0.5000000000
18496  -2.739  -57.648  1.239 0.4000000060
19292  -2.280  -56.650  1.238 0.5000000000
16914  3.218  -59.439  -4.021 0.6999999881
16901  1.194  -59.056  -2.849 0.8000000119
16883  0.066  -59.375  -1.736 0.6999999881
18526  -1.523  -58.063  -0.905 0.5000000000
18513  -2.028  -57.777  -0.126 0.4000000060
19312  -1.709  -56.708  0.603 0.4000000060
20087  -1.608  -55.930  0.914 0.4000000060
144316  -1.263  -54.808  0.599 0.4000000060
16915  2.615  -58.970  -4.026 0.8000000119
17742  1.526  -58.618  -3.632 0.8000000119
16902  0.350  -59.081  -2.397 0.8000000119
17728  -0.520  -58.893  -1.906 0.8000000119
18535  -0.489  -57.704  -1.993 0.6000000238
19329  -0.511  -56.198  -0.713 0.5000000000
19311  -0.971  -55.873  0.165 0.4000000060
20107  -1.080  -55.238  0.518 0.4000000060
17751  2.530  -59.176  -4.671 0.6999999881
17757  2.322  -59.485  -5.443 0.8000000119
18575  1.210  -57.656  -4.840 0.6999999881
19384  0.961  -56.667  -4.723 0.5000000000
20119  -0.199  -55.364  -0.400 0.5000000000
20106  -0.338  -54.996  0.025 0.4000000060
20863  -0.613  -54.566  0.207 0.4000000060
18594  0.830  -58.034  -6.180 0.6000000238
18584  0.293  -57.025  -6.295 0.5000000000
19385  0.400  -55.862  -5.268 0.5000000000
20942  -0.458  -54.932  -5.180 0.6000000238
19386  -0.516  -55.712  -5.651 0.6000000238
20167  -0.772  -54.688  -4.723 0.6000000238
16824  -0.457  -60.105  2.586 0.6000000238
15937  -0.712  -60.348  3.684 0.5000000000
15030  -1.894  -61.433  3.078 0.5000000000
15032  -2.897  -61.480  3.730 0.4000000060
15957  -3.500  -60.673  2.521 0.5000000000
16842  -3.558  -59.906  1.970 0.5000000000
129587  -3.363  -58.038  1.615 0.5000000000
125354  -2.991  -57.147  1.612 0.5000000000
19293  -2.800  -56.335  1.498 0.5000000000
129717  -3.539  -56.113  1.468 0.5000000000
149241  -2.205  -55.224  1.161 0.5000000000
20850  -3.460  -54.641  0.984 0.5000000000
18554  0.577  -57.632  -3.219 0.6999999881
18534  0.227  -57.038  -2.509 0.6000000238
19344  0.551  -55.913  -2.206 0.5000000000
19345  -0.144  -56.520  -1.639 0.5000000000
139981  -1.867  -54.639  0.802 0.5000000000
21651  -2.629  -53.526  0.359 0.5000000000
17752  1.625  -58.368  -4.509 0.8000000119
18566  1.012  -58.025  -3.837 0.6999999881
19378  0.942  -56.405  -3.813 0.6000000238
145657  0.693  -54.510  -1.344 0.5000000000
20880  0.693  -54.145  -0.921 0.4000000060
21670  0.340  -53.291  -0.607 0.5000000000
21650  -1.782  -53.736  0.346 0.4000000060
22454  -2.218  -52.976  -0.103 0.5000000000
20172  0.836  -55.737  -4.096 0.5000000000
20924  0.895  -54.982  -2.934 0.5000000000
20129  0.858  -55.014  -2.318 0.6000000238
20879  0.803  -54.061  -1.254 0.5000000000
22472  0.619  -53.070  -0.962 0.5000000000
22473  0.079  -52.564  -0.789 0.5000000000
142966  0.679  -55.064  -3.919 0.5000000000
20166  0.518  -54.484  -3.612 0.5000000000
20908  0.837  -54.516  -2.059 0.5000000000
22492  0.604  -53.092  -1.331 0.5000000000
20936  -0.564  -54.690  -4.839 0.6000000238
21711  -0.487  -53.482  -3.385 0.6000000238
15920  -0.710  -60.338  4.714 0.5000000000
15905  -1.136  -60.907  5.088 0.5000000000
15015  -1.935  -61.423  3.842 0.5000000000
15016  -2.457  -61.383  4.633 0.4000000060
15939  -3.729  -61.027  3.554 0.4000000060
15904  -0.716  -60.466  5.456 0.5000000000
14996  -1.902  -61.174  5.472 0.4000000060
16825  -3.963  -59.838  2.604 0.5000000000
17674  -3.965  -59.119  2.381 0.6000000238
18475  -3.943  -58.364  2.116 0.5000000000
131917  -3.612  -56.844  1.652 0.5000000000
19294  -4.586  -56.402  1.512 0.4000000060
20851  -4.701  -54.864  0.997 0.4000000060
15889  -2.734  -60.742  6.566 0.4000000060
14998  -3.648  -61.064  5.574 0.4000000060
147299  -4.100  -60.921  4.246 0.4000000060
15940  -4.407  -60.406  4.069 0.5000000000
142640  -4.418  -59.329  3.057 0.5000000000
17675  -4.561  -58.597  2.732 0.5000000000
15922  -4.391  -60.701  4.897 0.4000000060
16796  -5.037  -59.836  4.777 0.4000000060
17655  -5.201  -58.780  3.527 0.5000000000
17676  -5.359  -58.108  2.955 0.4000000060
18499  -5.368  -56.895  1.854 0.4000000060
20091  -5.153  -55.685  1.293 0.4000000060
20852  -5.813  -55.169  1.125 0.4000000060
15880  -2.497  -60.386  7.103 0.4000000060
15890  -3.404  -60.402  6.811 0.4000000060
15907  -4.223  -60.721  5.711 0.4000000060
125595  -3.000  -58.335  7.583 0.4000000060
17594  -3.609  -58.454  7.084 0.4000000060
137358  -4.737  -60.137  5.679 0.4000000060
16783  -5.115  -59.343  5.553 0.4000000060
17642  -5.682  -58.514  4.149 0.5000000000
18459  -5.897  -58.007  3.703 0.5000000000
137506  -5.965  -57.614  3.113 0.4000000060
19295  -5.691  -56.337  1.657 0.4000000060
18427  -5.463  -57.757  5.220 0.4000000060
19257  -6.267  -56.757  4.102 0.4000000060
19264  -6.572  -56.531  3.439 0.4000000060
19296  -6.509  -56.174  1.973 0.4000000060
20092  -6.756  -55.430  1.695 0.4000000060
17580  -2.166  -58.337  8.115 0.4000000060
18400  -2.874  -57.413  7.635 0.3000000119
18410  -3.763  -57.707  6.628 0.3000000119
17608  -4.790  -58.593  6.016 0.4000000060
19203  -2.671  -55.595  7.075 0.4000000060
19205  -3.345  -56.848  7.052 0.3000000119
146920  -3.327  -57.061  6.343 0.3000000119
19219  -3.360  -57.050  6.559 0.4000000060
20040  -4.356  -55.971  5.343 0.5000000000
20061  -5.852  -56.159  4.541 0.4000000060
20062  -6.610  -55.840  3.925 0.4000000060
20066  -7.041  -55.870  3.232 0.4000000060
21633  -7.997  -54.077  2.045 0.3000000119
20815  -4.125  -55.095  4.957 0.5000000000
20826  -4.955  -54.531  4.519 0.5000000000
20827  -5.916  -55.250  4.443 0.4000000060
20831  -7.200  -55.129  3.564 0.4000000060
20832  -7.708  -54.447  3.252 0.3000000119
19204  -2.634  -56.458  7.616 0.4000000060
20789  -2.120  -54.783  7.234 0.4000000060
20802  -2.456  -54.970  6.354 0.4000000060
20020  -3.323  -55.837  6.134 0.5000000000
20039  -3.562  -55.518  5.587 0.5000000000
135129  -1.646  -54.335  6.294 0.4000000060
129047  -3.247  -54.767  5.162 0.5000000000
20825  -3.877  -54.196  4.708 0.5000000000
21620  -6.588  -53.870  4.304 0.4000000060
20829  -7.346  -54.333  3.877 0.3000000119
124124  -2.837  -53.076  4.523 0.3000000119
21617  -3.612  -53.369  4.436 0.3000000119
21618  -4.510  -53.538  4.350 0.3000000119
21604  -1.398  -53.926  5.636 0.3000000119
21615  -1.473  -53.287  5.047 0.4000000060
136710  -6.719  -52.931  4.340 0.3000000119
20801  -0.612  -53.684  6.096 0.3000000119
22415  0.292  -52.432  4.930 0.3000000119
139380  -8.919  -66.618  -9.749 0.6000000238
11265  -8.252  -66.434  -10.493 0.5000000000
16935  -3.749  -59.649  -6.107 0.6000000238
16049  -3.626  -60.379  -5.050 0.6000000238
4786  -2.958  -76.158  -5.942 0.5000000000
5298  -4.083  -75.044  -4.768 0.6000000238
130374  -6.442  -72.330  -5.465 0.5000000000
135631  -4.271  -76.182  -3.781 0.6999999881
3762  -5.739  -78.425  -4.038 0.6999999881
5809  -6.961  -74.919  -4.399 0.6999999881
3749  -6.307  -77.904  -3.496 0.6999999881
4247  -6.788  -77.135  -3.045 0.6999999881
134614  -10.707  -70.132  -7.851 0.5000000000
3236  -8.483  -79.442  -5.619 0.6999999881
5842  -7.947  -74.892  -6.790 0.6999999881
5824  -7.515  -75.239  -5.593 0.6999999881
3224  -8.904  -79.205  -4.912 0.6999999881
5300  -7.913  -75.779  -4.970 0.6999999881
10586  -9.475  -67.240  -9.635 0.6000000238
124504  -10.645  -78.982  -5.203 0.6999999881
4804  -7.567  -76.204  -7.872 0.6000000238
5320  -9.670  -75.622  -6.941 0.6000000238
5810  -10.506  -74.442  -4.145 0.5000000000
11951  -6.217  -65.521  -8.687 0.6999999881
129178  -8.325  -76.507  -8.032 0.6000000238
3798  -12.463  -78.140  -7.076 0.6000000238
3822  -12.367  -78.526  -9.331 0.6000000238
127587  -10.446  -74.851  -7.435 0.5000000000
130258  -12.486  -72.876  -7.295 0.5000000000
130522  -13.989  -76.387  -6.439 0.5000000000
11990  -6.625  -65.668  -10.259 0.6000000238
11950  -5.162  -65.565  -9.172 0.6999999881
9196  -9.980  -70.109  -13.135 0.6000000238
5374  -7.182  -76.087  -10.029 0.5000000000
145508  -8.958  -76.320  -8.433 0.5000000000
131016  -10.913  -74.407  -8.830 0.6000000238
135278  -10.405  -74.914  -8.386 0.5000000000
6454  -11.546  -73.778  -8.873 0.5000000000
129252  -13.741  -77.157  -10.048 0.6000000238
4808  -14.630  -76.292  -8.024 0.6000000238
150022  -15.675  -75.546  -5.860 0.5000000000
14354  -4.905  -62.434  -10.683 0.6000000238
10636  -11.724  -67.351  -15.082 0.5000000000
11819  -3.633  -65.826  -1.410 0.6000000238
133819  -3.945  -65.606  -3.160 0.6000000238
5407  -8.797  -75.340  -14.522 0.6000000238
144245  -4.473  -65.415  -1.603 0.6000000238
16090  -7.426  -60.932  -7.347 0.8000000119
12622  -5.683  -64.196  -1.709 0.6000000238
7883  -9.743  -71.552  -16.575 0.6000000238
12655  -6.576  -64.068  -2.845 0.6000000238
6593  -9.645  -73.845  -17.113 0.6000000238
16089  -6.582  -60.101  -6.703 0.8000000119
9223  -11.295  -69.519  -15.744 0.6000000238
15136  -6.914  -61.878  -4.276 0.6000000238
14268  -6.731  -62.807  -2.811 0.6999999881
15115  -4.833  -61.223  -3.013 0.6000000238
16048  -2.116  -60.408  -5.052 0.6000000238
16050  -4.633  -60.300  -5.090 0.6999999881
16065  -2.884  -60.227  -5.938 0.6000000238
18578  -2.470  -58.297  -4.133 0.5000000000
17777  0.781  -58.599  -6.747 0.5000000000
17769  -1.756  -59.536  -6.142 0.6000000238
18556  -1.606  -57.159  -3.022 0.5000000000
17702  0.965  -58.857  0.562 0.6999999881
16850  1.571  -58.785  -0.356 0.6000000238
16852  -0.394  -59.994  0.233 0.6999999881
16882  0.902  -59.370  -2.048 0.8000000119
17729  -1.275  -58.962  -1.217 0.6000000238
135923  -1.008  -60.803  2.832 0.6000000238
17703  -2.473  -58.545  0.321 0.5000000000
16869  -2.081  -59.379  -0.131 0.5000000000
22452  -0.326  -53.047  -0.349 0.5000000000
15921  -1.152  -61.013  4.258 0.5000000000
20849  -2.565  -54.836  1.070 0.5000000000
19368  0.764  -56.426  -3.067 0.6000000238
19367  0.875  -56.098  -3.313 0.6000000238
22512  0.112  -52.924  -2.654 0.5000000000
15888  -1.934  -60.806  6.451 0.5000000000
18476  -4.636  -57.948  2.309 0.5000000000
16807  -4.801  -59.620  3.837 0.6000000238
17593  -2.518  -59.198  7.802 0.4000000060
135538  -3.184  -59.113  7.442 0.4000000060
15891  -4.224  -60.264  6.413 0.4000000060
18401  -3.471  -57.575  7.062 0.3000000119
16767  -4.549  -59.471  6.297 0.4000000060
18447  -5.866  -57.913  4.519 0.5000000000
18460  -6.249  -57.257  3.589 0.4000000060
134872  -4.735  -57.045  5.616 0.4000000060
19238  -5.686  -57.098  4.851 0.4000000060
20077  -7.064  -55.781  2.484 0.4000000060
20093  -7.298  -54.637  1.621 0.4000000060
19218  -3.305  -56.649  6.324 0.3000000119
19237  -3.671  -56.352  5.981 0.5000000000
20060  -5.059  -55.544  4.811 0.5000000000
20041  -5.162  -56.346  5.060 0.4000000060
20078  -7.326  -55.204  2.266 0.4000000060
21619  -5.499  -53.706  4.361 0.5000000000
132733  -5.979  -54.458  4.388 0.4000000060
20828  -6.736  -54.866  4.166 0.4000000060
20813  -2.102  -54.503  5.756 0.5000000000
21605  -2.069  -53.990  5.220 0.5000000000
20814  -2.590  -54.495  5.347 0.4000000060
131682  -5.961  -53.116  4.362 0.4000000060
21616  -2.254  -53.436  4.838 0.4000000060
21603  -0.073  -53.034  5.397 0.3000000119
22416  -1.166  -52.507  4.633 0.3000000119
22417  -2.053  -52.768  4.572 0.3000000119
3380  -11.378  -79.062  -15.972 0.5000000000
2883  -11.800  -79.324  -15.670 0.5000000000
2463  -13.037  -80.501  -14.261 0.5000000000
2871  -12.535  -79.685  -15.118 0.5000000000
2450  -13.468  -81.089  -13.443 0.5000000000
2861  -13.998  -80.383  -14.090 0.5000000000
2437  -13.902  -81.517  -12.675 0.6000000238
3878  -11.175  -78.863  -15.883 0.5000000000
3879  -12.062  -78.798  -15.536 0.5000000000
3374  -13.179  -79.074  -15.228 0.5000000000
2873  -14.388  -79.469  -14.471 0.5000000000
2428  -15.016  -81.647  -11.828 0.6000000238
2862  -14.815  -80.207  -13.799 0.6000000238
2451  -14.407  -80.995  -13.286 0.6000000238
3877  -10.392  -78.794  -16.160 0.4000000060
3355  -7.430  -79.370  -12.761 0.4000000060
3356  -8.222  -79.656  -12.433 0.4000000060
3366  -8.089  -79.141  -13.484 0.5000000000
3856  -9.011  -78.864  -13.924 0.5000000000
3867  -9.063  -78.476  -15.292 0.5000000000
126666  -10.021  -78.563  -14.469 0.5000000000
3368  -9.698  -79.040  -13.213 0.5000000000
142593  -9.978  -78.522  -15.530 0.5000000000
2014  -15.613  -81.877  -10.651 0.6000000238
2411  -16.086  -81.810  -9.742 0.6000000238
3869  -11.652  -78.419  -15.231 0.5000000000
3870  -12.527  -78.274  -14.968 0.5000000000
3857  -11.907  -78.181  -14.301 0.5000000000
2429  -15.791  -81.410  -11.769 0.6000000238
126129  -13.247  -78.168  -14.790 0.5000000000
3376  -15.114  -78.883  -14.335 0.6000000238
2452  -15.267  -80.826  -13.038 0.6000000238
2015  -16.360  -81.847  -10.466 0.6000000238
2859  -16.456  -80.180  -12.600 0.6000000238
2028  -17.072  -81.642  -10.731 0.6000000238
2413  -17.827  -81.729  -9.861 0.6999999881
2441  -16.907  -80.695  -11.874 0.6000000238
2432  -17.858  -81.417  -10.740 0.6999999881
3309  -6.402  -79.342  -10.014 0.6000000238
3325  -7.299  -79.701  -10.276 0.6000000238
3311  -8.588  -79.850  -9.440 0.6000000238
126222  -7.105  -79.646  -11.230 0.5000000000
3341  -8.407  -79.846  -11.619 0.5000000000
135221  -8.682  -79.883  -10.851 0.6000000238
3367  -8.879  -79.430  -12.865 0.5000000000
148375  -8.831  -79.753  -12.130 0.5000000000
3357  -9.483  -79.557  -12.284 0.5000000000
145441  -10.489  -78.709  -13.574 0.5000000000
3358  -10.443  -79.124  -12.530 0.5000000000
3845  -11.207  -78.558  -13.356 0.5000000000
2833  -15.882  -80.653  -8.490 0.6999999881
2400  -16.450  -81.355  -9.197 0.6000000238
2824  -17.244  -80.000  -8.158 0.8000000119
3858  -12.792  -77.992  -13.984 0.5000000000
3859  -13.670  -77.933  -14.202 0.5000000000
140401  -14.987  -78.433  -14.277 0.6000000238
2412  -16.915  -81.772  -9.808 0.6999999881
2835  -17.924  -80.830  -8.741 0.6999999881
2863  -15.566  -79.944  -13.596 0.6000000238
2414  -18.815  -81.554  -9.811 0.6999999881
3360  -16.401  -79.495  -12.805 0.6000000238
3361  -16.915  -80.026  -12.111 0.6000000238
3347  -18.078  -80.359  -11.070 0.6999999881
2422  -18.547  -81.394  -10.432 0.6999999881
2404  -20.108  -81.392  -9.157 0.6000000238
135225  -6.016  -79.184  -9.206 0.5000000000
3310  -7.815  -79.758  -9.442 0.6000000238
3312  -9.277  -79.879  -9.363 0.6000000238
139347  -9.463  -79.833  -10.791 0.6000000238
3328  -10.345  -79.620  -10.758 0.6000000238
3359  -11.391  -78.891  -12.359 0.5000000000
3839  -12.453  -78.477  -11.563 0.6000000238
2823  -16.258  -79.979  -7.975 0.6999999881
148721  -12.059  -78.609  -12.204 0.5000000000
4345  -13.174  -77.917  -11.635 0.5000000000
3277  -17.610  -79.464  -7.612 0.5000000000
3801  -17.998  -78.445  -6.555 0.6000000238
3846  -12.751  -78.113  -12.586 0.6000000238
3848  -15.052  -77.887  -13.606 0.5000000000
2825  -18.234  -80.153  -8.178 0.6000000238
3849  -15.882  -78.284  -13.251 0.5000000000
2402  -18.503  -81.452  -9.339 0.6999999881
148894  -19.004  -80.217  -8.063 0.6000000238
3850  -16.338  -78.799  -12.752 0.5000000000
2826  -19.757  -80.564  -8.166 0.6000000238
2827  -20.616  -80.768  -8.329 0.6000000238
3842  -17.034  -79.145  -11.191 0.5000000000
3330  -17.765  -79.551  -10.797 0.6000000238
2423  -20.117  -81.170  -9.854 0.5000000000
3835  -19.933  -79.227  -10.059 0.5000000000
3298  -21.792  -80.158  -8.558 0.5000000000
3292  -6.550  -79.413  -8.538 0.6000000238
3291  -5.609  -79.242  -8.400 0.4000000060
3831  -12.813  -78.243  -10.774 0.5000000000
4346  -13.833  -77.362  -11.657 0.5000000000
3259  -18.851  -79.060  -7.145 0.5000000000
4353  -15.329  -77.620  -12.552 0.5000000000
3278  -19.392  -79.789  -7.625 0.5000000000
3803  -20.351  -78.822  -6.479 0.5000000000
3802  -19.273  -78.572  -6.529 0.5000000000
4349  -16.179  -77.898  -11.363 0.5000000000
3279  -20.310  -80.098  -7.634 0.5000000000
3262  -21.841  -79.817  -7.155 0.5000000000
3832  -16.726  -78.413  -10.951 0.6000000238
3823  -17.772  -78.537  -9.805 0.6000000238
2828  -21.248  -80.627  -8.445 0.5000000000
149869  -21.717  -80.281  -7.853 0.6000000238
3824  -18.636  -78.585  -9.675 0.6000000238
3825  -19.539  -78.586  -9.749 0.5000000000
4332  -14.142  -77.100  -10.832 0.5000000000
3790  -20.820  -78.336  -5.902 0.5000000000
4333  -14.955  -76.931  -10.889 0.5000000000
4317  -15.897  -77.005  -9.890 0.5000000000
3805  -22.264  -79.169  -6.532 0.5000000000
129065  -22.084  -77.780  -5.648 0.5000000000
4769  -21.839  -76.038  -4.883 0.5000000000
5293  -22.449  -75.232  -4.779 0.5000000000
6397  -23.483  -73.514  -4.269 0.5000000000
4304  -17.240  -77.634  -9.076 0.6000000238
4319  -18.067  -78.104  -9.217 0.6000000238
3263  -22.573  -79.518  -7.126 0.5000000000
4320  -19.075  -78.107  -9.316 0.6000000238
3812  -23.790  -78.511  -7.510 0.5000000000
4307  -20.293  -77.463  -9.190 0.5000000000
4322  -20.806  -77.795  -10.015 0.5000000000
5340  -16.558  -76.204  -7.288 0.5000000000
4778  -22.379  -76.955  -5.454 0.5000000000
5310  -22.747  -76.087  -5.314 0.5000000000
5819  -23.050  -74.388  -4.692 0.5000000000
4810  -16.566  -76.547  -8.118 0.5000000000
4811  -17.495  -76.528  -7.541 0.6000000238
3792  -22.621  -78.477  -6.177 0.5000000000
4779  -23.215  -76.911  -5.751 0.5000000000
5832  -23.731  -74.901  -5.269 0.5000000000
5820  -23.916  -74.028  -4.852 0.5000000000
6381  -24.841  -72.975  -4.317 0.5000000000
4306  -19.483  -77.583  -8.910 0.5000000000
3807  -23.691  -78.579  -6.911 0.5000000000
4287  -24.408  -78.042  -7.020 0.5000000000
5323  -16.321  -75.778  -6.315 0.5000000000
5313  -25.155  -75.771  -6.243 0.5000000000
136781  -24.435  -75.405  -5.726 0.5000000000
5833  -24.386  -74.521  -5.329 0.5000000000
6399  -26.119  -72.910  -4.887 0.4000000060
5834  -25.161  -74.711  -5.709 0.4000000060
10510  -8.768  -67.358  -4.446 0.4000000060
11817  -1.783  -65.642  -1.494 0.5000000000
13443  1.257  -63.984  -2.909 0.5000000000
13444  0.458  -64.139  -2.678 0.5000000000
144449  1.860  -62.165  -1.679 0.5000000000
13442  1.464  -63.648  -2.765 0.5000000000
143022  -0.929  -64.922  -1.872 0.5000000000
126767  1.349  -58.199  0.999 0.5000000000
17673  0.568  -58.285  2.395 0.5000000000
16805  -0.214  -59.331  3.547 0.5000000000
4824  -15.027  -76.219  -8.831 0.5000000000
138413  -15.232  -76.724  -10.286 0.5000000000
137564  -15.306  -81.287  -12.304 0.6000000238
3871  -14.540  -78.666  -14.655 0.6000000238
2439  -15.736  -80.991  -12.470 0.6000000238
3370  -16.082  -78.998  -13.495 0.6000000238
2854  -18.156  -81.026  -11.063 0.6999999881
3326  -8.215  -79.864  -10.176 0.6000000238
4351  -13.567  -77.635  -12.502 0.5000000000
3346  -17.355  -79.859  -11.470 0.6000000238
2848  -18.891  -80.775  -10.630 0.6000000238
3331  -19.241  -79.852  -10.324 0.6000000238
3258  -17.146  -78.805  -7.027 0.6999999881
4347  -14.679  -77.154  -11.691 0.5000000000
3840  -16.055  -78.045  -12.317 0.5000000000
3833  -17.402  -78.870  -10.435 0.6000000238
139864  -19.108  -79.031  -10.015 0.6000000238
133617  -20.283  -80.643  -9.928 0.5000000000
3282  -22.666  -79.519  -7.653 0.5000000000
3261  -20.859  -79.590  -7.066 0.5000000000
3791  -21.767  -78.496  -5.954 0.5000000000
4318  -16.675  -77.611  -9.718 0.5000000000
4321  -19.973  -78.045  -9.551 0.5000000000
4825  -16.421  -76.994  -8.994 0.5000000000
135471  -18.118  -77.168  -8.140 0.5000000000
4826  -17.268  -77.094  -8.419 0.5000000000
5311  -23.659  -76.014  -5.639 0.5000000000
4281  -23.671  -77.604  -6.237 0.5000000000
4780  -23.909  -76.894  -6.095 0.5000000000
6398  -25.529  -73.261  -4.877 0.5000000000
4796  -24.458  -77.402  -6.548 0.4000000060
6415  -26.239  -73.508  -5.437 0.4000000060
5276  -18.370  -75.623  -2.741 0.5000000000
4756  -18.649  -75.922  -3.521 0.6000000238
5290  -19.452  -75.924  -3.916 0.6000000238
4765  -17.967  -76.413  -3.885 0.6000000238
133589  -17.541  -76.960  -4.488 0.4000000060
5291  -20.203  -75.550  -3.910 0.4000000060
4267  -20.627  -77.011  -5.016 0.4000000060
4767  -20.033  -76.395  -4.446 0.5000000000
4265  -18.580  -76.858  -4.743 0.6000000238
4266  -19.669  -76.955  -4.902 0.5000000000
4278  -20.243  -77.599  -5.441 0.4000000060
4276  -18.060  -77.339  -5.235 0.5000000000
3788  -18.653  -77.896  -5.937 0.5000000000
3787  -17.456  -77.752  -5.756 0.6000000238
3275  -15.677  -79.363  -7.287 0.6000000238
2822  -15.303  -80.043  -7.768 0.6000000238
2832  -14.986  -80.707  -8.309 0.6000000238
2399  -15.526  -81.379  -9.042 0.6000000238
2409  -14.327  -81.729  -9.667 0.6000000238
2002  -14.936  -81.907  -10.301 0.5000000000
2013  -14.402  -81.868  -10.680 0.5000000000
2025  -13.884  -81.922  -11.546 0.4000000060
2436  -12.894  -81.586  -12.773 0.5000000000
7063  -25.648  -72.611  -4.316 0.3000000119
2870  -11.583  -80.103  -15.278 0.4000000060
9922  -12.792  -68.123  -14.851 0.4000000060
9213  -12.372  -69.554  -14.814 0.4000000060
8535  -11.769  -70.364  -15.651 0.5000000000
19369  -1.248  -55.864  -2.859 0.5000000000
20168  -0.997  -54.603  -3.635 0.5000000000
20911  -1.887  -54.109  -2.289 0.5000000000
21694  -2.033  -53.311  -2.489 0.4000000060
22513  -0.682  -52.507  -2.717 0.4000000060
144021  -5.732  -53.197  -2.405 0.4000000060
22500  -0.269  -52.100  -2.206 0.4000000060
133485  -1.929  -51.608  -2.795 0.4000000060
21713  -1.830  -52.458  -2.772 0.4000000060
147809  -0.172  -51.950  -1.743 0.4000000060
23306  -1.190  -50.699  -2.198 0.4000000060
136155  -4.675  -52.079  -3.234 0.4000000060
24128  -1.097  -50.681  -1.939 0.4000000060
24144  -1.689  -50.122  -2.148 0.4000000060
132096  -4.981  -50.939  -4.518 0.4000000060
23273  -1.239  -51.462  -1.072 0.4000000060
24129  -1.698  -50.129  -1.904 0.4000000060
142252  -1.716  -52.160  -0.550 0.4000000060
24130  -2.297  -50.252  -1.588 0.4000000060
20866  -4.326  -54.000  0.630 0.3000000119
22476  -3.719  -52.340  -0.290 0.4000000060
136804  -6.481  -54.763  1.120 0.3000000119
21654  -5.804  -53.390  0.357 0.3000000119
22477  -4.603  -52.106  -0.475 0.3000000119
22457  -5.249  -52.734  -0.077 0.3000000119
21696  -4.343  -53.189  -2.136 0.4000000060
21695  -3.462  -52.867  -2.363 0.4000000060
22501  -2.657  -52.616  -2.593 0.4000000060
142050  -2.832  -53.278  -2.183 0.4000000060
22502  -3.305  -52.061  -2.898 0.4000000060
22516  -3.062  -51.314  -3.215 0.4000000060
22518  -5.391  -52.199  -3.474 0.4000000060
22517  -3.927  -51.507  -3.357 0.4000000060
23318  -3.163  -50.436  -3.587 0.4000000060
23317  -2.343  -50.656  -2.928 0.4000000060
3717  -26.716  -78.808  -0.562 0.3000000119
142845  -26.611  -78.562  -0.873 0.3000000119
3183  -26.176  -79.435  -0.002 0.4000000060
127106  -25.544  -78.791  -0.565 0.3000000119
4218  -25.352  -77.940  -0.692 0.4000000060
3714  -24.370  -78.731  -0.019 0.3000000119
143958  -24.973  -78.585  -0.440 0.3000000119
4217  -24.491  -77.896  -0.344 0.4000000060
3694  -23.838  -79.281  0.483 0.3000000119
4216  -23.764  -77.883  0.045 0.3000000119
4712  -23.095  -77.025  0.129 0.3000000119
3693  -23.012  -78.901  0.698 0.3000000119
4215  -22.844  -77.977  0.451 0.3000000119
4697  -22.137  -77.070  0.422 0.3000000119
3692  -22.176  -78.568  0.765 0.3000000119
146662  -21.099  -77.255  0.500 0.3000000119
143180  -21.512  -76.386  0.261 0.3000000119
3691  -21.228  -78.471  0.675 0.3000000119
4695  -20.153  -76.938  0.099 0.3000000119
140039  -19.860  -76.003  -0.230 0.3000000119
3180  -20.086  -79.767  -0.438 0.3000000119
3713  -20.490  -79.060  0.273 0.3000000119
4214  -20.355  -77.976  0.266 0.3000000119
134743  -19.703  -77.539  -0.211 0.3000000119
4709  -18.684  -76.399  -0.897 0.3000000119
3712  -19.725  -78.601  -0.430 0.4000000060
4715  -25.469  -76.836  -0.661 0.3000000119
3163  -25.342  -79.952  0.431 0.4000000060
4714  -24.616  -77.014  -0.505 0.4000000060
3162  -24.658  -80.056  0.513 0.3000000119
145751  -23.340  -76.223  -0.200 0.4000000060
132233  -22.382  -79.219  0.913 0.3000000119
4711  -22.366  -76.046  0.044 0.4000000060
5233  -21.300  -75.444  -0.085 0.4000000060
3159  -21.942  -79.791  1.060 0.3000000119
143099  -19.618  -75.215  -0.556 0.4000000060
3200  -20.365  -80.742  -0.347 0.3000000119
136786  -21.399  -80.583  0.738 0.4000000060
5230  -18.659  -75.498  -1.228 0.4000000060
4212  -18.340  -76.945  -1.286 0.3000000119
2750  -20.624  -81.778  -0.084 0.3000000119
4219  -26.213  -77.601  -0.991 0.3000000119
138001  -26.480  -76.560  -0.813 0.3000000119
4728  -27.599  -77.583  -1.246 0.3000000119
136182  -24.880  -75.031  -0.475 0.3000000119
2706  -25.281  -80.435  2.613 0.4000000060
5235  -23.757  -75.624  -0.399 0.3000000119
127039  -24.161  -75.069  -0.478 0.3000000119
2737  -24.107  -80.669  1.099 0.3000000119
2738  -24.783  -80.594  1.087 0.4000000060
130073  -22.918  -75.216  -0.341 0.4000000060
127956  -23.082  -74.305  -0.533 0.3000000119
5234  -22.052  -75.089  -0.245 0.4000000060
5756  -22.232  -74.301  -0.499 0.4000000060
3160  -23.005  -79.767  1.019 0.3000000119
2283  -23.727  -81.920  1.946 0.3000000119
143808  -20.699  -74.700  -0.468 0.4000000060
6328  -20.732  -74.083  -0.814 0.4000000060
133350  -22.340  -80.591  1.190 0.3000000119
1869  -22.658  -82.409  1.933 0.3000000119
126221  -19.712  -74.277  -1.799 0.4000000060
5799  -20.130  -74.286  -2.603 0.5000000000
2299  -22.462  -82.055  1.426 0.3000000119
5773  -18.975  -74.827  -1.619 0.4000000060
5782  -19.368  -74.686  -2.454 0.4000000060
5278  -19.888  -74.836  -3.183 0.5000000000
2311  -20.293  -82.545  -0.494 0.3000000119
5236  -25.567  -75.744  -0.539 0.3000000119
4717  -27.447  -76.863  -1.225 0.3000000119
2705  -24.769  -80.808  2.664 0.4000000060
6330  -22.573  -73.585  -0.758 0.4000000060
6349  -21.590  -73.347  -1.537 0.4000000060
2267  -24.413  -81.219  2.508 0.4000000060
6348  -20.898  -73.628  -1.374 0.4000000060
5784  -20.875  -73.879  -2.717 0.5000000000
5817  -21.496  -74.535  -3.953 0.4000000060
2250  -23.419  -81.367  2.908 0.3000000119
5279  -20.705  -74.615  -3.470 0.4000000060
2703  -22.517  -81.382  2.894 0.3000000119
5292  -21.147  -75.355  -4.254 0.4000000060
1900  -21.889  -82.421  1.474 0.3000000119
2297  -20.835  -82.653  0.490 0.3000000119
1913  -20.369  -83.011  -0.055 0.3000000119
143998  -24.415  -74.485  -0.514 0.3000000119
5757  -23.820  -74.355  -0.539 0.3000000119
6991  -23.089  -73.009  -0.975 0.3000000119
2704  -24.210  -81.127  2.752 0.4000000060
6363  -22.107  -73.084  -2.142 0.5000000000
5801  -21.942  -73.847  -3.638 0.4000000060
2687  -22.645  -80.533  3.166 0.4000000060
127594  -21.819  -75.114  -4.436 0.4000000060
2701  -20.624  -80.564  2.567 0.3000000119
142295  -21.902  -80.548  3.162 0.3000000119
2702  -21.532  -81.198  2.663 0.3000000119
2281  -20.746  -82.055  1.627 0.3000000119
1912  -19.833  -83.151  -0.474 0.3000000119
1882  -20.752  -82.808  0.916 0.3000000119
6992  -23.767  -73.066  -0.797 0.3000000119
7009  -22.927  -72.732  -1.656 0.4000000060
6379  -22.510  -73.176  -3.125 0.4000000060
2700  -19.839  -80.165  2.344 0.3000000119
3144  -19.149  -79.764  2.005 0.3000000119
2262  -20.201  -81.088  1.983 0.3000000119
2720  -19.436  -80.681  1.702 0.3000000119
2280  -19.927  -81.806  1.372 0.3000000119
3143  -18.507  -79.382  1.639 0.3000000119
125075  -18.172  -79.787  1.200 0.3000000119
128686  -18.700  -80.217  1.458 0.3000000119
2734  -18.338  -81.204  0.554 0.3000000119
2719  -18.980  -81.275  1.048 0.3000000119
131291  -24.544  -72.130  -2.432 0.3000000119
7042  -23.359  -72.700  -3.042 0.4000000060
3156  -17.605  -79.791  0.692 0.3000000119
136417  -16.517  -80.247  -0.354 0.3000000119
7655  -26.397  -71.757  -0.819 0.3000000119
7666  -25.043  -71.872  -1.814 0.3000000119
7043  -25.002  -72.275  -3.391 0.3000000119
7668  -26.344  -71.466  -1.496 0.3000000119
7681  -25.702  -71.598  -2.031 0.3000000119
7695  -25.794  -71.722  -2.881 0.3000000119
20926  -0.812  -54.144  -3.932 0.5000000000
23275  -3.124  -51.575  -0.691 0.5000000000
23274  -2.241  -51.263  -1.016 0.4000000060
143026  -1.344  -53.140  -2.923 0.4000000060
3257  -16.122  -78.774  -6.805 0.6000000238
4268  -21.508  -76.986  -5.202 0.4000000060
5818  -22.207  -74.412  -4.280 0.4000000060
132224  -23.201  -73.152  -3.645 0.4000000060
6380  -24.018  -72.877  -3.736 0.4000000060
20131  -2.639  -55.387  -1.520 0.5000000000
21682  -3.507  -53.809  -1.740 0.4000000060
22504  -5.085  -52.705  -2.658 0.4000000060
149268  -25.038  -79.630  0.030 0.3000000119
140173  -21.754  -79.113  0.860 0.3000000119
3181  -20.650  -80.078  0.268 0.3000000119
2739  -25.382  -80.513  1.358 0.4000000060
5754  -19.942  -74.553  -0.743 0.4000000060
2722  -24.881  -81.067  1.787 0.4000000060
2300  -24.261  -81.282  1.644 0.3000000119
2721  -23.439  -81.559  1.536 0.3000000119
6329  -21.617  -73.690  -0.862 0.4000000060
1868  -21.832  -82.482  1.583 0.3000000119
5800  -21.316  -74.053  -3.349 0.4000000060
142875  -21.202  -82.934  0.983 0.3000000119
7028  -23.683  -72.445  -2.229 0.4000000060
3113  -21.725  -79.620  3.296 0.3000000119
1896  -19.449  -83.005  0.055 0.3000000119
133268  -24.381  -72.252  -1.698 0.3000000119
2733  -17.738  -80.700  0.382 0.3000000119
2001  -14.019  -81.843  -10.203 0.5000000000
1992  -13.474  -81.688  -9.634 0.5000000000
2397  -13.643  -81.483  -8.875 0.5000000000
3274  -14.732  -79.502  -6.978 0.5000000000
3799  -15.626  -78.414  -6.070 0.4000000060
5324  -17.321  -75.941  -6.537 0.4000000060
4755  -17.954  -76.055  -3.119 0.5000000000
4754  -17.443  -76.547  -3.071 0.3000000119
3729  -17.828  -77.970  -1.962 0.3000000119
4739  -17.776  -76.206  -2.335 0.4000000060
3731  -19.029  -78.627  -1.164 0.3000000119
4213  -18.987  -77.524  -0.763 0.3000000119
3114  -22.671  -79.608  3.131 0.3000000119
3660  -22.866  -78.576  2.807 0.3000000119
3128  -23.430  -79.558  2.827 0.3000000119
138568  -25.998  -80.021  1.024 0.3000000119
4162  -22.895  -77.478  2.607 0.3000000119
3661  -23.830  -78.916  2.555 0.3000000119
3129  -24.270  -79.959  2.748 0.3000000119
3663  -25.882  -79.604  2.751 0.3000000119
3664  -26.604  -79.397  2.839 0.3000000119
133524  -26.351  -78.798  2.719 0.3000000119
4163  -23.490  -78.018  2.496 0.3000000119
140329  -24.779  -77.451  2.024 0.3000000119
4165  -25.297  -78.510  2.333 0.3000000119
136941  -25.768  -77.708  2.202 0.3000000119
3132  -26.404  -79.525  2.782 0.3000000119
146433  -26.938  -79.598  1.840 0.3000000119
139686  -24.455  -76.550  1.893 0.3000000119
3665  -27.138  -79.152  3.093 0.3000000119
133133  -27.214  -78.856  3.164 0.3000000119
2449  -12.488  -81.269  -13.553 0.3000000119
3786  -16.478  -77.754  -5.328 0.5000000000
3256  -15.174  -78.901  -6.532 0.4000000060
148805  -14.378  -80.784  -8.163 0.5000000000
4726  -17.711  -76.971  -1.884 0.3000000119
22529  -6.615  -51.994  -4.639 0.3000000119
22528  -5.659  -51.717  -4.230 0.3000000119
25035  -2.451  -49.469  -2.058 0.3000000119
2012  -13.544  -81.810  -10.641 0.4000000060
1991  -12.634  -81.712  -9.511 0.4000000060
1641  -13.007  -83.132  -5.370 0.4000000060
2364  -11.559  -81.917  -5.706 0.4000000060
2809  -12.587  -80.915  -5.628 0.4000000060
2815  -13.166  -80.232  -6.026 0.4000000060
2816  -13.905  -79.802  -6.491 0.4000000060
2389  -12.059  -81.422  -7.266 0.4000000060
2390  -13.646  -80.880  -7.947 0.4000000060
2820  -13.503  -80.351  -6.924 0.4000000060
1652  -14.946  -84.265  -6.407 0.3000000119
146048  -13.596  -82.584  -5.153 0.4000000060
2351  -13.444  -81.324  -4.831 0.4000000060
138753  -12.939  -81.560  -8.953 0.4000000060
1963  -12.035  -82.111  -5.280 0.4000000060
2377  -12.035  -81.352  -6.112 0.4000000060
1642  -14.159  -83.358  -5.701 0.3000000119
1964  -12.818  -82.152  -4.998 0.4000000060
2366  -12.701  -81.470  -5.124 0.4000000060
2378  -12.740  -80.831  -6.809 0.4000000060
2810  -13.286  -80.576  -5.123 0.4000000060
3239  -13.770  -79.789  -5.597 0.4000000060
140786  -15.250  -83.381  -5.925 0.3000000119
1955  -13.814  -81.917  -4.843 0.3000000119
1956  -14.832  -81.963  -4.832 0.3000000119
3225  -14.815  -79.237  -4.634 0.3000000119
3770  -15.334  -78.721  -4.506 0.3000000119
2811  -13.901  -80.016  -4.897 0.3000000119
3771  -15.965  -78.197  -4.069 0.3000000119
4264  -17.131  -76.912  -3.722 0.3000000119
4263  -16.374  -77.653  -4.490 0.3000000119
3240  -14.367  -79.316  -5.189 0.3000000119
3785  -15.346  -78.408  -5.280 0.3000000119
3784  -14.891  -78.741  -5.730 0.3000000119
3657  -12.863  -77.898  2.586 0.3000000119
128569  -13.114  -77.043  2.586 0.3000000119
4161  -19.289  -77.688  2.987 0.3000000119
5166  -14.268  -75.033  3.451 0.3000000119
5693  -14.569  -74.801  2.715 0.3000000119
5731  -15.967  -74.626  1.961 0.3000000119
5206  -16.131  -75.197  1.462 0.3000000119
5207  -17.004  -75.541  1.762 0.3000000119
4662  -17.717  -76.073  2.064 0.3000000119
4663  -18.267  -76.796  2.340 0.3000000119
4664  -18.868  -76.830  2.888 0.3000000119
134160  -14.854  -74.411  3.330 0.3000000119
5714  -16.249  -74.339  2.542 0.3000000119
5715  -16.978  -74.534  2.609 0.3000000119
5696  -17.582  -74.523  3.121 0.3000000119
5183  -17.549  -75.210  2.459 0.3000000119
2800  -13.969  -80.610  -4.691 0.3000000119
4661  -13.302  -76.347  1.999 0.3000000119
5219  -14.832  -75.741  0.633 0.3000000119
5203  -13.837  -75.639  1.658 0.3000000119
5180  -13.744  -75.724  2.539 0.3000000119
5204  -14.623  -75.285  1.433 0.3000000119
5730  -15.375  -74.879  1.716 0.3000000119
6278  -16.521  -73.623  3.915 0.3000000119
1867  -21.205  -82.673  1.289 0.3000000119
1870  -23.317  -82.200  2.092 0.3000000119
1883  -21.415  -82.746  1.122 0.3000000119
1897  -19.722  -82.465  0.680 0.3000000119
1898  -20.836  -82.800  0.717 0.3000000119
1899  -21.273  -82.842  1.010 0.3000000119
1965  -14.514  -82.621  -5.278 0.3000000119
2003  -15.801  -81.963  -10.197 0.6000000238
2004  -16.462  -81.925  -10.126 0.6000000238
2005  -17.080  -81.797  -10.211 0.6999999881
2024  -13.053  -81.854  -11.352 0.4000000060
2026  -15.376  -81.770  -11.193 0.6000000238
2027  -16.150  -81.711  -11.008 0.6000000238
2040  -13.412  -81.881  -12.095 0.4000000060
2041  -14.287  -81.825  -12.004 0.6000000238
2263  -21.467  -82.224  2.001 0.3000000119
2264  -22.285  -82.211  2.285 0.3000000119
2265  -23.124  -82.105  2.445 0.3000000119
2266  -23.859  -81.755  2.387 0.3000000119
2268  -24.851  -81.010  2.389 0.4000000060
2282  -22.965  -82.258  1.806 0.3000000119
2284  -24.352  -81.478  2.113 0.4000000060
2298  -21.665  -82.230  0.986 0.3000000119
2352  -14.248  -81.267  -4.605 0.3000000119
2365  -12.178  -81.559  -5.475 0.4000000060
2398  -14.540  -81.360  -8.820 0.6000000238
2401  -17.454  -81.398  -9.324 0.6999999881
2403  -19.456  -81.436  -9.218 0.6999999881
2410  -15.215  -81.768  -9.707 0.6000000238
2415  -19.741  -81.370  -9.556 0.6000000238
2416  -20.301  -81.262  -9.366 0.5000000000
2421  -17.882  -81.672  -10.228 0.6999999881
2430  -16.639  -81.327  -11.473 0.6000000238
2431  -17.443  -81.195  -11.291 0.6000000238
2438  -14.716  -81.404  -12.512 0.6000000238
2440  -16.273  -80.849  -12.206 0.6000000238
2688  -23.639  -80.494  2.950 0.3000000119
2707  -25.871  -80.171  2.590 0.3000000119
2723  -25.385  -80.674  2.191 0.4000000060
2724  -26.484  -79.928  2.040 0.3000000119
2732  -17.166  -80.208  0.160 0.3000000119
2736  -21.933  -81.512  1.088 0.3000000119
2749  -17.233  -80.962  -0.151 0.3000000119
2801  -14.529  -79.954  -4.489 0.3000000119
2821  -14.338  -80.260  -7.518 0.5000000000
2834  -16.855  -80.678  -8.653 0.8000000119
2836  -19.047  -81.001  -8.625 0.6000000238
2837  -20.029  -81.258  -8.742 0.6000000238
2838  -20.693  -81.176  -8.952 0.5000000000
2849  -19.750  -80.752  -10.271 0.5000000000
2853  -17.520  -80.566  -11.520 0.6000000238
2858  -15.943  -80.421  -12.937 0.6000000238
2864  -16.069  -79.664  -13.326 0.6000000238
2872  -13.574  -79.560  -14.802 0.5000000000
2874  -15.068  -79.348  -14.121 0.6000000238
2887  -10.727  -79.057  -16.296 0.5000000000
3127  -21.139  -80.103  3.132 0.3000000119
3130  -25.178  -80.276  2.698 0.4000000060
3131  -25.915  -79.938  2.803 0.4000000060
3133  -27.007  -79.482  2.551 0.3000000119
3157  -18.246  -80.461  0.885 0.3000000119
3158  -21.190  -79.509  0.686 0.3000000119
3161  -23.972  -79.991  0.713 0.3000000119
3182  -25.549  -79.353  -0.233 0.4000000060
3184  -26.943  -79.105  0.028 0.3000000119
3237  -9.209  -79.449  -5.555 0.6999999881
3238  -10.392  -79.386  -5.850 0.6999999881
3247  -3.099  -79.519  -6.368 0.5000000000
3249  -5.058  -79.250  -6.640 0.6999999881
3253  -9.974  -79.684  -6.723 0.6999999881
3255  -14.386  -79.226  -6.104 0.3000000119
3260  -19.856  -79.307  -7.070 0.5000000000
3264  -23.132  -79.079  -7.335 0.5000000000
3276  -16.658  -79.365  -7.483 0.6999999881
3280  -21.184  -80.294  -7.719 0.6000000238
3281  -22.251  -79.952  -7.716 0.6000000238
3293  -7.467  -79.624  -8.660 0.6000000238
3294  -8.299  -79.764  -8.733 0.6999999881
3297  -11.199  -79.321  -8.222 0.6999999881
3299  -22.439  -79.606  -8.308 0.5000000000
3313  -10.071  -79.769  -9.223 0.6999999881
3327  -8.985  -79.910  -10.099 0.6000000238
3329  -11.263  -79.317  -10.719 0.6999999881
3340  -7.647  -79.739  -11.856 0.5000000000
3342  -9.972  -79.609  -11.572 0.5000000000
3343  -10.874  -79.315  -11.569 0.6000000238
3345  -16.703  -79.355  -12.049 0.6000000238
3369  -15.643  -79.214  -13.857 0.6000000238
3375  -14.004  -78.895  -14.999 0.6000000238
3381  -12.371  -79.035  -15.571 0.5000000000
3382  -13.081  -78.716  -15.084 0.5000000000
3662  -24.788  -79.262  2.509 0.3000000119
3695  -24.558  -79.498  0.216 0.3000000119
3715  -25.025  -79.176  -0.266 0.3000000119
3716  -26.145  -78.967  -0.611 0.3000000119
3732  -26.137  -78.393  -0.921 0.3000000119
3733  -27.077  -78.447  -0.962 0.3000000119
3750  -7.164  -77.935  -3.522 0.6999999881
3751  -8.114  -77.904  -3.550 0.6999999881
3752  -9.503  -78.082  -3.761 0.6999999881
3753  -10.219  -77.979  -3.802 0.6999999881
3759  -2.859  -78.079  -4.755 0.6000000238
3761  -4.286  -78.364  -4.217 0.6999999881
3767  -10.479  -78.565  -4.500 0.6999999881
3768  -11.316  -78.460  -4.926 0.6999999881
3769  -14.866  -78.805  -5.051 0.3000000119
3775  -2.491  -78.548  -5.361 0.5000000000
3777  -3.973  -78.873  -4.809 0.5000000000
3779  -6.093  -78.890  -4.887 0.6999999881
3782  -11.181  -78.994  -5.794 0.6999999881
3789  -19.788  -78.112  -5.929 0.5000000000
3800  -16.652  -78.207  -6.216 0.6000000238
3804  -21.371  -79.084  -6.458 0.5000000000
3806  -23.024  -78.970  -6.731 0.5000000000
3817  -12.283  -78.519  -8.600 0.6000000238
3830  -12.113  -78.873  -10.746 0.6000000238
3834  -18.327  -79.155  -10.200 0.6000000238
3841  -16.535  -78.615  -11.852 0.5000000000
3847  -13.351  -77.812  -13.312 0.5000000000
3855  -8.340  -78.604  -14.561 0.5000000000
3860  -14.453  -78.056  -14.355 0.5000000000
3861  -15.567  -78.623  -13.930 0.6000000238
3868  -10.746  -78.486  -15.355 0.4000000060
4160  -18.770  -78.130  2.425 0.3000000119
4164  -24.288  -78.182  2.302 0.3000000119
4196  -21.885  -77.852  0.647 0.3000000119
4197  -23.629  -78.577  0.342 0.3000000119
4231  -18.367  -77.753  -1.426 0.3000000119
4232  -26.897  -78.086  -1.185 0.3000000119
4239  -17.267  -77.425  -2.501 0.3000000119
4245  -5.062  -77.399  -3.403 0.6999999881
4246  -5.912  -77.212  -3.116 0.6999999881
4251  -11.282  -77.286  -3.730 0.6000000238
4252  -16.568  -77.576  -3.691 0.3000000119
4257  -3.456  -77.617  -4.316 0.6000000238
4262  -15.807  -78.089  -4.806 0.3000000119
4271  -1.925  -77.685  -5.648 0.5000000000
4272  -2.521  -77.516  -5.145 0.5000000000
4273  -12.713  -77.445  -5.651 0.6000000238
4275  -17.055  -77.352  -4.963 0.5000000000
4277  -19.196  -77.445  -5.386 0.5000000000
4279  -21.197  -77.719  -5.502 0.5000000000
4280  -22.921  -77.733  -5.923 0.5000000000
4286  -23.379  -78.315  -6.437 0.5000000000
4305  -18.616  -77.627  -8.751 0.5000000000
4315  -13.455  -77.340  -9.339 0.6000000238
4323  -21.559  -77.425  -10.436 0.5000000000
4334  -15.727  -77.226  -10.771 0.5000000000
4335  -16.363  -77.729  -10.497 0.5000000000
4336  -16.980  -78.245  -10.137 0.6000000238
4348  -15.532  -77.409  -11.609 0.5000000000
4352  -14.410  -77.381  -12.590 0.5000000000
4354  -14.090  -77.678  -13.435 0.5000000000
4645  -19.524  -76.877  3.268 0.3000000119
4696  -20.682  -76.219  0.116 0.3000000119
4710  -19.399  -76.687  -0.395 0.3000000119
4713  -24.025  -76.371  -0.385 0.4000000060
4716  -26.940  -77.395  -1.175 0.3000000119
4727  -18.127  -76.190  -1.540 0.4000000060
4738  -17.400  -76.834  -2.565 0.3000000119
4746  -5.437  -76.564  -3.131 0.6999999881
4750  -8.995  -76.652  -3.402 0.6999999881
4753  -11.903  -76.130  -3.578 0.5000000000
4761  -3.856  -76.869  -3.955 0.6999999881
4764  -13.287  -76.097  -4.778 0.5000000000
4766  -19.070  -76.374  -4.284 0.6000000238
4768  -20.917  -76.296  -4.594 0.4000000060
4773  -7.820  -76.141  -6.224 0.6999999881
4774  -8.094  -76.225  -6.018 0.6999999881
4787  -7.677  -76.227  -7.100 0.6000000238
4790  -13.638  -76.926  -7.009 0.6000000238
4791  -14.667  -76.018  -6.612 0.5000000000
4805  -7.843  -76.405  -7.556 0.6000000238
4806  -8.384  -76.449  -7.288 0.6000000238
4821  -7.709  -76.374  -8.393 0.6000000238
4838  -7.458  -76.283  -9.323 0.6000000238
4839  -7.928  -76.512  -9.549 0.6000000238
4840  -13.962  -76.739  -9.388 0.6000000238
4841  -14.523  -76.381  -9.371 0.6000000238
4842  -15.128  -76.403  -9.663 0.5000000000
5167  -18.428  -75.189  3.151 0.3000000119
5181  -14.245  -75.202  2.199 0.3000000119
5182  -16.652  -74.846  2.080 0.3000000119
5184  -18.374  -75.988  2.632 0.3000000119
5205  -15.355  -75.320  1.170 0.3000000119
5231  -19.152  -75.707  -0.651 0.4000000060
5232  -20.319  -75.316  -0.294 0.4000000060
5249  -19.188  -74.900  -0.914 0.4000000060
5259  -18.326  -75.499  -1.918 0.4000000060
5260  -18.765  -75.110  -2.377 0.4000000060
5267  -5.823  -75.708  -3.156 0.6999999881
5269  -7.406  -75.798  -3.378 0.6999999881
5270  -9.088  -75.966  -3.562 0.6999999881
5271  -9.903  -75.823  -3.550 0.6999999881
5274  -12.363  -75.467  -3.589 0.4000000060
5277  -19.199  -75.311  -3.218 0.5000000000
5280  -3.731  -75.969  -4.467 0.6000000238
5281  -4.446  -75.402  -3.981 0.6999999881
5282  -5.302  -74.989  -3.705 0.6999999881
5294  -23.098  -75.323  -5.181 0.5000000000
5312  -24.498  -76.415  -6.176 0.5000000000
5322  -15.380  -75.857  -6.599 0.5000000000
5336  -7.473  -75.901  -7.417 0.6000000238
5337  -9.024  -76.249  -7.526 0.6000000238
5351  -7.361  -76.132  -8.604 0.6000000238
5352  -8.729  -76.350  -9.261 0.5000000000
5353  -9.681  -75.692  -8.834 0.5000000000
5363  -7.465  -76.234  -10.129 0.5000000000
5375  -7.297  -75.917  -10.906 0.5000000000
5376  -7.782  -76.046  -10.823 0.5000000000
5394  -7.674  -75.320  -12.616 0.5000000000
5396  -8.663  -75.699  -12.468 0.6000000238
5401  -8.027  -75.167  -13.507 0.6000000238
5402  -8.462  -75.461  -13.767 0.6000000238
5403  -9.340  -75.432  -14.026 0.5000000000
5406  -8.291  -75.080  -14.217 0.6000000238
5408  -9.657  -75.330  -14.876 0.6000000238
5410  -8.602  -75.045  -14.801 0.6000000238
5411  -9.106  -75.227  -15.311 0.6000000238
5413  -10.963  -75.367  -16.308 0.5000000000
5417  -11.430  -75.584  -16.999 0.5000000000
5695  -16.744  -74.037  3.151 0.3000000119
5712  -14.818  -74.829  2.051 0.3000000119
5713  -15.364  -74.470  2.474 0.3000000119
5755  -21.400  -74.475  -0.484 0.4000000060
5774  -19.545  -74.482  -1.213 0.4000000060
5775  -20.148  -74.030  -1.264 0.4000000060
5783  -20.419  -73.777  -1.964 0.4000000060
5795  -11.522  -74.489  -3.499 0.5000000000
5825  -7.645  -74.763  -5.771 0.6999999881
5839  -3.788  -74.735  -6.982 0.5000000000
5841  -7.624  -75.452  -6.653 0.6000000238
5856  -7.503  -75.642  -8.131 0.6000000238
5871  -7.771  -75.071  -8.667 0.6000000238
5873  -11.224  -74.111  -7.971 0.5000000000
5885  -7.228  -76.069  -9.343 0.6000000238
5886  -7.446  -75.559  -9.601 0.6000000238
5887  -10.195  -75.081  -10.085 0.6000000238
5896  -7.352  -75.726  -10.483 0.5000000000
5898  -10.910  -74.345  -10.971 0.5000000000
5907  -7.444  -75.634  -11.803 0.5000000000
5919  -9.874  -75.285  -12.593 0.5000000000
5920  -10.826  -74.532  -12.751 0.5000000000
5942  -11.364  -74.754  -14.582 0.5000000000
5962  -9.350  -74.431  -16.719 0.6000000238
5963  -10.954  -75.263  -17.160 0.5000000000
5970  -10.220  -74.597  -17.159 0.5000000000
6331  -23.419  -73.616  -0.667 0.3000000119
6332  -24.248  -73.691  -0.602 0.3000000119
6350  -22.284  -73.177  -1.278 0.3000000119
6362  -21.199  -73.450  -2.101 0.5000000000
6373  -11.023  -73.884  -3.925 0.5000000000
6374  -11.605  -73.749  -3.687 0.5000000000
6375  -12.406  -73.473  -3.581 0.5000000000
6378  -21.632  -73.523  -2.854 0.4000000060
6389  -5.928  -73.577  -4.497 0.6999999881
6391  -7.636  -73.339  -4.687 0.6999999881
6392  -11.508  -73.387  -4.248 0.5000000000
6396  -22.678  -73.658  -4.009 0.4000000060
6405  -5.794  -72.927  -5.115 0.6999999881
6409  -11.530  -73.353  -5.237 0.5000000000
6413  -24.775  -73.771  -5.009 0.5000000000
6414  -25.532  -73.878  -5.391 0.4000000060
6422  -9.288  -73.414  -6.351 0.6999999881
6424  -12.328  -72.889  -6.551 0.5000000000
6438  -9.457  -73.395  -7.434 0.6999999881
6455  -12.206  -73.213  -9.004 0.5000000000
6470  -8.957  -73.721  -9.834 0.6000000238
6551  -8.263  -74.225  -14.274 0.6000000238
6570  -8.641  -73.735  -15.142 0.6000000238
6581  -8.622  -73.878  -15.650 0.6000000238
6584  -8.731  -73.226  -16.252 0.6000000238
6585  -9.009  -73.574  -16.711 0.6000000238
6594  -10.538  -74.017  -17.384 0.5000000000
7027  -22.879  -72.735  -2.424 0.4000000060
7029  -25.190  -71.849  -2.506 0.3000000119
7054  -7.540  -72.638  -4.709 0.6999999881
7056  -9.022  -72.200  -4.541 0.6999999881
7064  -26.443  -72.408  -4.529 0.4000000060
7073  -8.639  -72.943  -4.709 0.6999999881
7074  -9.432  -72.464  -4.895 0.6999999881
7075  -10.158  -71.941  -5.185 0.6999999881
7095  -9.786  -72.676  -5.738 0.6999999881
7115  -6.940  -71.788  -7.527 0.5000000000
7116  -10.034  -72.761  -7.677 0.6999999881
7151  -9.885  -72.734  -9.271 0.6000000238
7152  -10.340  -72.013  -10.057 0.6000000238
7205  -10.237  -72.131  -12.640 0.5000000000
7217  -10.157  -71.787  -13.505 0.5000000000
7227  -9.036  -72.758  -15.221 0.6000000238
7248  -9.424  -72.486  -16.818 0.6000000238
7260  -9.281  -73.173  -16.935 0.6000000238
7261  -10.042  -73.178  -17.122 0.6000000238
7667  -25.653  -71.755  -1.248 0.3000000119
7696  -26.593  -71.544  -3.200 0.3000000119
7710  -9.363  -71.396  -4.528 0.6000000238
7712  -10.283  -71.197  -4.828 0.6000000238
7721  -7.182  -71.679  -5.679 0.5000000000
7722  -7.849  -71.796  -4.944 0.5000000000
7737  -10.733  -71.100  -6.336 0.6999999881
7779  -10.490  -71.479  -10.956 0.5000000000
7824  -9.627  -71.298  -14.216 0.6000000238
7848  -8.361  -70.774  -15.598 0.6000000238
7881  -8.519  -71.264  -16.135 0.6000000238
7882  -8.852  -71.901  -16.494 0.6000000238
8335  -8.277  -70.064  -5.488 0.5000000000
8336  -10.619  -70.638  -5.495 0.6000000238
8349  -10.721  -70.504  -6.393 0.6000000238
8363  -10.769  -70.763  -7.265 0.5000000000
8381  -10.744  -70.729  -8.337 0.6000000238
8455  -10.541  -70.612  -11.613 0.5000000000
8504  -8.159  -69.858  -14.634 0.6000000238
8523  -8.575  -70.704  -14.897 0.6000000238
8534  -8.304  -70.516  -15.767 0.6000000238
8541  -8.578  -70.666  -16.114 0.6000000238
8544  -11.380  -70.799  -16.054 0.6000000238
9032  -9.623  -69.548  -4.294 0.6000000238
9033  -10.030  -70.075  -4.279 0.6000000238
9034  -10.209  -69.731  -4.463 0.6000000238
9056  -10.560  -69.751  -5.118 0.6000000238
9078  -10.655  -69.356  -5.999 0.6000000238
9100  -10.683  -69.881  -6.908 0.6000000238
9181  -9.854  -69.084  -12.027 0.5000000000
9182  -10.401  -69.721  -11.319 0.5000000000
9219  -7.438  -69.057  -15.144 0.6000000238
9220  -7.974  -69.656  -15.368 0.6000000238
9222  -9.948  -69.401  -15.804 0.6000000238
9224  -12.143  -69.457  -15.366 0.6000000238
9226  -9.064  -70.092  -15.999 0.6000000238
9228  -11.141  -70.258  -15.970 0.6000000238
9751  -10.278  -69.124  -4.610 0.6000000238
9777  -9.839  -68.636  -4.380 0.5000000000
9803  -10.493  -68.556  -5.906 0.6000000238
9849  -10.495  -68.781  -8.630 0.6000000238
9880  -9.654  -67.809  -10.284 0.6000000238
9905  -7.092  -67.838  -13.744 0.6000000238
9907  -8.730  -68.658  -12.918 0.6000000238
9914  -7.164  -68.157  -14.412 0.5000000000
9915  -7.650  -68.989  -14.315 0.6000000238
9921  -7.324  -68.668  -15.011 0.6000000238
9926  -9.507  -68.715  -15.587 0.6000000238
9929  -12.508  -68.722  -15.093 0.4000000060
10511  -9.192  -68.210  -4.291 0.5000000000
10559  -9.982  -67.286  -6.909 0.6000000238
10573  -9.862  -67.145  -7.916 0.6000000238
10574  -10.205  -67.858  -8.387 0.6000000238
10585  -9.249  -66.750  -9.128 0.6000000238
10611  -7.706  -67.090  -12.071 0.6000000238
10619  -6.325  -66.964  -13.749 0.5000000000
10620  -7.419  -67.573  -12.893 0.6000000238
10637  -12.739  -67.485  -14.932 0.5000000000
10638  -9.103  -68.050  -15.247 0.6000000238
10641  -12.535  -68.209  -15.143 0.6000000238
11128  -3.301  -66.705  -1.659 0.6000000238
11129  -3.974  -66.164  -1.720 0.6000000238
11186  -8.120  -66.688  -4.680 0.5000000000
11230  -8.701  -66.175  -7.455 0.5000000000
11239  -7.744  -65.754  -8.539 0.6000000238
11240  -8.415  -66.079  -8.387 0.6000000238
11252  -8.719  -66.352  -9.066 0.6000000238
11274  -5.504  -65.650  -12.129 0.5000000000
11275  -6.127  -66.026  -12.162 0.6000000238
11276  -6.929  -66.562  -12.105 0.6000000238
11277  -8.489  -67.064  -11.242 0.6000000238
11296  -6.210  -66.598  -13.787 0.6000000238
11297  -6.335  -66.975  -14.056 0.5000000000
11298  -6.927  -66.826  -14.258 0.5000000000
11300  -13.596  -65.529  -14.210 0.5000000000
11303  -6.734  -67.366  -14.260 0.5000000000
11304  -7.452  -67.417  -14.575 0.5000000000
11307  -12.690  -66.478  -14.683 0.5000000000
11820  -5.169  -64.869  -1.705 0.6000000238
11837  -4.356  -65.964  -1.902 0.6000000238
11865  -4.649  -65.524  -2.471 0.6000000238
11866  -5.281  -65.022  -2.393 0.6000000238
11935  -7.221  -65.603  -7.194 0.6000000238
11949  -4.185  -65.544  -8.628 0.6999999881
11970  -6.012  -65.537  -9.628 0.6999999881
11988  -4.492  -65.395  -10.614 0.6000000238
12004  -4.886  -65.062  -12.103 0.5000000000
12015  -5.651  -65.555  -12.804 0.5000000000
12016  -5.926  -66.043  -13.424 0.6000000238
12026  -5.820  -65.594  -13.260 0.6000000238
12027  -5.948  -66.155  -13.523 0.5000000000
12030  -8.956  -65.856  -13.466 0.5000000000
12031  -10.243  -65.447  -13.457 0.5000000000
12032  -11.539  -65.264  -13.922 0.5000000000
12038  -12.127  -65.807  -14.442 0.5000000000
12620  -2.940  -65.301  -1.309 0.6000000238
12623  -6.161  -63.859  -1.890 0.6999999881
12635  0.199  -64.835  -2.410 0.5000000000
12636  -5.592  -64.726  -2.086 0.6000000238
12653  -4.225  -65.011  -3.464 0.6000000238
12781  -2.228  -64.295  -9.042 0.6000000238
12782  -2.576  -64.395  -9.469 0.6999999881
12800  -3.145  -64.465  -10.122 0.6999999881
12809  -4.328  -64.277  -11.557 0.6000000238
12820  -6.853  -64.485  -12.702 0.6000000238
12829  -6.966  -65.302  -13.270 0.5000000000
12833  -12.844  -64.631  -14.166 0.5000000000
12841  -13.480  -65.120  -14.200 0.5000000000
13430  -0.770  -64.209  -2.098 0.6000000238
13431  -2.554  -63.862  -1.540 0.6000000238
13434  -5.230  -63.655  -1.475 0.6999999881
13447  -6.484  -63.526  -2.305 0.6999999881
13458  -7.010  -63.528  -3.190 0.6000000238
13474  -5.009  -64.106  -4.687 0.5000000000
13475  -7.038  -63.749  -4.748 0.6000000238
13476  -7.449  -63.210  -4.626 0.5000000000
13491  -5.693  -63.680  -6.216 0.6000000238
13508  -1.689  -63.155  -6.980 0.5000000000
13510  -4.357  -63.490  -6.511 0.6999999881
13549  -2.104  -63.490  -8.450 0.5000000000
13551  -4.535  -63.271  -9.311 0.6000000238
13553  -6.753  -63.267  -8.348 0.6000000238
13560  -2.301  -63.858  -9.048 0.6999999881
13561  -2.901  -63.828  -9.783 0.6000000238
13573  -3.407  -63.932  -10.442 0.6000000238
13574  -3.978  -63.571  -11.014 0.6000000238
13580  -5.098  -63.313  -11.957 0.6999999881
13584  -8.888  -63.281  -11.404 0.6999999881
13590  -5.528  -63.955  -12.350 0.6000000238
13594  -9.624  -63.967  -11.804 0.5000000000
13603  -11.224  -64.024  -12.703 0.5000000000
14243  -3.699  -62.997  -1.497 0.8000000119
14244  -4.626  -62.978  -1.486 0.6999999881
14261  1.555  -62.829  -3.034 0.6000000238
14262  -0.579  -62.632  -2.759 0.6000000238
14266  -4.813  -62.343  -1.776 0.6999999881
14267  -6.174  -62.807  -2.123 0.6999999881
14282  1.411  -62.616  -3.591 0.6000000238
14285  -6.563  -62.061  -3.417 0.6999999881
14299  -7.375  -62.499  -4.576 0.6999999881
14308  -7.568  -62.745  -5.300 0.6999999881
14355  -5.836  -61.727  -9.986 0.6999999881
14356  -7.348  -62.184  -9.115 0.8000000119
14371  -4.676  -62.800  -11.146 0.6000000238
14372  -5.240  -62.060  -11.141 0.6000000238
14381  -5.489  -62.033  -11.411 0.6000000238
14382  -6.894  -61.931  -11.526 0.8000000119
14384  -9.266  -62.597  -11.057 0.6999999881
14385  -10.392  -62.645  -11.245 0.6999999881
14386  -11.289  -62.144  -11.510 0.5000000000
14982  -2.506  -61.063  6.038 0.4000000060
14983  -3.201  -60.948  6.177 0.4000000060
14997  -2.874  -61.261  5.431 0.4000000060
14999  -4.022  -61.032  5.203 0.4000000060
15017  -3.580  -61.240  4.634 0.4000000060
15031  -2.400  -61.485  3.177 0.4000000060
15042  -2.971  -61.397  2.856 0.4000000060
15059  -2.691  -61.099  2.115 0.6000000238
15091  -2.600  -61.638  -2.390 0.8000000119
15111  1.070  -62.311  -3.951 0.6999999881
15131  2.423  -60.891  -4.767 0.6999999881
15135  -6.101  -61.270  -4.055 0.6000000238
15156  1.357  -60.890  -5.456 0.6999999881
15198  -7.733  -61.988  -7.477 0.8000000119
15236  -5.385  -61.598  -10.769 0.6000000238
15258  -6.321  -61.113  -11.424 0.6999999881
15906  -3.815  -60.716  6.232 0.4000000060
15938  -1.328  -61.133  3.378 0.6000000238
15972  -2.432  -60.672  1.451 0.6000000238
15981  -0.978  -60.390  0.670 0.6999999881
15982  -1.522  -60.395  0.660 0.5000000000
15983  -2.188  -60.297  0.782 0.5000000000
16010  3.466  -59.739  -3.282 0.6999999881
16026  -0.786  -60.833  -4.035 0.6000000238
16028  -2.516  -60.636  -3.823 0.6000000238
16029  -3.367  -60.608  -3.811 0.6000000238
16042  3.350  -59.857  -4.079 0.6999999881
16044  2.354  -60.620  -5.333 0.6999999881
16051  -5.576  -60.675  -4.701 0.6000000238
16061  1.115  -60.503  -6.260 0.6000000238
16062  -0.469  -60.386  -5.552 0.6999999881
16063  -1.409  -60.202  -5.905 0.6000000238
16064  -2.196  -60.136  -6.149 0.6000000238
16082  1.924  -60.120  -6.189 0.6000000238
16084  0.634  -59.961  -6.767 0.6000000238
16085  -0.237  -59.678  -6.779 0.6000000238
16086  -1.093  -59.762  -6.370 0.6000000238
16087  -2.373  -59.967  -6.343 0.6000000238
16088  -5.689  -59.659  -6.361 0.6999999881
16118  -7.260  -59.757  -9.604 0.8000000119
16131  -6.097  -60.160  -11.024 0.6999999881
16142  -6.346  -59.912  -11.066 0.6999999881
16143  -7.923  -59.641  -10.949 0.8000000119
16149  -11.755  -60.483  -11.646 0.5000000000
16753  -2.951  -59.827  7.404 0.4000000060
16766  -3.799  -59.531  6.981 0.4000000060
16784  -5.506  -59.148  5.001 0.4000000060
16797  -5.416  -59.101  4.374 0.5000000000
16806  -4.173  -60.193  3.239 0.5000000000
16841  -2.967  -59.905  1.245 0.4000000060
16866  0.136  -59.557  -1.189 0.6999999881
16881  1.922  -59.136  -2.675 0.8000000119
16884  -0.587  -59.435  -1.186 0.6999999881
16900  2.351  -59.052  -3.350 0.8000000119
16923  2.984  -59.792  -4.779 0.6999999881
16933  -1.450  -59.752  -6.339 0.6000000238
16936  -4.807  -59.467  -6.134 0.6999999881
16945  1.344  -59.513  -6.553 0.6000000238
16946  0.834  -59.607  -6.820 0.6000000238
16959  0.553  -59.040  -7.009 0.6000000238
16960  0.106  -58.853  -7.169 0.6000000238
16961  -5.517  -58.150  -7.198 0.6000000238
16963  -7.152  -59.047  -8.423 0.6999999881
16991  -7.242  -58.610  -10.350 0.6999999881
16992  -7.859  -58.738  -10.760 0.6999999881
17607  -4.160  -58.575  6.584 0.3000000119
17626  -5.349  -58.581  5.391 0.4000000060
17627  -5.665  -58.537  4.790 0.5000000000
17691  -3.524  -58.995  1.717 0.5000000000
17715  2.659  -58.536  -1.104 0.6000000238
17716  -1.897  -58.800  -0.537 0.5000000000
17743  0.698  -58.528  -3.117 0.6999999881
17758  1.568  -58.492  -5.357 0.8000000119
17766  1.579  -58.996  -6.144 0.6000000238
17778  0.172  -58.377  -7.008 0.6000000238
17779  -0.115  -58.487  -7.002 0.6000000238
17780  -0.546  -58.990  -6.796 0.6000000238
17781  -4.588  -57.690  -6.424 0.6000000238
17795  -7.077  -57.218  -9.749 0.6000000238
17802  -7.423  -57.570  -10.194 0.6999999881
18391  -2.121  -57.346  8.247 0.4000000060
18411  -4.307  -57.804  6.183 0.4000000060
18426  -4.979  -57.919  5.747 0.4000000060
18448  -6.110  -57.441  4.187 0.5000000000
18477  -5.559  -57.433  2.437 0.4000000060
18478  -6.321  -57.068  2.907 0.4000000060
18497  -3.807  -57.635  1.823 0.5000000000
18498  -4.607  -57.259  1.852 0.5000000000
18514  -2.265  -57.386  0.799 0.4000000060
18525  -0.866  -57.257  -1.187 0.5000000000
18536  -1.037  -58.265  -1.519 0.6000000238
18555  0.026  -58.223  -2.636 0.8000000119
18565  1.124  -57.349  -4.274 0.6000000238
18568  -2.029  -57.944  -3.434 0.5000000000
18576  -0.902  -57.923  -4.983 0.5000000000
18583  0.899  -57.355  -5.509 0.5000000000
18585  -0.547  -56.671  -6.140 0.6000000238
18595  0.180  -57.720  -6.745 0.6000000238
18597  -4.664  -57.216  -6.262 0.5000000000
18598  -4.941  -56.984  -6.717 0.5000000000
18621  -8.107  -56.507  -10.075 0.6999999881
18624  -10.934  -57.630  -10.752 0.5000000000
18629  -8.832  -56.649  -10.207 0.6999999881
19217  -3.192  -56.227  6.708 0.3000000119
19277  -6.080  -56.746  2.245 0.4000000060
19278  -6.682  -56.404  2.716 0.4000000060
19328  0.334  -55.393  -1.223 0.5000000000
19330  -1.316  -56.974  -0.346 0.4000000060
19379  0.908  -56.981  -3.717 0.6000000238
19380  -0.738  -55.237  -5.190 0.6000000238
19390  0.510  -56.552  -5.618 0.5000000000
19392  -0.523  -56.392  -6.038 0.6000000238
19397  -0.317  -56.969  -6.554 0.6000000238
19418  -7.740  -56.337  -9.547 0.6000000238
20010  -2.151  -55.543  7.890 0.4000000060
20019  -3.086  -55.708  6.373 0.3000000119
20038  -2.844  -55.122  5.821 0.5000000000
20067  -7.415  -55.231  2.958 0.4000000060
20088  -2.179  -55.819  1.288 0.5000000000
20089  -2.892  -55.479  1.349 0.5000000000
20090  -4.049  -55.518  1.269 0.4000000060
20105  0.337  -54.720  -0.627 0.4000000060
20130  0.812  -54.991  -1.937 0.5000000000
20152  0.877  -55.613  -3.126 0.6000000238
20153  0.807  -55.527  -2.706 0.6000000238
20154  -1.530  -54.807  -2.484 0.5000000000
20155  -1.972  -55.645  -1.903 0.5000000000
20173  0.282  -55.101  -4.967 0.5000000000
20174  -0.730  -55.141  -5.248 0.6000000238
20177  -0.616  -55.488  -5.655 0.6000000238
20824  -2.902  -53.942  4.852 0.4000000060
20840  -7.684  -54.646  2.536 0.4000000060
20848  -1.697  -55.300  0.934 0.4000000060
20862  0.156  -54.322  -0.260 0.4000000060
20864  -1.076  -54.219  0.338 0.4000000060
20865  -2.603  -54.180  0.720 0.5000000000
20867  -5.521  -54.244  0.696 0.3000000119
20868  -6.633  -54.085  0.784 0.3000000119
20889  0.752  -54.462  -1.652 0.5000000000
20890  -2.211  -54.747  -1.818 0.5000000000
20891  -3.006  -54.692  -1.475 0.4000000060
20909  0.726  -54.363  -2.677 0.5000000000
20910  -1.269  -53.832  -3.054 0.4000000060
20925  -0.666  -54.290  -4.161 0.6000000238
20935  0.116  -54.594  -4.629 0.5000000000
21614  -0.588  -52.816  5.045 0.3000000119
21648  0.440  -53.835  -0.539 0.5000000000
21649  -0.173  -53.816  -0.074 0.5000000000
21652  -3.359  -53.737  0.542 0.5000000000
21653  -4.885  -53.336  0.331 0.3000000119
21669  0.728  -53.674  -0.930 0.5000000000
21679  0.803  -54.155  -1.503 0.5000000000
21680  0.771  -53.684  -1.233 0.5000000000
21681  -2.563  -53.963  -1.923 0.5000000000
21693  0.674  -53.661  -1.998 0.5000000000
21697  -5.202  -53.486  -1.962 0.4000000060
21710  0.356  -53.768  -3.182 0.5000000000
21712  -0.890  -53.568  -3.491 0.5000000000
21729  -0.148  -54.136  -4.168 0.6000000238
22453  -1.254  -52.977  -0.229 0.4000000060
22455  -3.134  -53.012  0.060 0.5000000000
22456  -4.492  -52.735  -0.016 0.3000000119
22474  -0.699  -52.256  -0.661 0.5000000000
22475  -2.716  -52.225  -0.422 0.5000000000
22499  0.303  -52.622  -1.820 0.5000000000
22503  -4.148  -52.384  -2.763 0.4000000060
22514  -1.309  -51.982  -2.776 0.4000000060
22515  -2.535  -51.776  -2.895 0.4000000060
22519  -6.270  -52.368  -3.772 0.4000000060
23272  -0.479  -51.807  -1.148 0.5000000000
23291  -0.567  -51.519  -1.627 0.4000000060
23292  -1.096  -51.011  -1.588 0.4000000060
23293  -1.659  -50.747  -1.494 0.4000000060
23305  -0.621  -51.296  -2.014 0.4000000060
23315  -0.872  -51.524  -2.422 0.4000000060
23316  -1.527  -51.086  -2.594 0.4000000060
23319  -4.108  -50.614  -3.992 0.4000000060
23320  -4.812  -51.532  -3.784 0.3000000119
24145  -2.210  -49.620  -2.193 0.4000000060
24156  -1.692  -50.315  -2.424 0.4000000060
24157  -2.181  -49.688  -2.471 0.4000000060
124497  -15.841  -76.368  -8.533 0.5000000000
125170  -3.661  -60.130  -6.026 0.6000000238
125216  -12.109  -77.999  -5.194 0.6999999881
125772  -8.785  -67.356  -14.735 0.5000000000
126172  -9.595  -75.463  -5.750 0.6000000238
126719  -8.301  -74.447  -9.281 0.6000000238
126956  -4.004  -65.456  -9.752 0.6999999881
127017  -16.862  -77.234  -4.268 0.4000000060
127128  -8.347  -66.217  -9.675 0.6000000238
127322  -5.515  -65.592  -10.535 0.6000000238
128110  -9.456  -73.011  -12.298 0.5000000000
128206  -13.887  -78.392  -14.811 0.6000000238
128479  -24.103  -72.423  -2.993 0.4000000060
128684  -7.049  -58.717  -10.138 0.8000000119
129387  -9.727  -68.261  -10.873 0.5000000000
129493  -0.889  -53.589  0.009 0.4000000060
129651  -15.665  -76.502  -9.213 0.5000000000
129704  -11.280  -61.338  -11.414 0.5000000000
130063  -10.943  -74.973  -3.531 0.6000000238
130370  -1.853  -60.661  1.172 0.6000000238
130728  -1.171  -60.795  5.889 0.5000000000
130855  -12.805  -72.514  -5.934 0.5000000000
131217  -7.547  -62.042  -5.986 0.8000000119
131301  -7.625  -62.154  -8.335 0.8000000119
131500  -12.001  -78.369  -13.102 0.5000000000
131558  -19.998  -80.076  -10.128 0.5000000000
131575  -8.586  -61.797  -10.960 0.6999999881
132203  -7.965  -74.662  -13.410 0.6000000238
132330  -23.761  -77.170  2.241 0.3000000119
132784  -7.638  -75.420  -7.383 0.6000000238
132848  -14.316  -76.385  -7.241 0.6000000238
133261  -11.043  -78.354  -14.465 0.5000000000
133364  -3.999  -53.159  0.280 0.4000000060
133465  -7.894  -79.860  -10.994 0.6000000238
133661  -9.232  -79.758  -7.215 0.6999999881
133716  -24.519  -80.657  2.754 0.4000000060
133962  -9.249  -57.007  -10.483 0.6000000238
134068  2.701  -60.941  -2.366 0.6000000238
134132  -10.095  -64.940  -12.864 0.5000000000
134227  1.666  -62.946  -2.268 0.5000000000
134290  -3.984  -63.686  -5.199 0.5000000000
134461  -6.219  -64.067  -4.867 0.6000000238
134497  -16.006  -76.238  -7.871 0.6000000238
134538  -1.102  -52.844  -2.972 0.4000000060
134546  -7.686  -62.512  -6.778 0.8000000119
134613  -8.766  -75.588  -4.182 0.6999999881
134764  -2.469  -59.904  -6.361 0.6000000238
134883  -14.600  -80.686  -4.428 0.3000000119
134930  -8.890  -66.650  -5.200 0.5000000000
135012  -10.058  -74.983  -16.828 0.6000000238
135224  -6.942  -79.547  -9.357 0.6000000238
135352  -12.841  -81.304  -8.068 0.4000000060
135676  -10.654  -69.359  -7.820 0.6000000238
135678  -3.489  -63.387  -9.687 0.6000000238
135721  -6.687  -75.257  -3.626 0.6999999881
135727  -8.876  -78.239  -3.804 0.6999999881
135730  -13.956  -81.883  -11.045 0.4000000060
135788  -20.308  -83.007  0.219 0.3000000119
135892  -24.200  -73.398  -4.432 0.5000000000
136251  -8.057  -79.559  -6.395 0.6999999881
136283  -23.298  -80.619  1.204 0.3000000119
136429  -24.617  -75.953  -0.477 0.3000000119
137377  -5.393  -65.547  -8.346 0.6999999881
137389  -23.551  -74.920  -0.465 0.3000000119
137676  -4.867  -64.495  -1.463 0.6000000238
138014  -1.682  -61.247  4.668 0.5000000000
138174  -12.864  -72.384  -5.045 0.5000000000
139029  -1.979  -64.544  -1.571 0.6000000238
139144  -24.000  -78.093  -6.637 0.5000000000
139240  -6.624  -79.436  -7.094 0.6999999881
139479  -19.396  -81.345  -10.123 0.6999999881
139632  -8.842  -71.205  -16.401 0.6000000238
139855  -14.603  -81.865  -11.277 0.5000000000
139904  2.955  -60.478  -4.332 0.6999999881
140016  -9.569  -68.879  -4.272 0.5000000000
140076  -15.010  -81.890  -10.798 0.6000000238
140146  -7.573  -61.734  -6.770 0.8000000119
140300  -8.221  -76.845  -3.217 0.6999999881
140622  -3.229  -76.205  -5.145 0.5000000000
140785  -17.998  -79.021  -7.216 0.5000000000
140806  -17.853  -77.576  -8.701 0.6000000238
141389  -9.428  -67.195  -5.057 0.5000000000
141570  -5.802  -79.370  -7.001 0.6999999881
142088  -14.677  -78.976  -14.644 0.6000000238
142132  -7.193  -63.585  -4.027 0.6000000238
142149  -6.710  -67.383  -13.621 0.5000000000
142244  -12.147  -73.033  -3.927 0.5000000000
142622  -23.878  -77.079  -0.252 0.3000000119
142706  -9.143  -79.820  -11.529 0.5000000000
143695  -8.907  -79.868  -8.831 0.6999999881
143799  -0.185  -59.101  -7.057 0.6000000238
143887  -2.313  -62.283  -2.088 0.8000000119
143940  3.434  -59.263  -2.636 0.6999999881
144329  -6.175  -62.249  -2.716 0.6999999881
144334  3.797  -58.882  -1.635 0.6000000238
144720  -18.512  -79.934  -10.648 0.6000000238
144865  -18.517  -79.594  -7.645 0.6000000238
145011  -7.540  -63.111  -6.854 0.6999999881
145340  -12.554  -68.831  -14.650 0.4000000060
145643  -8.544  -75.838  -11.552 0.6000000238
145838  0.622  -61.078  -4.842 0.5000000000
145849  -22.706  -81.287  1.316 0.3000000119
145922  -7.087  -72.267  -5.000 0.5000000000
145962  -26.917  -71.213  -1.809 0.3000000119
146119  -0.650  -60.083  -6.299 0.6000000238
146200  -8.376  -74.808  -14.615 0.6000000238
146237  -2.508  -76.559  -6.437 0.5000000000
146458  -9.007  -74.569  -16.212 0.6000000238
146583  -7.418  -76.004  -8.025 0.6000000238
146633  -5.303  -62.049  -10.423 0.6999999881
146978  -25.891  -80.370  1.886 0.4000000060
147046  0.840  -55.405  -3.409 0.5000000000
147186  -10.596  -69.701  -9.593 0.6000000238
147478  -6.047  -55.796  1.505 0.4000000060
147835  -5.353  -57.293  5.248 0.4000000060
147910  0.141  -52.357  -1.266 0.4000000060
148098  -14.103  -75.277  2.875 0.3000000119
148115  0.779  -54.182  -1.358 0.5000000000
148291  -5.654  -79.304  -6.486 0.6999999881
148299  -6.915  -73.818  -4.578 0.6999999881
148376  -20.808  -80.968  0.241 0.4000000060
148494  -12.574  -75.616  -16.811 0.5000000000
148593  -0.801  -53.411  5.428 0.3000000119
148646  -5.999  -63.850  -5.582 0.6000000238
148800  -6.285  -74.727  -3.841 0.6999999881
148900  -17.313  -78.089  -9.555 0.5000000000
149226  -14.487  -84.773  -6.813 0.3000000119
149308  -13.331  -66.013  -14.401 0.5000000000
149736  -20.882  -81.451  2.220 0.3000000119
149755  -2.984  -59.759  -6.311 0.6000000238
149958  -15.946  -78.104  -5.569 0.3000000119
