#!ascii label  , from subject sub-v2s3x28798_ses-1 vox2ras=TkReg
911
14996  30.746  -56.849  -5.041 0.6000000238
14968  25.257  -56.333  -3.540 0.6999999881
15778  24.861  -55.560  -4.661 0.6999999881
140607  25.054  -55.671  -6.967 0.8999999762
14999  27.248  -56.520  -6.160 0.8000000119
15017  28.801  -56.239  -6.364 0.8000000119
15804  30.920  -55.908  -5.755 0.6000000238
15803  31.864  -55.658  -5.507 0.6999999881
15801  33.698  -55.485  -5.402 0.6999999881
14967  26.394  -56.440  -3.333 0.6999999881
14953  25.895  -56.978  -2.622 0.6999999881
15792  25.365  -55.217  -5.269 0.6999999881
15806  25.801  -54.766  -5.808 0.6000000238
15807  24.806  -54.809  -6.325 0.6999999881
15808  24.270  -55.034  -6.582 0.6999999881
138790  25.531  -54.930  -8.006 0.8000000119
15823  26.281  -55.074  -8.170 0.8000000119
15019  26.763  -55.846  -7.137 0.8000000119
15821  28.390  -55.784  -7.192 0.8000000119
15819  30.279  -55.396  -7.062 0.6000000238
15817  31.939  -54.848  -6.091 0.6000000238
15802  32.812  -55.332  -5.364 0.6999999881
14992  34.318  -55.553  -5.681 0.6999999881
14966  27.354  -56.396  -3.066 0.5000000000
14952  26.855  -56.884  -2.492 0.6000000238
15790  27.379  -55.344  -4.498 0.4000000060
15791  26.396  -55.316  -4.839 0.6000000238
15805  26.840  -54.838  -5.377 0.5000000000
16652  25.976  -54.387  -7.424 0.6000000238
16653  25.327  -54.673  -7.552 0.8000000119
138773  26.500  -54.419  -8.618 0.6999999881
15842  28.960  -54.671  -9.151 0.6999999881
15834  29.549  -55.167  -8.181 0.6999999881
16649  31.385  -54.576  -7.083 0.5000000000
16638  32.700  -54.402  -5.829 0.6000000238
129327  34.034  -54.098  -5.543 0.6000000238
16636  34.223  -54.829  -5.602 0.6000000238
15830  35.214  -55.207  -6.580 0.5000000000
15767  28.883  -55.814  -2.232 0.5000000000
14951  27.687  -56.704  -2.203 0.6000000238
14104  26.968  -57.261  -0.993 0.6000000238
14965  28.201  -56.201  -2.671 0.5000000000
134233  26.827  -54.182  -7.016 0.5000000000
17551  26.996  -53.708  -8.648 0.6000000238
16674  27.910  -53.812  -9.533 0.6000000238
15841  29.778  -54.585  -9.051 0.6000000238
16658  30.430  -54.316  -8.838 0.5000000000
16657  31.203  -53.969  -8.175 0.5000000000
17541  32.647  -53.494  -6.381 0.6000000238
17533  33.589  -53.403  -5.712 0.6000000238
17539  35.069  -53.404  -6.033 0.5000000000
17538  35.625  -53.326  -6.761 0.5000000000
17555  36.142  -53.777  -8.245 0.5000000000
134696  35.874  -53.955  -7.345 0.5000000000
14950  28.369  -56.353  -1.772 0.5000000000
14919  27.593  -56.641  -0.617 0.5000000000
15789  28.333  -55.284  -4.123 0.5000000000
16628  28.829  -54.682  -4.703 0.4000000060
17525  29.860  -53.836  -5.462 0.3000000119
16640  28.224  -54.409  -5.694 0.4000000060
17543  29.268  -53.491  -7.017 0.3000000119
124233  30.086  -53.369  -6.364 0.3000000119
124816  28.444  -53.549  -7.588 0.5000000000
17558  28.338  -53.531  -9.389 0.5000000000
17565  29.654  -53.105  -9.786 0.5000000000
16663  30.553  -53.395  -9.424 0.5000000000
17547  31.831  -53.271  -7.797 0.5000000000
141913  32.331  -52.616  -7.434 0.6000000238
17540  33.018  -52.684  -6.251 0.6000000238
17532  34.366  -53.399  -5.668 0.5000000000
18432  35.326  -52.623  -6.310 0.5000000000
18444  36.213  -52.767  -8.311 0.5000000000
15758  28.850  -55.797  -1.425 0.5000000000
15757  29.420  -55.297  -1.849 0.5000000000
16617  29.786  -54.726  -3.276 0.5000000000
16616  30.151  -54.348  -3.945 0.4000000060
16627  29.656  -54.316  -4.759 0.5000000000
17536  30.611  -53.385  -5.395 0.4000000060
18428  30.774  -52.835  -6.103 0.3000000119
17542  29.796  -53.137  -7.488 0.3000000119
18446  30.350  -52.316  -9.541 0.4000000060
17556  30.961  -52.460  -9.535 0.5000000000
18439  31.690  -52.315  -8.688 0.4000000060
18426  33.888  -52.666  -5.667 0.5000000000
19373  34.930  -51.335  -5.962 0.5000000000
19372  35.456  -51.819  -6.509 0.5000000000
18449  36.238  -52.447  -9.366 0.5000000000
143076  36.244  -52.074  -8.655 0.4000000060
141700  36.163  -52.029  -8.009 0.5000000000
15741  29.288  -55.182  -1.117 0.5000000000
16598  29.807  -54.627  -1.539 0.5000000000
16607  30.479  -54.190  -3.002 0.5000000000
150059  30.696  -53.865  -3.894 0.4000000060
17523  31.142  -53.323  -4.505 0.4000000060
17535  31.186  -52.909  -5.331 0.3000000119
134167  30.324  -52.740  -7.181 0.3000000119
131886  30.448  -51.791  -9.147 0.4000000060
19388  31.100  -51.164  -9.349 0.4000000060
20355  31.593  -50.654  -8.586 0.4000000060
18450  30.648  -52.064  -9.533 0.4000000060
19382  31.860  -51.451  -8.579 0.4000000060
19375  32.350  -50.945  -7.445 0.5000000000
19374  33.251  -51.301  -6.161 0.5000000000
18434  33.399  -52.068  -6.012 0.6000000238
147190  35.669  -50.637  -7.241 0.4000000060
19381  35.850  -51.428  -7.439 0.5000000000
17483  30.192  -53.953  -1.214 0.4000000060
140589  31.717  -52.714  -2.970 0.4000000060
17496  31.303  -53.179  -2.320 0.4000000060
18404  31.721  -52.739  -3.932 0.4000000060
19347  31.806  -51.717  -5.050 0.4000000060
19376  31.095  -51.460  -6.737 0.4000000060
20349  30.634  -50.492  -7.660 0.4000000060
127078  30.467  -52.025  -8.061 0.4000000060
20364  30.976  -50.588  -8.925 0.4000000060
20356  31.139  -50.216  -8.698 0.4000000060
20348  32.084  -50.159  -7.559 0.5000000000
20347  33.017  -50.442  -6.235 0.5000000000
21334  33.738  -49.853  -5.687 0.6000000238
21333  35.057  -49.685  -6.137 0.5000000000
22283  35.264  -48.557  -6.518 0.4000000060
20345  35.415  -50.175  -6.676 0.4000000060
17462  30.443  -53.198  -0.939 0.4000000060
18391  32.169  -52.010  -2.716 0.4000000060
17481  31.264  -52.879  -1.668 0.4000000060
19334  32.349  -51.507  -3.467 0.4000000060
19362  31.453  -51.426  -5.837 0.4000000060
20357  30.724  -50.196  -8.388 0.4000000060
21348  31.125  -49.561  -8.308 0.4000000060
21347  31.635  -49.525  -7.602 0.4000000060
127806  32.663  -49.527  -6.316 0.5000000000
21319  33.544  -48.980  -5.645 0.4000000060
21318  34.492  -49.166  -5.698 0.6000000238
143701  31.830  -51.546  -1.239 0.4000000060
19318  32.065  -51.813  -1.859 0.4000000060
20306  32.423  -50.647  -3.386 0.4000000060
20320  32.203  -51.059  -4.370 0.4000000060
20321  31.619  -50.883  -5.340 0.4000000060
21322  30.602  -49.379  -6.314 0.4000000060
135956  30.392  -48.983  -7.136 0.5000000000
21337  30.568  -49.627  -7.836 0.4000000060
127294  30.774  -49.083  -7.859 0.3000000119
22286  31.443  -48.197  -6.970 0.3000000119
21335  31.960  -48.851  -6.728 0.4000000060
22277  33.300  -48.195  -5.617 0.4000000060
23961  34.352  -46.999  -5.730 0.4000000060
23149  34.459  -47.702  -5.697 0.5000000000
19273  30.568  -51.705  -0.485 0.4000000060
20307  32.082  -50.104  -4.120 0.4000000060
21306  31.429  -49.657  -4.819 0.4000000060
136462  30.881  -49.352  -5.552 0.3000000119
22287  29.884  -48.261  -6.936 0.3000000119
22294  30.265  -48.325  -7.391 0.3000000119
135855  30.988  -47.496  -7.176 0.3000000119
23161  31.917  -47.407  -6.337 0.3000000119
23962  33.535  -46.582  -5.589 0.4000000060
24748  34.348  -46.168  -5.924 0.4000000060
20264  32.362  -50.453  -1.671 0.3000000119
21271  32.410  -49.615  -2.209 0.3000000119
21289  32.340  -49.806  -3.200 0.3000000119
21290  31.729  -49.159  -3.882 0.3000000119
137155  30.965  -48.905  -4.940 0.3000000119
128667  29.955  -48.054  -6.214 0.3000000119
148943  29.825  -47.919  -7.184 0.4000000060
23171  29.991  -46.790  -7.403 0.4000000060
140150  30.519  -46.847  -7.215 0.3000000119
23978  30.942  -46.180  -7.008 0.3000000119
23971  32.445  -46.528  -5.880 0.3000000119
146719  33.034  -45.864  -5.668 0.4000000060
24758  33.740  -44.892  -5.998 0.4000000060
130657  34.421  -45.254  -6.315 0.4000000060
23163  29.713  -47.580  -6.776 0.4000000060
24765  29.940  -45.592  -7.582 0.4000000060
24764  30.478  -45.587  -7.372 0.4000000060
25545  30.950  -44.895  -7.260 0.3000000119
25535  33.023  -45.113  -5.801 0.4000000060
26433  32.544  -43.688  -6.504 0.4000000060
26432  33.545  -43.543  -6.500 0.4000000060
25543  33.197  -44.301  -6.072 0.4000000060
25542  34.123  -44.312  -6.406 0.4000000060
128800  30.428  -44.370  -7.698 0.4000000060
26434  31.411  -44.081  -7.119 0.5000000000
26448  31.811  -43.295  -7.246 0.4000000060
27394  32.240  -42.501  -7.489 0.4000000060
26446  34.398  -43.562  -7.069 0.3000000119
27393  33.427  -42.354  -7.297 0.3000000119
15016  29.842  -56.186  -5.927 0.6999999881
15020  25.659  -55.407  -7.498 0.8000000119
15818  31.188  -55.195  -6.508 0.6000000238
15835  28.413  -55.263  -8.230 0.6999999881
16646  35.336  -54.250  -6.448 0.6000000238
16629  27.820  -54.828  -5.042 0.4000000060
125944  27.671  -54.168  -6.543 0.4000000060
17552  26.650  -53.921  -8.832 0.6999999881
16665  28.567  -54.084  -9.681 0.6999999881
15832  30.769  -54.724  -7.673 0.6999999881
16618  29.131  -55.096  -3.678 0.5000000000
16671  29.884  -53.320  -9.815 0.5000000000
17549  29.069  -53.272  -8.429 0.4000000060
135193  32.547  -51.859  -7.102 0.6000000238
138034  34.212  -51.839  -5.702 0.5000000000
19361  34.136  -50.779  -5.684 0.6000000238
20336  30.580  -49.816  -6.927 0.3000000119
22285  32.370  -48.136  -6.132 0.4000000060
20243  31.412  -50.584  -0.519 0.4000000060
23162  31.417  -46.748  -6.635 0.3000000119
148110  31.748  -46.103  -6.375 0.3000000119
25544  32.151  -44.699  -6.385 0.3000000119
27392  34.211  -42.694  -7.503 0.3000000119
12725  22.148  -59.758  -5.848 0.6000000238
11913  22.610  -60.207  -6.548 0.6000000238
11955  23.647  -59.159  -9.323 0.6000000238
11953  25.238  -59.684  -9.189 0.6000000238
12728  18.677  -58.415  -6.048 0.5000000000
12727  19.903  -59.251  -6.046 0.6000000238
13473  22.030  -58.351  -5.278 0.6999999881
128874  22.611  -59.185  -5.348 0.6999999881
12726  21.089  -59.632  -5.941 0.6000000238
11895  24.198  -59.905  -5.737 0.6000000238
11911  24.692  -60.262  -6.611 0.6000000238
11910  25.615  -60.300  -6.445 0.6000000238
11929  26.125  -60.385  -7.191 0.6000000238
146141  25.883  -60.254  -8.153 0.6000000238
11951  27.055  -60.287  -8.633 0.6000000238
136535  28.124  -59.766  -10.355 0.6999999881
140427  19.141  -57.348  -5.254 0.6000000238
130235  20.624  -56.807  -5.274 0.6999999881
12707  19.319  -57.932  -5.584 0.5000000000
13475  19.894  -57.373  -5.335 0.6999999881
12706  20.488  -58.683  -5.578 0.6999999881
13471  23.902  -58.572  -4.984 0.6999999881
12703  24.425  -59.247  -5.058 0.6999999881
11893  26.004  -60.089  -5.648 0.5000000000
133811  26.635  -60.365  -7.898 0.6000000238
11927  28.654  -60.440  -7.756 0.6000000238
135194  28.591  -60.331  -8.807 0.6999999881
11949  29.359  -60.342  -8.595 0.6999999881
12802  28.652  -59.588  -10.827 0.6999999881
12800  30.333  -60.119  -10.187 0.6999999881
9345  35.398  -65.233  -14.294 0.4000000060
149276  34.251  -62.562  -13.227 0.5000000000
11271  33.178  -61.396  -11.462 0.6000000238
11272  32.324  -61.324  -11.364 0.6000000238
11996  30.655  -60.262  -10.653 0.6999999881
131947  20.528  -60.026  -4.319 0.5000000000
13458  19.405  -58.251  -4.110 0.5000000000
14153  19.600  -56.959  -3.985 0.6000000238
12683  19.045  -58.856  -4.445 0.5000000000
15005  20.992  -56.451  -5.112 0.6999999881
13443  19.115  -57.545  -4.338 0.5000000000
14193  18.940  -57.365  -5.146 0.6000000238
15004  22.181  -56.324  -5.524 0.6999999881
14190  22.419  -57.369  -5.426 0.6999999881
14188  24.244  -57.598  -5.231 0.6999999881
139036  25.913  -59.308  -4.879 0.6999999881
11908  27.406  -60.414  -6.198 0.6000000238
11907  28.353  -60.430  -6.595 0.6000000238
11926  29.640  -60.402  -7.571 0.6999999881
12766  30.023  -60.209  -9.418 0.6999999881
12783  30.797  -60.262  -9.580 0.6999999881
12006  31.936  -60.785  -10.846 0.6000000238
11969  32.023  -60.324  -9.818 0.6000000238
13429  22.142  -58.341  -2.291 0.5000000000
11880  22.069  -60.709  -3.988 0.4000000060
13441  20.850  -58.191  -3.173 0.5000000000
12641  22.150  -59.385  -2.992 0.5000000000
12660  20.349  -58.676  -3.704 0.5000000000
14957  21.378  -56.751  -2.662 0.6000000238
14958  20.700  -56.865  -3.033 0.6000000238
15809  23.105  -55.714  -5.882 0.6999999881
14983  21.141  -56.238  -4.814 0.6000000238
15003  23.004  -55.888  -6.033 0.6999999881
140791  23.455  -56.560  -5.799 0.6999999881
13456  25.727  -58.760  -4.740 0.6999999881
145064  27.161  -59.669  -5.008 0.6999999881
11892  26.822  -60.142  -5.525 0.6999999881
11890  29.096  -60.220  -5.942 0.6999999881
11906  29.820  -60.298  -6.607 0.6999999881
11905  30.484  -60.283  -7.301 0.8000000119
12765  30.944  -60.251  -8.873 0.6999999881
11270  33.983  -61.360  -11.745 0.5000000000
11993  33.266  -60.380  -10.326 0.6000000238
125404  32.446  -59.941  -9.197 0.6000000238
11853  23.031  -60.184  -2.903 0.4000000060
14142  21.962  -56.955  -1.847 0.6000000238
13430  21.373  -57.775  -2.590 0.6000000238
14956  22.194  -56.563  -2.558 0.6000000238
141127  22.240  -56.171  -3.725 0.6000000238
15794  23.132  -55.562  -5.380 0.6000000238
15021  24.449  -55.366  -6.918 0.6999999881
15001  24.527  -56.109  -6.521 0.6999999881
14186  26.031  -56.998  -5.582 0.6999999881
14166  25.896  -57.796  -4.960 0.6999999881
14165  26.867  -57.652  -5.002 0.8000000119
13454  27.293  -58.577  -4.644 0.8000000119
12677  28.475  -59.286  -4.731 0.6000000238
12724  29.865  -59.978  -5.870 0.6000000238
12744  31.917  -59.766  -7.513 0.8000000119
12745  31.132  -60.169  -7.949 0.6999999881
12015  34.723  -61.099  -12.445 0.5000000000
12003  34.422  -60.542  -11.420 0.6000000238
135054  33.270  -59.755  -9.402 0.6999999881
12819  35.072  -60.095  -12.018 0.6000000238
12625  23.602  -59.063  -1.580 0.5000000000
12624  24.561  -59.637  -1.012 0.4000000060
11836  25.357  -61.018  -0.738 0.4000000060
14125  22.778  -57.282  -1.420 0.5000000000
12640  22.922  -59.205  -2.336 0.5000000000
14955  23.181  -56.690  -2.308 0.6000000238
15779  23.487  -55.797  -4.373 0.6000000238
140790  23.925  -55.434  -5.124 0.6000000238
15022  23.969  -55.445  -6.387 0.6999999881
144453  25.329  -56.421  -6.250 0.8000000119
139192  26.797  -56.883  -5.641 0.8000000119
14164  27.884  -57.937  -4.763 0.6000000238
13451  29.998  -58.445  -4.580 0.6000000238
12696  31.118  -59.336  -5.530 0.6999999881
12721  32.232  -59.381  -6.646 0.6999999881
13498  34.009  -58.598  -8.301 0.6999999881
11992  34.133  -60.092  -10.506 0.6000000238
12780  34.549  -59.072  -9.874 0.6000000238
14219  35.046  -58.211  -9.837 0.6000000238
12810  34.833  -59.747  -11.132 0.6000000238
13505  35.295  -58.249  -10.729 0.6000000238
14123  24.077  -57.389  -1.096 0.5000000000
14124  23.482  -57.619  -0.841 0.5000000000
12613  23.875  -58.486  -0.555 0.5000000000
11821  25.183  -60.285  -0.448 0.5000000000
130622  24.980  -56.934  -2.659 0.5000000000
14939  23.266  -57.126  -1.498 0.5000000000
140318  24.334  -55.865  -4.182 0.6000000238
14997  29.107  -56.829  -5.468 0.6999999881
131001  29.870  -57.038  -5.135 0.6000000238
124392  31.141  -57.684  -4.642 0.6000000238
13468  32.375  -58.331  -5.327 0.6000000238
13483  33.365  -58.535  -6.717 0.6999999881
13467  33.153  -58.093  -5.714 0.6000000238
14209  34.000  -58.212  -7.218 0.6000000238
148039  34.786  -58.124  -9.257 0.6999999881
12818  35.413  -59.418  -12.660 0.5000000000
14224  35.455  -57.483  -11.384 0.4000000060
138763  24.956  -57.476  -0.769 0.5000000000
14107  24.191  -57.659  -0.124 0.5000000000
14097  24.445  -57.854  0.944 0.5000000000
13377  24.414  -58.260  1.622 0.5000000000
12581  24.724  -59.380  1.738 0.5000000000
12572  23.932  -59.705  2.796 0.5000000000
143089  31.688  -56.484  -5.058 0.6000000238
14179  33.484  -57.226  -5.462 0.6000000238
15015  34.178  -56.958  -5.943 0.4000000060
15035  35.052  -57.218  -8.184 0.5000000000
15034  35.388  -56.575  -8.636 0.4000000060
15039  35.506  -56.606  -11.178 0.4000000060
14218  35.355  -57.287  -9.799 0.5000000000
14122  25.959  -57.473  -0.982 0.6000000238
14106  25.439  -57.473  -0.150 0.5000000000
14096  25.033  -57.457  0.721 0.5000000000
14082  24.501  -57.562  1.923 0.5000000000
13366  24.233  -58.154  2.421 0.5000000000
12562  23.261  -59.350  3.462 0.5000000000
13357  22.698  -58.906  4.074 0.4000000060
12564  21.452  -59.475  3.028 0.5000000000
12565  20.642  -59.204  3.028 0.4000000060
13368  19.991  -59.187  2.512 0.4000000060
134973  19.911  -60.485  0.736 0.4000000060
15014  34.497  -56.198  -5.950 0.6000000238
15831  35.004  -56.087  -6.726 0.4000000060
15029  35.293  -56.358  -7.714 0.4000000060
15037  35.507  -56.451  -10.125 0.4000000060
14095  26.104  -57.216  0.305 0.5000000000
14081  24.981  -57.223  1.490 0.4000000060
14894  24.831  -56.811  2.113 0.4000000060
14067  23.999  -57.768  3.029 0.5000000000
14856  23.382  -56.380  3.727 0.4000000060
13343  22.247  -58.257  4.364 0.5000000000
14841  21.929  -56.955  4.474 0.4000000060
14842  21.119  -56.825  4.464 0.5000000000
13344  21.500  -58.180  4.339 0.5000000000
132983  20.180  -56.664  4.274 0.3000000119
13359  19.309  -58.479  3.165 0.3000000119
145181  18.516  -58.368  2.747 0.3000000119
16656  35.669  -54.802  -7.442 0.4000000060
14907  26.587  -56.536  0.565 0.5000000000
14893  25.485  -56.513  1.646 0.5000000000
14872  25.167  -56.011  2.259 0.4000000060
15743  28.037  -56.068  -0.351 0.4000000060
15727  27.092  -55.966  0.569 0.4000000060
15719  25.804  -55.632  1.643 0.4000000060
16544  25.501  -54.519  1.781 0.4000000060
16582  28.204  -55.242  -0.191 0.4000000060
16560  27.572  -54.626  0.300 0.4000000060
16543  26.346  -54.927  1.238 0.4000000060
17464  28.934  -53.886  -0.349 0.4000000060
17426  26.132  -54.045  1.227 0.4000000060
17427  25.412  -53.585  1.494 0.4000000060
17416  24.040  -53.912  2.629 0.4000000060
17465  27.862  -53.641  0.007 0.4000000060
17463  29.781  -53.585  -0.687 0.3000000119
18342  26.517  -53.133  0.495 0.4000000060
18320  25.250  -52.909  1.125 0.4000000060
18321  24.450  -52.691  1.290 0.4000000060
18360  29.992  -52.798  -0.554 0.4000000060
17429  23.191  -52.729  1.861 0.4000000060
18346  23.214  -52.285  1.135 0.4000000060
125546  29.343  -52.239  -0.343 0.3000000119
18361  27.582  -52.621  -0.115 0.4000000060
18362  26.625  -52.397  0.037 0.4000000060
18363  25.732  -52.024  -0.048 0.4000000060
18345  23.976  -52.195  0.823 0.4000000060
19278  25.551  -51.419  -0.646 0.3000000119
149329  31.601  -57.167  -4.777 0.6000000238
14969  24.100  -56.454  -3.210 0.5000000000
132307  33.059  -56.728  -5.024 0.6000000238
15840  35.617  -55.621  -8.266 0.4000000060
11932  23.858  -59.906  -8.139 0.6000000238
11970  28.938  -59.990  -9.749 0.6999999881
11948  30.275  -60.320  -8.297 0.6999999881
10624  33.985  -63.365  -13.592 0.5000000000
11293  34.725  -61.946  -13.218 0.5000000000
10612  32.873  -62.878  -12.569 0.5000000000
11283  34.154  -61.983  -12.557 0.4000000060
12005  32.806  -60.840  -10.824 0.6000000238
11870  21.619  -59.945  -3.622 0.5000000000
12679  26.651  -59.157  -4.732 0.6999999881
12797  33.605  -59.908  -9.905 0.6000000238
14982  21.816  -56.028  -4.601 0.6000000238
12699  28.723  -59.765  -5.172 0.6999999881
12723  30.643  -59.948  -6.319 0.8000000119
144083  33.060  -59.600  -8.914 0.6999999881
129216  23.568  -59.864  -2.286 0.4000000060
13453  28.205  -58.674  -4.594 0.6000000238
12675  29.777  -59.129  -4.786 0.6000000238
12743  32.831  -59.233  -7.351 0.6999999881
12762  33.290  -59.230  -8.311 0.6999999881
12822  35.643  -59.621  -13.460 0.5000000000
139004  35.624  -60.532  -13.756 0.5000000000
125720  33.663  -59.257  -9.007 0.6999999881
146584  34.163  -59.584  -10.030 0.6000000238
14182  30.213  -57.710  -4.635 0.6999999881
13469  31.461  -58.530  -4.966 0.6999999881
13485  31.971  -59.106  -5.756 0.6999999881
13497  34.647  -57.991  -8.667 0.6000000238
13508  35.187  -59.011  -10.934 0.6000000238
13507  35.416  -58.346  -11.585 0.6000000238
142386  23.595  -57.944  -0.461 0.5000000000
13403  24.145  -58.122  0.451 0.5000000000
12598  24.915  -59.252  0.947 0.4000000060
14995  32.313  -56.993  -4.824 0.6000000238
14201  34.395  -57.411  -6.766 0.6000000238
12583  20.507  -60.645  0.892 0.3000000119
15030  34.875  -56.937  -7.244 0.5000000000
135977  35.617  -55.488  -9.874 0.4000000060
14051  23.554  -57.873  3.590 0.5000000000
130071  20.137  -58.562  3.554 0.4000000060
13378  19.235  -59.082  2.032 0.4000000060
130210  28.539  -52.919  -0.258 0.4000000060
149671  27.135  -53.089  0.215 0.4000000060
9263  40.885  -65.169  -5.184 0.3000000119
9245  40.413  -64.722  -4.478 0.3000000119
9306  32.034  -64.108  -8.692 0.4000000060
10556  33.122  -62.450  -7.917 0.4000000060
11215  32.629  -61.960  -6.235 0.4000000060
11207  32.518  -61.829  -5.232 0.4000000060
9325  31.663  -64.866  -10.464 0.4000000060
9316  30.446  -64.155  -9.698 0.4000000060
147201  30.056  -64.314  -10.489 0.4000000060
9327  29.357  -64.241  -11.201 0.5000000000
9967  27.985  -63.475  -10.999 0.5000000000
9972  28.028  -63.389  -11.672 0.5000000000
10595  33.884  -63.089  -10.215 0.4000000060
9951  33.046  -63.338  -9.009 0.5000000000
9307  31.587  -64.231  -8.976 0.5000000000
125162  26.945  -62.585  -10.930 0.5000000000
10570  33.888  -62.174  -9.117 0.5000000000
146677  32.945  -63.062  -8.384 0.5000000000
11233  33.833  -61.720  -8.438 0.5000000000
11223  33.510  -61.559  -7.523 0.4000000060
130635  33.777  -60.902  -7.054 0.4000000060
11206  32.981  -61.061  -4.679 0.4000000060
11879  33.554  -60.462  -4.182 0.4000000060
11185  33.971  -61.399  -2.888 0.3000000119
9876  35.525  -62.895  -3.520 0.4000000060
9330  33.347  -65.128  -11.917 0.4000000060
8800  32.301  -65.562  -12.770 0.4000000060
8801  31.659  -65.341  -12.664 0.4000000060
9971  33.800  -64.224  -11.370 0.4000000060
9324  33.107  -64.578  -10.930 0.4000000060
9331  32.772  -65.273  -11.649 0.4000000060
8797  30.459  -65.202  -11.978 0.4000000060
9340  30.071  -64.726  -12.186 0.5000000000
9342  28.713  -63.905  -12.110 0.5000000000
9963  34.205  -63.407  -10.924 0.4000000060
147999  33.643  -63.791  -10.659 0.4000000060
9965  32.502  -64.480  -10.166 0.4000000060
9981  29.483  -64.131  -12.382 0.5000000000
9982  28.794  -63.359  -12.281 0.5000000000
10603  27.420  -62.516  -11.662 0.5000000000
11290  27.876  -60.772  -12.191 0.6000000238
12009  28.057  -59.839  -11.997 0.6000000238
12011  26.592  -60.094  -11.463 0.6000000238
12811  29.946  -59.882  -10.826 0.6000000238
131735  28.700  -59.753  -11.871 0.6000000238
12815  26.767  -59.521  -11.277 0.5000000000
11903  34.265  -60.003  -6.064 0.4000000060
11972  26.649  -59.845  -9.679 0.5000000000
11866  34.345  -60.027  -3.801 0.4000000060
11865  35.132  -60.114  -3.606 0.4000000060
145399  34.794  -61.536  -3.131 0.4000000060
9338  32.101  -64.906  -13.190 0.4000000060
9978  32.347  -63.955  -13.016 0.5000000000
9980  30.203  -63.740  -12.537 0.5000000000
10614  31.007  -62.905  -12.401 0.5000000000
11289  28.472  -61.539  -12.358 0.5000000000
11273  31.028  -61.267  -11.610 0.5000000000
12016  28.618  -60.429  -12.214 0.6000000238
12007  31.000  -60.654  -11.101 0.6000000238
11274  30.202  -60.923  -11.765 0.6000000238
8728  41.297  -65.496  -5.899 0.3000000119
9871  41.436  -63.692  -3.223 0.3000000119
11167  39.152  -62.202  -1.954 0.3000000119
9976  34.703  -64.467  -12.442 0.4000000060
9346  34.658  -65.450  -14.040 0.4000000060
8804  34.263  -65.420  -14.069 0.4000000060
8806  32.815  -65.561  -13.202 0.4000000060
9990  32.931  -64.637  -13.508 0.4000000060
10613  31.987  -62.969  -12.426 0.5000000000
9977  33.221  -63.689  -13.320 0.4000000060
11286  31.632  -61.855  -11.938 0.5000000000
12803  27.681  -59.461  -11.061 0.6000000238
12785  26.255  -59.325  -10.696 0.5000000000
9347  33.399  -65.118  -13.800 0.4000000060
8791  30.967  -65.187  -11.357 0.4000000060
10604  26.698  -61.772  -11.298 0.5000000000
10502  37.906  -62.210  -2.650 0.3000000119
8799  33.138  -65.622  -13.179 0.4000000060
138268  30.511  -64.612  -12.501 0.5000000000
10615  30.007  -62.694  -12.405 0.5000000000
144359  29.876  -61.776  -12.196 0.6000000238
23151  32.907  -47.400  -5.647 0.3000000119
8744  40.695  -65.713  -6.688 0.3000000119
8789  32.347  -65.098  -11.062 0.4000000060
8790  31.692  -65.340  -11.413 0.4000000060
8794  32.847  -65.561  -12.453 0.4000000060
8795  32.199  -65.519  -11.951 0.4000000060
8796  31.371  -65.470  -12.149 0.4000000060
8798  33.909  -65.489  -13.624 0.4000000060
8802  30.865  -65.197  -12.387 0.4000000060
8803  34.813  -65.304  -14.287 0.4000000060
8805  33.549  -65.419  -13.600 0.4000000060
8807  32.177  -65.403  -13.063 0.4000000060
9227  40.925  -64.303  -3.739 0.3000000119
9308  30.940  -64.038  -8.930 0.5000000000
9314  31.985  -64.442  -9.466 0.4000000060
9315  31.265  -64.436  -9.614 0.4000000060
9326  30.757  -64.635  -10.438 0.4000000060
9329  34.054  -64.815  -12.244 0.4000000060
9332  29.727  -64.640  -11.888 0.5000000000
9333  29.057  -64.302  -11.959 0.5000000000
9334  28.595  -63.865  -11.589 0.5000000000
9336  34.466  -65.304  -13.276 0.4000000060
9337  33.568  -65.531  -12.876 0.4000000060
9339  31.413  -65.077  -12.801 0.4000000060
9341  29.358  -64.378  -12.141 0.5000000000
9348  32.823  -65.285  -13.434 0.4000000060
9351  35.272  -64.973  -14.515 0.4000000060
9353  33.933  -65.218  -14.147 0.4000000060
9944  31.461  -63.959  -8.367 0.4000000060
9952  32.527  -64.009  -9.260 0.4000000060
9964  33.219  -63.778  -9.920 0.4000000060
9968  27.513  -63.086  -11.181 0.5000000000
9970  34.449  -63.860  -11.693 0.4000000060
9975  35.376  -64.555  -13.070 0.4000000060
9979  31.308  -64.169  -12.711 0.5000000000
9989  33.726  -64.467  -13.907 0.4000000060
9996  34.243  -64.788  -14.312 0.4000000060
10571  33.408  -62.575  -8.716 0.5000000000
10580  34.227  -62.345  -9.766 0.5000000000
10581  33.596  -62.842  -9.450 0.4000000060
10602  28.146  -63.053  -12.097 0.5000000000
10611  33.646  -62.736  -12.860 0.5000000000
10616  28.402  -62.523  -12.292 0.5000000000
10617  27.837  -61.986  -12.194 0.5000000000
10623  34.684  -62.810  -13.852 0.5000000000
11154  39.339  -61.528  -1.712 0.3000000119
11184  35.407  -60.949  -3.466 0.4000000060
11214  33.039  -61.155  -5.707 0.4000000060
11224  32.887  -62.137  -7.103 0.4000000060
11240  34.500  -61.599  -9.214 0.5000000000
11275  27.158  -61.151  -11.801 0.6000000238
11276  26.460  -60.840  -11.389 0.6000000238
11284  33.429  -62.035  -12.174 0.4000000060
11285  32.612  -62.035  -11.979 0.5000000000
11287  30.647  -61.856  -12.082 0.5000000000
11288  29.287  -61.130  -12.279 0.6000000238
11781  24.505  -59.955  2.161 0.5000000000
11820  25.445  -60.870  -0.069 0.5000000000
11837  24.946  -60.633  -1.302 0.4000000060
11838  24.242  -60.156  -1.845 0.4000000060
11852  23.848  -60.708  -2.581 0.4000000060
11867  33.741  -60.817  -3.439 0.4000000060
11888  33.968  -60.029  -5.465 0.4000000060
11889  33.488  -60.447  -5.117 0.4000000060
11891  28.185  -60.211  -5.657 0.6999999881
11894  25.170  -60.024  -5.767 0.5000000000
11904  33.698  -60.566  -6.171 0.4000000060
11909  26.477  -60.371  -6.261 0.6000000238
11928  27.565  -60.438  -7.479 0.6000000238
11930  25.206  -60.271  -7.639 0.6000000238
11950  27.893  -60.370  -8.544 0.6999999881
11952  26.211  -60.048  -8.945 0.6000000238
11954  24.457  -59.719  -8.671 0.6000000238
11971  28.039  -60.138  -9.509 0.6999999881
11994  32.422  -60.492  -10.299 0.6000000238
11995  31.532  -60.491  -10.439 0.6999999881
12004  33.645  -60.740  -11.015 0.6000000238
12008  29.365  -60.159  -11.871 0.6000000238
12010  27.355  -60.055  -11.765 0.6000000238
12014  35.308  -60.342  -12.964 0.5000000000
12019  35.226  -61.247  -13.385 0.5000000000
12563  22.410  -59.527  3.302 0.4000000060
12571  24.403  -59.095  2.435 0.5000000000
12574  19.996  -59.817  1.312 0.4000000060
12597  25.264  -60.138  0.395 0.4000000060
12612  24.827  -59.295  -0.028 0.5000000000
12642  21.565  -58.583  -2.882 0.6000000238
12659  21.241  -59.101  -3.401 0.5000000000
12676  29.130  -59.347  -4.804 0.6000000238
12678  27.632  -59.226  -4.711 0.6999999881
12680  25.228  -59.232  -4.948 0.6999999881
12681  20.839  -59.600  -3.903 0.5000000000
12682  20.022  -59.233  -4.200 0.5000000000
12697  30.255  -59.503  -5.365 0.6000000238
12698  29.476  -59.659  -5.270 0.6000000238
12700  27.953  -59.730  -5.037 0.6999999881
12701  26.358  -59.672  -5.098 0.6999999881
12702  25.602  -59.653  -5.245 0.6999999881
12704  23.115  -59.875  -5.810 0.6000000238
12705  21.617  -59.053  -5.457 0.6999999881
12722  31.539  -59.648  -6.482 0.8000000119
12746  23.105  -59.653  -8.429 0.6000000238
12763  32.551  -59.616  -8.366 0.6999999881
12764  31.784  -59.986  -8.576 0.6999999881
12781  33.950  -59.424  -9.567 0.6999999881
12782  31.556  -60.211  -9.348 0.6999999881
12784  27.258  -59.716  -10.304 0.6999999881
12796  34.640  -59.394  -10.439 0.6000000238
12798  32.857  -60.179  -9.776 0.6000000238
12799  31.149  -60.327  -10.021 0.6999999881
12801  29.527  -59.841  -10.455 0.6999999881
12809  35.297  -59.220  -11.756 0.6000000238
12812  29.232  -59.660  -11.301 0.6000000238
12813  28.312  -59.554  -11.510 0.6000000238
12814  27.554  -59.603  -11.505 0.6000000238
13345  20.641  -57.763  4.306 0.4000000060
13356  23.324  -58.625  3.811 0.5000000000
13358  21.869  -58.960  4.079 0.5000000000
13367  23.891  -58.677  3.173 0.5000000000
13394  23.892  -57.869  -0.123 0.5000000000
13415  23.089  -57.948  -1.091 0.5000000000
13416  22.411  -57.586  -1.672 0.5000000000
13428  22.773  -58.397  -1.723 0.5000000000
13431  20.684  -57.353  -3.019 0.6000000238
13442  19.909  -57.606  -3.611 0.6000000238
13452  29.140  -58.747  -4.571 0.6000000238
13455  26.493  -58.468  -4.697 0.8000000119
13457  24.790  -58.643  -4.876 0.6999999881
13459  18.505  -57.989  -4.563 0.5000000000
13470  30.571  -58.879  -4.863 0.6999999881
13472  23.005  -58.518  -5.144 0.6999999881
13474  20.973  -57.957  -5.364 0.6999999881
13476  18.468  -57.706  -5.393 0.6000000238
13484  32.686  -58.816  -6.230 0.6999999881
13491  33.495  -58.774  -7.609 0.6999999881
13502  34.388  -58.718  -9.229 0.6999999881
14038  22.543  -57.392  4.353 0.5000000000
14039  21.933  -57.630  4.487 0.5000000000
14040  21.420  -57.451  4.470 0.5000000000
14052  23.010  -58.073  4.204 0.5000000000
14053  19.620  -57.723  3.953 0.3000000119
14054  18.778  -57.707  3.494 0.3000000119
14066  24.329  -57.251  2.596 0.4000000060
14105  26.337  -57.342  -0.384 0.5000000000
14140  26.404  -57.300  -1.784 0.6000000238
14141  25.249  -57.352  -1.739 0.5000000000
14143  21.302  -57.111  -2.449 0.6000000238
14152  20.123  -56.999  -3.409 0.6000000238
14162  29.517  -58.096  -4.553 0.6999999881
14163  28.782  -58.077  -4.611 0.6000000238
14167  25.140  -57.965  -4.901 0.6999999881
14168  19.991  -56.747  -4.520 0.6999999881
14169  19.270  -57.202  -4.712 0.5000000000
14170  18.439  -57.677  -4.941 0.6000000238
14180  32.746  -57.505  -5.076 0.6000000238
14181  31.975  -57.709  -4.788 0.6000000238
14183  29.360  -57.573  -4.814 0.6000000238
14184  28.504  -57.398  -5.090 0.6000000238
14185  27.597  -57.158  -5.368 0.8000000119
14187  25.038  -57.040  -5.548 0.6999999881
14189  23.303  -57.628  -5.293 0.6999999881
14191  21.519  -57.051  -5.477 0.6999999881
14192  19.676  -56.999  -5.050 0.6000000238
14202  33.792  -57.762  -6.266 0.6000000238
14208  34.531  -57.760  -7.739 0.6000000238
14215  35.115  -57.466  -9.128 0.5000000000
14222  35.409  -57.395  -10.512 0.6000000238
14857  21.744  -56.207  4.307 0.5000000000
14873  24.491  -56.376  2.737 0.4000000060
14892  26.114  -56.336  1.213 0.5000000000
14906  27.357  -56.344  0.067 0.5000000000
14908  25.764  -56.919  0.996 0.4000000060
14918  28.313  -56.315  -0.994 0.5000000000
14920  26.870  -56.939  -0.173 0.5000000000
14937  27.751  -56.781  -1.361 0.6000000238
14938  27.191  -57.079  -1.770 0.6000000238
14940  22.579  -56.899  -1.770 0.5000000000
14954  24.144  -57.062  -2.076 0.5000000000
14970  22.998  -56.272  -3.452 0.6000000238
14971  21.598  -56.347  -3.480 0.6000000238
14972  20.897  -56.535  -3.473 0.6000000238
14973  20.220  -56.720  -3.728 0.6000000238
14993  33.794  -56.314  -5.448 0.6000000238
14994  32.544  -56.236  -5.054 0.6000000238
14998  28.209  -56.683  -5.786 0.8000000119
15000  26.119  -56.302  -6.500 0.8999999762
15002  23.829  -55.838  -6.427 0.6999999881
15006  20.372  -56.674  -4.993 0.6999999881
15018  27.852  -56.158  -6.724 0.8000000119
15718  26.561  -55.809  1.037 0.4000000060
15726  27.604  -55.635  0.228 0.4000000060
15742  28.651  -55.644  -0.758 0.4000000060
15766  29.367  -55.272  -2.727 0.5000000000
15775  28.671  -55.619  -3.161 0.5000000000
15776  26.896  -55.862  -3.947 0.6999999881
15777  25.897  -55.777  -4.237 0.6999999881
15780  22.634  -55.824  -4.575 0.6000000238
15793  24.346  -55.137  -5.791 0.6000000238
15795  22.455  -55.820  -5.358 0.6999999881
15810  21.805  -56.213  -5.232 0.6999999881
15816  34.781  -55.581  -6.098 0.5000000000
15820  29.249  -55.691  -7.117 0.6999999881
15822  27.475  -55.505  -7.694 0.8000000119
15824  24.930  -55.010  -7.563 0.8000000119
15825  24.523  -55.009  -7.090 0.6999999881
15833  30.183  -54.859  -8.223 0.6999999881
15836  27.194  -54.774  -8.621 0.8000000119
15837  26.016  -54.623  -8.253 0.6999999881
15838  25.542  -54.802  -7.904 0.8000000119
15843  27.913  -54.431  -9.277 0.6999999881
15844  26.988  -54.130  -9.238 0.6999999881
15845  26.498  -54.246  -8.682 0.6999999881
15846  26.040  -54.609  -8.245 0.8000000119
16530  24.715  -54.589  2.453 0.4000000060
16545  24.783  -53.753  2.087 0.4000000060
16561  26.773  -54.373  0.768 0.4000000060
16580  29.547  -54.393  -0.843 0.5000000000
16581  28.887  -54.859  -0.541 0.4000000060
16597  30.408  -54.168  -1.977 0.5000000000
16608  29.902  -54.720  -2.357 0.5000000000
16637  33.534  -54.716  -5.505 0.6999999881
16639  29.101  -54.237  -5.559 0.3000000119
16641  27.294  -54.469  -5.947 0.5000000000
16642  25.359  -54.584  -6.812 0.6999999881
16643  24.731  -54.785  -7.067 0.6999999881
16647  34.680  -54.151  -5.802 0.5000000000
16648  31.931  -54.106  -6.895 0.5000000000
16650  29.367  -53.789  -6.146 0.3000000119
16651  28.504  -53.915  -6.544 0.4000000060
16654  24.999  -54.863  -7.456 0.6999999881
16659  26.512  -53.985  -8.114 0.6000000238
16660  26.068  -54.472  -8.165 0.8000000119
16664  29.932  -54.034  -9.621 0.6000000238
16666  27.726  -53.941  -9.580 0.6999999881
16667  27.099  -53.909  -9.286 0.6999999881
16672  29.225  -53.675  -9.757 0.5000000000
16673  28.429  -53.794  -9.684 0.6000000238
17428  24.034  -53.116  1.986 0.4000000060
17444  27.063  -53.758  0.443 0.4000000060
17445  26.493  -53.711  0.769 0.4000000060
17446  25.948  -53.320  0.941 0.4000000060
17482  30.778  -53.430  -1.637 0.4000000060
17497  30.834  -53.697  -2.431 0.4000000060
17511  31.186  -53.456  -3.289 0.4000000060
17524  30.371  -53.875  -4.671 0.4000000060
17534  33.348  -54.033  -5.673 0.6000000238
17544  27.471  -53.759  -7.593 0.5000000000
17546  36.005  -53.255  -7.564 0.5000000000
17548  31.285  -53.081  -8.900 0.5000000000
17550  27.804  -53.495  -8.631 0.5000000000
17557  29.510  -52.968  -9.602 0.4000000060
17559  27.316  -53.709  -9.195 0.6000000238
17564  30.236  -52.753  -9.774 0.5000000000
17566  28.856  -53.541  -9.671 0.6000000238
18322  23.758  -52.588  1.446 0.4000000060
18343  25.841  -52.675  0.519 0.4000000060
18344  24.942  -52.288  0.518 0.4000000060
18358  31.295  -51.505  -0.718 0.4000000060
18359  30.721  -52.371  -0.758 0.4000000060
18364  25.046  -51.759  -0.159 0.3000000119
18376  31.449  -52.246  -1.277 0.4000000060
18377  30.951  -52.846  -1.194 0.4000000060
18392  31.690  -52.504  -2.109 0.4000000060
18403  32.116  -52.205  -3.487 0.4000000060
18416  32.156  -51.976  -4.244 0.4000000060
18417  31.616  -52.503  -4.821 0.4000000060
18427  31.342  -52.225  -5.803 0.3000000119
18433  34.674  -52.663  -5.799 0.5000000000
18435  30.811  -52.205  -6.866 0.3000000119
18438  35.879  -52.463  -7.239 0.5000000000
18440  29.933  -52.556  -8.620 0.4000000060
18445  31.274  -51.612  -9.390 0.4000000060
18451  30.117  -52.658  -9.756 0.5000000000
19274  29.955  -51.483  -0.290 0.3000000119
19298  32.214  -51.197  -1.599 0.4000000060
19317  32.414  -51.152  -2.453 0.4000000060
19377  30.693  -51.464  -7.671 0.4000000060
19383  30.693  -51.029  -8.685 0.4000000060
19387  31.366  -51.052  -9.191 0.4000000060
19389  30.750  -51.476  -9.328 0.4000000060
20286  32.476  -50.330  -2.579 0.3000000119
20335  31.116  -50.675  -6.379 0.3000000119
20346  34.991  -50.502  -6.049 0.5000000000
20363  31.203  -50.736  -9.061 0.4000000060
21258  32.284  -49.732  -1.386 0.3000000119
21320  32.789  -48.758  -5.944 0.5000000000
21321  31.184  -50.014  -5.740 0.4000000060
21332  35.427  -49.271  -6.803 0.4000000060
21336  31.190  -48.931  -7.666 0.4000000060
21349  30.835  -49.742  -8.350 0.4000000060
22276  34.139  -48.313  -5.541 0.4000000060
22278  30.372  -48.749  -6.081 0.3000000119
22293  30.731  -48.338  -7.447 0.3000000119
23150  33.796  -47.539  -5.532 0.4000000060
23170  30.294  -47.543  -7.361 0.3000000119
23979  30.156  -46.221  -7.465 0.4000000060
24749  33.722  -45.616  -5.771 0.4000000060
24750  32.354  -45.614  -6.055 0.3000000119
24759  31.442  -45.502  -6.695 0.3000000119
25552  34.784  -44.575  -6.988 0.4000000060
25553  30.102  -44.921  -7.658 0.4000000060
26447  33.741  -42.944  -6.922 0.3000000119
27376  32.924  -42.889  -6.727 0.4000000060
124255  28.242  -51.870  -0.311 0.4000000060
125129  36.206  -51.705  -9.152 0.4000000060
125719  31.961  -63.726  -7.929 0.4000000060
126275  26.323  -54.490  -6.366 0.6000000238
126614  30.121  -52.135  -0.444 0.3000000119
126891  22.659  -56.439  4.189 0.4000000060
127392  27.818  -55.793  -3.599 0.5000000000
127617  28.296  -54.464  -0.149 0.4000000060
127713  29.133  -62.365  -12.379 0.5000000000
127973  35.627  -49.939  -7.451 0.4000000060
128871  30.643  -49.109  -7.759 0.4000000060
129177  33.259  -61.377  -6.657 0.4000000060
129311  34.515  -50.008  -5.752 0.6000000238
129373  30.052  -60.119  -11.279 0.6000000238
130104  32.039  -50.120  -0.894 0.4000000060
130599  26.861  -60.429  -6.967 0.6000000238
130617  30.695  -58.241  -4.609 0.6000000238
130961  35.588  -56.032  -9.217 0.4000000060
131058  34.531  -60.759  -3.364 0.4000000060
131612  21.808  -57.408  -2.063 0.6000000238
131621  22.532  -55.974  -5.645 0.6999999881
131625  23.705  -55.323  -6.027 0.6000000238
132773  31.187  -60.072  -7.109 0.8000000119
132777  35.433  -50.990  -6.599 0.4000000060
133131  35.096  -48.986  -6.172 0.6000000238
133210  20.999  -58.720  3.828 0.5000000000
133953  31.488  -50.008  -8.335 0.4000000060
134097  30.428  -48.164  -5.265 0.3000000119
134284  26.782  -59.372  -11.048 0.5000000000
134333  23.229  -57.164  3.968 0.4000000060
134433  20.645  -56.434  -4.254 0.6000000238
135235  32.497  -63.609  -8.508 0.5000000000
135695  21.405  -56.507  -5.337 0.6999999881
135725  34.792  -54.924  -5.928 0.6000000238
135835  31.970  -50.928  -1.001 0.3000000119
135974  20.631  -56.478  -4.801 0.6999999881
136325  29.127  -60.436  -6.858 0.6000000238
136651  24.149  -56.541  -5.918 0.6999999881
136849  27.009  -55.237  0.695 0.4000000060
138068  35.777  -64.910  -14.564 0.4000000060
139380  35.422  -56.770  -9.386 0.4000000060
139564  23.548  -59.240  -5.216 0.6999999881
140761  27.384  -60.146  -9.319 0.5000000000
140787  31.594  -61.144  -11.348 0.6000000238
140883  24.772  -53.184  1.620 0.4000000060
141572  29.324  -53.096  -0.424 0.4000000060
141657  34.962  -52.054  -5.936 0.5000000000
141949  34.972  -58.819  -10.332 0.6000000238
142631  29.316  -54.213  -9.585 0.6000000238
143228  20.965  -56.148  4.275 0.5000000000
143620  29.867  -47.406  -7.274 0.4000000060
143906  33.226  -56.039  -5.143 0.6999999881
143920  22.796  -56.617  -5.667 0.6999999881
144246  35.400  -55.614  -7.324 0.4000000060
144577  27.174  -59.480  -11.234 0.6000000238
144755  24.927  -59.594  -5.349 0.6999999881
144817  21.198  -56.261  -4.148 0.6000000238
144832  29.525  -54.653  -4.095 0.5000000000
145132  30.210  -64.725  -11.286 0.4000000060
145504  31.684  -50.357  -4.833 0.4000000060
146446  34.613  -56.708  -6.485 0.4000000060
146631  26.096  -59.404  -11.208 0.5000000000
147092  35.030  -62.233  -2.988 0.4000000060
147185  32.158  -52.049  -8.102 0.4000000060
148180  35.957  -54.296  -7.866 0.4000000060
148373  23.394  -60.825  -3.074 0.4000000060
148586  27.515  -60.096  -5.419 0.6999999881
149175  24.495  -58.754  2.122 0.5000000000
149388  29.454  -63.348  -12.437 0.5000000000
150168  29.816  -46.635  -7.304 0.4000000060
