#!ascii label  , from subject sub-v2s3x28796_ses-1 vox2ras=TkReg
1443
70769  -20.642  -22.793  -18.796 0.5555555820
70786  -21.522  -22.102  -19.387 0.6666666865
72689  -22.548  -21.323  -19.660 0.7777777910
72690  -23.451  -20.987  -19.358 0.7777777910
73624  -24.475  -19.357  -20.309 0.8888888955
72694  -28.221  -20.198  -19.762 0.8888888955
69761  -18.960  -23.165  -17.559 0.5555555820
70768  -19.748  -22.683  -18.738 0.5555555820
147768  -20.802  -21.647  -20.219 0.6666666865
71734  -21.892  -21.011  -20.528 0.8888888955
72691  -24.726  -20.326  -19.238 0.8888888955
73613  -25.831  -19.389  -19.519 0.8888888955
74580  -28.978  -18.866  -19.794 1.0000000000
73626  -29.165  -19.564  -20.397 0.8888888955
73637  -30.046  -19.059  -21.467 1.0000000000
71731  -19.905  -21.036  -19.986 0.7777777910
73642  -22.641  -19.158  -21.847 1.0000000000
146209  -23.900  -18.087  -21.914 1.0000000000
74588  -24.249  -18.405  -21.378 1.0000000000
75451  -26.634  -17.147  -20.759 1.0000000000
75458  -24.525  -17.789  -21.709 1.0000000000
75453  -28.337  -17.385  -19.962 1.0000000000
75460  -25.988  -17.114  -21.243 1.0000000000
75452  -27.459  -17.116  -20.392 1.0000000000
121790  -29.831  -17.423  -20.096 1.0000000000
75474  -30.734  -18.132  -22.942 1.0000000000
122207  -29.998  -16.728  -20.166 1.0000000000
121795  -30.362  -17.342  -20.420 1.0000000000
122219  -30.875  -17.602  -24.157 1.0000000000
121789  -31.610  -16.883  -23.800 1.0000000000
141775  -31.207  -16.977  -24.675 0.7777777910
75466  -23.290  -17.412  -23.211 0.8888888955
76248  -28.141  -16.518  -20.549 1.0000000000
121780  -25.585  -16.784  -21.778 1.0000000000
121791  -27.610  -15.915  -21.324 1.0000000000
122151  -30.032  -15.827  -20.314 1.0000000000
122177  -31.650  -16.934  -22.007 1.0000000000
121794  -31.910  -16.503  -22.747 1.0000000000
122238  -31.753  -16.407  -24.562 1.0000000000
77093  -31.141  -16.240  -25.957 0.8888888955
77094  -31.867  -15.881  -25.364 1.0000000000
77104  -31.756  -15.778  -26.173 0.7777777910
77113  -32.794  -15.649  -27.337 0.7777777910
122969  -23.067  -16.306  -24.272 0.5555555820
77916  -26.719  -14.541  -22.715 0.7777777910
143441  -25.633  -15.610  -22.651 0.8888888955
122438  -29.034  -15.276  -20.943 1.0000000000
121800  -28.354  -15.795  -20.979 1.0000000000
121793  -28.029  -15.187  -21.637 0.8888888955
121796  -29.947  -15.041  -20.607 1.0000000000
121801  -31.737  -15.612  -21.559 1.0000000000
77071  -32.424  -15.458  -23.443 1.0000000000
77095  -32.391  -15.138  -24.900 0.8888888955
77967  -32.516  -14.928  -26.413 0.8888888955
77992  -33.337  -14.490  -28.645 0.7777777910
122491  -34.052  -15.167  -29.047 0.6666666865
77132  -34.112  -14.724  -29.701 0.6666666865
77955  -22.790  -14.362  -25.101 0.4444444478
77067  -24.617  -14.654  -23.989 0.7777777910
77943  -24.950  -13.879  -24.239 0.6666666865
78837  -28.978  -13.955  -21.819 0.7777777910
77910  -31.370  -14.369  -21.265 0.8888888955
77060  -32.417  -15.208  -22.535 1.0000000000
77918  -32.018  -14.208  -21.603 1.0000000000
136052  -32.706  -13.990  -22.997 1.0000000000
131445  -32.623  -14.573  -24.636 1.0000000000
77968  -32.799  -14.103  -25.966 0.8888888955
78903  -33.128  -13.849  -27.008 0.7777777910
77998  -33.329  -14.005  -29.239 0.7777777910
78002  -34.626  -14.992  -30.645 0.5555555820
78935  -33.344  -13.965  -30.104 0.7777777910
78004  -34.789  -14.868  -31.810 0.6666666865
128494  -25.855  -13.091  -23.923 0.6666666865
78867  -25.675  -13.600  -23.791 0.6666666865
78853  -28.426  -13.429  -22.492 0.7777777910
79860  -27.933  -12.878  -23.003 0.7777777910
79846  -30.359  -12.915  -21.515 0.8888888955
78855  -32.181  -13.558  -21.707 0.8888888955
79847  -31.479  -12.951  -21.466 1.0000000000
79864  -32.316  -12.776  -21.793 1.0000000000
78885  -33.072  -13.291  -24.402 1.0000000000
77959  -32.825  -13.998  -24.962 0.8888888955
79907  -32.730  -12.794  -27.550 0.8888888955
147872  -32.706  -12.949  -28.302 0.8888888955
136536  -32.938  -13.374  -28.146 0.7777777910
79908  -32.916  -12.362  -26.972 0.8888888955
79928  -32.488  -12.537  -28.561 0.7777777910
78942  -33.161  -13.018  -30.179 0.7777777910
78947  -34.002  -13.890  -31.669 0.7777777910
78951  -34.811  -14.458  -32.628 0.6666666865
78884  -26.042  -12.620  -24.084 0.6666666865
78883  -25.358  -13.053  -24.420 0.5555555820
79878  -27.561  -12.322  -23.488 0.7777777910
79862  -29.886  -12.312  -21.847 0.8888888955
130430  -31.881  -12.071  -21.605 1.0000000000
79865  -32.744  -12.638  -22.605 1.0000000000
79891  -33.326  -12.490  -24.805 1.0000000000
78898  -33.175  -13.219  -25.501 0.8888888955
129764  -32.769  -12.396  -29.902 0.7777777910
79955  -33.396  -12.356  -31.719 0.7777777910
78950  -34.426  -13.553  -32.791 0.6666666865
78954  -34.814  -13.459  -33.920 0.5555555820
141662  -35.261  -14.188  -34.198 0.5555555820
80883  -27.054  -11.568  -23.876 0.6666666865
79879  -28.160  -12.262  -23.173 0.8888888955
146663  -31.608  -11.300  -21.658 1.0000000000
80886  -33.319  -11.487  -23.709 1.0000000000
80915  -32.897  -11.659  -26.675 0.8888888955
80925  -32.410  -11.902  -27.470 0.8888888955
80924  -31.949  -11.256  -27.973 0.8888888955
79916  -32.243  -12.102  -28.098 0.8888888955
80966  -32.764  -11.581  -31.084 0.7777777910
80974  -32.969  -11.409  -32.024 0.7777777910
79957  -33.629  -12.075  -32.795 0.7777777910
129140  -34.277  -12.818  -33.315 0.5555555820
81954  -31.726  -10.332  -30.141 0.7777777910
80979  -33.808  -11.716  -33.619 0.5555555820
80983  -34.816  -12.339  -35.078 0.5555555820
80978  -33.102  -10.995  -32.926 0.6666666865
80904  -24.671  -11.022  -25.643 0.4444444478
80897  -26.426  -11.138  -24.394 0.5555555820
131303  -29.878  -10.556  -22.451 0.7777777910
80873  -30.842  -10.895  -21.792 1.0000000000
81869  -29.133  -11.036  -22.820 0.8888888955
81872  -32.044  -10.315  -22.046 1.0000000000
141384  -33.345  -10.600  -23.645 0.8888888955
81912  -33.380  -10.618  -24.942 0.8888888955
81923  -33.134  -10.820  -26.277 0.8888888955
81931  -32.077  -10.393  -27.614 0.8888888955
140738  -31.829  -11.134  -28.513 0.8888888955
81964  -32.361  -10.826  -31.449 0.6666666865
81985  -33.426  -10.760  -33.965 0.5555555820
82820  -29.970  -8.812  -22.493 0.6666666865
125666  -27.865  -10.240  -23.494 0.6666666865
129336  -31.786  -8.687  -22.344 0.7777777910
81901  -33.332  -9.755  -23.850 0.8888888955
82839  -33.171  -8.971  -23.030 0.7777777910
82851  -33.287  -8.902  -24.208 0.7777777910
135918  -33.341  -9.664  -24.864 0.8888888955
82864  -33.213  -9.070  -25.340 0.7777777910
125642  -32.630  -10.198  -26.793 0.8888888955
83784  -32.253  -8.916  -27.668 0.7777777910
82884  -31.812  -9.673  -27.971 0.7777777910
128196  -31.493  -9.966  -29.440 0.6666666865
130538  -32.540  -8.012  -27.240 0.6666666865
83797  -31.000  -8.594  -29.149 0.6666666865
82901  -31.197  -9.670  -30.415 0.6666666865
81963  -31.667  -10.245  -30.995 0.5555555820
137914  -31.104  -7.870  -29.419 0.6666666865
122449  -30.887  -8.382  -29.980 0.5555555820
122405  -31.273  -8.785  -32.464 0.5555555820
81984  -32.704  -10.238  -33.461 0.4444444478
121819  -30.954  -8.366  -31.941 0.5555555820
84638  -27.481  -7.325  -23.899 0.3333333433
84639  -28.273  -7.610  -23.287 0.3333333433
84640  -29.052  -7.750  -22.707 0.5555555820
136872  -30.059  -7.883  -22.508 0.6666666865
84627  -30.668  -7.074  -22.531 0.5555555820
83726  -32.005  -7.787  -22.477 0.7777777910
83743  -33.019  -8.004  -23.412 0.7777777910
122961  -33.215  -6.946  -24.827 0.6666666865
124413  -33.255  -8.020  -24.753 0.6666666865
126002  -33.137  -7.613  -25.638 0.6666666865
141450  -32.790  -8.102  -26.421 0.6666666865
84672  -32.960  -7.337  -26.443 0.6666666865
85553  -32.772  -6.989  -27.229 0.6666666865
84696  -31.647  -7.192  -29.410 0.6666666865
83803  -30.867  -8.109  -30.733 0.5555555820
84700  -30.994  -7.445  -31.192 0.5555555820
84701  -31.243  -7.481  -30.246 0.6666666865
85508  -27.697  -6.525  -23.918 0.4444444478
85522  -27.175  -6.578  -24.428 0.4444444478
85509  -28.229  -6.845  -23.487 0.4444444478
86379  -28.968  -5.872  -23.246 0.5555555820
85498  -30.308  -6.452  -22.629 0.5555555820
85499  -31.324  -6.448  -22.667 0.6666666865
126485  -32.287  -6.598  -23.135 0.6666666865
84653  -32.745  -6.483  -23.924 0.6666666865
129242  -32.625  -6.577  -28.006 0.6666666865
86444  -32.081  -5.974  -29.941 0.6666666865
86451  -31.631  -5.947  -30.572 0.5555555820
85576  -31.291  -6.733  -30.816 0.6666666865
86378  -28.376  -5.309  -23.776 0.4444444478
86382  -32.096  -5.564  -23.507 0.6666666865
85511  -31.972  -6.029  -23.188 0.6666666865
86394  -32.778  -5.449  -24.464 0.6666666865
85535  -33.211  -6.838  -25.713 0.6666666865
85523  -32.982  -6.142  -24.601 0.6666666865
86434  -32.855  -5.864  -28.060 0.6666666865
73623  -23.628  -19.754  -20.558 0.8888888955
72715  -21.659  -20.330  -21.244 1.0000000000
73636  -23.915  -19.035  -20.971 1.0000000000
74577  -25.550  -18.186  -20.595 1.0000000000
74581  -29.677  -18.848  -20.280 1.0000000000
77942  -24.263  -14.295  -24.851 0.5555555820
79889  -25.563  -12.196  -24.661 0.5555555820
81899  -25.641  -10.356  -25.234 0.5555555820
80871  -28.730  -11.783  -22.928 0.7777777910
141345  -32.971  -10.856  -22.630 1.0000000000
81921  -24.450  -10.470  -25.781 0.2222222239
81975  -31.898  -10.167  -31.894 0.6666666865
122199  -31.719  -9.467  -32.545 0.4444444478
86366  -30.901  -5.834  -22.722 0.6666666865
86380  -30.400  -5.099  -22.934 0.6666666865
77957  -23.997  -13.820  -25.338 0.4444444478
78896  -24.258  -12.909  -25.509 0.4444444478
145023  -29.969  -6.826  -32.441 0.5555555820
145253  -30.011  -7.646  -33.192 0.5555555820
131336  -26.960  -5.852  -24.771 0.2222222239
86377  -27.598  -5.743  -24.314 0.3333333433
85581  -30.971  -6.099  -31.299 0.5555555820
135530  -20.146  -24.270  -17.301 0.5555555820
138794  -21.566  -23.913  -17.628 0.5555555820
70770  -21.774  -22.710  -18.552 0.6666666865
142339  -22.397  -21.972  -19.025 0.5555555820
143395  -23.277  -22.071  -18.583 0.5555555820
136339  -26.875  -20.940  -19.118 0.7777777910
68756  -19.326  -23.908  -17.112 0.5555555820
71719  -23.951  -21.631  -18.597 0.6666666865
72678  -25.218  -20.959  -18.644 0.6666666865
72692  -25.716  -20.224  -19.108 0.8888888955
72709  -29.049  -20.153  -21.267 0.7777777910
72718  -29.299  -19.802  -22.095 0.7777777910
74608  -29.786  -19.086  -23.333 0.8888888955
68755  -18.791  -23.557  -16.875 0.4444444478
71702  -18.859  -21.587  -18.562 0.5555555820
74600  -30.371  -18.650  -22.098 1.0000000000
72688  -19.587  -20.394  -19.699 0.2222222239
73622  -20.580  -19.840  -21.051 0.6666666865
140045  -30.057  -17.879  -25.089 0.8888888955
121786  -29.809  -16.620  -26.233 0.6666666865
76292  -31.382  -16.220  -26.500 0.7777777910
76294  -32.553  -16.390  -26.926 0.6666666865
124745  -21.579  -18.139  -22.645 0.5555555820
76295  -33.240  -16.140  -27.432 0.6666666865
121758  -21.919  -17.103  -23.494 0.4444444478
76310  -34.142  -15.701  -28.181 0.5555555820
127091  -36.014  -15.817  -30.799 0.5555555820
77939  -21.456  -14.443  -23.717 0.2222222239
77137  -35.968  -15.771  -31.774 0.5555555820
78881  -22.365  -13.582  -24.790 0.4444444478
78009  -35.662  -14.922  -34.061 0.5555555820
80882  -20.906  -11.232  -23.556 0.3333333433
78012  -36.012  -14.377  -35.026 0.5555555820
80905  -25.165  -11.122  -25.402 0.4444444478
121804  -35.856  -12.822  -35.851 0.4444444478
80902  -23.106  -10.703  -25.572 0.3333333433
80987  -34.706  -11.441  -35.527 0.5555555820
122351  -33.037  -9.989  -34.658 0.4444444478
84652  -26.766  -7.404  -24.483 0.3333333433
83753  -27.008  -8.084  -24.173 0.3333333433
132214  -27.069  -8.928  -24.164 0.4444444478
121815  -31.365  -8.843  -33.358 0.4444444478
83815  -30.551  -8.238  -33.090 0.4444444478
85590  -29.623  -6.540  -32.768 0.2222222239
125058  -29.304  -5.077  -23.314 0.6666666865
143481  -32.423  -5.323  -23.897 0.6666666865
142556  -33.038  -5.681  -25.323 0.6666666865
130192  -33.168  -5.327  -26.783 0.6666666865
87332  -33.189  -4.485  -26.807 0.6666666865
87354  -33.179  -4.552  -28.566 0.6666666865
132221  -32.865  -5.380  -28.646 0.6666666865
86452  -32.180  -5.190  -30.228 0.6666666865
86459  -31.378  -5.154  -31.112 0.4444444478
129874  -29.793  -5.938  -32.479 0.3333333433
87300  -31.051  -4.432  -23.241 0.5555555820
69775  -19.476  -23.042  -18.169 0.5555555820
139111  -20.914  -22.316  -19.426 0.6666666865
69776  -20.213  -23.226  -18.260 0.5555555820
69777  -21.101  -23.309  -18.149 0.6666666865
145674  -23.117  -21.595  -19.053 0.7777777910
71718  -21.726  -21.619  -19.837 0.7777777910
133261  -22.782  -20.783  -20.091 0.8888888955
72705  -23.460  -20.381  -20.043 0.8888888955
74571  -26.105  -18.649  -19.804 1.0000000000
74576  -24.723  -18.664  -20.728 1.0000000000
73612  -25.019  -19.668  -19.618 0.8888888955
73616  -28.600  -19.615  -19.808 1.0000000000
73614  -27.196  -19.453  -19.466 0.8888888955
72693  -27.562  -20.360  -19.496 0.8888888955
69762  -19.764  -23.597  -17.725 0.5555555820
70759  -18.984  -22.440  -18.302 0.5555555820
70784  -19.440  -22.054  -19.119 0.6666666865
70785  -20.160  -22.266  -19.377 0.6666666865
71732  -20.491  -21.211  -20.365 0.8888888955
71716  -19.969  -21.641  -19.736 0.5555555820
72716  -22.656  -20.262  -20.836 0.8888888955
133330  -26.584  -19.879  -19.304 0.8888888955
74572  -27.035  -18.630  -19.606 1.0000000000
73627  -29.694  -19.410  -20.959 1.0000000000
140480  -28.464  -18.151  -19.711 1.0000000000
73644  -29.800  -19.241  -22.364 1.0000000000
74591  -30.506  -18.412  -21.092 1.0000000000
71715  -19.444  -21.310  -19.399 0.5555555820
72702  -20.154  -20.352  -20.441 0.6666666865
72703  -20.664  -20.484  -20.813 0.8888888955
73635  -23.072  -19.483  -21.295 1.0000000000
73633  -21.527  -19.577  -21.695 0.8888888955
125727  -22.660  -18.648  -22.373 0.8888888955
74587  -23.396  -18.683  -21.723 1.0000000000
74598  -22.030  -18.500  -22.664 0.8888888955
74599  -23.327  -18.114  -22.504 1.0000000000
75450  -26.001  -17.544  -20.833 1.0000000000
75459  -25.329  -17.522  -21.359 1.0000000000
74578  -26.542  -17.881  -20.212 1.0000000000
122391  -29.301  -17.963  -19.849 1.0000000000
121783  -26.367  -16.608  -21.444 1.0000000000
121797  -30.648  -17.694  -20.790 1.0000000000
74614  -29.989  -18.434  -24.289 0.8888888955
122255  -31.334  -17.511  -22.002 1.0000000000
139398  -31.021  -16.747  -20.872 1.0000000000
122102  -29.105  -16.171  -20.451 1.0000000000
122653  -31.427  -17.325  -22.983 1.0000000000
121787  -30.308  -17.138  -25.362 0.8888888955
121785  -30.280  -16.480  -26.096 0.7777777910
121771  -24.187  -16.798  -22.818 1.0000000000
144064  -22.964  -16.914  -23.841 0.5555555820
74605  -22.018  -17.911  -23.135 0.6666666865
75467  -24.791  -17.121  -22.091 1.0000000000
145341  -21.970  -17.507  -23.331 0.5555555820
122234  -26.028  -16.134  -22.097 1.0000000000
121772  -25.111  -16.298  -22.500 0.8888888955
123389  -30.709  -15.443  -20.711 1.0000000000
121798  -31.311  -15.813  -21.147 1.0000000000
121799  -32.167  -15.779  -22.096 1.0000000000
77070  -32.114  -16.181  -23.624 1.0000000000
77112  -32.060  -15.763  -26.537 0.8888888955
144473  -32.568  -15.367  -27.134 0.7777777910
77126  -33.361  -15.132  -28.288 0.6666666865
128308  -22.229  -16.067  -24.210 0.5555555820
76266  -22.457  -16.609  -23.953 0.5555555820
134609  -22.717  -15.996  -24.419 0.6666666865
76267  -23.722  -15.773  -24.046 0.6666666865
121773  -23.550  -16.561  -23.639 0.7777777910
122293  -24.448  -15.977  -23.282 0.7777777910
77068  -25.080  -15.230  -23.284 0.7777777910
77929  -26.201  -14.079  -23.258 0.6666666865
77917  -27.355  -14.241  -22.617 0.8888888955
77058  -27.337  -14.878  -22.268 0.8888888955
123958  -28.687  -14.641  -21.572 0.8888888955
121792  -27.253  -15.474  -21.869 1.0000000000
77908  -29.493  -14.510  -21.170 0.8888888955
77909  -30.476  -14.482  -20.894 1.0000000000
77931  -32.606  -14.693  -23.200 1.0000000000
144688  -32.588  -14.585  -25.234 0.8888888955
77990  -33.190  -14.210  -27.762 0.8888888955
77125  -33.140  -14.821  -27.998 0.7777777910
77999  -33.688  -14.299  -29.948 0.6666666865
77133  -34.929  -15.362  -29.823 0.5555555820
78880  -21.621  -13.643  -24.143 0.3333333433
77940  -22.086  -14.438  -24.477 0.3333333433
77092  -23.125  -14.803  -25.067 0.4444444478
142559  -24.346  -15.335  -23.806 0.6666666865
78868  -26.411  -13.238  -23.586 0.6666666865
77930  -26.930  -13.779  -23.011 0.7777777910
78838  -29.889  -13.707  -21.284 0.8888888955
78856  -32.551  -13.419  -22.357 1.0000000000
78913  -33.048  -13.489  -27.689 0.7777777910
78943  -33.409  -13.772  -30.583 0.7777777910
145377  -35.308  -15.019  -32.599 0.5555555820
78854  -29.347  -13.040  -22.027 0.8888888955
79880  -33.176  -12.450  -23.686 1.0000000000
123422  -33.838  -13.136  -31.950 0.7777777910
79949  -33.461  -13.156  -31.110 0.7777777910
78895  -23.743  -13.239  -25.500 0.4444444478
79863  -30.804  -11.970  -21.626 0.8888888955
147994  -33.353  -12.014  -24.277 1.0000000000
80898  -33.400  -11.629  -24.842 0.8888888955
79940  -32.328  -12.058  -29.261 0.7777777910
79958  -33.894  -12.801  -32.501 0.6666666865
79964  -34.982  -13.002  -34.623 0.5555555820
121806  -35.303  -13.669  -34.702 0.5555555820
79899  -25.198  -11.841  -25.215 0.5555555820
81885  -28.368  -11.034  -23.308 0.6666666865
80872  -29.750  -11.522  -22.215 0.8888888955
144972  -33.395  -11.082  -24.292 1.0000000000
146644  -31.990  -11.582  -28.296 0.8888888955
80955  -32.243  -10.899  -30.502 0.8888888955
141517  -34.119  -12.325  -33.499 0.6666666865
81938  -31.669  -10.411  -28.281 0.8888888955
80982  -34.246  -11.605  -34.565 0.5555555820
140648  -26.847  -10.637  -24.204 0.5555555820
80884  -27.536  -10.906  -23.745 0.5555555820
81871  -30.819  -9.993  -22.194 0.7777777910
81886  -28.852  -10.211  -22.861 0.7777777910
81887  -33.069  -9.891  -22.775 0.7777777910
81995  -34.013  -10.669  -34.946 0.5555555820
127365  -27.680  -8.940  -23.584 0.5555555820
82836  -28.201  -9.466  -23.253 0.5555555820
83740  -28.422  -8.516  -23.068 0.4444444478
82837  -29.017  -9.197  -22.632 0.6666666865
83725  -30.951  -8.331  -22.443 0.6666666865
81870  -29.874  -9.680  -22.532 0.7777777910
81884  -27.244  -10.118  -24.032 0.6666666865
83742  -32.551  -8.383  -22.663 0.7777777910
82838  -32.404  -9.266  -22.461 0.7777777910
82873  -32.850  -9.364  -26.327 0.7777777910
83774  -32.636  -8.772  -26.793 0.6666666865
82895  -31.234  -9.370  -28.964 0.6666666865
83790  -31.529  -8.942  -28.441 0.6666666865
83791  -32.384  -7.507  -28.078 0.6666666865
84691  -31.591  -7.920  -28.749 0.6666666865
83804  -30.907  -8.751  -30.785 0.5555555820
82907  -31.326  -9.358  -31.514 0.5555555820
121813  -32.482  -9.723  -34.016 0.4444444478
139130  -30.395  -7.711  -32.474 0.5555555820
83739  -27.571  -8.260  -23.641 0.4444444478
84626  -29.710  -7.119  -22.641 0.5555555820
84628  -31.676  -7.017  -22.585 0.6666666865
84654  -32.923  -7.170  -23.896 0.7777777910
85565  -32.557  -6.156  -28.731 0.6666666865
85570  -31.691  -6.631  -30.046 0.6666666865
85497  -29.395  -6.477  -22.876 0.5555555820
86365  -29.864  -5.775  -22.814 0.6666666865
139865  -33.174  -6.229  -25.803 0.6666666865
86422  -33.060  -6.057  -27.222 0.6666666865
87340  -33.185  -5.159  -27.711 0.6666666865
79897  -24.007  -12.300  -25.762 0.4444444478
81911  -25.475  -9.692  -25.407 0.3333333433
79887  -21.852  -12.766  -24.454 0.4444444478
79896  -23.355  -12.539  -25.525 0.4444444478
84719  -29.734  -7.249  -33.567 0.3333333433
86458  -30.402  -5.566  -31.797 0.3333333433
69763  -20.656  -23.794  -17.705 0.5555555820
72707  -28.011  -20.899  -20.033 0.6666666865
68746  -19.607  -24.782  -16.695 0.5555555820
69754  -18.574  -23.579  -16.318 0.3333333433
146007  -18.520  -22.034  -18.058 0.4444444478
121782  -31.139  -16.886  -26.577 0.6666666865
73640  -21.501  -18.838  -22.187 0.7777777910
77079  -22.506  -15.304  -24.579 0.3333333433
146962  -21.791  -15.118  -24.116 0.3333333433
77927  -20.879  -14.457  -22.914 0.1111111119
78866  -21.017  -13.696  -23.341 0.1111111119
79876  -21.395  -11.941  -24.007 0.4444444478
137781  -22.115  -11.818  -24.667 0.3333333433
80903  -23.625  -11.569  -25.743 0.3333333433
82850  -26.574  -9.193  -24.622 0.3333333433
87366  -32.700  -4.817  -29.376 0.6666666865
87374  -31.934  -4.497  -30.699 0.4444444478
68791  -24.232  -25.524  -20.344 0.4444444478
67891  -25.034  -25.905  -20.883 0.2222222239
68757  -21.148  -24.628  -17.310 0.4444444478
68758  -22.163  -24.696  -17.412 0.4444444478
69764  -22.452  -23.942  -17.557 0.4444444478
69765  -23.204  -23.911  -17.558 0.4444444478
133901  -24.466  -24.184  -18.353 0.4444444478
69795  -25.319  -23.889  -19.605 0.4444444478
69828  -25.795  -23.935  -22.524 0.2222222239
128284  -23.978  -22.581  -18.087 0.4444444478
136851  -24.782  -22.983  -18.094 0.4444444478
70787  -25.902  -22.930  -19.173 0.4444444478
146527  -26.344  -23.640  -22.820 0.1111111119
69843  -27.414  -23.316  -22.995 0.1111111119
70788  -26.494  -22.637  -19.854 0.4444444478
70814  -26.466  -22.977  -22.847 0.3333333433
70772  -24.813  -22.160  -18.232 0.4444444478
70773  -25.614  -22.288  -18.539 0.4444444478
70789  -26.618  -22.612  -21.431 0.3333333433
71746  -26.909  -22.215  -22.410 0.3333333433
70827  -27.478  -22.904  -23.725 0.2222222239
71722  -27.084  -21.845  -19.807 0.4444444478
71703  -24.676  -21.408  -18.526 0.5555555820
71721  -26.501  -21.734  -19.090 0.4444444478
72722  -27.764  -21.757  -24.417 0.2222222239
145436  -28.041  -22.065  -24.849 0.1111111119
133696  -30.118  -21.445  -25.341 0.1111111119
133174  -27.744  -21.424  -23.435 0.3333333433
142345  -28.550  -20.585  -22.438 0.4444444478
124828  -28.845  -20.106  -24.198 0.5555555820
74607  -29.199  -19.377  -24.754 0.6666666865
72756  -30.285  -20.303  -26.419 0.4444444478
138538  -32.558  -19.530  -26.560 0.3333333433
74613  -29.285  -18.569  -25.601 0.6666666865
122402  -31.130  -18.902  -26.542 0.5555555820
121778  -31.379  -17.786  -26.574 0.5555555820
121769  -33.013  -18.625  -26.472 0.5555555820
121774  -32.083  -18.698  -26.534 0.4444444478
121770  -33.435  -17.758  -26.548 0.3333333433
75497  -29.689  -17.118  -26.290 0.5555555820
76296  -35.352  -16.616  -27.657 0.4444444478
76311  -35.072  -16.054  -28.024 0.5555555820
75506  -33.847  -16.950  -26.850 0.4444444478
77127  -35.287  -15.809  -28.952 0.4444444478
132562  -32.901  -4.896  -25.035 0.5555555820
87311  -32.443  -4.654  -24.230 0.5555555820
146886  -32.881  -4.521  -25.458 0.5555555820
88258  -32.955  -4.027  -25.825 0.5555555820
87341  -33.325  -4.216  -27.748 0.5555555820
87355  -33.376  -3.718  -28.457 0.5555555820
67856  -23.398  -25.537  -18.424 0.4444444478
68808  -24.957  -24.989  -21.548 0.2222222239
139034  -21.917  -23.390  -17.867 0.4444444478
71766  -27.801  -22.166  -24.425 0.2222222239
71767  -28.379  -22.268  -24.386 0.1111111119
72736  -28.572  -21.215  -25.344 0.4444444478
71795  -29.110  -21.100  -25.847 0.3333333433
72723  -28.427  -20.679  -23.590 0.4444444478
73653  -28.777  -19.555  -25.877 0.6666666865
72755  -29.353  -19.913  -26.326 0.4444444478
75507  -34.808  -17.026  -27.015 0.3333333433
76312  -36.368  -16.580  -28.681 0.4444444478
77141  -36.879  -16.332  -32.640 0.4444444478
88234  -32.254  -3.587  -24.335 0.5555555820
89188  -31.921  -2.718  -24.181 0.5555555820
70771  -22.959  -22.643  -18.251 0.4444444478
72757  -31.347  -20.485  -26.485 0.2222222239
66916  -21.913  -27.276  -17.991 0.4444444478
67866  -22.747  -26.450  -18.659 0.4444444478
66918  -22.821  -26.976  -19.305 0.4444444478
138417  -24.066  -26.415  -20.456 0.2222222239
66931  -24.580  -26.248  -20.537 0.2222222239
67869  -25.492  -26.037  -19.629 0.1111111119
68747  -20.477  -24.956  -16.986 0.4444444478
66901  -21.696  -26.405  -17.218 0.4444444478
68823  -25.775  -24.292  -22.334 0.1111111119
69829  -27.755  -23.577  -21.991 0.1111111119
67892  -26.077  -25.450  -20.181 0.1111111119
70801  -29.037  -22.749  -21.478 0.1111111119
70828  -28.246  -22.679  -23.575 0.1111111119
71769  -31.217  -21.507  -23.984 0.1111111119
71785  -32.323  -21.419  -25.068 0.1111111119
71797  -31.225  -21.242  -25.928 0.1111111119
71809  -33.599  -21.250  -27.137 0.2222222239
73673  -34.318  -19.826  -26.789 0.1111111119
72758  -32.623  -20.721  -26.876 0.2222222239
121766  -35.489  -17.794  -26.953 0.2222222239
75508  -36.458  -17.500  -27.520 0.2222222239
76297  -36.455  -17.000  -27.993 0.3333333433
134313  -37.177  -16.342  -30.708 0.4444444478
77138  -37.058  -16.313  -31.697 0.3333333433
78005  -37.423  -16.056  -32.397 0.3333333433
77143  -36.648  -16.203  -33.227 0.4444444478
78008  -37.212  -15.746  -33.417 0.3333333433
141408  -27.019  -9.521  -24.256 0.4444444478
121807  -35.336  -12.097  -35.766 0.4444444478
121814  -32.071  -9.100  -34.676 0.3333333433
87375  -32.480  -4.281  -30.094 0.5555555820
147748  -31.254  -3.825  -23.477 0.5555555820
88222  -31.553  -3.354  -23.743 0.5555555820
88235  -32.706  -3.364  -25.155 0.5555555820
88249  -33.018  -3.073  -25.986 0.5555555820
136179  -33.426  -3.007  -28.199 0.5555555820
89176  -31.209  -2.642  -23.782 0.5555555820
72679  -26.040  -21.008  -18.682 0.5555555820
136921  -27.513  -21.176  -19.694 0.5555555820
72717  -28.197  -20.957  -21.955 0.6666666865
73643  -29.287  -19.770  -23.057 0.6666666865
74632  -30.252  -17.275  -26.613 0.5555555820
121779  -32.046  -16.977  -26.669 0.5555555820
78011  -36.830  -15.041  -33.987 0.4444444478
147950  -31.188  -8.674  -33.960 0.3333333433
69778  -22.673  -23.294  -17.812 0.4444444478
71736  -27.840  -21.348  -21.284 0.3333333433
71735  -27.446  -21.687  -20.612 0.3333333433
68770  -24.149  -25.059  -18.870 0.4444444478
68792  -24.693  -24.933  -20.799 0.4444444478
67890  -24.100  -26.118  -20.622 0.3333333433
68771  -24.665  -24.546  -19.357 0.4444444478
67868  -23.625  -26.020  -19.926 0.4444444478
66943  -24.455  -25.984  -20.872 0.3333333433
67911  -25.446  -25.291  -21.351 0.1111111119
67853  -21.148  -25.546  -16.927 0.4444444478
67854  -21.959  -25.552  -17.247 0.4444444478
68759  -23.087  -24.680  -17.559 0.4444444478
67855  -22.724  -25.576  -17.685 0.4444444478
69779  -23.563  -23.361  -17.750 0.4444444478
68760  -23.872  -24.314  -17.816 0.4444444478
69780  -24.344  -23.495  -17.930 0.4444444478
69781  -24.913  -23.668  -18.509 0.4444444478
69808  -25.151  -24.331  -21.112 0.4444444478
69809  -25.576  -23.843  -21.910 0.4444444478
69796  -25.806  -23.501  -20.458 0.4444444478
69827  -25.462  -24.389  -22.032 0.2222222239
129781  -26.139  -23.235  -21.205 0.4444444478
69841  -26.102  -23.922  -22.729 0.1111111119
70813  -26.222  -23.615  -22.768 0.2222222239
134210  -28.679  -23.181  -21.044 0.1111111119
71756  -27.276  -22.135  -24.006 0.3333333433
71747  -27.294  -21.842  -23.016 0.3333333433
71755  -26.950  -22.514  -23.450 0.2222222239
70842  -27.684  -22.597  -24.187 0.2222222239
71782  -28.126  -21.883  -24.889 0.2222222239
71783  -28.590  -21.700  -25.076 0.1111111119
71768  -29.767  -21.737  -24.350 0.1111111119
71796  -30.074  -21.115  -26.010 0.1111111119
130819  -28.647  -20.422  -25.320 0.4444444478
73662  -28.860  -19.670  -26.115 0.4444444478
73670  -30.911  -19.777  -26.521 0.3333333433
126241  -28.709  -20.443  -25.888 0.4444444478
72745  -30.669  -20.917  -26.294 0.3333333433
73671  -31.770  -19.746  -26.551 0.4444444478
74631  -29.747  -18.083  -26.426 0.5555555820
73668  -29.214  -18.901  -26.308 0.5555555820
121775  -32.495  -17.788  -26.561 0.5555555820
121767  -33.924  -18.642  -26.469 0.3333333433
77134  -36.883  -16.430  -29.734 0.4444444478
87323  -32.743  -4.176  -24.982 0.5555555820
87310  -31.795  -4.132  -23.685 0.5555555820
137814  -33.275  -3.780  -27.116 0.5555555820
67867  -23.207  -26.590  -19.471 0.4444444478
90108  -30.830  -1.979  -23.935 0.5555555820
72746  -31.912  -20.837  -26.396 0.2222222239
66917  -22.438  -27.138  -18.757 0.4444444478
66902  -22.306  -26.463  -17.862 0.4444444478
66929  -23.212  -26.963  -19.570 0.4444444478
66930  -23.696  -26.946  -19.741 0.2222222239
67889  -23.705  -26.549  -20.037 0.4444444478
67843  -20.297  -25.603  -16.648 0.4444444478
69810  -27.274  -24.109  -21.760 0.1111111119
68810  -26.787  -24.544  -21.301 0.1111111119
71748  -29.361  -22.147  -22.975 0.1111111119
128184  -21.653  -31.218  -12.835 0.1111111119
63120  -19.679  -30.947  -15.692 0.3333333433
62143  -20.973  -31.081  -14.763 0.2222222239
62144  -21.775  -30.655  -13.608 0.2222222239
62128  -22.441  -30.817  -12.591 0.1111111119
63109  -22.794  -30.165  -13.147 0.1111111119
65003  -18.912  -28.358  -15.168 0.3333333433
64056  -18.921  -29.355  -15.074 0.3333333433
63147  -20.531  -30.305  -16.302 0.3333333433
63136  -21.424  -30.270  -15.790 0.3333333433
63121  -21.628  -30.405  -14.774 0.2222222239
63122  -22.373  -29.911  -14.061 0.1111111119
63137  -22.140  -29.754  -15.056 0.2222222239
66875  -18.558  -26.595  -14.890 0.2222222239
65901  -18.701  -27.361  -15.029 0.2222222239
136115  -19.334  -29.102  -15.603 0.3333333433
64057  -19.566  -30.025  -15.774 0.3333333433
63146  -20.147  -30.128  -16.295 0.3333333433
67833  -18.812  -25.820  -15.750 0.2222222239
65902  -19.272  -27.487  -15.634 0.3333333433
66887  -19.301  -26.529  -15.961 0.3333333433
66888  -20.101  -26.406  -16.355 0.3333333433
65915  -20.003  -27.230  -16.153 0.3333333433
147219  -19.946  -27.944  -16.060 0.3333333433
142383  -20.494  -27.957  -16.562 0.3333333433
64085  -21.264  -29.072  -16.959 0.3333333433
65929  -21.085  -27.981  -17.228 0.3333333433
64086  -21.869  -28.699  -17.411 0.3333333433
65023  -22.594  -28.568  -17.113 0.3333333433
64074  -22.750  -28.804  -16.000 0.1111111119
65024  -23.378  -28.312  -16.472 0.2222222239
67841  -18.796  -24.996  -16.108 0.2222222239
66900  -20.979  -26.365  -16.710 0.3333333433
137229  -20.745  -27.164  -16.610 0.3333333433
134559  -21.396  -27.226  -17.213 0.3333333433
65930  -21.645  -27.868  -17.767 0.3333333433
65943  -22.149  -27.616  -18.200 0.3333333433
65038  -23.116  -28.177  -17.383 0.1111111119
68738  -18.533  -24.330  -15.845 0.3333333433
65944  -22.605  -27.431  -18.666 0.3333333433
65957  -22.851  -27.173  -19.210 0.3333333433
65958  -23.202  -27.213  -19.350 0.3333333433
76313  -38.017  -17.130  -29.016 0.2222222239
77139  -37.545  -16.139  -31.074 0.2222222239
77135  -37.889  -16.376  -29.874 0.2222222239
122144  -36.151  -13.479  -35.660 0.3333333433
78956  -36.644  -14.369  -34.532 0.2222222239
62154  -20.439  -31.199  -15.718 0.3333333433
62155  -21.070  -30.836  -15.549 0.3333333433
63138  -22.855  -29.376  -14.558 0.1111111119
66876  -18.818  -26.609  -15.419 0.3333333433
64072  -20.586  -29.528  -16.546 0.3333333433
142154  -21.102  -29.899  -16.496 0.3333333433
64073  -22.128  -29.018  -16.786 0.3333333433
67842  -19.407  -25.679  -16.278 0.3333333433
65945  -22.959  -27.535  -18.829 0.3333333433
61193  -21.219  -31.892  -12.504 0.1111111119
61194  -22.146  -31.510  -12.083 0.1111111119
142790  -18.717  -30.669  -14.645 0.3333333433
63119  -19.368  -31.245  -15.152 0.3333333433
62141  -19.757  -31.916  -14.960 0.3333333433
62142  -20.204  -31.650  -15.048 0.3333333433
63123  -23.249  -29.559  -13.697 0.1111111119
64059  -23.129  -28.971  -15.093 0.1111111119
65039  -23.802  -27.797  -16.986 0.1111111119
65931  -23.314  -27.726  -18.005 0.1111111119
65946  -23.574  -27.353  -18.824 0.1111111119
78003  -37.622  -16.040  -31.378 0.2222222239
79962  -36.269  -12.358  -35.045 0.2222222239
137191  -36.387  -12.812  -34.248 0.2222222239
69760  -18.531  -23.003  -16.867 0.2222222239
73632  -20.941  -19.223  -21.643 0.5555555820
70758  -18.499  -22.380  -17.463 0.3333333433
68745  -18.841  -24.176  -16.496 0.3333333433
78949  -36.700  -14.770  -32.312 0.2222222239
62153  -19.967  -31.523  -15.676 0.3333333433
63134  -20.164  -30.867  -16.114 0.3333333433
137847  -18.546  -27.991  -14.507 0.2222222239
64045  -19.064  -30.285  -15.089 0.3333333433
63135  -20.755  -30.678  -16.121 0.3333333433
64058  -21.942  -29.501  -16.117 0.2222222239
64071  -19.872  -29.372  -16.166 0.3333333433
65004  -19.583  -28.486  -15.810 0.3333333433
127243  -22.585  -29.278  -15.345 0.1111111119
136633  -18.601  -26.005  -15.247 0.2222222239
65021  -20.213  -28.696  -16.406 0.3333333433
65022  -20.877  -28.671  -16.934 0.3333333433
65035  -21.480  -28.403  -17.395 0.3333333433
142529  -21.603  -29.238  -16.815 0.3333333433
65037  -22.494  -28.024  -18.027 0.3333333433
65005  -23.720  -28.489  -15.351 0.1111111119
131674  -18.503  -25.219  -15.358 0.2222222239
140120  -20.832  -31.540  -13.677 0.2222222239
64991  -18.516  -28.803  -14.473 0.2222222239
78000  -37.870  -16.124  -30.092 0.1111111119
77994  -38.368  -16.182  -29.307 0.1111111119
78915  -36.861  -14.446  -28.424 0.1111111119
143861  -37.624  -15.372  -29.197 0.1111111119
78936  -36.306  -14.027  -30.546 0.1111111119
126909  -36.223  -13.859  -29.607 0.1111111119
78953  -36.572  -14.340  -33.076 0.1111111119
147018  -35.548  -13.124  -30.618 0.1111111119
78948  -36.106  -13.521  -32.196 0.1111111119
79950  -35.509  -12.558  -31.351 0.1111111119
82005  -34.507  -10.551  -35.711 0.2222222239
78952  -36.285  -13.283  -32.973 0.1111111119
79956  -35.741  -12.514  -32.430 0.1111111119
121816  -33.928  -9.217  -35.743 0.1111111119
121812  -32.713  -9.396  -35.074 0.2222222239
83829  -31.554  -8.352  -34.590 0.1111111119
83840  -34.836  -9.745  -35.831 0.1111111119
83831  -33.381  -8.348  -34.737 0.1111111119
83828  -30.617  -7.915  -34.296 0.1111111119
88232  -27.938  -3.549  -25.147 0.4444444478
88221  -30.596  -3.418  -23.491 0.4444444478
84728  -30.152  -7.188  -34.226 0.1111111119
141790  -32.699  -2.564  -25.270 0.4444444478
87382  -31.462  -4.217  -31.193 0.3333333433
87381  -30.629  -4.642  -31.675 0.2222222239
86467  -29.680  -5.187  -32.535 0.1111111119
85599  -29.560  -6.731  -33.946 0.1111111119
85607  -29.198  -5.991  -34.145 0.1111111119
89189  -32.314  -2.015  -24.667 0.4444444478
128681  -31.244  -1.314  -24.294 0.4444444478
90119  -32.014  -1.235  -24.480 0.4444444478
146273  -32.977  -2.323  -25.847 0.4444444478
90131  -33.168  -1.723  -26.087 0.4444444478
89205  -33.229  -2.434  -26.513 0.4444444478
89216  -33.458  -2.340  -28.387 0.4444444478
89221  -33.424  -2.263  -29.245 0.4444444478
89220  -33.057  -2.975  -29.747 0.2222222239
89229  -31.701  -3.157  -31.201 0.2222222239
88306  -30.976  -3.679  -31.601 0.2222222239
88305  -30.334  -3.273  -32.293 0.2222222239
88315  -29.617  -3.770  -32.749 0.2222222239
134273  -32.186  1.492  -32.135 0.1111111119
91077  -31.057  0.133  -32.977 0.1111111119
89255  -28.212  -3.169  -34.761 0.1111111119
89185  -28.226  -2.854  -25.330 0.4444444478
90115  -28.422  -2.249  -25.538 0.4444444478
89186  -28.860  -2.413  -24.622 0.4444444478
90116  -29.014  -1.594  -25.033 0.3333333433
91041  -32.755  -0.433  -25.266 0.4444444478
91042  -33.277  -0.249  -25.848 0.4444444478
136326  -33.359  -0.974  -26.370 0.4444444478
136830  -33.392  -1.740  -26.905 0.4444444478
92784  -32.981  1.033  -25.978 0.3333333433
90144  -33.422  -1.459  -29.575 0.3333333433
90143  -33.021  -1.452  -30.433 0.1111111119
130131  -32.568  -2.053  -30.724 0.1111111119
124227  -31.256  -1.932  -31.916 0.1111111119
89237  -31.096  -2.749  -31.742 0.2222222239
89236  -30.439  -2.243  -32.557 0.1111111119
90164  -30.230  -1.399  -33.157 0.1111111119
89198  -27.791  -2.907  -26.178 0.2222222239
91030  -29.717  -0.858  -25.106 0.3333333433
91039  -30.530  -0.181  -25.198 0.3333333433
91917  -32.831  0.434  -25.532 0.3333333433
90133  -33.540  -0.947  -27.314 0.4444444478
91933  -33.639  0.607  -27.166 0.2222222239
130280  -33.878  0.220  -27.885 0.2222222239
91062  -33.388  -0.640  -29.979 0.2222222239
91061  -32.869  -0.666  -30.805 0.1111111119
131693  -33.783  0.991  -28.145 0.1111111119
91954  -33.925  0.198  -28.614 0.1111111119
91961  -33.652  0.213  -29.505 0.1111111119
91067  -31.586  -0.286  -32.134 0.1111111119
133180  -33.781  0.986  -29.082 0.1111111119
91969  -33.278  0.318  -30.534 0.1111111119
91968  -32.692  0.082  -31.206 0.1111111119
90123  -28.333  -1.804  -26.332 0.3333333433
90124  -28.910  -1.019  -25.970 0.3333333433
91046  -28.009  -1.156  -27.471 0.3333333433
91048  -29.048  -0.428  -26.904 0.3333333433
91914  -29.763  0.347  -25.965 0.3333333433
91916  -32.001  0.712  -25.283 0.3333333433
92783  -32.386  1.214  -25.712 0.2222222239
92796  -33.233  1.230  -26.601 0.2222222239
93579  -32.913  1.955  -26.944 0.1111111119
133403  -33.692  1.770  -29.622 0.1111111119
92841  -33.341  1.450  -30.861 0.1111111119
93622  -33.014  3.278  -32.196 0.1111111119
91023  -26.030  -1.053  -23.077 0.1111111119
127999  -26.392  -1.032  -25.097 0.1111111119
91051  -26.626  -0.372  -27.656 0.2222222239
145268  -27.695  0.367  -28.289 0.2222222239
91931  -29.336  0.564  -27.121 0.3333333433
91943  -28.935  0.979  -28.124 0.2222222239
91915  -30.907  0.772  -25.512 0.3333333433
92792  -29.430  1.490  -27.316 0.3333333433
93577  -31.366  2.687  -26.369 0.1111111119
93576  -30.265  2.897  -26.641 0.1111111119
94289  -32.985  3.009  -27.889 0.1111111119
136332  -33.644  1.702  -28.779 0.1111111119
93607  -33.578  2.453  -29.271 0.1111111119
94301  -33.467  3.271  -29.714 0.1111111119
136568  -33.600  1.883  -30.354 0.1111111119
92847  -31.958  2.218  -32.817 0.1111111119
92846  -31.484  1.815  -33.408 0.1111111119
91024  -26.677  -1.023  -23.732 0.1111111119
91029  -26.742  -0.495  -24.498 0.1111111119
91912  -26.186  -0.112  -26.655 0.1111111119
91913  -26.647  0.498  -25.836 0.1111111119
92805  -26.935  2.316  -27.739 0.1111111119
93586  -26.907  2.126  -28.025 0.1111111119
92807  -28.797  2.143  -28.364 0.2222222239
93588  -27.954  3.772  -29.018 0.1111111119
93589  -28.440  3.429  -28.654 0.1111111119
94286  -29.078  4.674  -27.981 0.1111111119
94287  -31.270  4.080  -27.300 0.1111111119
94948  -31.848  4.480  -27.871 0.1111111119
94295  -32.659  3.786  -28.248 0.1111111119
91025  -27.090  -0.072  -24.166 0.1111111119
91026  -27.292  -0.640  -23.212 0.1111111119
91904  -27.199  0.560  -24.587 0.1111111119
92779  -27.166  2.109  -25.955 0.1111111119
93564  -27.202  3.327  -26.756 0.1111111119
93574  -27.035  3.481  -27.671 0.1111111119
94273  -27.177  4.309  -27.695 0.1111111119
94285  -28.112  4.653  -28.538 0.1111111119
91905  -27.886  0.852  -24.307 0.1111111119
91899  -28.556  0.240  -23.585 0.1111111119
93551  -28.249  2.184  -25.374 0.1111111119
77979  -37.539  -15.239  -28.372 0.1111111119
78937  -37.213  -15.140  -30.485 0.1111111119
77993  -37.110  -14.794  -29.477 0.1111111119
78929  -36.127  -13.677  -28.595 0.1111111119
127093  -35.943  -12.033  -34.043 0.1111111119
80975  -35.638  -11.747  -33.004 0.1111111119
140022  -35.937  -11.478  -34.699 0.1111111119
84730  -32.232  -7.926  -34.524 0.1111111119
89174  -29.643  -2.865  -23.909 0.4444444478
88281  -33.113  -3.870  -29.342 0.4444444478
88299  -32.059  -3.743  -30.749 0.3333333433
87391  -30.109  -4.189  -32.324 0.2222222239
87390  -29.218  -4.560  -33.085 0.1111111119
85600  -29.883  -6.539  -34.215 0.1111111119
89200  -32.773  -1.783  -25.381 0.4444444478
138858  -29.492  -3.049  -33.008 0.2222222239
90151  -31.699  -1.262  -31.670 0.1111111119
90165  -31.018  -1.095  -32.537 0.1111111119
90181  -29.629  -1.036  -33.916 0.1111111119
91040  -31.535  0.118  -25.117 0.3333333433
91976  -32.040  0.560  -31.885 0.1111111119
91953  -27.806  1.297  -28.640 0.2222222239
93575  -29.340  2.712  -27.096 0.1111111119
92768  -26.904  1.128  -25.279 0.1111111119
94284  -27.148  4.257  -28.181 0.1111111119
94947  -30.417  5.141  -28.052 0.1111111119
92780  -27.417  2.826  -25.850 0.1111111119
92770  -28.523  1.566  -24.708 0.1111111119
78906  -36.369  -13.604  -26.681 0.1111111119
135784  -36.858  -14.364  -27.449 0.1111111119
121803  -35.660  -11.754  -35.974 0.2222222239
121809  -33.544  -10.003  -35.350 0.2222222239
84729  -31.103  -7.872  -34.560 0.1111111119
88220  -29.457  -3.575  -23.739 0.4444444478
89175  -30.485  -2.593  -23.751 0.4444444478
90126  -33.040  -1.021  -25.592 0.4444444478
91032  -31.603  -0.567  -24.676 0.4444444478
145143  -33.599  -1.207  -27.945 0.4444444478
91057  -33.772  -0.571  -28.116 0.2222222239
124995  -26.881  -0.915  -23.383 0.1111111119
91017  -26.823  -0.492  -22.426 0.1111111119
91898  -27.594  0.011  -23.774 0.1111111119
77969  -36.886  -14.370  -26.467 0.1111111119
76314  -38.692  -17.010  -29.215 0.1111111119
77128  -38.742  -16.796  -29.072 0.1111111119
77970  -37.606  -15.299  -27.410 0.1111111119
78905  -35.939  -13.013  -26.043 0.1111111119
77960  -36.774  -14.481  -25.416 0.1111111119
132658  -35.416  -12.059  -27.152 0.1111111119
137941  -35.423  -13.025  -29.821 0.1111111119
133604  -35.139  -12.077  -29.364 0.1111111119
80980  -35.637  -11.092  -33.782 0.1111111119
81977  -35.454  -10.799  -32.731 0.1111111119
80967  -35.432  -11.538  -31.982 0.1111111119
81996  -35.718  -10.558  -34.856 0.1111111119
83824  -35.390  -8.813  -34.361 0.1111111119
84731  -34.169  -8.024  -34.227 0.1111111119
87299  -29.857  -4.268  -23.321 0.4444444478
127465  -33.150  -7.926  -34.205 0.1111111119
84720  -31.371  -7.510  -34.320 0.1111111119
86474  -28.715  -5.100  -34.564 0.1111111119
86476  -30.095  -6.049  -34.129 0.1111111119
88247  -27.638  -3.683  -25.886 0.4444444478
88233  -28.704  -3.205  -24.378 0.4444444478
88336  -29.393  -3.473  -34.929 0.1111111119
90179  -28.352  -2.198  -34.933 0.1111111119
89196  -26.877  -2.901  -25.966 0.2222222239
89199  -28.038  -2.580  -26.461 0.3333333433
89197  -26.945  -2.266  -26.456 0.2222222239
90130  -28.000  -1.766  -27.049 0.2222222239
91085  -29.716  -0.452  -35.160 0.1111111119
90106  -25.623  -1.500  -23.698 0.1111111119
144019  -27.200  -1.186  -27.338 0.2222222239
91993  -30.986  1.448  -33.955 0.1111111119
91994  -32.062  1.580  -33.852 0.1111111119
146669  -24.069  -0.603  -22.592 0.1111111119
141891  -24.533  0.159  -21.113 0.1111111119
130636  -26.409  0.584  -21.700 0.1111111119
132872  -26.209  0.904  -21.852 0.1111111119
93625  -32.445  2.492  -33.002 0.1111111119
134844  -26.808  0.357  -20.719 0.1111111119
91018  -27.575  -0.611  -22.401 0.1111111119
94953  -31.328  5.287  -28.427 0.1111111119
94958  -32.570  4.806  -29.575 0.1111111119
94965  -33.199  4.356  -31.257 0.1111111119
94971  -33.050  4.471  -32.616 0.1111111119
91893  -28.086  -0.472  -23.015 0.1111111119
94274  -27.501  4.858  -27.807 0.1111111119
95593  -29.376  5.975  -28.517 0.1111111119
121808  -35.569  -11.205  -36.085 0.1111111119
86466  -29.163  -5.979  -33.299 0.1111111119
88282  -33.449  -3.047  -28.939 0.4444444478
78945  -37.148  -15.183  -31.445 0.1111111119
122200  -32.645  -8.893  -35.291 0.2222222239
78944  -36.174  -13.879  -31.378 0.1111111119
79929  -35.446  -12.809  -28.805 0.1111111119
138567  -35.202  -12.199  -30.286 0.1111111119
122115  -35.357  -10.600  -35.937 0.1111111119
83839  -34.483  -8.901  -35.462 0.1111111119
83833  -35.120  -8.906  -35.077 0.1111111119
85608  -30.538  -7.286  -34.279 0.1111111119
86475  -28.677  -5.456  -34.014 0.1111111119
86481  -29.368  -5.601  -34.349 0.1111111119
89231  -33.048  -2.201  -30.092 0.2222222239
89230  -32.483  -2.864  -30.604 0.2222222239
89238  -31.899  -2.220  -31.275 0.1111111119
88314  -28.861  -3.862  -33.418 0.1111111119
91987  -31.593  1.468  -32.688 0.1111111119
92840  -32.645  2.020  -31.870 0.1111111119
91076  -30.465  -0.479  -33.419 0.1111111119
91975  -31.449  0.651  -32.560 0.1111111119
91985  -30.685  0.590  -33.792 0.1111111119
88342  -28.552  -3.023  -35.284 0.1111111119
88322  -28.217  -3.910  -34.954 0.1111111119
90163  -29.288  -2.078  -33.503 0.2222222239
91049  -33.524  -0.183  -26.681 0.3333333433
91038  -29.513  -0.379  -25.747 0.3333333433
92834  -33.611  1.091  -29.958 0.1111111119
125307  -28.393  -1.242  -27.112 0.3333333433
90129  -26.588  -1.483  -26.888 0.1111111119
91047  -28.447  -0.730  -27.761 0.3333333433
92781  -30.822  1.483  -25.928 0.2222222239
93566  -31.909  1.911  -26.063 0.1111111119
93578  -32.261  2.406  -26.510 0.1111111119
93600  -33.391  2.381  -28.401 0.1111111119
93615  -33.628  2.636  -30.285 0.1111111119
130443  -33.317  2.499  -31.274 0.1111111119
131201  -33.438  3.169  -31.188 0.1111111119
93621  -32.718  2.609  -32.534 0.1111111119
94310  -33.179  3.825  -31.796 0.1111111119
91005  -24.448  -0.212  -21.871 0.1111111119
91022  -25.435  -0.981  -22.992 0.1111111119
91015  -25.812  -0.344  -22.362 0.1111111119
91037  -26.112  -0.853  -26.384 0.1111111119
91928  -26.419  0.150  -27.419 0.1111111119
140477  -28.309  -0.181  -28.121 0.3333333433
91932  -30.086  1.106  -26.399 0.3333333433
92793  -30.272  1.897  -26.541 0.2222222239
92794  -31.073  2.047  -26.148 0.1111111119
94275  -29.239  3.762  -27.559 0.1111111119
94288  -32.293  3.603  -27.421 0.1111111119
94296  -33.244  3.124  -28.760 0.1111111119
94306  -33.461  3.542  -30.683 0.1111111119
91016  -26.505  -0.466  -22.487 0.1111111119
91903  -26.892  0.189  -24.975 0.1111111119
91929  -26.532  0.711  -26.848 0.1111111119
92791  -26.961  1.598  -26.911 0.1111111119
133843  -26.890  1.204  -26.067 0.1111111119
93587  -27.108  3.158  -28.092 0.1111111119
92818  -26.899  1.551  -28.049 0.1111111119
92820  -27.762  2.563  -29.022 0.1111111119
94937  -30.065  4.493  -27.579 0.1111111119
94946  -29.130  5.486  -28.201 0.1111111119
94954  -32.287  4.647  -28.632 0.1111111119
94300  -32.950  3.923  -29.153 0.1111111119
92769  -27.404  1.620  -25.154 0.1111111119
141683  -27.309  4.757  -28.168 0.1111111119
94945  -28.373  5.353  -28.252 0.1111111119
77114  -38.452  -16.417  -28.037 0.1111111119
129312  -36.221  -13.596  -27.618 0.1111111119
122507  -35.722  -10.779  -35.740 0.1111111119
87398  -28.477  -4.574  -34.585 0.1111111119
90180  -28.788  -1.577  -34.471 0.1111111119
91091  -29.061  -0.941  -35.531 0.1111111119
93565  -28.497  3.019  -25.678 0.1111111119
78914  -35.800  -12.906  -26.914 0.1111111119
91008  -26.865  0.051  -21.621 0.1111111119
136027  -35.388  -9.310  -34.982 0.1111111119
83823  -35.056  -8.347  -34.294 0.1111111119
87400  -29.046  -4.610  -34.822 0.1111111119
90204  -28.908  -1.505  -35.816 0.1111111119
91086  -30.322  -0.217  -35.201 0.1111111119
90107  -26.258  -1.391  -24.229 0.1111111119
133532  -23.697  -0.585  -22.573 0.1111111119
92000  -30.909  0.744  -34.349 0.1111111119
91006  -25.404  0.161  -21.758 0.1111111119
95599  -31.772  5.531  -29.127 0.1111111119
94959  -33.222  4.120  -30.160 0.1111111119
94935  -28.012  5.186  -27.876 0.1111111119
95585  -28.532  5.307  -28.209 0.1111111119
95594  -30.193  5.780  -28.532 0.1111111119
61202  -19.393  -32.434  -14.376 0.2222222239
122335  -20.627  -17.698  -21.845 0.2222222239
122145  -21.129  -16.329  -22.597 0.2222222239
74586  -20.640  -18.531  -21.638 0.3333333433
139280  -21.258  -17.598  -22.494 0.4444444478
139377  -20.960  -16.946  -22.280 0.3333333433
87298  -28.539  -4.227  -24.052 0.3333333433
86406  -27.058  -4.780  -25.508 0.2222222239
88231  -25.602  -3.086  -24.992 0.1111111119
88248  -27.831  -3.230  -26.122 0.2222222239
82863  -26.020  -8.862  -24.972 0.2222222239
74575  -19.911  -18.779  -20.464 0.2222222239
82872  -25.300  -9.165  -25.460 0.1111111119
85534  -26.112  -6.594  -25.009 0.1111111119
85533  -25.576  -6.565  -25.316 0.1111111119
87320  -26.098  -4.452  -25.306 0.1111111119
89183  -25.082  -3.118  -24.520 0.1111111119
142856  -24.614  -2.533  -24.093 0.1111111119
131616  -25.354  -2.581  -24.559 0.1111111119
86393  -27.819  -4.892  -24.480 0.2222222239
128803  -26.082  -5.866  -25.131 0.1111111119
71695  -18.421  -21.526  -17.610 0.2222222239
147926  -19.575  -19.711  -19.656 0.2222222239
141862  -20.201  -19.555  -20.667 0.3333333433
127293  -21.217  -12.860  -23.712 0.2222222239
86392  -27.217  -4.964  -25.172 0.1111111119
133299  -20.537  -12.979  -23.044 0.1111111119
79875  -20.747  -12.137  -23.380 0.3333333433
87309  -27.593  -4.267  -25.256 0.3333333433
88246  -27.421  -3.615  -25.880 0.1111111119
74585  -20.195  -18.204  -21.181 0.2222222239
87322  -27.351  -4.238  -25.699 0.1111111119
88244  -25.565  -3.763  -24.950 0.1111111119
86403  -24.578  -5.731  -25.251 0.1111111119
87321  -26.986  -4.339  -25.746 0.1111111119
87319  -25.230  -4.726  -25.027 0.1111111119
86404  -25.519  -5.521  -25.248 0.1111111119
71799  -33.423  -21.473  -26.676 0.1111111119
61203  -19.993  -32.321  -14.381 0.1111111119
61192  -20.288  -32.501  -13.225 0.1111111119
61189  -18.056  -32.261  -13.425 0.1111111119
62127  -18.104  -31.380  -13.690 0.1111111119
63108  -18.180  -30.560  -13.985 0.1111111119
64044  -18.427  -29.734  -14.355 0.1111111119
127301  -18.186  -29.036  -13.827 0.1111111119
71680  -18.376  -21.756  -16.652 0.1111111119
121748  -20.289  -15.907  -21.694 0.1111111119
121757  -20.289  -16.741  -21.606 0.1111111119
80895  -21.557  -10.886  -24.257 0.2222222239
79906  -24.156  -11.337  -25.862 0.2222222239
81897  -21.486  -10.001  -24.118 0.2222222239
82831  -21.217  -9.407  -23.590 0.2222222239
124842  -21.118  -15.758  -22.768 0.1111111119
139279  -21.460  -16.133  -23.259 0.1111111119
135076  -17.320  -31.896  -12.671 0.1111111119
61190  -18.923  -32.992  -14.070 0.1111111119
61191  -19.379  -33.053  -13.826 0.1111111119
62126  -17.454  -31.279  -12.915 0.1111111119
63107  -17.623  -30.525  -13.168 0.1111111119
64037  -17.854  -29.639  -13.385 0.1111111119
64987  -18.316  -28.371  -13.870 0.1111111119
70741  -18.672  -22.119  -15.586 0.1111111119
72664  -18.857  -20.693  -16.239 0.1111111119
74570  -19.544  -19.033  -19.622 0.1111111119
123707  -19.772  -16.116  -21.116 0.1111111119
82815  -20.178  -9.717  -22.446 0.2222222239
82848  -21.818  -9.485  -24.352 0.2222222239
82849  -22.403  -9.623  -24.930 0.1111111119
123506  -19.003  -33.625  -13.847 0.1111111119
136797  -22.908  -9.778  -25.416 0.2222222239
123359  -24.266  -9.896  -25.835 0.1111111119
72687  -19.152  -20.655  -18.869 0.1111111119
81865  -20.395  -10.635  -22.917 0.2222222239
77066  -21.345  -15.282  -23.320 0.1111111119
71691  -18.332  -21.910  -16.888 0.1111111119
65894  -18.534  -27.225  -14.399 0.1111111119
67826  -18.509  -25.852  -14.689 0.1111111119
130142  -18.489  -22.942  -16.361 0.1111111119
127321  -18.391  -22.204  -16.515 0.1111111119
62140  -18.871  -31.582  -14.541 0.1111111119
132594  -18.725  -32.218  -14.136 0.1111111119
75457  -20.059  -17.431  -21.217 0.1111111119
72668  -18.503  -20.844  -17.489 0.1111111119
136804  -18.333  -21.405  -17.005 0.1111111119
75444  -19.510  -18.262  -19.870 0.1111111119
61175  -18.574  -33.411  -13.637 0.1111111119
71659  -19.133  -21.828  -15.002 0.1111111119
82830  -20.636  -9.704  -23.127 0.1111111119
128851  -18.778  -22.629  -15.075 0.1111111119
83734  -21.108  -8.879  -23.329 0.1111111119
83751  -22.401  -8.998  -24.721 0.1111111119
83763  -25.905  -8.148  -25.068 0.1111111119
81864  -19.697  -10.605  -22.148 0.1111111119
143438  -25.163  -8.704  -25.498 0.1111111119
127449  -25.533  -7.981  -25.362 0.1111111119
84663  -26.200  -7.441  -24.858 0.1111111119
65036  -21.892  -28.143  -17.832 0.3333333433
67909  -24.581  -25.585  -21.003 0.4444444478
67910  -24.869  -25.408  -21.251 0.2222222239
68793  -26.312  -25.031  -20.917 0.1111111119
68809  -26.037  -24.777  -21.940 0.1111111119
68822  -25.338  -24.813  -21.801 0.1111111119
68824  -26.344  -24.287  -22.349 0.1111111119
69842  -26.767  -23.753  -22.744 0.1111111119
70752  -18.432  -22.457  -16.749 0.1111111119
70774  -26.185  -22.273  -18.927 0.4444444478
70800  -25.992  -23.426  -22.324 0.4444444478
70815  -28.183  -23.021  -22.875 0.1111111119
70816  -29.218  -22.438  -22.198 0.1111111119
70826  -26.810  -23.100  -23.117 0.2222222239
70841  -27.420  -22.530  -23.903 0.2222222239
71704  -25.193  -21.625  -18.444 0.5555555820
71705  -25.810  -21.597  -18.583 0.4444444478
71717  -21.071  -21.906  -19.975 0.6666666865
71720  -24.335  -20.912  -18.875 0.6666666865
71733  -21.128  -21.454  -20.393 0.6666666865
71784  -31.502  -21.403  -24.765 0.1111111119
71798  -32.539  -21.229  -26.167 0.1111111119
71808  -32.855  -21.179  -26.883 0.2222222239
72677  -18.718  -20.737  -18.089 0.1111111119
72704  -21.076  -20.814  -20.847 1.0000000000
72706  -24.224  -19.990  -19.869 0.8888888955
72708  -28.536  -20.400  -20.518 0.7777777910
72714  -21.011  -20.100  -21.283 0.6666666865
72728  -28.278  -21.152  -24.810 0.4444444478
72744  -29.663  -20.739  -26.204 0.3333333433
73610  -19.370  -19.714  -19.062 0.2222222239
73611  -19.802  -19.662  -20.134 0.3333333433
73615  -27.904  -19.602  -19.582 0.8888888955
73621  -20.406  -19.057  -21.168 0.2222222239
73625  -25.283  -18.968  -20.052 0.8888888955
73628  -30.132  -18.818  -20.768 1.0000000000
73634  -22.202  -19.745  -21.613 1.0000000000
73641  -22.035  -19.175  -22.191 0.8888888955
73669  -30.095  -19.172  -26.486 0.5555555820
73672  -33.385  -19.667  -26.655 0.3333333433
74573  -28.039  -18.810  -19.618 1.0000000000
74579  -27.544  -17.849  -19.845 1.0000000000
74589  -24.891  -18.122  -21.173 1.0000000000
74590  -30.187  -18.115  -20.365 1.0000000000
74597  -21.070  -18.359  -22.114 0.5555555820
74606  -22.604  -18.061  -23.011 0.6666666865
74622  -29.140  -18.719  -26.130 0.6666666865
74630  -29.403  -18.035  -26.155 0.5555555820
75449  -19.650  -17.718  -20.466 0.1111111119
75481  -29.519  -17.504  -26.159 0.5555555820
76257  -32.284  -15.854  -22.844 1.0000000000
76283  -32.897  -16.993  -26.778 0.5555555820
76293  -31.994  -16.151  -26.702 0.6666666865
76315  -37.748  -16.755  -29.531 0.2222222239
76316  -38.413  -16.872  -29.513 0.2222222239
77051  -31.292  -15.108  -21.166 1.0000000000
77059  -32.069  -14.992  -21.704 1.0000000000
77069  -25.931  -14.864  -22.925 0.7777777910
77078  -21.818  -15.805  -23.989 0.5555555820
77080  -23.230  -15.440  -24.676 0.3333333433
77081  -23.961  -15.069  -24.570 0.4444444478
77082  -32.252  -15.707  -24.339 1.0000000000
77083  -32.543  -14.964  -24.093 1.0000000000
77136  -38.470  -16.798  -29.511 0.1111111119
77140  -35.997  -15.829  -32.687 0.5555555820
77142  -37.357  -16.103  -32.172 0.3333333433
77144  -37.199  -16.211  -32.977 0.4444444478
77145  -36.766  -15.313  -33.135 0.3333333433
77907  -28.081  -14.320  -22.256 0.8888888955
77919  -32.442  -14.301  -22.214 1.0000000000
77928  -25.401  -14.377  -23.553 0.6666666865
77941  -23.652  -14.613  -25.052 0.4444444478
77944  -32.762  -14.136  -23.962 0.8888888955
77956  -23.405  -14.101  -25.309 0.4444444478
77958  -32.338  -15.074  -25.696 0.8888888955
77978  -32.923  -14.616  -27.116 0.8888888955
77980  -38.326  -16.030  -28.567 0.1111111119
77991  -33.281  -13.974  -28.407 0.7777777910
78001  -33.752  -14.221  -30.825 0.7777777910
78006  -35.692  -15.199  -33.233 0.5555555820
78007  -36.217  -15.489  -33.638 0.5555555820
78010  -36.337  -15.031  -34.334 0.4444444478
78013  -36.393  -14.576  -34.760 0.5555555820
78014  -36.149  -14.046  -35.233 0.3333333433
78839  -30.827  -13.670  -21.231 0.8888888955
78840  -31.585  -13.754  -21.429 1.0000000000
78852  -27.662  -13.621  -22.795 0.7777777910
78869  -27.244  -13.047  -23.308 0.6666666865
78870  -32.882  -13.337  -23.334 1.0000000000
78882  -24.562  -13.412  -24.952 0.4444444478
78894  -23.056  -13.492  -25.376 0.4444444478
78897  -24.888  -12.569  -25.127 0.4444444478
78900  -36.406  -13.700  -25.782 0.1111111119
78904  -33.175  -13.132  -26.588 0.8888888955
78927  -32.568  -12.832  -28.063 0.8888888955
78928  -33.094  -13.250  -28.747 0.7777777910
78934  -33.227  -13.554  -29.686 0.7777777910
78955  -35.070  -14.305  -33.494 0.5555555820
78957  -35.701  -14.456  -34.722 0.5555555820
78958  -36.418  -13.867  -35.169 0.3333333433
79861  -28.650  -12.626  -22.719 0.8888888955
79877  -26.788  -12.437  -23.766 0.6666666865
79888  -22.611  -12.678  -25.075 0.4444444478
79890  -26.299  -11.873  -24.298 0.6666666865
79898  -24.595  -11.896  -25.556 0.3333333433
79900  -33.234  -12.285  -25.921 1.0000000000
79941  -32.908  -12.779  -29.342 0.7777777910
79948  -33.051  -12.365  -30.666 0.7777777910
79959  -36.093  -12.675  -33.427 0.1111111119
79960  -36.556  -13.702  -33.900 0.2222222239
79961  -34.469  -12.505  -34.121 0.5555555820
79963  -36.497  -13.384  -34.795 0.3333333433
79965  -36.343  -13.100  -35.561 0.3333333433
80874  -32.911  -11.787  -22.693 1.0000000000
80885  -27.940  -11.677  -23.493 0.7777777910
80896  -25.747  -11.243  -24.822 0.4444444478
80906  -33.283  -11.414  -25.756 0.8888888955
80933  -32.077  -11.755  -28.597 0.7777777910
80944  -32.051  -11.011  -29.371 0.8888888955
80956  -32.528  -11.719  -30.132 0.7777777910
80984  -35.971  -11.409  -35.542 0.1111111119
80985  -35.965  -12.287  -35.783 0.2222222239
81881  -21.028  -10.283  -23.604 0.2222222239
81898  -22.021  -10.164  -24.601 0.2222222239
81900  -26.039  -9.616  -24.974 0.4444444478
81909  -22.529  -10.224  -25.134 0.3333333433
81910  -25.070  -10.349  -25.565 0.2222222239
81920  -23.896  -10.673  -25.962 0.3333333433
81922  -24.907  -9.756  -25.625 0.1111111119
81932  -32.424  -11.030  -27.205 0.8888888955
81946  -31.692  -10.532  -28.834 0.7777777910
81976  -32.283  -10.210  -32.720 0.4444444478
82006  -35.478  -10.041  -35.318 0.1111111119
82821  -30.811  -9.169  -22.369 0.7777777910
82822  -31.574  -9.469  -22.209 0.7777777910
82835  -27.486  -9.546  -23.783 0.5555555820
82860  -22.732  -9.200  -25.229 0.1111111119
82861  -23.593  -9.934  -25.761 0.1111111119
82862  -25.699  -9.172  -25.258 0.1111111119
82871  -24.715  -9.129  -25.579 0.1111111119
82885  -32.418  -9.601  -27.212 0.7777777910
82890  -31.501  -9.663  -28.456 0.6666666865
82920  -35.538  -9.501  -34.506 0.1111111119
82924  -35.186  -9.604  -35.513 0.1111111119
83719  -20.059  -9.028  -22.086 0.1111111119
83735  -21.627  -9.024  -24.009 0.1111111119
83741  -29.258  -8.438  -22.600 0.4444444478
83752  -26.473  -8.335  -24.626 0.3333333433
83772  -24.294  -8.686  -25.583 0.1111111119
83810  -30.795  -7.943  -31.538 0.5555555820
83822  -30.164  -7.822  -33.770 0.3333333433
83830  -32.712  -8.656  -35.081 0.2222222239
83832  -34.415  -8.523  -34.886 0.1111111119
83837  -32.224  -8.703  -34.959 0.1111111119
83838  -33.711  -8.765  -35.331 0.1111111119
83844  -33.943  -9.133  -35.746 0.1111111119
83851  -33.858  -9.134  -35.749 0.1111111119
83852  -34.049  -9.152  -35.777 0.1111111119
84641  -32.504  -7.257  -22.906 0.7777777910
84662  -25.757  -7.400  -25.214 0.1111111119
84692  -32.196  -6.986  -28.743 0.6666666865
84706  -30.366  -7.204  -32.026 0.5555555820
84712  -29.799  -7.132  -32.840 0.5555555820
84721  -32.463  -7.580  -33.783 0.1111111119
84727  -29.959  -7.410  -34.040 0.3333333433
84736  -31.980  -8.330  -34.800 0.1111111119
85510  -28.901  -7.051  -23.014 0.4444444478
85512  -32.576  -5.882  -23.881 0.6666666865
85521  -26.557  -6.562  -24.763 0.4444444478
85571  -32.133  -6.451  -29.389 0.6666666865
85575  -30.755  -6.793  -31.458 0.6666666865
85580  -30.232  -6.434  -32.031 0.5555555820
85589  -29.426  -6.628  -33.388 0.2222222239
85601  -30.789  -6.735  -33.918 0.1111111119
86381  -31.431  -5.350  -23.090 0.6666666865
86391  -26.609  -5.583  -25.015 0.1111111119
86405  -26.516  -5.063  -25.348 0.1111111119
86414  -33.138  -5.802  -26.257 0.6666666865
86445  -32.453  -5.660  -29.399 0.6666666865
87301  -31.924  -4.949  -23.568 0.6666666865
87331  -32.935  -4.961  -25.938 0.6666666865
87399  -28.502  -4.745  -33.875 0.1111111119
87406  -28.392  -4.282  -34.935 0.1111111119
88245  -26.373  -3.520  -25.525 0.1111111119
88259  -33.147  -3.688  -26.505 0.5555555820
88267  -33.370  -3.400  -27.648 0.5555555820
88323  -28.344  -3.935  -34.310 0.1111111119
88334  -28.221  -3.630  -35.024 0.1111111119
88335  -28.546  -3.753  -35.110 0.1111111119
89184  -26.065  -2.640  -25.189 0.1111111119
89187  -29.811  -2.104  -24.169 0.4444444478
89204  -27.588  -2.048  -26.759 0.2222222239
89208  -33.384  -2.544  -27.463 0.4444444478
89245  -28.542  -3.061  -33.791 0.1111111119
89254  -28.334  -2.898  -35.166 0.1111111119
90099  -23.810  -1.015  -22.990 0.1111111119
90117  -30.208  -1.403  -24.421 0.4444444478
90118  -31.607  -1.972  -24.197 0.5555555820
90122  -26.278  -1.609  -26.155 0.1111111119
90125  -32.570  -1.150  -24.938 0.4444444478
90137  -33.581  -1.475  -28.594 0.4444444478
90152  -32.406  -1.411  -31.089 0.1111111119
90193  -28.520  -1.983  -35.353 0.1111111119
90194  -28.674  -1.440  -35.274 0.1111111119
91014  -24.761  -0.571  -22.622 0.1111111119
91031  -30.709  -0.819  -24.610 0.4444444478
91033  -32.283  -0.668  -24.813 0.4444444478
91045  -26.196  -0.656  -27.212 0.1111111119
91052  -27.599  -0.472  -27.860 0.2222222239
91053  -33.710  -0.164  -27.417 0.2222222239
91058  -33.725  -0.640  -29.050 0.2222222239
91068  -32.221  -0.545  -31.450 0.1111111119
91082  -30.092  -0.281  -34.250 0.1111111119
91084  -29.185  -0.828  -34.874 0.1111111119
91902  -26.494  -0.271  -25.572 0.1111111119
91906  -32.238  -0.064  -25.097 0.3333333433
91918  -33.338  0.513  -26.216 0.3333333433
91930  -28.850  -0.042  -27.951 0.3333333433
91941  -26.815  0.472  -27.985 0.2222222239
91942  -28.413  0.568  -28.417 0.2222222239
91952  -27.234  1.070  -28.269 0.2222222239
91977  -32.732  0.974  -31.368 0.1111111119
91986  -31.090  1.154  -33.293 0.1111111119
91992  -30.582  0.318  -34.420 0.1111111119
92782  -31.560  1.387  -25.687 0.2222222239
92795  -32.619  1.615  -26.308 0.1111111119
92804  -26.808  1.190  -27.731 0.1111111119
92806  -28.421  1.696  -28.767 0.2222222239
92808  -33.422  1.481  -27.422 0.1111111119
92819  -27.172  2.519  -28.307 0.1111111119
93590  -32.633  2.780  -27.133 0.1111111119
93591  -33.172  2.245  -27.636 0.1111111119
93599  -27.432  3.653  -28.587 0.1111111119
94276  -29.961  3.822  -27.280 0.1111111119
94277  -30.803  3.531  -26.808 0.1111111119
94278  -31.822  3.249  -26.741 0.1111111119
94294  -27.585  4.526  -28.412 0.1111111119
94944  -27.822  4.921  -28.258 0.1111111119
121759  -20.704  -15.787  -22.271 0.1111111119
121768  -34.385  -17.741  -26.656 0.3333333433
121776  -24.000  -17.540  -22.366 1.0000000000
121777  -26.549  -15.393  -22.345 1.0000000000
121781  -29.951  -16.634  -26.214 0.6666666865
121784  -29.728  -16.893  -26.220 0.6666666865
121788  -30.928  -17.905  -21.557 1.0000000000
121802  -34.326  -9.656  -35.847 0.1111111119
121805  -35.421  -12.953  -35.247 0.5555555820
121810  -35.241  -11.130  -36.050 0.1111111119
121811  -31.265  -8.524  -34.310 0.3333333433
121817  -31.717  -9.134  -34.153 0.3333333433
121818  -32.346  -9.386  -34.605 0.3333333433
122040  -26.830  -16.017  -21.716 1.0000000000
122051  -30.354  -16.655  -26.532 0.6666666865
122086  -21.485  -16.905  -23.011 0.3333333433
122113  -22.446  -17.384  -23.464 0.5555555820
122146  -33.296  -9.058  -35.604 0.1111111119
122237  -29.143  -16.995  -20.021 1.0000000000
122269  -35.819  -13.797  -35.377 0.5555555820
122272  -27.151  -16.522  -21.027 1.0000000000
122279  -21.861  -16.473  -23.725 0.1111111119
122301  -30.957  -16.540  -25.570 0.7777777910
122333  -30.829  -16.330  -26.320 0.7777777910
122348  -32.595  -8.999  -35.278 0.2222222239
122354  -31.720  -16.249  -21.679 1.0000000000
123319  -21.694  -17.547  -23.063 0.5555555820
123340  -24.039  -20.495  -19.446 0.7777777910
123401  -20.676  -16.345  -22.113 0.1111111119
123458  -33.538  -14.551  -29.148 0.7777777910
123744  -34.803  -10.273  -35.936 0.2222222239
126872  -35.576  -12.884  -27.830 0.1111111119
127009  -32.971  -8.527  -25.897 0.6666666865
127362  -25.565  -8.614  -25.331 0.2222222239
127395  -34.359  -16.376  -27.494 0.4444444478
127648  -30.966  -9.162  -29.756 0.6666666865
129042  -26.691  -9.889  -24.521 0.6666666865
129907  -33.265  -3.148  -26.863 0.5555555820
131317  -34.361  -9.262  -35.762 0.1111111119
131969  -33.279  -9.953  -25.828 0.8888888955
132361  -33.470  -1.722  -27.770 0.4444444478
132511  -36.040  -15.936  -29.976 0.5555555820
132809  -31.484  1.748  -33.690 0.1111111119
133359  -19.361  -18.304  -19.215 0.1111111119
133388  -25.337  -23.001  -18.539 0.4444444478
133565  -31.232  1.526  -33.993 0.1111111119
133823  -31.042  -7.611  -22.483 0.6666666865
134369  -26.232  -10.419  -24.719 0.5555555820
135074  -28.245  -6.125  -23.622 0.3333333433
135214  -37.045  -14.961  -33.970 0.1111111119
135642  -29.140  -6.138  -33.773 0.1111111119
136079  -28.474  -2.404  -34.280 0.2222222239
136348  -29.296  -12.291  -22.441 0.8888888955
136976  -33.108  -6.547  -26.449 0.6666666865
137254  -22.363  -10.921  -24.928 0.2222222239
137474  -22.840  -11.731  -25.358 0.3333333433
137824  -28.887  -5.287  -33.476 0.1111111119
138258  -28.266  2.789  -29.023 0.1111111119
138770  -35.606  -17.132  -27.349 0.2222222239
139364  -33.713  -9.527  -35.673 0.1111111119
139370  -35.723  -11.291  -36.017 0.2222222239
139406  -32.052  -9.579  -33.369 0.4444444478
139502  -30.722  -8.353  -33.927 0.3333333433
139697  -32.197  -8.296  -28.107 0.6666666865
139773  -34.204  -10.084  -35.790 0.2222222239
139914  -28.746  -6.481  -23.248 0.4444444478
140013  -36.092  -12.987  -35.829 0.4444444478
140143  -33.158  -6.362  -25.238 0.6666666865
140338  -32.646  -3.551  -30.111 0.3333333433
140630  -19.344  -18.923  -18.953 0.1111111119
141308  -30.485  -18.225  -26.515 0.5555555820
141483  -33.087  -9.333  -35.402 0.2222222239
141945  -33.501  1.761  -28.086 0.1111111119
142160  -32.265  -11.359  -22.047 1.0000000000
142184  -31.533  -9.994  -28.777 0.6666666865
142374  -32.499  -10.726  -32.198 0.6666666865
143130  -32.372  -2.836  -24.691 0.4444444478
144134  -32.543  -7.832  -22.744 0.7777777910
144849  -28.216  -23.252  -22.174 0.1111111119
145052  -29.679  -6.574  -34.133 0.1111111119
145696  -27.560  -19.111  -19.545 1.0000000000
145715  -32.446  -12.103  -22.042 1.0000000000
146236  -34.865  -9.241  -35.594 0.1111111119
146385  -25.071  -15.760  -22.886 0.7777777910
146537  -31.569  -3.681  -31.190 0.2222222239
146624  -32.944  -10.151  -33.981 0.4444444478
146958  -27.273  1.794  -28.501 0.1111111119
146984  -28.189  -3.517  -35.031 0.1111111119
147251  -27.126  2.508  -27.006 0.1111111119
147516  -20.567  -21.840  -19.902 0.6666666865
147801  -28.986  -20.440  -26.119 0.4444444478
148349  -27.036  -17.465  -20.278 1.0000000000
148429  -26.512  -19.164  -19.524 0.8888888955
