#!ascii label  , from subject sub-v2s3x28790_ses-1 vox2ras=TkReg
1058
53988  14.600  -27.381  62.625 0.0000000000
46068  6.241  -35.666  45.527 0.0000000000
46957  6.276  -34.759  58.361 0.0000000000
126038  6.567  -28.504  55.078 0.0000000000
54150  5.204  -26.407  47.432 0.0000000000
50993  9.959  -30.319  60.816 0.0000000000
117732  10.481  -29.378  55.828 0.0000000000
48824  17.276  -31.557  61.723 0.0000000000
47884  11.718  -32.563  61.196 0.0000000000
44873  8.162  -36.138  59.336 0.0000000000
60021  4.859  -22.011  54.553 0.0000000000
113957  7.028  -25.805  52.197 0.0000000000
60076  4.487  -20.710  50.465 0.0000000000
42858  4.403  -38.780  54.097 0.0000000000
45958  5.478  -35.404  52.468 0.0000000000
49915  6.047  -32.111  55.203 0.0000000000
56941  7.129  -24.691  58.764 0.0000000000
48949  8.875  -32.512  51.361 0.0000000000
51122  11.194  -30.336  47.849 0.0000000000
114750  9.880  -28.847  44.997 0.0000000000
120039  5.360  -24.145  43.658 0.0000000000
53009  12.201  -28.971  61.952 0.0000000000
53028  12.876  -28.503  59.114 0.0000000000
50965  16.052  -29.634  62.906 0.0000000000
48839  13.890  -31.126  60.896 0.0000000000
49843  12.836  -30.142  62.022 0.0000000000
48830  10.215  -32.076  62.758 0.0000000000
59036  4.475  -22.226  52.770 0.0000000000
44906  4.449  -36.235  56.179 0.0000000000
127181  4.757  -34.951  54.990 0.0000000000
47932  6.150  -33.729  56.022 0.0000000000
56963  10.827  -24.294  57.768 0.0000000000
54969  8.696  -26.448  57.909 0.0000000000
45838  6.844  -35.484  60.282 0.0000000000
41727  6.386  -38.390  57.160 0.0000000000
43854  5.427  -37.389  57.839 0.0000000000
41763  4.470  -40.206  55.799 0.0000000000
49963  5.913  -32.181  53.652 0.0000000000
116092  7.000  -34.172  51.978 0.0000000000
49960  7.730  -31.408  52.620 0.0000000000
55080  6.125  -26.513  49.275 0.0000000000
132076  10.294  -27.651  50.291 0.0000000000
123106  8.375  -26.910  48.010 0.0000000000
52139  10.385  -28.951  46.373 0.0000000000
54156  8.031  -27.474  45.952 0.0000000000
132285  7.832  -32.919  59.809 0.0000000000
48881  8.123  -32.484  56.877 0.0000000000
51024  10.446  -30.704  57.393 0.0000000000
54994  12.283  -26.475  56.802 0.0000000000
47902  18.535  -32.969  59.463 0.0000000000
47928  17.186  -32.737  56.581 0.0000000000
113995  16.130  -32.020  58.773 0.0000000000
48873  12.961  -32.533  58.878 0.0000000000
46944  10.335  -34.440  60.495 0.0000000000
47883  7.712  -33.322  62.302 0.0000000000
55978  5.576  -25.734  56.057 0.0000000000
54079  7.679  -27.087  53.854 0.0000000000
56009  4.789  -25.043  53.087 0.0000000000
57019  5.093  -25.427  50.656 0.0000000000
115859  4.789  -24.860  49.181 0.0000000000
53018  16.668  -28.206  61.036 0.0000000000
113380  20.942  -31.764  58.285 0.0000000000
49872  22.951  -30.651  60.050 0.0000000000
49845  20.405  -31.393  61.452 0.0000000000
51989  18.338  -29.791  62.734 0.0000000000
40819  4.638  -40.735  52.443 0.0000000000
41852  5.369  -39.238  51.835 0.0000000000
44935  4.707  -37.118  52.692 0.0000000000
47963  5.470  -33.266  53.737 0.0000000000
51049  6.114  -30.754  55.263 0.0000000000
51037  8.389  -31.320  55.858 0.0000000000
52023  6.323  -29.044  57.090 0.0000000000
54998  5.708  -27.077  57.341 0.0000000000
57961  5.122  -23.021  57.611 0.0000000000
43946  6.788  -37.691  51.019 0.0000000000
44952  8.369  -36.949  49.568 0.0000000000
47083  9.354  -35.256  48.011 0.0000000000
53082  9.377  -28.847  52.209 0.0000000000
127604  10.896  -32.323  49.858 0.0000000000
48013  9.060  -34.172  46.731 0.0000000000
48988  9.686  -32.611  46.292 0.0000000000
127043  10.251  -31.482  44.747 0.0000000000
60091  5.116  -20.911  48.653 0.0000000000
123438  4.747  -23.883  46.815 0.0000000000
59133  4.757  -22.821  44.038 0.0000000000
56097  5.048  -26.368  45.042 0.0000000000
54185  7.462  -27.122  43.783 0.0000000000
53990  13.369  -27.820  62.425 0.0000000000
54006  13.720  -26.945  61.477 0.0000000000
54943  14.666  -26.567  61.790 0.0000000000
52983  15.518  -28.721  62.796 0.0000000000
50966  14.652  -29.713  62.398 0.0000000000
52985  13.889  -28.606  62.868 0.0000000000
51982  12.626  -29.423  62.395 0.0000000000
125186  5.269  -36.055  45.012 0.0000000000
47120  6.046  -35.299  45.245 0.0000000000
45859  5.522  -35.487  57.315 0.0000000000
46972  5.463  -35.242  56.505 0.0000000000
47925  6.096  -34.720  57.021 0.0000000000
46979  18.625  -33.627  55.451 0.0000000000
46952  6.319  -35.232  58.923 0.0000000000
43853  5.966  -37.083  58.434 0.0000000000
45850  5.550  -35.844  57.976 0.0000000000
43867  4.949  -36.755  57.398 0.0000000000
51057  6.316  -30.836  54.310 0.0000000000
51076  6.689  -31.426  53.370 0.0000000000
53074  7.135  -29.094  54.421 0.0000000000
55098  5.889  -26.597  48.556 0.0000000000
54140  7.366  -26.716  48.400 0.0000000000
112549  7.264  -26.808  47.756 0.0000000000
54147  8.148  -27.099  47.314 0.0000000000
54158  5.999  -26.974  46.611 0.0000000000
49883  8.558  -31.994  60.237 0.0000000000
116820  8.664  -31.874  59.219 0.0000000000
51000  9.996  -30.287  59.770 0.0000000000
53036  13.066  -28.319  58.215 0.0000000000
56961  12.535  -24.083  57.984 0.0000000000
48851  18.427  -32.478  60.605 0.0000000000
47903  17.775  -32.557  59.429 0.0000000000
130712  16.970  -31.848  60.641 0.0000000000
48840  12.858  -31.415  61.129 0.0000000000
131054  13.796  -31.671  59.978 0.0000000000
47904  12.161  -32.843  59.353 0.0000000000
47896  10.721  -33.809  61.118 0.0000000000
49866  10.381  -31.266  62.193 0.0000000000
134041  8.874  -32.594  62.617 0.0000000000
48843  8.831  -32.188  62.050 0.0000000000
48857  7.467  -33.173  61.395 0.0000000000
57974  4.485  -23.364  55.466 0.0000000000
55988  4.831  -24.867  54.781 0.0000000000
56991  4.506  -24.313  54.178 0.0000000000
126946  4.498  -21.856  51.406 0.0000000000
58005  4.589  -23.833  51.734 0.0000000000
122323  4.540  -23.127  50.829 0.0000000000
57035  4.916  -25.517  49.586 0.0000000000
58023  4.591  -23.431  49.908 0.0000000000
126221  20.605  -31.826  60.915 0.0000000000
122373  4.680  -39.439  52.926 0.0000000000
42888  4.887  -38.607  52.645 0.0000000000
43912  4.672  -37.947  52.903 0.0000000000
47940  5.689  -33.568  54.980 0.0000000000
113705  5.316  -33.647  54.006 0.0000000000
48901  5.635  -32.840  54.453 0.0000000000
49934  5.717  -32.147  54.360 0.0000000000
111081  5.834  -31.795  54.906 0.0000000000
51036  9.987  -30.607  55.869 0.0000000000
120410  8.372  -31.928  56.086 0.0000000000
52030  9.740  -30.043  55.802 0.0000000000
55955  7.546  -25.698  58.758 0.0000000000
54036  7.476  -28.148  58.021 0.0000000000
54026  6.450  -27.296  58.393 0.0000000000
53049  5.913  -28.126  57.453 0.0000000000
54973  6.146  -26.513  58.314 0.0000000000
56964  5.510  -25.026  57.860 0.0000000000
57943  5.824  -24.066  58.645 0.0000000000
125919  15.525  -32.378  56.653 0.0000000000
47937  16.356  -32.686  55.393 0.0000000000
44881  8.380  -36.312  58.550 0.0000000000
43884  7.876  -37.186  56.620 0.0000000000
43850  7.755  -36.795  58.050 0.0000000000
41739  5.872  -39.330  56.704 0.0000000000
40752  6.147  -39.365  56.515 0.0000000000
41783  4.314  -39.566  54.568 0.0000000000
41804  4.270  -40.332  54.136 0.0000000000
120001  5.614  -37.038  52.045 0.0000000000
43947  6.126  -38.107  51.424 0.0000000000
44940  5.940  -36.526  51.951 0.0000000000
47982  8.022  -34.317  51.350 0.0000000000
45981  8.119  -35.350  50.985 0.0000000000
47053  8.861  -34.856  50.432 0.0000000000
44959  8.779  -36.363  48.645 0.0000000000
47067  9.484  -34.432  49.752 0.0000000000
55037  7.782  -26.143  52.714 0.0000000000
53072  8.416  -28.011  53.241 0.0000000000
54101  9.059  -27.014  51.920 0.0000000000
52116  11.403  -29.442  48.973 0.0000000000
52094  11.232  -29.833  50.293 0.0000000000
50000  11.463  -30.971  49.442 0.0000000000
48011  10.612  -32.993  48.082 0.0000000000
124478  10.494  -32.505  47.386 0.0000000000
48019  9.355  -33.439  46.487 0.0000000000
50027  10.240  -32.125  46.738 0.0000000000
52151  10.331  -29.445  45.651 0.0000000000
51159  10.404  -30.472  45.904 0.0000000000
112505  10.467  -30.141  45.332 0.0000000000
60099  6.162  -21.034  46.980 0.0000000000
59106  5.047  -23.141  47.692 0.0000000000
60105  5.784  -21.836  46.316 0.0000000000
59145  4.941  -22.681  42.954 0.0000000000
57106  4.919  -24.293  44.008 0.0000000000
57090  4.860  -24.690  44.679 0.0000000000
57089  5.153  -25.282  44.458 0.0000000000
54187  5.528  -27.017  44.518 0.0000000000
56111  6.272  -25.868  43.782 0.0000000000
51999  11.110  -29.710  61.408 0.0000000000
52003  11.289  -29.332  60.492 0.0000000000
129447  12.139  -28.990  60.793 0.0000000000
49849  16.681  -31.052  62.305 0.0000000000
48825  16.261  -31.249  61.620 0.0000000000
49850  15.279  -30.774  61.666 0.0000000000
49865  13.468  -30.922  61.380 0.0000000000
48827  12.443  -31.193  61.694 0.0000000000
48842  11.437  -32.343  62.178 0.0000000000
132937  11.298  -31.405  62.362 0.0000000000
50977  11.052  -30.811  62.301 0.0000000000
59035  5.673  -21.727  53.299 0.0000000000
132531  4.547  -21.915  53.308 0.0000000000
60035  5.118  -21.274  52.842 0.0000000000
61047  4.643  -20.163  51.581 0.0000000000
61061  4.530  -19.787  51.254 0.0000000000
43902  4.312  -37.604  54.697 0.0000000000
44923  4.311  -36.398  54.145 0.0000000000
45883  4.575  -35.551  55.563 0.0000000000
115422  5.671  -34.257  55.677 0.0000000000
48889  6.219  -33.051  55.447 0.0000000000
54996  10.905  -26.882  56.436 0.0000000000
54046  9.593  -28.064  56.513 0.0000000000
55963  9.371  -25.632  57.688 0.0000000000
56953  8.362  -24.636  58.305 0.0000000000
57940  8.168  -23.789  58.616 0.0000000000
58958  7.514  -22.859  58.607 0.0000000000
44867  7.282  -35.964  60.130 0.0000000000
43851  7.119  -37.123  58.256 0.0000000000
43841  6.605  -36.777  58.841 0.0000000000
42789  5.844  -38.090  57.615 0.0000000000
41740  5.502  -39.533  56.610 0.0000000000
41749  4.814  -40.123  56.273 0.0000000000
132430  4.882  -39.037  56.711 0.0000000000
43894  4.300  -38.093  55.853 0.0000000000
120592  5.775  -33.125  53.052 0.0000000000
47039  6.247  -34.252  52.298 0.0000000000
47984  6.362  -33.082  52.653 0.0000000000
48936  7.155  -32.875  52.324 0.0000000000
112630  8.195  -32.242  51.903 0.0000000000
55065  6.862  -26.268  50.339 0.0000000000
55050  8.799  -26.513  51.301 0.0000000000
55078  8.673  -26.520  49.641 0.0000000000
130703  9.776  -27.155  48.973 0.0000000000
128618  10.502  -27.882  48.139 0.0000000000
52128  10.942  -29.556  47.418 0.0000000000
127749  10.042  -27.799  47.458 0.0000000000
53119  9.899  -28.094  46.642 0.0000000000
53130  8.781  -27.805  45.388 0.0000000000
58091  6.861  -23.541  43.236 0.0000000000
57104  7.360  -24.420  43.465 0.0000000000
58090  7.938  -23.631  43.333 0.0000000000
47906  7.136  -33.773  58.954 0.0000000000
48875  7.206  -33.445  58.115 0.0000000000
49894  8.508  -32.246  58.096 0.0000000000
49904  9.794  -31.373  57.046 0.0000000000
51034  10.998  -30.057  56.073 0.0000000000
52016  11.051  -29.751  58.688 0.0000000000
132456  12.131  -29.194  57.279 0.0000000000
53054  11.391  -28.516  56.098 0.0000000000
54982  11.889  -25.865  56.840 0.0000000000
46953  19.176  -33.371  58.138 0.0000000000
46968  18.420  -33.239  57.009 0.0000000000
133295  17.759  -32.657  58.070 0.0000000000
112003  15.392  -31.454  60.348 0.0000000000
113629  15.048  -31.889  58.988 0.0000000000
48880  13.819  -32.560  57.783 0.0000000000
45849  9.716  -35.708  58.819 0.0000000000
45839  9.072  -35.222  60.257 0.0000000000
47886  10.273  -33.450  62.084 0.0000000000
46940  9.008  -34.272  61.609 0.0000000000
45836  7.812  -34.863  61.099 0.0000000000
46941  7.264  -34.420  61.294 0.0000000000
47898  6.837  -34.580  60.397 0.0000000000
54058  6.127  -26.950  55.908 0.0000000000
54069  6.774  -27.287  55.118 0.0000000000
55016  6.597  -26.332  54.901 0.0000000000
55025  6.913  -25.940  54.056 0.0000000000
56008  5.249  -25.333  52.706 0.0000000000
57995  4.475  -23.267  52.863 0.0000000000
117921  4.975  -25.167  52.094 0.0000000000
55053  5.439  -25.756  50.762 0.0000000000
55067  5.332  -26.089  49.883 0.0000000000
55082  5.234  -26.198  49.000 0.0000000000
56052  4.950  -26.178  48.171 0.0000000000
54004  15.920  -27.583  61.570 0.0000000000
48877  20.477  -32.635  58.000 0.0000000000
50999  24.238  -29.914  59.060 0.0000000000
49856  23.826  -30.169  60.204 0.0000000000
49890  23.135  -30.535  59.368 0.0000000000
117691  21.889  -31.280  58.982 0.0000000000
48868  20.876  -32.486  58.724 0.0000000000
47908  20.242  -33.306  58.585 0.0000000000
48835  19.285  -32.350  60.898 0.0000000000
49863  18.793  -31.791  61.605 0.0000000000
121288  19.078  -29.996  62.493 0.0000000000
49838  17.851  -30.762  62.738 0.0000000000
51977  17.067  -29.500  63.129 0.0000000000
118088  16.705  -28.891  62.780 0.0000000000
43934  5.342  -37.604  52.198 0.0000000000
134004  5.293  -35.969  52.447 0.0000000000
45918  4.411  -35.499  53.657 0.0000000000
119095  4.662  -34.880  53.297 0.0000000000
47972  5.420  -33.670  52.988 0.0000000000
48924  5.747  -32.710  53.549 0.0000000000
49945  5.927  -31.651  54.204 0.0000000000
52051  6.187  -29.863  55.486 0.0000000000
48882  7.383  -33.102  57.043 0.0000000000
49914  7.513  -31.985  55.757 0.0000000000
51038  6.971  -31.106  55.878 0.0000000000
53046  8.087  -28.843  57.157 0.0000000000
52022  7.046  -29.596  56.823 0.0000000000
51039  6.268  -30.550  55.776 0.0000000000
52034  6.177  -29.696  56.159 0.0000000000
53058  5.932  -28.452  56.876 0.0000000000
54059  5.867  -27.894  56.567 0.0000000000
115681  5.632  -26.396  56.774 0.0000000000
56971  4.794  -24.239  56.837 0.0000000000
113686  4.652  -22.604  55.922 0.0000000000
133774  6.724  -22.537  57.123 0.0000000000
58989  6.109  -22.291  55.515 0.0000000000
59002  5.462  -22.138  54.846 0.0000000000
42837  7.671  -38.323  55.345 0.0000000000
42800  6.862  -38.076  56.956 0.0000000000
45982  7.194  -35.930  51.352 0.0000000000
43945  7.690  -37.747  50.039 0.0000000000
46046  7.816  -35.871  46.581 0.0000000000
53073  7.817  -28.578  53.781 0.0000000000
52083  8.833  -29.760  52.578 0.0000000000
51088  9.438  -30.962  51.625 0.0000000000
53089  10.400  -28.653  51.159 0.0000000000
51087  10.404  -30.926  51.038 0.0000000000
48948  10.249  -32.374  50.520 0.0000000000
48000  10.010  -33.919  49.203 0.0000000000
47095  9.523  -34.443  47.546 0.0000000000
47106  7.362  -34.882  45.937 0.0000000000
48021  7.746  -34.341  45.810 0.0000000000
51145  10.334  -31.121  46.202 0.0000000000
131749  9.825  -31.884  45.217 0.0000000000
127462  4.485  -19.074  50.007 0.0000000000
61092  4.859  -19.564  49.179 0.0000000000
60092  4.728  -21.046  49.434 0.0000000000
59100  4.979  -22.491  48.657 0.0000000000
58044  4.705  -24.026  47.665 0.0000000000
56074  4.775  -25.865  46.812 0.0000000000
125965  4.777  -24.156  45.772 0.0000000000
120486  4.756  -25.734  46.026 0.0000000000
55129  5.177  -26.526  46.281 0.0000000000
124232  5.603  -27.101  45.431 0.0000000000
54167  7.661  -27.583  44.985 0.0000000000
53142  8.731  -27.796  44.636 0.0000000000
54184  8.553  -27.284  43.742 0.0000000000
53989  13.969  -27.471  62.612 0.0000000000
54936  14.369  -26.984  62.213 0.0000000000
54935  14.815  -26.881  62.151 0.0000000000
53985  14.999  -27.945  62.875 0.0000000000
116217  14.718  -28.617  62.867 0.0000000000
52984  14.275  -27.931  62.913 0.0000000000
52997  13.565  -28.063  62.760 0.0000000000
44993  5.647  -36.217  45.307 0.0000000000
46087  5.632  -35.758  45.199 0.0000000000
47121  5.446  -35.613  45.003 0.0000000000
47107  6.649  -35.215  45.598 0.0000000000
133158  6.035  -34.838  57.685 0.0000000000
46963  5.809  -35.087  57.148 0.0000000000
115842  6.326  -34.480  57.794 0.0000000000
46958  19.402  -33.408  57.001 0.0000000000
46978  18.955  -33.637  55.840 0.0000000000
46966  19.022  -33.506  56.540 0.0000000000
45846  5.973  -35.796  58.644 0.0000000000
116956  5.832  -35.223  58.028 0.0000000000
45851  5.234  -36.019  57.395 0.0000000000
52050  6.396  -29.777  54.899 0.0000000000
52060  6.780  -30.083  54.238 0.0000000000
54142  5.423  -26.483  47.927 0.0000000000
54141  6.298  -26.698  47.981 0.0000000000
54149  5.555  -26.618  47.369 0.0000000000
54148  6.477  -26.823  47.333 0.0000000000
122962  9.067  -31.531  61.074 0.0000000000
49882  9.027  -31.349  59.828 0.0000000000
50994  9.490  -30.794  60.407 0.0000000000
48837  17.895  -32.043  61.164 0.0000000000
48852  17.695  -32.204  60.671 0.0000000000
48838  17.067  -31.727  61.135 0.0000000000
48855  12.374  -31.976  60.691 0.0000000000
47894  12.025  -32.769  60.259 0.0000000000
46943  11.052  -34.107  60.174 0.0000000000
47895  11.397  -33.359  60.712 0.0000000000
50988  9.811  -30.964  61.386 0.0000000000
49867  9.663  -31.753  62.036 0.0000000000
49875  8.527  -32.236  61.220 0.0000000000
115654  4.614  -22.621  54.982 0.0000000000
123931  4.468  -23.441  54.531 0.0000000000
59003  4.547  -22.537  54.134 0.0000000000
59070  4.573  -21.971  50.597 0.0000000000
59086  4.727  -22.206  49.665 0.0000000000
41803  4.455  -39.570  53.662 0.0000000000
42875  4.591  -38.791  53.219 0.0000000000
121320  4.468  -38.092  53.617 0.0000000000
48895  5.822  -32.741  54.935 0.0000000000
49916  6.116  -31.125  55.329 0.0000000000
52029  10.528  -30.036  55.844 0.0000000000
55941  7.370  -25.221  58.715 0.0000000000
54971  6.998  -26.562  58.748 0.0000000000
54959  6.914  -25.986  58.864 0.0000000000
54972  6.453  -26.666  58.534 0.0000000000
55943  6.228  -25.709  58.508 0.0000000000
56954  5.858  -24.946  58.316 0.0000000000
56942  6.425  -24.843  58.699 0.0000000000
40754  5.568  -40.080  56.323 0.0000000000
39792  5.585  -40.539  56.081 0.0000000000
127607  5.581  -36.230  52.270 0.0000000000
45957  5.888  -35.700  52.213 0.0000000000
47992  8.429  -33.374  51.341 0.0000000000
47991  9.048  -34.023  50.679 0.0000000000
55036  8.463  -26.616  52.255 0.0000000000
51121  11.452  -30.228  48.719 0.0000000000
50013  11.330  -31.091  48.432 0.0000000000
50014  11.046  -32.015  48.063 0.0000000000
117007  11.059  -31.118  47.665 0.0000000000
50026  10.687  -31.588  47.228 0.0000000000
52164  10.365  -29.582  44.871 0.0000000000
61114  6.704  -20.502  46.395 0.0000000000
60104  6.308  -21.172  45.782 0.0000000000
58093  4.959  -23.430  43.524 0.0000000000
118895  5.709  -25.054  43.811 0.0000000000
56112  5.529  -26.070  44.272 0.0000000000
53020  11.818  -29.281  61.433 0.0000000000
53008  12.542  -28.496  61.531 0.0000000000
55925  14.783  -25.881  61.205 0.0000000000
49840  16.151  -30.303  62.683 0.0000000000
121705  15.913  -30.778  62.152 0.0000000000
49841  15.131  -30.196  62.119 0.0000000000
50967  13.623  -29.712  62.268 0.0000000000
49842  13.878  -29.987  61.920 0.0000000000
49852  13.074  -30.544  61.767 0.0000000000
49853  12.024  -30.843  62.054 0.0000000000
48828  11.641  -31.610  62.158 0.0000000000
51993  11.997  -29.687  62.214 0.0000000000
50976  11.580  -30.375  62.224 0.0000000000
50986  11.323  -30.121  62.045 0.0000000000
60056  4.657  -19.993  51.576 0.0000000000
61060  4.554  -19.594  51.047 0.0000000000
115072  4.238  -37.110  55.973 0.0000000000
44917  4.304  -36.351  55.265 0.0000000000
45869  4.959  -35.606  56.301 0.0000000000
46971  5.783  -34.817  56.397 0.0000000000
47934  5.516  -34.776  55.877 0.0000000000
47933  5.960  -34.285  56.238 0.0000000000
48890  5.867  -33.626  55.480 0.0000000000
55962  10.457  -25.266  57.277 0.0000000000
54984  10.229  -26.229  56.987 0.0000000000
56952  9.149  -24.047  58.339 0.0000000000
56939  8.544  -24.167  58.411 0.0000000000
58946  8.826  -23.166  58.774 0.0000000000
58957  8.447  -22.887  58.693 0.0000000000
44868  7.018  -35.941  60.092 0.0000000000
43831  7.015  -36.352  59.614 0.0000000000
44869  6.778  -36.153  59.594 0.0000000000
130246  5.924  -37.727  57.922 0.0000000000
41729  5.813  -38.841  57.079 0.0000000000
42790  5.513  -38.225  57.480 0.0000000000
122672  5.333  -38.956  56.889 0.0000000000
42801  4.853  -38.373  57.019 0.0000000000
117023  4.470  -36.888  56.789 0.0000000000
121342  4.437  -37.744  56.627 0.0000000000
47971  5.921  -33.596  52.635 0.0000000000
48923  6.062  -32.622  53.151 0.0000000000
51075  7.439  -30.877  53.158 0.0000000000
49961  7.038  -31.756  52.904 0.0000000000
49978  7.528  -32.160  52.383 0.0000000000
132986  7.668  -32.592  52.146 0.0000000000
116246  7.830  -26.390  49.959 0.0000000000
55079  6.929  -26.485  49.514 0.0000000000
54129  8.729  -26.772  48.787 0.0000000000
54139  9.606  -27.312  48.241 0.0000000000
54127  10.481  -27.656  48.828 0.0000000000
118804  10.794  -28.608  47.765 0.0000000000
128460  8.376  -27.371  46.663 0.0000000000
54146  9.150  -27.520  47.006 0.0000000000
53120  9.057  -27.690  46.227 0.0000000000
58109  5.485  -22.589  42.798 0.0000000000
58108  6.385  -22.783  42.832 0.0000000000
58107  7.532  -22.900  42.968 0.0000000000
117836  7.609  -33.149  59.103 0.0000000000
48866  8.155  -32.521  59.337 0.0000000000
51011  9.868  -30.794  58.487 0.0000000000
49893  9.169  -31.489  58.422 0.0000000000
49903  10.216  -30.874  56.353 0.0000000000
53029  12.047  -28.880  59.867 0.0000000000
52009  11.481  -29.362  59.312 0.0000000000
52008  12.202  -29.067  58.901 0.0000000000
122771  12.499  -28.465  57.192 0.0000000000
52020  11.813  -28.935  56.498 0.0000000000
123107  12.356  -27.411  56.705 0.0000000000
54995  11.709  -26.667  56.524 0.0000000000
47910  18.856  -33.265  58.772 0.0000000000
47918  18.675  -33.158  57.918 0.0000000000
47911  18.193  -32.831  58.561 0.0000000000
48861  16.827  -32.090  59.483 0.0000000000
47912  17.235  -32.438  58.548 0.0000000000
48826  15.443  -31.085  61.241 0.0000000000
114352  16.090  -31.446  60.887 0.0000000000
112586  14.960  -31.139  60.827 0.0000000000
48864  13.897  -32.046  59.194 0.0000000000
48872  13.618  -32.471  58.454 0.0000000000
48871  14.378  -32.292  58.374 0.0000000000
47913  13.048  -32.816  58.032 0.0000000000
46954  11.488  -33.506  57.941 0.0000000000
46949  10.581  -34.730  59.628 0.0000000000
46950  9.932  -35.051  59.988 0.0000000000
45844  9.469  -35.542  59.527 0.0000000000
46945  9.520  -34.660  60.770 0.0000000000
48829  11.033  -31.965  62.753 0.0000000000
47880  10.641  -32.641  62.515 0.0000000000
47882  8.447  -32.978  62.662 0.0000000000
47887  9.261  -33.612  62.239 0.0000000000
46937  8.336  -33.797  62.219 0.0000000000
131493  8.271  -34.369  61.631 0.0000000000
46938  7.667  -34.077  61.888 0.0000000000
47888  7.306  -33.688  61.840 0.0000000000
48856  7.995  -32.687  60.606 0.0000000000
47897  7.155  -33.833  60.857 0.0000000000
48867  7.475  -33.399  60.084 0.0000000000
47907  6.950  -34.106  59.738 0.0000000000
128852  5.753  -26.427  56.275 0.0000000000
55017  5.966  -25.847  55.495 0.0000000000
55999  4.759  -24.902  53.959 0.0000000000
55987  5.338  -25.206  54.672 0.0000000000
55998  5.319  -25.222  53.758 0.0000000000
55997  6.179  -25.472  53.471 0.0000000000
59019  4.495  -22.429  53.417 0.0000000000
118001  4.808  -24.726  51.293 0.0000000000
57010  4.632  -24.180  52.188 0.0000000000
56020  4.892  -25.024  51.636 0.0000000000
120783  5.265  -25.419  51.693 0.0000000000
119339  5.200  -25.403  51.073 0.0000000000
130419  5.199  -25.861  50.138 0.0000000000
133930  4.984  -25.956  49.162 0.0000000000
121741  4.902  -25.844  48.845 0.0000000000
55100  5.168  -26.276  48.373 0.0000000000
130781  4.769  -25.677  48.295 0.0000000000
54013  16.131  -27.491  60.559 0.0000000000
53027  16.731  -28.150  59.875 0.0000000000
49902  21.201  -31.110  57.566 0.0000000000
49911  20.792  -31.194  56.581 0.0000000000
49912  20.459  -31.832  57.469 0.0000000000
49857  23.208  -30.337  60.379 0.0000000000
122686  23.860  -29.853  60.549 0.0000000000
49871  23.462  -30.391  60.104 0.0000000000
49880  23.542  -30.414  59.746 0.0000000000
49881  22.841  -30.783  59.883 0.0000000000
49891  22.577  -30.671  58.910 0.0000000000
111530  22.468  -30.982  59.528 0.0000000000
123032  21.210  -32.324  59.375 0.0000000000
48869  20.704  -32.964  59.027 0.0000000000
47899  20.252  -33.201  59.299 0.0000000000
48834  20.050  -32.290  60.699 0.0000000000
49862  19.734  -31.892  61.239 0.0000000000
48836  18.586  -32.242  61.055 0.0000000000
51988  19.190  -29.691  62.195 0.0000000000
50975  18.602  -30.477  62.608 0.0000000000
50963  17.283  -30.101  63.107 0.0000000000
130997  17.619  -29.528  62.993 0.0000000000
53006  17.278  -28.832  61.551 0.0000000000
52994  17.246  -29.016  62.508 0.0000000000
53007  16.504  -28.462  62.099 0.0000000000
43923  5.021  -37.797  52.467 0.0000000000
115308  5.160  -38.324  52.332 0.0000000000
126673  5.106  -37.108  52.377 0.0000000000
44941  5.336  -36.705  52.302 0.0000000000
118176  4.877  -36.279  52.611 0.0000000000
45901  4.411  -35.491  54.684 0.0000000000
117578  4.663  -34.858  54.151 0.0000000000
47013  5.030  -34.232  53.734 0.0000000000
130698  5.295  -33.707  53.475 0.0000000000
47026  5.069  -34.305  53.092 0.0000000000
133593  5.459  -33.419  53.415 0.0000000000
116395  5.588  -33.150  53.456 0.0000000000
48909  5.582  -32.756  53.926 0.0000000000
122302  5.928  -31.468  54.696 0.0000000000
51058  6.128  -30.781  54.813 0.0000000000
48874  7.817  -32.846  58.098 0.0000000000
128110  6.859  -33.681  57.264 0.0000000000
48888  7.512  -32.528  56.146 0.0000000000
54034  9.058  -27.260  57.317 0.0000000000
130131  8.961  -28.668  56.627 0.0000000000
54047  8.544  -28.059  57.339 0.0000000000
53047  6.896  -28.831  57.509 0.0000000000
52033  6.439  -29.878  56.372 0.0000000000
52024  6.068  -28.900  56.900 0.0000000000
53039  5.901  -27.532  57.724 0.0000000000
54048  5.759  -27.769  57.230 0.0000000000
55008  5.662  -27.137  56.786 0.0000000000
56965  4.968  -24.289  57.620 0.0000000000
55964  5.271  -25.146  57.207 0.0000000000
57962  4.777  -23.495  57.234 0.0000000000
57968  4.574  -23.351  56.399 0.0000000000
58979  4.849  -22.742  56.788 0.0000000000
58959  6.562  -22.810  58.403 0.0000000000
114080  17.826  -32.910  56.969 0.0000000000
47927  17.843  -33.200  56.202 0.0000000000
123495  17.083  -32.941  55.759 0.0000000000
42819  7.333  -38.006  56.183 0.0000000000
42787  6.699  -37.687  57.649 0.0000000000
40808  4.408  -40.870  53.034 0.0000000000
39843  4.392  -41.479  52.819 0.0000000000
42917  6.224  -38.799  51.118 0.0000000000
42935  6.686  -38.832  50.575 0.0000000000
43957  7.115  -38.389  50.340 0.0000000000
133961  6.694  -34.591  52.006 0.0000000000
45956  6.443  -35.167  52.004 0.0000000000
47038  7.213  -34.902  51.620 0.0000000000
46006  8.180  -36.212  50.449 0.0000000000
44944  7.517  -36.936  50.738 0.0000000000
43956  7.711  -38.468  49.342 0.0000000000
117961  8.254  -37.752  48.912 0.0000000000
46045  9.021  -35.883  48.021 0.0000000000
44969  8.583  -36.250  47.587 0.0000000000
116148  8.646  -35.544  47.213 0.0000000000
53067  7.351  -27.800  54.365 0.0000000000
126033  7.919  -27.660  53.697 0.0000000000
53083  8.901  -28.365  52.680 0.0000000000
131720  8.903  -29.023  52.667 0.0000000000
51089  8.936  -30.572  52.203 0.0000000000
52082  9.560  -29.851  51.870 0.0000000000
55063  9.333  -26.664  50.685 0.0000000000
54100  9.585  -27.172  51.275 0.0000000000
53096  10.149  -27.822  50.842 0.0000000000
49988  11.230  -30.775  50.359 0.0000000000
51100  10.754  -30.081  50.869 0.0000000000
49989  10.680  -31.605  50.586 0.0000000000
133456  10.824  -31.999  50.276 0.0000000000
48960  10.314  -33.144  49.794 0.0000000000
48012  9.742  -33.719  47.170 0.0000000000
48005  10.130  -33.828  48.085 0.0000000000
47096  8.852  -34.869  46.974 0.0000000000
47105  8.219  -34.522  46.329 0.0000000000
48997  8.946  -33.125  45.268 0.0000000000
52138  10.689  -29.658  46.813 0.0000000000
51144  10.583  -30.475  46.510 0.0000000000
51173  10.395  -30.813  45.301 0.0000000000
50054  10.106  -31.420  45.632 0.0000000000
49003  9.528  -32.396  44.823 0.0000000000
62132  5.455  -19.251  48.678 0.0000000000
61093  4.636  -19.927  49.561 0.0000000000
134331  5.053  -21.649  48.687 0.0000000000
57054  4.657  -25.115  47.403 0.0000000000
121081  5.283  -21.520  44.364 0.0000000000
59132  5.048  -22.362  44.608 0.0000000000
59122  5.333  -22.553  45.643 0.0000000000
59123  4.817  -23.313  44.953 0.0000000000
118686  4.878  -25.594  45.067 0.0000000000
57076  4.743  -25.125  45.512 0.0000000000
56098  4.871  -25.936  45.578 0.0000000000
123196  5.004  -26.335  46.221 0.0000000000
55136  5.099  -26.496  45.787 0.0000000000
54169  5.355  -26.756  46.037 0.0000000000
55128  5.184  -26.669  45.554 0.0000000000
54186  6.290  -27.125  44.041 0.0000000000
54176  5.893  -27.212  44.672 0.0000000000
54175  6.924  -27.379  44.359 0.0000000000
54174  8.020  -27.530  44.150 0.0000000000
56110  7.328  -25.565  43.548 0.0000000000
115200  12.797  -28.378  62.244 0.0000000000
53999  13.219  -27.718  61.915 0.0000000000
54944  14.167  -26.699  61.752 0.0000000000
51978  16.009  -29.206  62.893 0.0000000000
126080  15.491  -29.852  62.659 0.0000000000
51979  15.259  -29.293  62.751 0.0000000000
51980  14.289  -29.243  62.690 0.0000000000
51981  13.395  -29.286  62.631 0.0000000000
50968  12.847  -29.992  62.261 0.0000000000
52986  13.145  -28.713  62.644 0.0000000000
51992  12.607  -28.896  62.367 0.0000000000
47136  5.824  -35.028  44.853 0.0000000000
130769  6.301  -34.839  45.109 0.0000000000
45860  5.232  -35.682  56.875 0.0000000000
47924  6.412  -34.149  56.929 0.0000000000
46947  6.600  -35.143  59.891 0.0000000000
44875  6.279  -36.379  58.959 0.0000000000
44882  5.785  -36.355  58.439 0.0000000000
44883  5.422  -36.584  57.967 0.0000000000
122988  4.827  -37.575  57.283 0.0000000000
51066  6.231  -31.530  53.760 0.0000000000
49962  6.344  -32.033  53.266 0.0000000000
51065  6.757  -30.766  53.734 0.0000000000
52059  7.508  -29.799  53.671 0.0000000000
55097  6.479  -26.631  48.798 0.0000000000
112626  9.092  -27.277  47.611 0.0000000000
129821  7.298  -26.924  47.305 0.0000000000
54157  7.316  -27.103  46.733 0.0000000000
51001  9.438  -30.854  59.422 0.0000000000
51010  10.485  -30.189  58.638 0.0000000000
130530  13.363  -27.969  58.914 0.0000000000
125771  13.356  -26.738  58.435 0.0000000000
54968  13.182  -25.905  58.043 0.0000000000
54981  12.544  -25.820  57.255 0.0000000000
127467  13.174  -24.138  58.426 0.0000000000
47892  18.160  -32.620  60.119 0.0000000000
47893  17.350  -32.226  60.147 0.0000000000
111128  16.435  -31.751  60.227 0.0000000000
48853  14.330  -31.352  60.422 0.0000000000
48854  13.311  -31.558  60.504 0.0000000000
48865  12.898  -32.151  59.828 0.0000000000
49855  10.083  -31.826  62.650 0.0000000000
48831  9.371  -32.311  62.526 0.0000000000
122971  8.453  -32.617  62.524 0.0000000000
48832  7.850  -32.838  62.458 0.0000000000
48845  7.423  -33.101  62.111 0.0000000000
48844  7.853  -32.606  62.031 0.0000000000
55979  5.083  -24.995  55.707 0.0000000000
132689  5.338  -25.295  55.337 0.0000000000
56983  4.623  -24.236  55.057 0.0000000000
57000  4.581  -24.479  53.366 0.0000000000
60044  4.694  -21.248  52.048 0.0000000000
133919  4.443  -23.229  52.292 0.0000000000
59051  4.423  -22.751  51.808 0.0000000000
58012  4.660  -24.079  51.059 0.0000000000
130200  4.905  -25.142  50.402 0.0000000000
118338  4.673  -24.473  50.176 0.0000000000
49901  21.777  -30.968  58.426 0.0000000000
49858  22.838  -30.482  60.482 0.0000000000
48848  20.415  -32.509  60.286 0.0000000000
49861  21.281  -31.294  61.036 0.0000000000
52993  17.981  -29.500  62.606 0.0000000000
41828  4.708  -40.083  52.691 0.0000000000
47941  5.442  -34.327  55.181 0.0000000000
117096  5.176  -34.320  54.523 0.0000000000
47951  5.492  -33.600  54.510 0.0000000000
48902  5.487  -33.152  54.102 0.0000000000
49905  8.963  -31.922  56.837 0.0000000000
49913  9.355  -31.311  56.070 0.0000000000
113130  9.332  -30.802  55.856 0.0000000000
52031  8.664  -30.382  55.959 0.0000000000
54970  7.829  -26.324  58.602 0.0000000000
54035  8.099  -27.276  58.034 0.0000000000
54025  7.134  -27.311  58.525 0.0000000000
53037  6.514  -27.986  58.181 0.0000000000
53048  6.136  -28.393  57.606 0.0000000000
53038  6.037  -27.792  58.024 0.0000000000
54027  6.143  -27.171  58.131 0.0000000000
54985  5.891  -26.740  57.849 0.0000000000
133117  5.650  -25.843  57.700 0.0000000000
55956  5.837  -25.876  58.146 0.0000000000
56955  5.270  -24.198  58.209 0.0000000000
57956  5.404  -23.426  58.256 0.0000000000
125572  16.361  -32.600  56.201 0.0000000000
44880  9.119  -35.984  58.311 0.0000000000
43849  8.475  -36.430  57.811 0.0000000000
43866  7.778  -36.947  57.356 0.0000000000
118729  7.179  -37.699  56.930 0.0000000000
41738  6.086  -39.065  56.781 0.0000000000
41762  4.342  -39.529  55.467 0.0000000000
41784  4.207  -40.283  55.023 0.0000000000
40796  4.219  -41.113  53.758 0.0000000000
40795  4.447  -40.259  53.326 0.0000000000
43933  5.671  -37.847  51.850 0.0000000000
42918  5.732  -38.615  51.621 0.0000000000
43932  6.058  -37.336  51.666 0.0000000000
44945  6.594  -36.757  51.462 0.0000000000
47983  7.377  -33.478  51.989 0.0000000000
46005  8.762  -35.615  49.991 0.0000000000
44951  8.673  -36.195  49.530 0.0000000000
47068  9.263  -35.110  49.300 0.0000000000
113434  7.516  -26.406  53.572 0.0000000000
54078  8.207  -26.974  53.211 0.0000000000
54090  8.767  -27.437  52.580 0.0000000000
54089  9.336  -27.746  52.072 0.0000000000
53101  10.909  -28.129  49.463 0.0000000000
121994  10.707  -28.275  50.324 0.0000000000
52104  11.292  -29.027  49.769 0.0000000000
51111  11.464  -30.049  49.624 0.0000000000
50001  11.305  -31.833  49.167 0.0000000000
48971  10.862  -32.673  48.943 0.0000000000
133877  10.256  -33.251  47.490 0.0000000000
48980  9.996  -32.966  46.882 0.0000000000
52150  10.530  -29.769  46.275 0.0000000000
61103  6.257  -20.093  47.540 0.0000000000
60100  5.618  -21.557  47.505 0.0000000000
59099  5.280  -22.100  48.000 0.0000000000
59111  5.333  -22.648  46.841 0.0000000000
59112  5.092  -23.307  46.005 0.0000000000
122650  4.800  -22.731  43.402 0.0000000000
58075  4.772  -23.621  44.144 0.0000000000
58061  4.742  -24.172  44.981 0.0000000000
126927  5.200  -26.875  44.960 0.0000000000
55146  5.372  -26.770  44.566 0.0000000000
55145  5.861  -26.762  44.033 0.0000000000
129567  6.763  -26.609  43.737 0.0000000000
52004  10.485  -29.836  60.668 0.0000000000
53019  12.692  -28.356  60.356 0.0000000000
54007  13.210  -27.690  61.008 0.0000000000
54016  13.292  -27.781  59.799 0.0000000000
49864  14.560  -30.843  61.218 0.0000000000
49851  14.227  -30.470  61.605 0.0000000000
48841  12.008  -31.825  61.523 0.0000000000
50969  12.037  -30.116  62.271 0.0000000000
132321  11.469  -30.821  62.199 0.0000000000
49854  10.823  -31.540  62.670 0.0000000000
50987  10.542  -30.379  61.589 0.0000000000
60026  4.929  -21.806  54.312 0.0000000000
129820  4.730  -21.819  53.781 0.0000000000
114700  5.004  -21.532  53.627 0.0000000000
60036  4.861  -21.527  52.999 0.0000000000
60043  5.118  -20.795  52.124 0.0000000000
61038  4.914  -20.739  51.969 0.0000000000
60057  4.493  -20.509  51.348 0.0000000000
124579  4.389  -19.859  50.914 0.0000000000
46984  5.153  -35.031  55.651 0.0000000000
54045  10.694  -27.925  56.107 0.0000000000
130554  10.308  -28.633  55.968 0.0000000000
54997  9.985  -27.137  56.732 0.0000000000
134106  9.454  -26.555  57.334 0.0000000000
55952  9.719  -24.518  57.905 0.0000000000
55953  8.774  -25.050  58.062 0.0000000000
127571  8.495  -25.708  58.256 0.0000000000
55954  8.097  -25.324  58.423 0.0000000000
55940  7.876  -24.961  58.462 0.0000000000
57941  7.465  -23.941  58.725 0.0000000000
57942  6.653  -23.972  58.796 0.0000000000
58947  7.912  -23.251  58.765 0.0000000000
44874  7.440  -36.287  59.547 0.0000000000
43839  7.646  -36.581  58.782 0.0000000000
43840  7.051  -36.744  58.914 0.0000000000
43852  6.653  -37.290  58.269 0.0000000000
42788  6.327  -37.911  57.647 0.0000000000
118695  6.270  -37.479  58.119 0.0000000000
41728  6.113  -38.644  57.159 0.0000000000
127378  4.924  -39.542  56.498 0.0000000000
117522  4.582  -39.449  56.279 0.0000000000
42820  4.514  -38.606  56.474 0.0000000000
125718  4.355  -38.886  55.893 0.0000000000
42838  4.322  -38.758  55.103 0.0000000000
129896  5.681  -34.111  52.587 0.0000000000
47040  5.808  -34.830  52.397 0.0000000000
115400  6.574  -33.611  52.346 0.0000000000
48922  6.689  -32.445  52.745 0.0000000000
131486  6.815  -33.257  52.355 0.0000000000
48935  7.918  -32.857  51.867 0.0000000000
55052  6.349  -25.956  51.166 0.0000000000
55051  7.691  -26.120  51.582 0.0000000000
130449  8.024  -26.288  50.755 0.0000000000
55064  8.718  -26.421  50.409 0.0000000000
55077  9.285  -26.606  50.111 0.0000000000
55096  7.634  -26.590  49.132 0.0000000000
54128  9.509  -26.837  49.549 0.0000000000
54113  10.297  -27.479  49.662 0.0000000000
53106  11.095  -28.524  48.696 0.0000000000
52117  11.233  -29.444  48.170 0.0000000000
53112  10.519  -28.717  47.078 0.0000000000
53129  9.747  -28.362  45.724 0.0000000000
128026  9.317  -28.216  45.017 0.0000000000
58092  5.573  -23.349  43.155 0.0000000000
57105  6.244  -24.231  43.488 0.0000000000
124466  6.598  -25.019  43.561 0.0000000000
58089  8.808  -23.766  43.369 0.0000000000
44982  6.367  -36.248  45.695 0.0000000000
46956  6.688  -34.314  58.662 0.0000000000
48876  6.711  -34.001  57.993 0.0000000000
51035  10.554  -30.422  56.044 0.0000000000
52010  10.741  -29.746  59.631 0.0000000000
52014  12.582  -28.963  58.123 0.0000000000
52015  11.769  -29.505  58.098 0.0000000000
51009  11.056  -30.080  57.673 0.0000000000
51022  11.508  -29.721  56.742 0.0000000000
52028  11.130  -29.396  55.961 0.0000000000
53055  10.897  -28.818  55.851 0.0000000000
54983  11.138  -25.995  56.760 0.0000000000
55961  11.390  -25.153  57.222 0.0000000000
55960  12.148  -25.046  57.403 0.0000000000
46959  19.408  -33.401  57.589 0.0000000000
46967  18.803  -33.439  56.740 0.0000000000
47919  18.097  -32.866  57.660 0.0000000000
47920  17.311  -32.596  57.525 0.0000000000
47929  16.399  -32.451  57.036 0.0000000000
129132  14.861  -32.378  57.058 0.0000000000
48862  15.776  -31.734  59.631 0.0000000000
48863  14.703  -31.619  59.807 0.0000000000
48879  14.647  -32.397  57.656 0.0000000000
126045  14.110  -32.502  57.095 0.0000000000
47923  12.215  -33.019  57.512 0.0000000000
45848  10.183  -35.393  58.604 0.0000000000
44872  9.006  -35.994  59.095 0.0000000000
45845  8.640  -35.748  59.856 0.0000000000
47885  11.122  -33.140  61.761 0.0000000000
46939  9.900  -34.096  61.417 0.0000000000
47881  9.528  -32.740  62.623 0.0000000000
46946  8.660  -34.816  60.989 0.0000000000
45840  8.200  -35.471  60.581 0.0000000000
44866  7.857  -35.920  60.132 0.0000000000
45841  7.543  -35.593  60.573 0.0000000000
45837  7.212  -35.227  60.787 0.0000000000
46942  6.923  -34.809  60.763 0.0000000000
128272  7.289  -33.575  61.627 0.0000000000
128098  7.137  -34.128  61.200 0.0000000000
46951  6.616  -34.705  59.326 0.0000000000
53062  6.170  -28.065  55.769 0.0000000000
54068  7.220  -26.736  54.358 0.0000000000
55986  6.222  -25.553  54.478 0.0000000000
55038  7.020  -25.746  53.103 0.0000000000
57988  4.460  -23.509  53.602 0.0000000000
118166  4.701  -24.736  52.548 0.0000000000
55039  5.938  -25.618  52.161 0.0000000000
55066  5.736  -26.218  50.056 0.0000000000
56032  5.049  -25.808  49.667 0.0000000000
55068  5.305  -26.158  49.512 0.0000000000
55081  5.481  -26.343  49.115 0.0000000000
55099  5.346  -26.367  48.435 0.0000000000
55112  5.281  -26.407  47.944 0.0000000000
55113  5.187  -26.415  47.632 0.0000000000
53987  15.133  -27.447  62.528 0.0000000000
53997  15.224  -26.888  61.869 0.0000000000
124687  16.226  -27.501  59.603 0.0000000000
47916  20.041  -33.293  57.704 0.0000000000
112509  24.111  -30.159  59.800 0.0000000000
48858  21.888  -31.639  59.650 0.0000000000
121498  20.493  -33.073  58.412 0.0000000000
47917  19.730  -33.440  58.285 0.0000000000
48849  19.671  -32.714  60.399 0.0000000000
47891  18.816  -32.905  60.082 0.0000000000
48823  18.046  -31.790  61.691 0.0000000000
123762  20.806  -30.144  61.948 0.0000000000
50973  20.206  -30.655  62.018 0.0000000000
51987  20.004  -29.867  62.175 0.0000000000
49846  19.369  -31.197  61.997 0.0000000000
49847  18.525  -31.208  62.290 0.0000000000
126025  18.143  -31.453  62.186 0.0000000000
49848  17.520  -31.274  62.304 0.0000000000
49839  17.028  -30.589  62.814 0.0000000000
50964  16.679  -29.872  63.104 0.0000000000
119950  16.475  -29.398  63.052 0.0000000000
51990  17.170  -29.224  62.988 0.0000000000
51991  16.396  -28.968  62.956 0.0000000000
52995  16.154  -28.569  62.613 0.0000000000
53996  15.745  -27.832  62.318 0.0000000000
42903  5.048  -39.164  52.365 0.0000000000
42902  5.376  -38.448  52.042 0.0000000000
115270  4.434  -37.255  53.446 0.0000000000
44929  4.446  -36.319  53.112 0.0000000000
45938  4.572  -35.578  52.972 0.0000000000
45937  4.967  -35.238  52.781 0.0000000000
47025  5.367  -34.536  52.717 0.0000000000
125693  5.709  -32.302  53.928 0.0000000000
53068  6.255  -29.033  55.542 0.0000000000
48883  6.767  -33.297  56.262 0.0000000000
111865  6.773  -32.483  55.649 0.0000000000
112143  6.449  -31.550  55.499 0.0000000000
53056  9.686  -29.034  56.035 0.0000000000
53057  8.839  -29.453  56.286 0.0000000000
52021  7.817  -29.650  56.628 0.0000000000
52032  7.497  -30.444  56.216 0.0000000000
51040  6.184  -30.333  55.673 0.0000000000
52042  6.129  -29.772  55.889 0.0000000000
126970  6.088  -29.015  56.349 0.0000000000
53063  6.070  -28.904  56.152 0.0000000000
55970  5.441  -25.550  56.578 0.0000000000
120321  5.632  -26.198  57.270 0.0000000000
55971  5.035  -24.859  56.442 0.0000000000
56977  4.726  -24.191  55.955 0.0000000000
58991  4.940  -22.210  55.348 0.0000000000
57955  6.107  -23.257  58.649 0.0000000000
58960  5.726  -22.833  58.027 0.0000000000
58978  5.395  -22.574  57.149 0.0000000000
58977  5.909  -22.354  56.481 0.0000000000
113147  5.017  -22.286  56.250 0.0000000000
60018  4.980  -22.006  54.895 0.0000000000
59018  5.803  -22.104  54.036 0.0000000000
123654  15.138  -26.050  61.223 0.0000000000
112810  18.461  -33.432  56.212 0.0000000000
46980  18.139  -33.437  55.602 0.0000000000
46996  18.099  -33.507  54.727 0.0000000000
47936  17.006  -33.058  54.997 0.0000000000
42786  7.169  -37.408  57.579 0.0000000000
41736  6.695  -38.624  56.478 0.0000000000
40765  6.583  -39.526  55.776 0.0000000000
41877  5.846  -39.374  51.260 0.0000000000
45983  6.333  -36.023  51.820 0.0000000000
44960  8.488  -36.963  48.282 0.0000000000
130369  6.895  -35.856  45.988 0.0000000000
52071  8.121  -30.058  53.058 0.0000000000
52058  8.404  -29.101  53.148 0.0000000000
51074  8.270  -30.697  52.631 0.0000000000
49977  8.429  -31.440  52.146 0.0000000000
114602  8.918  -31.799  51.616 0.0000000000
53090  9.818  -28.176  51.555 0.0000000000
124145  9.923  -28.985  51.673 0.0000000000
52095  10.907  -29.209  50.687 0.0000000000
52081  10.338  -29.473  51.324 0.0000000000
126240  10.137  -30.241  51.376 0.0000000000
49976  9.747  -31.816  51.131 0.0000000000
121450  9.473  -33.101  50.713 0.0000000000
131334  9.731  -33.774  50.075 0.0000000000
47082  9.663  -34.543  48.635 0.0000000000
47999  10.436  -33.374  48.814 0.0000000000
46066  7.982  -35.145  46.474 0.0000000000
46067  7.093  -35.390  45.979 0.0000000000
47119  6.855  -34.780  45.441 0.0000000000
51133  10.854  -30.575  47.119 0.0000000000
50041  10.480  -31.288  46.655 0.0000000000
50042  10.048  -31.804  46.205 0.0000000000
48996  9.589  -32.317  45.632 0.0000000000
61076  4.557  -19.331  50.680 0.0000000000
120309  4.450  -19.769  50.289 0.0000000000
58036  4.749  -23.554  48.979 0.0000000000
129770  4.846  -23.567  48.234 0.0000000000
123704  4.706  -24.548  48.287 0.0000000000
56062  4.905  -26.199  47.565 0.0000000000
55122  4.964  -26.316  47.141 0.0000000000
57066  4.667  -25.062  46.391 0.0000000000
54160  5.197  -26.481  47.028 0.0000000000
54159  5.271  -26.575  46.757 0.0000000000
114894  5.577  -27.076  45.905 0.0000000000
113378  6.871  -27.274  45.841 0.0000000000
54177  5.292  -26.980  45.135 0.0000000000
121082  6.431  -27.383  45.104 0.0000000000
54173  9.021  -27.723  44.037 0.0000000000
53141  9.532  -28.241  44.473 0.0000000000
44865  7.148  -35.695  60.467 0.0000000000
44892  4.827  -36.189  56.846 0.0000000000
45842  6.490  -35.731  59.434 0.0000000000
46028  9.067  -35.770  48.892 0.0000000000
46960  18.943  -33.395  57.403 0.0000000000
46965  19.223  -33.429  56.278 0.0000000000
48850  19.041  -32.681  60.513 0.0000000000
49844  12.150  -30.354  62.172 0.0000000000
50962  17.792  -29.971  63.057 0.0000000000
50974  19.409  -30.411  62.344 0.0000000000
51023  10.883  -30.392  56.600 0.0000000000
52996  15.639  -28.270  62.668 0.0000000000
53053  11.982  -28.201  56.423 0.0000000000
53998  13.800  -27.196  62.131 0.0000000000
54024  13.284  -27.579  58.336 0.0000000000
54044  11.546  -27.591  56.274 0.0000000000
54114  9.880  -27.076  50.332 0.0000000000
54168  5.981  -27.168  45.798 0.0000000000
54942  14.943  -26.297  61.566 0.0000000000
54960  6.477  -26.141  58.640 0.0000000000
55924  15.011  -25.563  61.051 0.0000000000
55942  6.773  -25.471  58.777 0.0000000000
55951  12.899  -24.960  57.789 0.0000000000
56042  5.011  -26.052  48.807 0.0000000000
56940  7.738  -24.554  58.572 0.0000000000
57103  8.258  -24.245  43.461 0.0000000000
57957  4.981  -23.643  57.883 0.0000000000
58948  6.994  -23.224  58.793 0.0000000000
58972  6.175  -22.598  57.610 0.0000000000
58990  5.232  -22.169  55.569 0.0000000000
111219  11.232  -31.633  50.022 0.0000000000
116222  18.781  -33.525  56.181 0.0000000000
120084  11.684  -29.615  61.891 0.0000000000
120785  13.060  -28.326  62.533 0.0000000000
121241  6.544  -38.362  50.945 0.0000000000
125980  8.138  -24.461  58.430 0.0000000000
127006  6.537  -22.357  55.937 0.0000000000
130986  20.749  -32.093  60.569 0.0000000000
131355  6.737  -35.020  60.423 0.0000000000
131873  5.234  -26.542  46.464 0.0000000000
132222  4.553  -24.068  52.903 0.0000000000
132464  5.157  -34.656  55.115 0.0000000000
133027  5.717  -32.326  54.629 0.0000000000
133181  23.441  -30.161  60.451 0.0000000000
133936  9.570  -32.446  50.935 0.0000000000
133953  5.205  -24.672  43.965 0.0000000000
