#!ascii label  , from subject sub-v2s3x28790_ses-1 vox2ras=TkReg
1689
29861  41.166  -53.179  -25.652 0.6000000238
117488  42.950  -53.083  -25.377 0.5000000000
31895  40.935  -50.546  -24.414 0.6999999881
31896  39.929  -50.510  -24.293 0.6000000238
31897  39.113  -50.761  -24.115 0.6000000238
31892  38.831  -50.420  -23.533 0.6000000238
30891  41.414  -51.649  -24.822 0.6999999881
29854  40.660  -52.254  -25.154 0.6000000238
30892  40.268  -51.374  -24.666 0.5000000000
125862  39.463  -51.230  -24.459 0.5000000000
30893  38.765  -51.557  -24.398 0.5000000000
30885  38.383  -51.181  -23.904 0.6000000238
31885  38.617  -50.168  -22.766 0.6000000238
30890  42.755  -52.163  -24.830 0.5000000000
29860  42.547  -53.508  -25.676 0.5000000000
131062  40.009  -52.752  -25.345 0.6000000238
31886  37.917  -50.683  -22.374 0.6000000238
28030  43.045  -54.965  -25.574 0.5000000000
27183  42.414  -55.624  -25.143 0.5000000000
33822  39.621  -48.754  -21.811 0.6000000238
31889  41.579  -49.885  -23.902 0.6000000238
132424  41.054  -49.414  -23.581 0.6999999881
32889  39.874  -49.072  -22.743 0.6000000238
32890  39.142  -49.360  -22.354 0.6000000238
120652  42.064  -50.915  -24.455 0.6000000238
31881  38.411  -49.900  -21.938 0.6000000238
29852  43.376  -52.942  -24.902 0.5000000000
123828  43.033  -51.306  -24.412 0.5000000000
31882  37.695  -50.442  -21.521 0.6000000238
28934  42.929  -54.485  -25.826 0.5000000000
28935  43.073  -54.213  -25.065 0.5000000000
31883  37.031  -50.964  -21.070 0.6000000238
31860  36.227  -50.254  -19.572 0.6999999881
30869  36.319  -51.414  -20.643 0.6000000238
31874  35.951  -51.088  -19.837 0.6999999881
30870  35.585  -51.813  -20.260 0.6000000238
30857  34.245  -51.621  -19.315 0.6000000238
30871  34.865  -52.188  -19.877 0.6000000238
115476  31.270  -51.190  -18.940 0.5000000000
32867  30.720  -50.010  -19.818 0.6999999881
31866  30.894  -50.669  -19.291 0.6000000238
32868  29.949  -49.264  -19.056 0.8000000119
31844  30.266  -50.086  -18.859 0.6999999881
117976  39.704  -48.395  -21.005 0.6000000238
33823  39.108  -48.371  -21.064 0.6999999881
118204  41.427  -49.416  -23.265 0.6999999881
32891  40.643  -49.141  -23.148 0.6999999881
33827  40.370  -48.856  -22.279 0.6000000238
32882  38.847  -48.973  -21.586 0.6999999881
32872  38.477  -48.663  -20.854 0.6999999881
120722  42.666  -50.495  -24.025 0.6000000238
32887  41.895  -49.641  -22.717 0.6000000238
33814  38.102  -48.355  -20.179 0.8000000119
30884  44.686  -51.836  -23.965 0.5000000000
31894  43.621  -51.213  -24.110 0.5000000000
32873  37.717  -49.220  -20.476 0.8000000119
32883  38.111  -49.575  -21.174 0.6000000238
29851  44.600  -52.177  -24.134 0.5000000000
30889  43.868  -52.054  -24.466 0.5000000000
32874  36.983  -49.784  -20.024 0.8000000119
31872  37.409  -50.153  -20.726 0.6000000238
32862  36.502  -49.377  -19.358 0.8000000119
31873  36.666  -50.635  -20.294 0.6999999881
32864  34.695  -50.001  -18.629 0.6999999881
31861  35.384  -50.580  -19.205 0.6999999881
31842  33.745  -50.172  -18.521 0.6999999881
31862  34.472  -50.813  -18.943 0.6999999881
30856  35.118  -51.384  -19.526 0.6999999881
31843  32.834  -50.392  -18.597 0.6000000238
32865  31.749  -50.497  -19.014 0.6999999881
31864  32.655  -51.262  -18.790 0.6999999881
31863  33.554  -51.031  -18.833 0.6000000238
31865  31.217  -50.585  -19.305 0.6999999881
111353  31.824  -51.290  -18.832 0.6000000238
31875  30.961  -50.129  -19.980 0.8000000119
33804  30.413  -49.156  -19.969 0.8999999762
33786  28.923  -48.762  -18.623 0.6999999881
32848  29.341  -49.555  -18.362 0.6999999881
33812  39.267  -48.049  -20.498 0.6000000238
34713  39.068  -47.721  -20.102 0.6999999881
34701  39.070  -47.605  -19.629 0.6999999881
33821  40.175  -48.663  -21.506 0.6000000238
34703  38.059  -47.556  -19.012 0.6000000238
31871  41.690  -50.613  -20.847 0.4000000060
32880  41.455  -49.678  -21.751 0.6000000238
32881  40.736  -49.118  -21.601 0.6000000238
34702  38.619  -47.723  -19.756 0.6999999881
31880  42.202  -50.298  -21.971 0.6000000238
30875  44.832  -51.999  -23.143 0.4000000060
31878  43.666  -50.891  -23.220 0.5000000000
31884  42.739  -50.245  -22.964 0.6000000238
32861  37.309  -48.910  -19.771 0.8000000119
29843  44.835  -52.169  -23.969 0.5000000000
33800  36.827  -48.618  -19.080 0.8000000119
124172  44.182  -52.692  -24.051 0.4000000060
32863  35.663  -49.781  -18.923 0.8000000119
28928  42.698  -53.397  -24.312 0.5000000000
32845  33.993  -49.394  -18.136 0.8000000119
33785  32.787  -48.739  -18.340 0.8000000119
32844  34.996  -49.265  -18.315 0.8000000119
32847  32.345  -49.666  -18.807 0.8000000119
32846  33.132  -49.494  -18.318 0.6999999881
33815  31.863  -48.789  -20.383 0.8999999762
33803  31.556  -49.633  -19.824 0.8999999762
32876  30.878  -49.738  -20.828 0.8999999762
33806  28.446  -47.991  -19.031 0.8000000119
33788  27.450  -48.547  -19.022 0.8000000119
33787  28.002  -48.491  -18.547 0.8000000119
33805  29.544  -48.413  -19.303 0.8000000119
132787  38.871  -47.179  -18.496 0.6000000238
33811  39.813  -48.434  -20.132 0.6000000238
33797  39.877  -48.532  -19.163 0.5000000000
34688  38.418  -47.224  -18.444 0.6999999881
32859  40.820  -49.946  -19.588 0.4000000060
32871  40.367  -48.989  -20.586 0.6000000238
33799  37.679  -48.108  -19.473 0.6999999881
31870  42.446  -51.132  -21.122 0.5000000000
33780  37.175  -47.951  -18.698 0.6999999881
30867  43.475  -51.734  -21.249 0.5000000000
31879  43.088  -50.890  -22.233 0.6000000238
29824  45.216  -52.756  -22.898 0.4000000060
29825  44.573  -52.307  -22.072 0.4000000060
33762  34.840  -48.028  -17.545 0.8000000119
34690  35.720  -48.043  -17.775 0.8000000119
122479  45.208  -53.141  -22.956 0.4000000060
33783  34.345  -48.683  -17.801 0.8000000119
33782  35.357  -48.596  -18.040 0.8000000119
33801  35.950  -49.002  -18.691 0.8000000119
124940  43.582  -52.883  -23.254 0.3000000119
34691  32.583  -47.865  -18.560 0.8000000119
33764  33.135  -47.909  -17.895 0.8000000119
33784  33.462  -48.686  -17.929 0.8000000119
34704  32.334  -47.854  -19.600 0.8000000119
33802  32.199  -48.785  -19.195 0.8999999762
33824  31.806  -48.829  -21.651 0.8999999762
33816  31.255  -49.477  -21.231 0.8999999762
32875  30.967  -49.545  -21.663 0.8999999762
34692  27.705  -48.014  -19.255 0.8000000119
33789  26.906  -48.834  -19.355 0.8000000119
32885  30.797  -49.397  -21.761 0.8999999762
133444  30.583  -49.239  -20.954 0.8999999762
34705  29.053  -47.445  -19.729 0.8000000119
34714  30.442  -48.618  -21.305 0.8000000119
34686  39.438  -47.870  -18.833 0.6000000238
121864  39.241  -47.317  -18.318 0.6000000238
34669  38.933  -46.921  -17.917 0.6000000238
33779  40.233  -48.482  -18.274 0.6000000238
123159  41.302  -50.312  -18.994 0.4000000060
32842  40.875  -49.654  -18.790 0.4000000060
32860  40.355  -49.098  -19.462 0.4000000060
121604  37.594  -47.398  -18.244 0.6999999881
116885  41.532  -50.710  -19.726 0.4000000060
34689  36.576  -47.659  -17.860 0.6999999881
30854  42.785  -51.789  -19.928 0.5000000000
30855  42.162  -51.314  -20.202 0.4000000060
29790  43.364  -52.211  -20.152 0.5000000000
34673  34.457  -47.359  -17.246 0.8000000119
35678  32.919  -46.914  -18.066 0.8000000119
33763  33.894  -47.993  -17.566 0.8000000119
35689  32.536  -46.970  -20.031 0.8000000119
126050  32.311  -47.929  -20.804 0.8999999762
34720  32.413  -48.092  -22.059 0.8999999762
33825  31.212  -49.276  -22.249 0.8999999762
32884  30.952  -49.286  -22.385 1.0000000000
34716  28.132  -46.759  -20.333 0.8000000119
33826  30.654  -48.878  -22.302 1.0000000000
34706  27.920  -47.358  -19.677 0.8000000119
34721  30.268  -47.562  -21.550 1.0000000000
34715  29.835  -47.476  -20.582 0.8000000119
124090  29.021  -46.876  -20.433 0.8000000119
35662  38.586  -46.436  -17.264 0.6000000238
34685  39.964  -47.799  -17.848 0.6000000238
35663  37.703  -46.518  -17.095 0.6999999881
33778  41.621  -49.379  -18.275 0.4000000060
117646  40.945  -48.964  -18.166 0.4000000060
32843  40.457  -48.995  -18.725 0.4000000060
31841  42.039  -50.721  -18.936 0.4000000060
119828  36.400  -47.111  -17.220 0.6999999881
30853  43.458  -52.130  -19.789 0.5000000000
35665  35.835  -46.642  -16.743 0.8000000119
121098  34.091  -46.752  -17.142 0.8000000119
125739  34.817  -46.619  -16.783 0.8000000119
36726  32.775  -46.313  -18.664 0.8000000119
34674  33.614  -47.211  -17.521 0.8000000119
36746  32.829  -46.184  -20.381 0.8000000119
35679  32.541  -46.983  -18.981 0.8000000119
33828  31.865  -48.746  -22.724 0.8999999762
35712  32.896  -47.369  -22.596 0.8999999762
33831  31.542  -48.692  -23.019 1.0000000000
33830  31.028  -48.785  -22.851 1.0000000000
33832  31.125  -47.896  -23.066 1.0000000000
34707  27.248  -47.658  -20.091 0.8000000119
34726  30.676  -47.655  -22.525 1.0000000000
34722  29.458  -46.663  -21.123 0.8000000119
35660  40.305  -46.528  -17.216 0.6000000238
34668  39.737  -47.053  -17.641 0.6000000238
35661  39.451  -46.442  -17.282 0.6000000238
35646  37.242  -46.000  -16.502 0.6999999881
36698  36.722  -45.363  -16.015 0.6999999881
33760  41.773  -48.627  -17.849 0.4000000060
33761  40.952  -48.159  -17.656 0.5000000000
35647  36.286  -45.990  -16.417 0.8000000119
32841  42.189  -49.928  -18.492 0.4000000060
32840  43.281  -49.418  -18.359 0.4000000060
33777  42.516  -48.999  -18.095 0.4000000060
36713  33.714  -45.559  -17.350 0.8000000119
35666  34.141  -46.102  -16.945 0.8000000119
36725  33.184  -45.818  -18.084 0.8000000119
36737  32.699  -46.264  -19.450 0.8000000119
35698  32.684  -46.927  -21.283 0.8999999762
35697  33.112  -46.065  -21.218 0.8000000119
34725  32.529  -48.089  -22.967 1.0000000000
34727  32.275  -48.122  -23.356 1.0000000000
34724  32.944  -47.485  -23.475 1.0000000000
34728  31.571  -48.180  -23.294 1.0000000000
126974  29.710  -45.212  -22.941 1.0000000000
35708  28.756  -45.832  -21.698 0.8999999762
34717  26.889  -47.041  -20.847 0.8000000119
35701  26.072  -46.491  -21.512 0.8999999762
36755  27.772  -45.132  -22.312 1.0000000000
35709  27.478  -45.668  -21.744 1.0000000000
36771  29.647  -44.509  -23.383 1.0000000000
123453  29.666  -43.611  -23.664 1.0000000000
37813  28.845  -44.462  -23.165 1.0000000000
37814  28.211  -43.607  -23.121 1.0000000000
38799  29.909  -42.932  -23.731 1.0000000000
37824  28.931  -43.059  -23.279 1.0000000000
35644  39.081  -45.864  -16.787 0.6999999881
35645  38.163  -45.944  -16.652 0.6999999881
36696  38.603  -45.273  -16.271 0.6999999881
35643  40.001  -45.876  -16.846 0.6000000238
36697  37.665  -45.352  -16.118 0.6999999881
34667  40.590  -47.275  -17.456 0.6000000238
131259  41.875  -47.932  -17.596 0.5000000000
37726  36.249  -44.601  -15.808 0.8000000119
126922  43.287  -48.613  -18.116 0.4000000060
36699  35.788  -45.272  -16.157 0.8000000119
36712  34.262  -45.346  -16.823 0.8000000119
37741  33.568  -45.087  -17.794 0.8000000119
36736  33.038  -45.658  -19.028 0.8000000119
37759  33.471  -45.041  -18.589 0.8000000119
36745  33.372  -45.455  -20.666 0.6999999881
37776  33.510  -45.033  -19.694 0.8000000119
35706  33.203  -46.415  -22.154 0.8999999762
36753  33.534  -45.590  -21.746 0.8000000119
35711  33.484  -46.822  -23.286 0.8999999762
36763  33.859  -45.999  -22.884 1.0000000000
36768  34.106  -46.407  -23.887 1.0000000000
117296  32.878  -47.350  -23.848 1.0000000000
35714  33.993  -46.354  -24.265 1.0000000000
36767  34.394  -45.848  -24.203 1.0000000000
119883  32.275  -46.695  -23.836 1.0000000000
36773  33.773  -45.966  -24.448 1.0000000000
36769  32.320  -45.591  -23.963 1.0000000000
37831  32.315  -44.538  -24.178 1.0000000000
120230  30.500  -44.554  -23.633 1.0000000000
36756  26.729  -45.058  -22.102 1.0000000000
35710  26.367  -45.747  -21.701 1.0000000000
37822  30.512  -43.481  -23.953 1.0000000000
36765  27.996  -44.433  -22.763 1.0000000000
37815  27.357  -43.690  -22.476 1.0000000000
38783  27.519  -43.397  -22.296 1.0000000000
39719  29.611  -42.744  -23.316 1.0000000000
38792  28.041  -43.137  -22.738 1.0000000000
36695  39.631  -45.150  -16.396 0.6999999881
37724  38.061  -44.659  -15.764 0.6999999881
132443  41.229  -45.353  -16.835 0.5000000000
37725  37.141  -44.700  -15.659 0.6999999881
35659  41.150  -46.596  -17.185 0.6000000238
35658  41.984  -46.568  -17.275 0.5000000000
37727  35.358  -44.418  -16.230 0.8000000119
38717  34.842  -43.940  -16.638 0.8000000119
38732  34.451  -44.055  -17.282 0.6999999881
37758  34.010  -44.446  -18.043 0.8000000119
37775  34.027  -44.432  -19.128 0.8000000119
37802  33.747  -44.992  -21.292 0.6999999881
37788  34.138  -44.413  -20.135 0.6999999881
36752  34.178  -45.029  -22.326 0.8999999762
38776  35.476  -43.594  -22.527 0.8000000119
39714  36.122  -43.228  -23.022 0.8000000119
39713  36.835  -42.906  -23.491 0.8000000119
37812  34.868  -44.817  -23.405 0.8999999762
37811  35.301  -44.228  -23.287 0.8000000119
38788  35.903  -44.030  -23.881 0.8000000119
36762  34.477  -45.654  -23.668 1.0000000000
37819  35.393  -44.562  -24.255 0.8999999762
38787  36.473  -43.573  -24.394 0.8999999762
37820  34.881  -45.185  -24.239 0.8999999762
37829  34.668  -45.252  -24.344 1.0000000000
133805  32.969  -44.695  -24.397 1.0000000000
36770  31.418  -45.702  -23.599 1.0000000000
37832  31.428  -43.394  -24.150 1.0000000000
130428  31.196  -42.846  -24.076 1.0000000000
37804  27.343  -43.421  -21.979 1.0000000000
39737  32.605  -42.508  -24.199 1.0000000000
39718  30.400  -42.696  -23.626 1.0000000000
38782  27.953  -43.092  -22.467 1.0000000000
39729  31.147  -42.719  -23.916 1.0000000000
39717  31.267  -42.603  -23.610 1.0000000000
38780  30.228  -43.387  -21.913 1.0000000000
37722  40.370  -44.588  -16.379 0.6999999881
134337  39.752  -44.433  -16.100 0.6999999881
37723  38.992  -44.558  -15.916 0.6999999881
37710  38.421  -43.907  -15.490 0.6999999881
37711  37.521  -43.990  -15.445 0.6999999881
37721  41.185  -44.588  -16.696 0.6000000238
37712  36.710  -43.965  -15.567 0.6999999881
36711  41.581  -45.887  -17.065 0.5000000000
37713  35.985  -43.796  -15.855 0.6999999881
36710  42.317  -45.773  -17.344 0.5000000000
37714  35.448  -43.550  -16.348 0.8000000119
38731  35.036  -43.426  -16.991 0.6999999881
38747  34.476  -43.894  -18.633 0.6999999881
38746  34.850  -43.452  -17.975 0.6999999881
38760  34.553  -43.850  -19.632 0.6999999881
37801  34.185  -44.488  -21.181 0.6999999881
38767  34.609  -43.853  -20.734 0.6999999881
39705  35.796  -42.900  -21.723 0.8000000119
40649  36.807  -41.873  -21.513 0.8000000119
40648  37.381  -41.596  -21.950 0.8000000119
39704  36.448  -42.526  -22.178 0.8000000119
40657  37.861  -41.802  -22.930 0.8000000119
39712  37.662  -42.577  -23.916 0.8000000119
38797  35.885  -44.037  -24.782 1.0000000000
39726  37.263  -43.179  -24.744 0.8999999762
39725  38.123  -42.753  -24.961 0.8000000119
38796  36.651  -43.482  -24.936 1.0000000000
39733  37.503  -43.031  -25.096 0.8000000119
124236  34.637  -44.600  -24.594 1.0000000000
38802  35.891  -43.974  -24.861 1.0000000000
38805  32.615  -43.709  -24.321 1.0000000000
38804  33.687  -43.616  -24.501 1.0000000000
39727  32.823  -42.022  -24.075 1.0000000000
37803  28.074  -43.354  -21.789 1.0000000000
37793  27.852  -43.961  -20.860 1.0000000000
39716  32.180  -42.397  -23.519 1.0000000000
38778  31.740  -42.761  -22.687 1.0000000000
38779  30.956  -43.182  -22.240 1.0000000000
38781  28.971  -43.143  -22.165 1.0000000000
118042  31.831  -43.344  -21.656 1.0000000000
38704  40.409  -43.201  -16.155 0.6999999881
123385  39.531  -42.940  -15.639 0.6999999881
132849  37.992  -42.732  -15.340 0.6000000238
39645  36.631  -42.730  -15.682 0.6000000238
39654  36.337  -42.388  -16.099 0.6000000238
39655  35.673  -42.777  -16.645 0.6999999881
39684  35.480  -42.828  -18.470 0.6999999881
39673  35.375  -42.938  -17.528 0.6999999881
38759  35.055  -43.381  -19.074 0.6999999881
39695  35.594  -42.782  -19.530 0.6999999881
40642  36.729  -41.717  -20.511 0.8000000119
38766  35.162  -43.369  -20.115 0.6999999881
39702  35.662  -42.788  -20.593 0.8000000119
40656  38.627  -41.447  -23.256 0.8000000119
39724  38.990  -42.162  -25.142 0.8000000119
117069  36.902  -42.967  -25.208 0.8000000119
40673  37.522  -42.381  -25.275 0.8000000119
39735  34.927  -42.787  -24.685 1.0000000000
127085  35.991  -41.976  -24.940 1.0000000000
133259  36.696  -42.172  -25.170 0.6999999881
128646  34.193  -41.786  -24.414 1.0000000000
41668  35.222  -40.809  -24.618 0.8999999762
40668  33.710  -41.657  -24.135 1.0000000000
40660  33.590  -41.785  -23.618 1.0000000000
37781  27.231  -44.621  -19.994 1.0000000000
39715  33.081  -42.331  -23.055 1.0000000000
114467  32.645  -42.668  -22.524 1.0000000000
38771  30.073  -43.841  -21.025 1.0000000000
37792  28.979  -43.848  -20.959 1.0000000000
38705  38.644  -43.021  -15.412 0.6999999881
122274  36.198  -42.126  -16.710 0.6000000238
39672  35.958  -42.285  -17.675 0.6999999881
39683  36.138  -42.258  -18.928 0.6999999881
39694  36.232  -42.282  -19.983 0.6999999881
40641  37.324  -41.329  -21.076 0.6999999881
41660  38.042  -40.969  -21.946 0.6999999881
40665  39.559  -41.394  -24.328 0.6999999881
40671  39.781  -41.404  -25.162 0.6999999881
41673  38.912  -41.131  -25.519 0.6999999881
40674  36.422  -41.147  -25.028 0.8000000119
41674  37.650  -41.185  -25.282 0.6999999881
40667  34.386  -41.248  -24.283 0.8999999762
40659  34.186  -41.272  -23.812 1.0000000000
134116  34.759  -40.975  -23.177 1.0000000000
37780  28.402  -44.527  -19.495 1.0000000000
40651  33.736  -42.134  -22.503 1.0000000000
37791  29.866  -44.380  -20.028 1.0000000000
38770  31.258  -43.757  -21.067 1.0000000000
39643  39.110  -42.298  -15.507 0.6000000238
122150  37.524  -41.787  -15.565 0.6000000238
40582  36.901  -41.982  -15.737 0.6000000238
40581  37.362  -41.182  -15.954 0.6000000238
40594  36.692  -41.680  -16.301 0.6000000238
40593  37.102  -40.991  -16.768 0.6000000238
40608  37.011  -41.026  -17.795 0.6000000238
40622  36.560  -41.631  -18.301 0.6000000238
40635  36.731  -41.580  -19.443 0.6000000238
129628  37.277  -41.034  -19.412 0.6999999881
41647  37.723  -40.679  -20.689 0.6999999881
129407  38.755  -40.328  -22.014 0.6999999881
41659  39.129  -40.800  -22.991 0.6999999881
41658  40.328  -40.574  -24.022 0.6999999881
41666  40.399  -40.900  -24.827 0.6999999881
41672  39.926  -41.035  -25.371 0.6999999881
50941  43.714  -31.771  -24.680 0.3000000119
122099  36.751  -40.049  -25.041 0.6999999881
42733  39.112  -40.264  -25.253 0.6999999881
51953  43.112  -30.724  -24.339 0.3000000119
41675  35.819  -39.894  -24.815 0.8000000119
35669  25.940  -46.784  -16.834 0.8999999762
41662  34.755  -40.667  -24.034 1.0000000000
36714  27.258  -45.581  -18.031 1.0000000000
127911  28.027  -44.719  -18.778 1.0000000000
37765  27.607  -45.066  -18.507 1.0000000000
40644  34.111  -42.087  -21.582 1.0000000000
133964  32.713  -43.537  -20.094 1.0000000000
38769  32.310  -43.525  -20.804 1.0000000000
132536  28.964  -44.344  -20.056 1.0000000000
38763  32.006  -44.083  -19.930 1.0000000000
40579  38.806  -41.514  -15.535 0.6000000238
40580  38.017  -41.272  -15.561 0.6000000238
41571  38.517  -40.088  -16.048 0.6000000238
41588  37.774  -40.328  -16.472 0.6000000238
42651  37.884  -39.773  -17.171 0.6000000238
42667  37.762  -39.865  -18.113 0.6999999881
41623  37.374  -40.599  -18.217 0.6000000238
42689  37.902  -39.927  -19.216 0.6999999881
47798  43.112  -33.986  -19.387 0.3000000119
47784  42.652  -34.500  -18.948 0.3000000119
41638  37.605  -40.566  -19.763 0.6999999881
41654  38.337  -40.177  -21.136 0.6999999881
42721  39.674  -40.061  -22.741 0.6999999881
48798  43.441  -34.047  -24.388 0.3000000119
49810  43.438  -32.559  -24.068 0.4000000060
50928  43.235  -31.491  -23.912 0.4000000060
49811  43.059  -31.949  -23.136 0.4000000060
35649  25.339  -46.701  -16.561 0.6999999881
36702  24.874  -45.824  -16.368 0.6999999881
52924  40.241  -29.916  -22.664 0.3000000119
42735  36.346  -39.024  -24.717 0.6999999881
36716  26.414  -46.067  -16.895 0.8999999762
52923  41.137  -29.742  -23.123 0.3000000119
50929  42.547  -30.934  -23.520 0.3000000119
41667  35.343  -40.000  -24.281 0.8000000119
37747  27.020  -45.387  -16.860 0.8999999762
124157  41.492  -30.148  -23.429 0.3000000119
50930  41.579  -30.545  -23.146 0.3000000119
41661  35.299  -40.295  -23.078 0.8000000119
41649  34.701  -41.435  -21.440 1.0000000000
37764  28.813  -44.763  -18.399 1.0000000000
128961  33.726  -42.471  -20.774 1.0000000000
37778  30.478  -44.614  -19.122 1.0000000000
37779  29.493  -44.648  -19.050 1.0000000000
38768  33.152  -43.110  -20.608 1.0000000000
37790  30.929  -44.363  -20.049 1.0000000000
37760  32.142  -44.147  -18.939 1.0000000000
37777  31.418  -44.450  -19.052 1.0000000000
37761  31.714  -44.218  -18.039 1.0000000000
43697  38.925  -38.421  -17.478 0.6999999881
43717  38.735  -38.464  -18.248 0.6999999881
46832  42.962  -35.098  -18.303 0.3000000119
46814  42.237  -35.566  -18.183 0.4000000060
42666  38.312  -39.232  -18.645 0.6999999881
42688  38.388  -39.362  -19.637 0.6999999881
41637  38.078  -40.025  -20.161 0.6999999881
47799  42.478  -34.392  -19.891 0.4000000060
42714  39.075  -39.671  -21.678 0.6999999881
47820  42.708  -34.756  -21.042 0.3000000119
46855  41.692  -35.430  -20.161 0.5000000000
42713  40.121  -39.297  -22.462 0.6999999881
42720  40.934  -39.751  -23.681 0.6999999881
46870  42.191  -35.251  -20.683 0.5000000000
42719  41.545  -39.301  -24.262 0.6999999881
46934  43.439  -36.375  -24.704 0.4000000060
46887  42.204  -36.513  -22.604 0.6000000238
47845  42.340  -35.878  -23.274 0.5000000000
42732  40.704  -40.234  -25.002 0.6999999881
47858  43.357  -35.666  -24.709 0.3000000119
43804  39.488  -39.326  -24.650 0.6999999881
50874  38.879  -31.401  -19.614 0.4000000060
48777  42.231  -33.356  -21.852 0.4000000060
113985  38.151  -39.119  -24.719 0.6999999881
36703  23.815  -45.600  -16.495 0.6999999881
134183  39.917  -30.350  -20.986 0.4000000060
118801  43.072  -33.285  -23.311 0.4000000060
49799  42.636  -32.670  -22.447 0.4000000060
35650  24.332  -46.620  -16.469 0.6000000238
51925  40.156  -30.106  -22.506 0.3000000119
51908  40.313  -30.470  -21.553 0.4000000060
50918  42.330  -31.503  -22.452 0.4000000060
49788  41.728  -32.705  -21.152 0.4000000060
43800  35.994  -38.660  -24.137 0.6999999881
43806  36.604  -38.209  -24.248 0.6999999881
36701  25.788  -45.986  -16.537 0.6999999881
50887  40.647  -31.203  -20.685 0.4000000060
50900  41.820  -31.695  -21.547 0.4000000060
49773  41.053  -32.794  -20.548 0.4000000060
42728  35.631  -39.353  -23.671 0.8000000119
51941  40.872  -30.207  -23.003 0.3000000119
50919  41.675  -31.022  -22.155 0.3000000119
50886  41.289  -31.865  -20.811 0.4000000060
41655  35.434  -40.294  -21.975 0.8000000119
112686  28.266  -44.913  -17.801 1.0000000000
126141  35.269  -40.794  -21.284 0.8999999762
40643  34.458  -41.793  -20.519 1.0000000000
38749  32.525  -43.719  -18.390 1.0000000000
38761  33.246  -43.200  -19.727 1.0000000000
115675  33.603  -42.737  -20.065 1.0000000000
37762  30.834  -44.533  -18.225 1.0000000000
37743  30.188  -44.455  -17.473 1.0000000000
38733  31.354  -43.773  -17.123 1.0000000000
38734  30.546  -43.947  -16.871 1.0000000000
43696  39.539  -38.160  -17.184 0.6000000238
44757  40.083  -37.388  -17.611 0.6000000238
43716  39.275  -37.874  -17.957 0.6000000238
43739  39.160  -37.925  -18.929 0.6999999881
45732  40.782  -36.696  -17.831 0.5000000000
44781  40.171  -36.818  -18.361 0.6000000238
43740  38.713  -38.623  -19.224 0.6999999881
121891  42.266  -34.979  -18.656 0.5000000000
45753  40.621  -36.277  -18.837 0.4000000060
43760  38.761  -38.806  -20.004 0.6999999881
42705  38.678  -39.364  -20.642 0.6999999881
117051  40.174  -36.785  -19.348 0.6000000238
122642  39.152  -38.701  -20.604 0.6999999881
42704  39.476  -38.945  -21.420 0.6999999881
46886  42.501  -36.136  -22.032 0.6000000238
46871  42.192  -36.241  -21.802 0.6000000238
43777  41.379  -38.126  -22.907 0.6999999881
43790  41.353  -38.816  -23.781 0.6999999881
46907  42.579  -36.893  -23.299 0.5000000000
47836  41.756  -36.249  -22.543 0.6000000238
45812  41.492  -37.080  -22.229 0.6000000238
43796  41.431  -38.966  -24.277 0.6000000238
125369  37.406  -32.723  -19.156 0.4000000060
48787  42.558  -34.109  -22.745 0.4000000060
48788  41.945  -34.959  -22.325 0.4000000060
46888  41.695  -36.574  -22.492 0.5000000000
119019  41.466  -36.742  -22.490 0.6000000238
43797  40.058  -38.677  -24.188 0.6999999881
49757  38.088  -31.997  -19.348 0.4000000060
47821  41.442  -34.544  -21.513 0.5000000000
43798  38.235  -38.318  -24.294 0.6999999881
50888  39.867  -31.387  -20.085 0.4000000060
48743  38.160  -32.756  -19.514 0.5000000000
126980  41.753  -33.796  -21.485 0.4000000060
48762  40.896  -33.754  -20.664 0.4000000060
43805  37.112  -38.473  -24.613 0.6999999881
37748  26.263  -45.295  -16.402 0.8999999762
37730  25.356  -45.114  -16.243 0.6999999881
50901  41.213  -31.061  -21.445 0.4000000060
112098  40.202  -33.042  -20.174 0.4000000060
42722  35.768  -39.467  -22.387 0.6999999881
43793  35.977  -38.662  -23.191 0.6999999881
49774  40.481  -32.098  -20.240 0.4000000060
38738  27.480  -44.627  -16.533 0.8999999762
127230  35.022  -41.238  -20.706 0.8999999762
37746  27.723  -45.133  -17.257 0.8999999762
133462  30.121  -44.675  -18.356 1.0000000000
39696  34.086  -42.311  -19.851 1.0000000000
37763  29.532  -44.731  -17.966 1.0000000000
38748  33.189  -43.248  -18.825 1.0000000000
37744  29.497  -44.474  -17.199 1.0000000000
38736  29.034  -44.238  -16.737 1.0000000000
126893  33.004  -43.245  -17.841 1.0000000000
40598  31.269  -41.406  -16.595 0.8999999762
39657  32.203  -42.273  -16.620 1.0000000000
38718  31.772  -43.081  -16.762 1.0000000000
38720  30.063  -43.374  -16.582 1.0000000000
38735  29.764  -44.077  -16.752 1.0000000000
39658  31.255  -42.332  -16.601 1.0000000000
39659  30.374  -42.555  -16.554 1.0000000000
39660  29.594  -42.646  -16.446 0.8999999762
40599  30.542  -41.773  -16.586 1.0000000000
125393  29.914  -42.005  -16.522 0.8999999762
44782  39.667  -37.298  -18.601 0.6000000238
44800  39.757  -37.385  -19.696 0.6999999881
43759  39.303  -38.155  -20.030 0.6999999881
45773  40.869  -36.328  -20.132 0.6999999881
44819  40.288  -37.554  -20.905 0.6999999881
45772  41.648  -36.147  -21.096 0.6000000238
45783  41.543  -36.646  -21.654 0.6000000238
44837  40.974  -37.801  -21.974 0.6999999881
44818  41.538  -37.115  -22.147 0.6999999881
44836  41.372  -37.525  -22.391 0.6000000238
44847  41.207  -37.992  -22.656 0.6000000238
122845  37.413  -32.243  -18.905 0.3000000119
45782  41.999  -36.540  -22.396 0.6000000238
45797  41.812  -36.849  -22.475 0.6000000238
44848  39.978  -37.542  -23.122 0.6000000238
48729  37.136  -33.069  -18.928 0.4000000060
122466  37.391  -33.483  -18.154 0.4000000060
45813  40.743  -37.104  -22.725 0.6000000238
46889  40.196  -36.043  -21.741 0.5000000000
44858  39.145  -37.945  -23.646 0.6000000238
133859  40.004  -34.787  -20.749 0.4000000060
124064  37.835  -37.610  -23.773 0.6000000238
47800  37.173  -33.875  -19.358 0.5000000000
47824  39.053  -34.229  -20.221 0.4000000060
47823  40.088  -34.006  -20.361 0.4000000060
44859  37.128  -37.772  -24.121 0.6000000238
48764  37.814  -33.669  -19.728 0.5000000000
48763  39.164  -33.341  -19.850 0.4000000060
43792  36.320  -37.985  -22.786 0.6000000238
124421  37.953  -34.471  -20.302 0.4000000060
129288  35.751  -39.913  -21.152 0.8999999762
120456  26.696  -44.580  -16.191 0.8999999762
127140  27.822  -44.047  -16.332 0.8999999762
38737  28.266  -44.553  -16.831 0.8999999762
39697  33.639  -42.690  -19.316 1.0000000000
39675  32.627  -42.953  -16.988 1.0000000000
38721  29.180  -43.481  -16.438 0.8999999762
41594  30.050  -40.353  -16.947 1.0000000000
41595  29.175  -40.740  -16.742 1.0000000000
40600  29.154  -41.792  -16.439 0.8999999762
41610  29.968  -39.580  -17.382 1.0000000000
41611  29.263  -39.839  -17.289 0.8999999762
44799  40.627  -36.897  -20.582 0.6999999881
50865  37.562  -31.633  -18.895 0.3000000119
49731  37.567  -32.698  -18.038 0.3000000119
47770  37.424  -34.216  -17.618 0.3000000119
45814  38.997  -36.904  -22.638 0.6000000238
123344  37.015  -35.323  -18.655 0.5000000000
46815  37.100  -35.801  -17.723 0.4000000060
45798  39.664  -36.485  -22.121 0.5000000000
46873  39.115  -35.142  -20.849 0.5000000000
45799  38.005  -36.275  -22.056 0.5000000000
45815  37.437  -36.681  -22.801 0.5000000000
47787  36.959  -34.565  -19.181 0.5000000000
46890  38.494  -35.735  -21.471 0.5000000000
45800  37.040  -36.301  -22.113 0.5000000000
46836  36.814  -35.269  -19.473 0.5000000000
46891  37.261  -35.722  -21.472 0.5000000000
123645  36.593  -37.429  -23.164 0.6000000238
128396  36.940  -34.961  -20.409 0.5000000000
47825  37.209  -34.480  -20.038 0.5000000000
42715  36.127  -38.964  -21.515 0.6999999881
118759  36.654  -36.782  -20.125 0.5000000000
122105  36.629  -35.890  -20.669 0.5000000000
42706  36.187  -39.160  -20.566 0.6000000238
41648  35.419  -40.629  -20.445 0.8999999762
40636  34.554  -41.687  -19.458 0.8999999762
40623  34.522  -41.476  -18.358 0.8999999762
40597  32.132  -41.467  -16.470 0.8999999762
39656  32.907  -42.320  -16.747 0.8999999762
39674  33.310  -42.613  -17.376 0.8999999762
39685  33.566  -42.693  -18.363 1.0000000000
125882  28.480  -43.069  -16.241 0.8999999762
38722  28.421  -43.813  -16.403 0.8999999762
39661  28.912  -42.634  -16.312 0.8999999762
122349  30.908  -40.496  -16.793 0.8000000119
130588  30.611  -39.731  -17.140 0.6999999881
130914  28.201  -42.143  -16.207 0.8999999762
41596  28.383  -41.116  -16.538 0.8999999762
50852  38.137  -31.469  -17.679 0.3000000119
48713  37.638  -33.487  -17.168 0.3000000119
48708  37.622  -33.344  -16.193 0.4000000060
48701  37.218  -33.818  -15.575 0.3000000119
126605  37.437  -34.304  -16.440 0.3000000119
46808  37.075  -35.283  -16.174 0.4000000060
46807  37.293  -35.074  -17.115 0.4000000060
45827  38.298  -37.215  -23.258 0.6000000238
116942  36.894  -36.043  -18.734 0.5000000000
45754  36.863  -36.741  -17.913 0.4000000060
46892  36.796  -35.953  -21.442 0.5000000000
45816  36.825  -36.861  -22.900 0.5000000000
119504  36.720  -36.961  -19.013 0.5000000000
46875  36.867  -35.389  -20.895 0.5000000000
44849  36.564  -37.211  -22.497 0.5000000000
44820  36.560  -37.523  -20.577 0.5000000000
44838  36.529  -37.346  -21.524 0.5000000000
44801  36.581  -37.667  -19.652 0.5000000000
43761  36.417  -38.280  -21.001 0.5000000000
43718  36.429  -38.467  -19.241 0.5000000000
42690  36.224  -39.208  -19.660 0.6000000238
42707  35.886  -39.938  -20.090 0.6000000238
42669  35.727  -39.725  -18.263 0.6999999881
41624  35.407  -40.396  -18.731 0.6999999881
41640  35.063  -41.235  -19.958 0.6999999881
41608  35.244  -40.308  -17.809 0.6999999881
41609  34.675  -40.865  -17.521 0.8000000119
133684  35.002  -40.852  -18.336 0.8000000119
39662  27.721  -43.140  -16.076 0.8999999762
40595  33.629  -41.324  -16.599 0.8999999762
40624  33.938  -42.133  -17.819 0.8999999762
41593  31.817  -40.598  -16.459 0.6999999881
41597  27.536  -41.172  -16.455 0.8999999762
132505  27.884  -40.673  -16.711 0.8999999762
42656  29.545  -39.018  -17.861 1.0000000000
48702  36.734  -33.301  -14.996 0.3000000119
47759  36.951  -34.645  -15.585 0.4000000060
46793  36.321  -34.758  -15.001 0.3000000119
45733  36.888  -36.549  -16.900 0.4000000060
45719  36.666  -36.204  -15.995 0.4000000060
45706  36.078  -36.124  -15.321 0.4000000060
44783  36.646  -37.597  -18.099 0.4000000060
44725  36.439  -37.125  -16.247 0.4000000060
129068  36.048  -36.849  -15.578 0.4000000060
44758  36.651  -37.394  -17.128 0.4000000060
43678  36.233  -37.965  -16.488 0.4000000060
42652  36.114  -39.021  -17.786 0.5000000000
122824  36.425  -38.393  -18.347 0.5000000000
41589  34.866  -40.225  -16.797 0.6000000238
41590  34.171  -40.741  -16.490 0.8000000119
41592  32.723  -40.787  -16.233 0.6999999881
42638  31.230  -39.945  -16.781 0.6999999881
41612  28.295  -40.180  -17.063 0.8999999762
41613  27.317  -40.312  -16.971 0.8999999762
42670  28.765  -38.628  -18.323 0.8999999762
42671  27.830  -38.890  -18.139 0.8000000119
42658  27.572  -39.552  -17.557 0.8000000119
43721  28.848  -37.967  -18.898 0.6999999881
43742  28.194  -37.803  -19.175 0.8000000119
114888  35.874  -33.185  -14.571 0.3000000119
48687  36.126  -34.007  -14.716 0.3000000119
46794  35.791  -35.518  -14.907 0.3000000119
46795  35.092  -35.326  -14.617 0.4000000060
45707  35.507  -36.545  -15.099 0.4000000060
45697  35.107  -36.060  -14.735 0.4000000060
45708  34.837  -36.822  -14.858 0.5000000000
43664  35.128  -38.109  -15.474 0.5000000000
44727  34.559  -37.618  -15.093 0.5000000000
133545  35.414  -39.060  -16.304 0.5000000000
43665  34.315  -38.621  -15.393 0.5000000000
42635  34.952  -39.580  -16.196 0.5000000000
41573  33.935  -40.153  -15.860 0.6000000238
41591  33.436  -40.773  -16.215 0.6999999881
41574  33.308  -40.143  -15.848 0.6999999881
42637  31.796  -39.706  -16.433 0.6999999881
42654  31.125  -39.150  -17.120 0.6999999881
42655  30.369  -39.075  -17.581 0.6999999881
43701  30.740  -38.444  -17.653 0.6999999881
43719  30.473  -37.972  -18.238 0.6999999881
50807  36.643  -31.824  -14.812 0.3000000119
49699  35.499  -32.376  -14.517 0.3000000119
49700  34.696  -32.256  -14.502 0.4000000060
48688  35.261  -33.874  -14.527 0.3000000119
48689  34.270  -33.623  -14.517 0.4000000060
46796  34.343  -35.617  -14.598 0.4000000060
45698  34.461  -36.357  -14.699 0.4000000060
46803  33.509  -35.641  -14.755 0.3000000119
131342  33.526  -37.192  -14.984 0.5000000000
44728  33.734  -37.865  -15.060 0.6000000238
124783  33.289  -36.517  -14.956 0.3000000119
44729  32.895  -37.373  -15.286 0.5000000000
45709  32.381  -36.489  -15.598 0.4000000060
42620  33.788  -39.470  -15.612 0.6999999881
43667  32.921  -38.890  -15.569 0.6999999881
44735  32.425  -37.916  -15.695 0.6000000238
43680  32.424  -39.290  -15.934 0.6999999881
41575  32.567  -40.045  -16.026 0.6999999881
43681  31.772  -38.876  -16.434 0.6999999881
44736  31.534  -37.489  -16.859 0.6000000238
49701  34.043  -32.670  -14.527 0.3000000119
121871  33.627  -34.235  -14.649 0.3000000119
47760  33.072  -34.800  -14.926 0.3000000119
47754  33.023  -34.020  -14.930 0.3000000119
130321  32.620  -34.217  -15.313 0.3000000119
118072  32.083  -33.938  -15.934 0.3000000119
46804  32.743  -35.649  -15.228 0.3000000119
127940  32.042  -35.617  -16.037 0.4000000060
124975  32.062  -37.305  -15.982 0.5000000000
46816  31.543  -35.552  -16.959 0.5000000000
45720  31.689  -36.507  -16.613 0.6000000238
123436  31.278  -36.937  -17.582 0.6000000238
117349  35.244  -30.258  -14.610 0.4000000060
51827  33.946  -30.834  -14.716 0.3000000119
50810  34.097  -31.667  -14.571 0.3000000119
119151  33.308  -31.247  -14.972 0.3000000119
50824  33.279  -32.217  -14.830 0.3000000119
49715  32.666  -32.704  -15.307 0.3000000119
48703  32.618  -33.537  -15.319 0.3000000119
49726  32.236  -32.395  -15.849 0.3000000119
128970  31.782  -33.312  -16.389 0.3000000119
47765  31.784  -34.751  -16.419 0.4000000060
48710  31.556  -33.938  -16.773 0.4000000060
45734  31.360  -36.201  -17.502 0.6000000238
47771  31.392  -34.732  -17.342 0.4000000060
48714  31.207  -33.940  -17.652 0.4000000060
46837  31.205  -35.556  -17.968 0.5000000000
45755  31.047  -36.424  -18.192 0.6000000238
118690  28.788  -37.387  -19.581 0.6999999881
43743  27.461  -37.972  -19.171 0.8000000119
52820  34.344  -30.079  -14.764 0.4000000060
51843  33.462  -30.357  -15.078 0.3000000119
120469  32.741  -30.714  -15.497 0.3000000119
126771  32.580  -31.735  -15.494 0.3000000119
50837  31.962  -31.857  -16.227 0.3000000119
49732  31.401  -33.043  -17.108 0.4000000060
48730  30.927  -34.046  -18.328 0.4000000060
46838  30.912  -35.305  -18.706 0.4000000060
125817  30.893  -35.962  -18.644 0.5000000000
47789  30.835  -34.583  -18.801 0.4000000060
44784  30.796  -37.211  -18.284 0.6000000238
46857  30.653  -35.850  -19.333 0.4000000060
44802  30.066  -37.055  -19.465 0.6999999881
134421  30.477  -35.987  -19.915 0.4000000060
127724  30.307  -35.558  -20.687 0.4000000060
45775  29.873  -36.667  -20.087 0.6000000238
45786  29.607  -36.328  -20.821 0.5000000000
44821  29.165  -36.821  -20.242 0.6000000238
117914  27.838  -37.442  -19.669 0.6999999881
45788  27.809  -36.632  -20.767 0.6999999881
53814  34.862  -28.444  -15.210 0.3000000119
52838  32.934  -29.819  -15.559 0.3000000119
51859  32.156  -31.051  -16.101 0.3000000119
50838  31.618  -31.261  -16.717 0.3000000119
116369  31.084  -32.290  -17.680 0.4000000060
116371  30.934  -33.188  -18.155 0.3000000119
50866  30.722  -32.271  -18.443 0.3000000119
48731  30.729  -33.801  -18.894 0.3000000119
50867  30.538  -32.078  -19.243 0.3000000119
46876  30.519  -35.327  -20.059 0.4000000060
48744  30.579  -33.620  -19.671 0.3000000119
48765  30.475  -33.486  -20.501 0.3000000119
47826  30.517  -34.354  -20.282 0.3000000119
47837  30.417  -34.203  -21.093 0.3000000119
46877  30.047  -35.683  -21.265 0.3000000119
46893  30.205  -34.835  -21.800 0.4000000060
45802  29.328  -36.016  -21.675 0.5000000000
45787  28.668  -36.462  -21.035 0.5000000000
45804  27.775  -36.331  -21.448 0.5000000000
53815  33.884  -28.589  -15.432 0.3000000119
53816  33.185  -29.085  -15.636 0.3000000119
53833  32.498  -29.187  -16.241 0.3000000119
51860  31.811  -30.568  -16.576 0.3000000119
51876  31.354  -30.536  -17.266 0.3000000119
112772  30.416  -31.864  -20.132 0.3000000119
49775  30.377  -32.628  -20.839 0.3000000119
133083  30.280  -34.031  -21.736 0.3000000119
46895  29.096  -35.716  -22.499 0.4000000060
45803  28.483  -36.069  -21.984 0.5000000000
46911  28.297  -35.674  -22.865 0.5000000000
45817  27.618  -36.031  -22.211 0.5000000000
53832  33.044  -28.373  -15.980 0.3000000119
53834  31.853  -28.895  -16.973 0.3000000119
52878  31.382  -29.525  -17.472 0.3000000119
119471  30.883  -30.115  -18.037 0.3000000119
127919  30.637  -31.486  -18.624 0.3000000119
112298  30.197  -31.723  -21.008 0.3000000119
47846  30.037  -34.164  -22.399 0.4000000060
46922  29.272  -34.875  -23.423 0.4000000060
46923  28.623  -35.132  -23.527 0.4000000060
115614  28.162  -34.684  -23.887 0.4000000060
46912  27.247  -35.697  -22.800 0.5000000000
46924  27.702  -35.205  -23.379 0.4000000060
56787  34.891  -26.329  -15.796 0.3000000119
54804  33.671  -27.710  -15.832 0.3000000119
53853  31.857  -28.083  -17.242 0.3000000119
53854  31.444  -28.640  -17.674 0.3000000119
121290  30.981  -29.199  -18.197 0.3000000119
50877  30.466  -31.219  -19.439 0.3000000119
112442  30.220  -30.908  -20.372 0.3000000119
126121  30.271  -32.884  -21.580 0.3000000119
50902  29.933  -31.763  -21.853 0.3000000119
48790  29.877  -33.449  -22.832 0.3000000119
47847  29.662  -34.212  -23.212 0.4000000060
47861  28.892  -34.573  -24.008 0.3000000119
55757  33.507  -26.900  -16.219 0.3000000119
54805  32.898  -27.560  -16.360 0.3000000119
55775  32.760  -26.767  -16.679 0.3000000119
54815  32.294  -27.448  -16.943 0.3000000119
121853  31.518  -27.952  -17.811 0.3000000119
53876  31.111  -28.255  -18.401 0.3000000119
132645  30.692  -28.210  -19.050 0.3000000119
53877  30.654  -28.893  -18.898 0.3000000119
51894  30.410  -30.340  -19.546 0.3000000119
134567  30.458  -28.603  -19.466 0.3000000119
120458  33.282  -26.200  -16.499 0.3000000119
54816  31.806  -27.383  -17.566 0.3000000119
55793  32.239  -26.697  -17.317 0.3000000119
55794  31.709  -26.717  -17.963 0.3000000119
54833  31.401  -27.427  -18.216 0.3000000119
52909  29.968  -29.455  -20.503 0.3000000119
51901  29.864  -30.199  -20.906 0.3000000119
51910  29.870  -30.981  -21.378 0.3000000119
56800  32.731  -25.891  -17.030 0.3000000119
56818  32.486  -25.224  -17.651 0.3000000119
56819  31.602  -26.064  -18.430 0.3000000119
117501  32.101  -25.974  -17.751 0.4000000060
54834  30.912  -27.469  -18.937 0.3000000119
120291  30.419  -27.877  -19.675 0.3000000119
53887  30.145  -28.687  -20.131 0.3000000119
55819  31.206  -26.161  -19.080 0.4000000060
56824  31.937  -25.314  -18.279 0.4000000060
54849  30.612  -27.034  -19.594 0.4000000060
57810  32.298  -24.584  -18.188 0.3000000119
57811  31.742  -24.684  -18.806 0.4000000060
35718  30.842  -46.957  -22.975 1.0000000000
36764  30.578  -45.716  -23.182 1.0000000000
35707  29.891  -46.449  -21.882 0.8999999762
43720  29.684  -38.219  -18.553 0.8000000119
44786  29.560  -37.568  -19.199 0.8000000119
44785  30.237  -37.512  -18.855 0.6999999881
31890  40.527  -49.672  -23.879 0.6000000238
31891  39.579  -49.982  -23.805 0.6000000238
28927  43.280  -53.287  -24.907 0.5000000000
32888  41.128  -49.143  -22.512 0.6000000238
32866  31.040  -49.932  -20.344 0.8999999762
32870  41.024  -49.901  -20.622 0.5000000000
30876  44.082  -51.451  -22.619 0.5000000000
29836  44.755  -52.878  -23.437 0.4000000060
33781  36.282  -48.343  -18.363 0.6999999881
34670  38.084  -46.895  -17.793 0.6999999881
29810  44.323  -52.624  -20.763 0.5000000000
34672  35.524  -47.404  -17.240 0.8000000119
28922  43.832  -53.188  -22.497 0.4000000060
34671  37.211  -47.060  -17.516 0.6999999881
31859  42.606  -51.316  -19.463 0.4000000060
35700  27.187  -46.302  -21.307 0.8000000119
31840  43.221  -50.512  -18.736 0.4000000060
36700  34.947  -45.244  -16.445 0.8000000119
35717  31.407  -47.071  -23.437 1.0000000000
33759  42.736  -48.090  -17.780 0.5000000000
34666  41.498  -47.333  -17.407 0.5000000000
36754  29.079  -45.340  -22.475 1.0000000000
124716  40.568  -45.264  -16.637 0.6999999881
35719  33.203  -46.584  -24.224 1.0000000000
38791  28.716  -42.805  -22.953 1.0000000000
133560  30.043  -42.608  -23.303 1.0000000000
117851  35.231  -43.406  -21.266 0.8000000119
39736  33.681  -42.321  -24.402 1.0000000000
40666  38.666  -42.118  -24.367 0.8000000119
39734  36.067  -43.076  -24.956 1.0000000000
38803  34.779  -43.749  -24.688 1.0000000000
40634  37.271  -41.188  -20.121 0.6999999881
40650  34.344  -41.576  -22.600 1.0000000000
132658  33.262  -42.806  -21.167 1.0000000000
41656  35.052  -40.979  -22.215 1.0000000000
41607  37.470  -40.387  -17.365 0.6000000238
40621  37.113  -41.099  -18.722 0.6999999881
46920  43.847  -36.470  -24.669 0.4000000060
36715  26.759  -46.129  -17.693 1.0000000000
48799  42.838  -34.965  -23.781 0.4000000060
123174  32.207  -43.582  -17.450 1.0000000000
46885  43.027  -35.884  -22.262 0.4000000060
113461  42.836  -36.448  -22.608 0.5000000000
49756  39.331  -32.298  -19.740 0.4000000060
38719  30.898  -43.212  -16.688 1.0000000000
46872  40.668  -35.635  -21.654 0.5000000000
42657  28.539  -39.326  -17.706 0.8000000119
45784  36.597  -36.560  -21.128 0.5000000000
43741  36.441  -38.419  -20.106 0.5000000000
41639  35.454  -40.529  -19.584 0.6999999881
43699  35.927  -38.734  -16.815 0.5000000000
42653  35.496  -39.551  -17.114 0.5000000000
44734  35.860  -37.656  -15.771 0.5000000000
43702  30.178  -38.562  -18.037 0.6999999881
45756  30.593  -36.658  -18.950 0.6000000238
132130  30.835  -31.701  -18.014 0.3000000119
29796  34.070  -52.406  -19.705 0.5000000000
30858  33.328  -51.923  -19.234 0.5000000000
29819  33.828  -53.053  -20.126 0.5000000000
133215  33.450  -52.647  -19.630 0.5000000000
29834  34.819  -53.104  -21.205 0.5000000000
29818  34.498  -52.798  -20.412 0.5000000000
29833  35.464  -52.727  -21.600 0.5000000000
29832  36.137  -52.329  -22.000 0.4000000060
30879  35.916  -52.114  -21.103 0.5000000000
30883  36.788  -51.875  -22.423 0.4000000060
30878  36.570  -51.644  -21.533 0.5000000000
31893  38.141  -50.925  -23.191 0.5000000000
30877  37.263  -51.200  -21.938 0.5000000000
33790  25.379  -48.459  -18.906 0.6999999881
33791  25.175  -49.110  -18.262 0.6999999881
33808  25.000  -48.281  -20.690 0.8000000119
34719  25.358  -47.306  -21.149 0.8000000119
113399  25.161  -47.957  -21.126 0.8000000119
128119  25.804  -45.958  -21.541 0.8999999762
33765  25.513  -48.361  -17.615 0.6999999881
34709  25.221  -47.366  -20.994 0.8999999762
35691  25.501  -46.654  -20.519 0.8999999762
36758  25.692  -45.917  -21.437 0.8999999762
36757  26.110  -45.207  -21.716 0.8999999762
34676  25.859  -47.554  -17.256 0.6000000238
125014  25.794  -47.927  -18.138 0.8000000119
36740  25.546  -45.903  -21.040 0.8999999762
36747  25.974  -45.238  -21.379 0.8999999762
37795  26.438  -44.471  -21.755 0.8999999762
37805  26.920  -43.760  -22.067 0.8999999762
41606  41.566  -40.198  -17.259 0.5000000000
40592  40.177  -41.627  -15.941 0.5000000000
118487  39.508  -41.752  -15.646 0.5000000000
39652  41.203  -42.590  -16.697 0.6000000238
39653  40.576  -42.295  -16.254 0.5000000000
39642  39.916  -42.364  -15.770 0.5000000000
123668  40.741  -43.992  -16.414 0.6000000238
34657  25.548  -47.346  -16.793 0.6000000238
34675  26.115  -47.394  -18.079 0.8999999762
35690  25.939  -46.087  -20.093 0.8999999762
34693  25.535  -47.571  -19.531 0.8999999762
37782  26.371  -44.622  -20.984 0.8999999762
37794  26.845  -44.017  -21.464 0.8999999762
42631  40.174  -39.431  -16.389 0.5000000000
42632  39.405  -39.355  -16.325 0.5000000000
42649  41.457  -39.232  -17.111 0.5000000000
125176  40.449  -40.098  -16.336 0.5000000000
41570  39.089  -40.294  -15.806 0.5000000000
42648  42.150  -39.736  -17.669 0.5000000000
41585  41.018  -40.584  -16.680 0.5000000000
35668  26.304  -46.804  -17.420 0.8999999762
35680  26.205  -46.690  -18.864 0.8999999762
36727  26.608  -45.860  -19.052 0.8999999762
117252  26.626  -44.888  -20.217 0.8999999762
43694  41.285  -38.307  -17.041 0.5000000000
43677  38.936  -38.833  -16.762 0.5000000000
43693  42.143  -38.698  -17.504 0.5000000000
36738  26.926  -45.189  -19.369 0.8999999762
43695  40.413  -38.068  -16.961 0.5000000000
44756  41.135  -37.419  -17.296 0.5000000000
44754  42.817  -37.022  -17.673 0.5000000000
45730  42.330  -36.378  -17.709 0.4000000060
37731  24.321  -44.885  -16.317 0.6000000238
38725  23.777  -43.946  -16.450 0.6000000238
122721  24.801  -44.187  -16.084 0.6999999881
133227  23.717  -43.287  -16.553 0.6999999881
39666  23.551  -42.761  -16.754 0.6999999881
122453  23.277  -42.158  -17.153 0.6999999881
38724  25.270  -43.658  -15.898 0.8000000119
37729  25.778  -44.421  -16.003 0.8000000119
39665  24.412  -43.124  -16.261 0.6999999881
40604  24.066  -42.037  -16.702 0.6999999881
130485  24.762  -41.625  -16.620 0.6999999881
40613  24.312  -41.152  -17.106 0.6999999881
39663  26.716  -42.836  -15.870 0.8000000119
123804  25.788  -42.531  -15.927 0.8000000119
38723  27.137  -43.861  -16.033 0.8000000119
40612  25.106  -41.023  -16.822 0.6999999881
40603  25.451  -41.722  -16.361 0.6999999881
41599  25.898  -41.099  -16.588 0.8000000119
41615  25.574  -40.542  -17.083 0.6999999881
41614  26.390  -40.468  -16.953 0.8000000119
113418  25.024  -39.466  -18.239 0.6000000238
40601  27.192  -42.034  -16.022 0.8000000119
41598  26.701  -41.216  -16.432 0.8000000119
42673  26.016  -39.281  -18.072 0.6000000238
131089  25.558  -38.932  -18.648 0.6000000238
43745  25.562  -38.387  -19.329 0.6000000238
42659  26.639  -39.730  -17.501 0.8000000119
43724  26.294  -38.713  -18.632 0.6000000238
43744  26.585  -38.167  -19.221 0.6000000238
128246  26.992  -40.752  -16.646 0.8000000119
44805  26.088  -37.737  -19.820 0.6000000238
42672  26.914  -39.103  -18.069 0.6999999881
43723  27.182  -38.523  -18.631 0.6000000238
44823  27.390  -37.038  -20.270 0.6999999881
120002  26.509  -37.184  -20.370 0.6000000238
44804  26.960  -37.560  -19.717 0.6000000238
45789  26.993  -36.605  -20.993 0.6000000238
43722  28.043  -38.293  -18.695 0.6999999881
30894  37.969  -51.908  -24.279 0.4000000060
30882  37.466  -51.414  -22.813 0.5000000000
29817  35.222  -52.501  -20.704 0.5000000000
37806  26.611  -44.312  -22.111 0.8999999762
46813  42.847  -35.810  -17.919 0.3000000119
119965  26.113  -43.573  -15.823 0.8000000119
28899  34.150  -53.400  -20.866 0.5000000000
40591  41.011  -41.598  -16.609 0.5000000000
39664  25.285  -43.015  -15.882 0.8000000119
118408  24.952  -42.319  -16.255 0.6999999881
40602  26.279  -41.876  -16.109 0.8000000119
41616  24.777  -40.325  -17.498 0.6999999881
42660  25.722  -39.914  -17.518 0.6999999881
34664  43.266  -47.212  -17.775 0.4000000060
35677  43.553  -46.357  -18.024 0.4000000060
35657  42.782  -46.486  -17.561 0.4000000060
126972  42.512  -44.995  -17.521 0.5000000000
36724  43.734  -45.390  -18.476 0.4000000060
35676  44.277  -46.259  -18.601 0.4000000060
37739  41.853  -44.228  -17.214 0.5000000000
38715  41.367  -43.547  -16.810 0.5000000000
37738  42.504  -44.160  -17.738 0.5000000000
37737  43.102  -44.738  -18.068 0.4000000060
37755  44.181  -44.830  -19.158 0.4000000060
37756  43.612  -44.422  -18.737 0.4000000060
36709  43.043  -45.620  -17.754 0.4000000060
36735  44.769  -45.257  -19.545 0.4000000060
39671  41.743  -42.809  -17.283 0.5000000000
118984  43.545  -43.738  -18.936 0.4000000060
37774  44.007  -44.014  -19.371 0.4000000060
39711  46.145  -42.727  -21.876 0.4000000060
38765  45.270  -43.427  -20.772 0.4000000060
37773  44.626  -44.438  -19.797 0.4000000060
38775  46.023  -43.497  -21.612 0.4000000060
118511  45.665  -43.990  -21.064 0.4000000060
38729  42.688  -43.296  -18.158 0.5000000000
44856  48.882  -37.727  -23.685 0.3000000119
38745  43.252  -43.193  -18.750 0.4000000060
126661  48.143  -39.197  -23.646 0.3000000119
39693  44.116  -42.607  -19.824 0.4000000060
42730  48.331  -39.275  -24.739 0.3000000119
42725  48.047  -39.899  -24.141 0.3000000119
132881  47.207  -41.023  -23.154 0.3000000119
40654  46.933  -41.694  -22.889 0.3000000119
40655  46.256  -42.003  -21.980 0.4000000060
39703  45.509  -42.777  -21.150 0.4000000060
38757  44.494  -43.504  -20.033 0.4000000060
40664  47.521  -41.262  -23.956 0.3000000119
39710  46.627  -42.499  -22.546 0.4000000060
40606  42.294  -41.559  -17.886 0.4000000060
40620  42.856  -41.930  -18.532 0.4000000060
39681  43.449  -42.417  -19.120 0.4000000060
39682  42.911  -42.655  -18.512 0.4000000060
126427  48.600  -37.262  -22.790 0.3000000119
43775  47.825  -38.023  -22.295 0.3000000119
43788  48.135  -38.578  -23.086 0.3000000119
43789  47.569  -38.955  -22.555 0.3000000119
42718  47.163  -39.790  -22.469 0.3000000119
41653  46.146  -40.695  -21.470 0.4000000060
40647  45.748  -41.485  -21.278 0.4000000060
39700  44.796  -42.707  -20.484 0.4000000060
42717  47.677  -39.641  -23.260 0.3000000119
41652  46.789  -40.675  -22.424 0.3000000119
40646  46.384  -41.310  -21.979 0.3000000119
40607  41.715  -42.036  -17.321 0.4000000060
44816  46.435  -37.801  -20.338 0.3000000119
43758  45.995  -38.623  -20.341 0.3000000119
42703  44.879  -40.050  -19.986 0.4000000060
42685  44.790  -39.345  -19.607 0.4000000060
41636  43.886  -40.641  -19.347 0.4000000060
40619  43.460  -41.399  -19.094 0.4000000060
44834  47.464  -37.586  -21.386 0.3000000119
43757  46.603  -38.518  -20.978 0.3000000119
121150  45.330  -40.184  -20.450 0.4000000060
41635  44.457  -40.642  -19.804 0.4000000060
40633  44.127  -41.282  -19.681 0.4000000060
43776  47.219  -38.371  -21.612 0.3000000119
42701  46.242  -39.281  -20.934 0.3000000119
42712  45.858  -40.032  -20.917 0.4000000060
41646  44.946  -40.677  -20.302 0.4000000060
124695  43.886  -41.922  -19.616 0.4000000060
119861  46.862  -39.122  -21.678 0.3000000119
42711  46.488  -39.914  -21.631 0.3000000119
40639  45.079  -41.335  -20.567 0.4000000060
40640  44.488  -41.872  -20.192 0.4000000060
43715  42.961  -38.660  -18.127 0.4000000060
43714  43.736  -38.647  -18.629 0.4000000060
123523  42.674  -39.383  -18.061 0.4000000060
41605  42.227  -40.660  -17.809 0.4000000060
44797  45.255  -37.781  -19.362 0.3000000119
43738  44.092  -39.367  -19.087 0.4000000060
41621  43.343  -40.491  -18.796 0.4000000060
43736  45.353  -38.643  -19.730 0.4000000060
42687  43.777  -40.023  -19.084 0.4000000060
41622  42.799  -41.048  -18.439 0.4000000060
41617  23.762  -40.620  -17.733 0.6000000238
130983  24.919  -38.872  -19.014 0.5000000000
131762  24.900  -38.542  -19.434 0.5000000000
43762  24.826  -38.230  -19.831 0.5000000000
118890  25.652  -37.395  -20.471 0.5000000000
44839  26.049  -36.774  -20.995 0.5000000000
45818  27.115  -36.264  -21.725 0.4000000060
52916  29.547  -29.411  -22.242 0.3000000119
132768  29.508  -29.619  -23.144 0.3000000119
52939  29.536  -30.216  -23.797 0.3000000119
127182  30.291  -27.277  -20.145 0.3000000119
54865  29.930  -27.917  -20.598 0.3000000119
53897  29.603  -28.921  -21.577 0.3000000119
53908  29.525  -28.562  -22.126 0.3000000119
53943  29.558  -28.761  -24.102 0.3000000119
52952  29.597  -30.141  -24.872 0.3000000119
121235  29.713  -29.292  -25.178 0.3000000119
55840  30.403  -26.589  -20.193 0.3000000119
55841  30.000  -27.007  -20.774 0.3000000119
54866  29.690  -27.501  -21.380 0.3000000119
54880  29.536  -27.289  -22.127 0.3000000119
130130  29.483  -27.977  -22.608 0.3000000119
54893  29.487  -28.032  -23.561 0.3000000119
131197  30.003  -28.745  -25.977 0.3000000119
54920  30.567  -27.730  -27.248 0.3000000119
56835  31.011  -25.569  -19.588 0.3000000119
55857  30.129  -26.201  -20.856 0.3000000119
55858  29.735  -26.601  -21.568 0.3000000119
56874  29.686  -25.990  -22.060 0.3000000119
55869  29.556  -26.556  -22.443 0.3000000119
124273  29.573  -25.811  -22.806 0.3000000119
120148  29.472  -27.242  -23.982 0.3000000119
53959  29.650  -28.216  -24.870 0.3000000119
120448  30.196  -28.082  -26.277 0.3000000119
57821  31.316  -24.805  -19.491 0.3000000119
57844  30.637  -24.443  -20.756 0.3000000119
117481  30.226  -24.951  -21.378 0.3000000119
56884  29.793  -25.304  -22.106 0.3000000119
56892  29.517  -25.488  -23.666 0.3000000119
55891  29.479  -26.317  -24.301 0.3000000119
120515  29.560  -25.437  -25.054 0.3000000119
57843  31.208  -24.049  -20.085 0.3000000119
58855  30.843  -23.610  -20.885 0.3000000119
57863  30.402  -24.050  -21.506 0.3000000119
57877  29.972  -24.476  -22.160 0.3000000119
57890  29.570  -24.559  -23.933 0.3000000119
58854  31.358  -23.024  -20.349 0.3000000119
58874  30.621  -23.222  -21.602 0.3000000119
59930  30.928  -22.492  -21.615 0.3000000119
59947  30.488  -22.713  -22.378 0.3000000119
59906  31.292  -22.325  -20.944 0.3000000119
60910  31.264  -21.723  -21.581 0.3000000119
61873  31.913  -20.811  -20.659 0.3000000119
37787  45.137  -44.156  -20.470 0.4000000060
33776  43.726  -47.933  -18.109 0.4000000060
34684  44.100  -47.127  -18.268 0.4000000060
35688  44.880  -46.065  -19.240 0.4000000060
38786  46.722  -43.260  -22.596 0.4000000060
37800  46.238  -44.305  -21.533 0.4000000060
37772  45.278  -44.952  -20.184 0.4000000060
44864  48.995  -38.366  -24.446 0.3000000119
43810  48.165  -39.485  -25.124 0.3000000119
41665  47.722  -40.541  -24.573 0.3000000119
40663  47.502  -41.750  -24.656 0.3000000119
132234  47.417  -42.001  -23.861 0.3000000119
43795  48.579  -38.605  -23.947 0.3000000119
131925  48.555  -36.829  -22.248 0.3000000119
44815  47.046  -37.264  -20.647 0.3000000119
44833  48.165  -37.138  -21.866 0.3000000119
125189  43.352  -37.725  -18.142 0.4000000060
43713  44.052  -37.902  -18.613 0.4000000060
44798  44.601  -37.468  -18.806 0.4000000060
119164  45.951  -37.112  -19.600 0.3000000119
44817  45.833  -38.020  -19.837 0.3000000119
133839  43.402  -36.886  -17.979 0.4000000060
40614  23.467  -41.452  -17.395 0.6000000238
133429  31.850  -23.659  -19.136 0.3000000119
58833  31.648  -23.428  -19.566 0.3000000119
60877  31.912  -21.833  -19.954 0.3000000119
59891  31.592  -22.251  -20.308 0.3000000119
60889  32.231  -21.081  -19.969 0.3000000119
45811  49.168  -36.936  -23.438 0.3000000119
34665  42.386  -47.283  -17.519 0.4000000060
36693  41.850  -45.066  -17.108 0.5000000000
38758  43.765  -43.240  -19.386 0.4000000060
42665  42.736  -40.163  -18.274 0.4000000060
57822  30.815  -24.943  -20.116 0.3000000119
119304  29.647  -27.277  -25.302 0.3000000119
57878  29.645  -24.932  -22.888 0.3000000119
58889  29.767  -24.070  -22.946 0.3000000119
123926  32.242  -20.391  -20.340 0.3000000119
32830  27.739  -49.723  -17.735 0.6000000238
32850  27.400  -49.134  -18.501 0.6999999881
31829  26.919  -49.906  -18.222 0.6999999881
35675  44.999  -47.024  -18.897 0.3000000119
28921  44.885  -53.494  -22.541 0.3000000119
28919  45.429  -53.713  -21.933 0.3000000119
31867  25.796  -49.809  -20.724 0.6999999881
32839  44.404  -49.835  -18.598 0.3000000119
32851  26.598  -49.443  -19.371 0.6999999881
121677  44.887  -49.007  -18.603 0.3000000119
33775  44.731  -48.054  -18.559 0.3000000119
127661  46.493  -47.774  -19.671 0.3000000119
34683  45.708  -47.904  -19.154 0.3000000119
35695  46.901  -46.479  -20.654 0.3000000119
35696  46.088  -46.268  -20.126 0.3000000119
131604  45.799  -47.257  -19.470 0.3000000119
126987  45.236  -53.217  -21.645 0.3000000119
32877  25.271  -49.238  -21.167 0.6999999881
31839  44.396  -50.850  -18.968 0.3000000119
30841  43.872  -51.558  -19.262 0.3000000119
123535  26.158  -48.997  -20.575 0.6999999881
32838  45.741  -49.827  -18.917 0.3000000119
33774  45.784  -48.851  -18.992 0.3000000119
33796  46.882  -48.636  -19.640 0.3000000119
34712  47.604  -47.256  -20.589 0.3000000119
29789  44.430  -52.714  -20.073 0.4000000060
33820  24.827  -49.206  -21.189 0.6999999881
31858  45.309  -51.902  -19.327 0.3000000119
31838  45.540  -50.850  -19.159 0.3000000119
33818  25.596  -48.324  -21.104 0.6999999881
32837  47.354  -49.943  -19.603 0.3000000119
33807  26.822  -48.249  -19.983 0.6999999881
36744  46.130  -45.562  -20.585 0.3000000119
36734  45.452  -45.746  -19.831 0.3000000119
36743  47.185  -45.852  -21.232 0.3000000119
37785  46.547  -45.070  -21.344 0.3000000119
33819  24.996  -48.704  -21.179 0.6999999881
31857  46.888  -52.121  -19.418 0.3000000119
112496  25.188  -47.955  -21.145 0.6999999881
31856  48.289  -51.981  -19.446 0.3000000119
31837  47.022  -51.031  -19.464 0.3000000119
34708  26.366  -47.712  -20.879 0.6999999881
37799  46.944  -44.718  -21.983 0.3000000119
34718  25.684  -47.360  -21.289 0.6999999881
45751  44.453  -36.588  -18.549 0.3000000119
31845  29.658  -50.366  -18.187 0.5000000000
31830  26.514  -50.898  -17.995 0.6999999881
31828  28.294  -50.361  -17.426 0.6000000238
30833  27.353  -51.287  -17.108 0.6000000238
31846  28.715  -49.937  -17.773 0.6000000238
31876  25.033  -50.083  -21.247 0.6999999881
29808  45.747  -54.158  -20.948 0.3000000119
32879  24.882  -49.707  -21.216 0.6999999881
29809  45.439  -53.455  -20.574 0.4000000060
33809  24.779  -49.027  -20.974 0.6999999881
28874  46.033  -53.567  -19.936 0.4000000060
129765  44.867  -52.635  -19.636 0.4000000060
30852  46.629  -53.128  -19.406 0.3000000119
29788  46.163  -53.645  -19.318 0.3000000119
29770  47.077  -52.835  -19.171 0.3000000119
115429  44.055  -48.772  -18.341 0.3000000119
122635  27.457  -50.475  -17.478 0.6000000238
30851  47.805  -52.545  -19.165 0.3000000119
29797  32.790  -52.617  -19.394 0.5000000000
30842  31.156  -52.215  -18.698 0.5000000000
29779  31.246  -52.897  -18.773 0.5000000000
30859  32.385  -51.927  -19.030 0.4000000060
27133  25.710  -55.679  -17.664 0.4000000060
26249  24.986  -56.693  -18.461 0.5000000000
30860  31.604  -51.799  -18.840 0.4000000060
30861  30.846  -51.462  -18.761 0.5000000000
25264  23.716  -57.392  -19.612 0.4000000060
130789  23.254  -57.826  -20.105 0.4000000060
26239  25.629  -56.527  -17.925 0.5000000000
30843  30.012  -51.250  -18.236 0.4000000060
25271  22.597  -57.849  -20.575 0.4000000060
24187  22.433  -58.734  -20.937 0.4000000060
26259  23.592  -56.441  -19.540 0.4000000060
27142  25.099  -55.848  -18.251 0.5000000000
27143  24.398  -55.924  -18.794 0.4000000060
27958  25.705  -54.805  -17.594 0.5000000000
28842  26.689  -53.408  -16.774 0.4000000060
30831  29.099  -50.869  -17.504 0.5000000000
30822  27.372  -51.961  -16.765 0.4000000060
29748  26.998  -52.595  -16.722 0.4000000060
30821  28.017  -51.734  -16.660 0.4000000060
25272  21.990  -58.015  -21.075 0.4000000060
26280  19.332  -56.999  -21.018 0.4000000060
27165  20.382  -55.773  -20.916 0.4000000060
132247  24.213  -55.329  -19.027 0.5000000000
27152  23.787  -55.575  -19.390 0.4000000060
27164  21.227  -55.186  -20.765 0.4000000060
118099  24.606  -55.042  -18.644 0.5000000000
28905  21.664  -53.874  -20.469 0.4000000060
28006  21.196  -54.485  -20.528 0.4000000060
27975  25.165  -54.419  -18.299 0.5000000000
120994  25.645  -53.928  -17.727 0.5000000000
28885  22.159  -53.267  -20.380 0.4000000060
28886  21.109  -53.338  -19.912 0.4000000060
28858  25.745  -53.068  -17.998 0.6000000238
29768  26.336  -52.733  -17.313 0.6000000238
30834  26.690  -51.871  -17.247 0.5000000000
26279  19.635  -57.266  -21.195 0.4000000060
25273  22.007  -57.063  -20.955 0.4000000060
26278  20.400  -56.602  -21.245 0.4000000060
27989  24.059  -54.785  -19.401 0.5000000000
27153  23.035  -55.656  -20.140 0.4000000060
26269  21.196  -56.006  -21.078 0.4000000060
27976  24.571  -54.030  -19.326 0.5000000000
28005  21.992  -54.502  -20.724 0.4000000060
29803  21.575  -52.809  -19.631 0.4000000060
127345  25.961  -52.024  -18.318 0.6000000238
25279  20.464  -57.460  -21.450 0.4000000060
26277  21.216  -56.825  -21.294 0.4000000060
26268  21.705  -56.239  -20.988 0.4000000060
28004  22.681  -54.331  -20.755 0.4000000060
28903  23.271  -53.410  -20.937 0.4000000060
28904  22.557  -53.696  -20.782 0.4000000060
28872  25.232  -53.546  -18.683 0.5000000000
29822  22.969  -52.990  -20.921 0.4000000060
30845  25.569  -51.970  -19.780 0.6000000238
25278  21.310  -57.844  -21.405 0.4000000060
27162  22.560  -55.188  -20.582 0.4000000060
27163  21.947  -55.336  -20.795 0.4000000060
28002  23.983  -54.051  -20.258 0.5000000000
27990  23.467  -54.771  -20.058 0.5000000000
28003  23.361  -54.017  -20.774 0.5000000000
28883  24.899  -53.122  -19.903 0.5000000000
28884  24.401  -53.274  -20.589 0.5000000000
28902  23.856  -53.258  -21.053 0.5000000000
29781  25.423  -52.697  -19.170 0.6000000238
29801  23.452  -52.467  -20.802 0.5000000000
29802  22.572  -52.744  -20.227 0.4000000060
31847  26.272  -50.314  -19.530 0.6000000238
30844  25.862  -51.217  -19.670 0.6000000238
29799  25.065  -52.332  -20.604 0.6000000238
133268  24.680  -52.782  -20.660 0.5000000000
29821  23.772  -52.753  -21.101 0.5000000000
29820  24.803  -51.675  -21.197 0.6000000238
29800  24.360  -52.489  -21.074 0.5000000000
30863  25.303  -51.474  -20.856 0.6000000238
30862  25.529  -50.679  -20.841 0.6000000238
31848  24.300  -50.462  -18.553 0.5000000000
31868  24.503  -50.456  -20.550 0.6000000238
31869  23.977  -51.094  -19.534 0.5000000000
30865  23.720  -51.704  -20.432 0.5000000000
30874  24.283  -51.903  -21.107 0.5000000000
30866  23.006  -52.182  -19.499 0.5000000000
32869  24.615  -49.713  -19.644 0.5000000000
32852  24.741  -49.642  -17.794 0.5000000000
130413  24.855  -48.974  -19.851 0.6000000238
30864  24.434  -51.177  -20.963 0.6000000238
31877  24.912  -50.623  -21.298 0.6000000238
115158  30.471  -51.991  -18.308 0.4000000060
29780  29.665  -51.910  -17.574 0.4000000060
118814  30.392  -50.810  -18.713 0.5000000000
30872  25.046  -50.982  -21.348 0.6000000238
29798  31.895  -52.599  -19.098 0.5000000000
28871  30.717  -53.135  -18.439 0.5000000000
131951  30.760  -52.553  -18.481 0.5000000000
130433  25.252  -55.178  -18.075 0.5000000000
26266  22.896  -56.904  -20.186 0.4000000060
121985  20.219  -54.851  -20.554 0.4000000060
26267  22.321  -56.046  -20.630 0.4000000060
123286  22.998  -54.754  -20.566 0.4000000060
30873  24.857  -51.265  -21.260 0.6000000238
27172  19.601  -56.386  -20.883 0.3000000119
28906  20.636  -53.994  -20.201 0.3000000119
114088  19.538  -55.585  -20.622 0.3000000119
28887  19.978  -53.379  -19.757 0.3000000119
28907  19.464  -54.152  -20.133 0.3000000119
27991  18.318  -54.387  -19.883 0.3000000119
24186  23.171  -58.604  -20.436 0.4000000060
25280  19.351  -57.694  -21.037 0.4000000060
28007  18.970  -55.016  -20.301 0.3000000119
28857  26.148  -53.496  -17.330 0.4000000060
28908  45.658  -54.417  -21.275 0.3000000119
28920  45.317  -53.574  -22.203 0.3000000119
29747  27.747  -52.491  -16.525 0.4000000060
29765  30.272  -52.622  -18.007 0.4000000060
29823  45.426  -53.627  -21.971 0.3000000119
29835  44.978  -52.645  -23.438 0.4000000060
29844  44.709  -52.452  -23.870 0.5000000000
29845  43.380  -53.045  -23.998 0.5000000000
29853  41.966  -52.604  -25.374 0.5000000000
29859  43.016  -53.699  -25.476 0.5000000000
30832  28.247  -51.016  -17.089 0.6000000238
30868  42.766  -51.635  -20.441 0.5000000000
30880  44.885  -52.184  -23.690 0.5000000000
30881  44.452  -51.573  -23.516 0.4000000060
30886  37.673  -51.624  -23.653 0.5000000000
30888  44.457  -51.817  -24.129 0.5000000000
31887  44.066  -51.350  -23.807 0.5000000000
31888  43.180  -50.633  -23.631 0.6000000238
32849  28.366  -49.202  -18.125 0.6000000238
32878  24.858  -49.376  -21.208 0.6999999881
32886  42.228  -49.981  -23.445 0.6000000238
32892  39.982  -49.395  -23.401 0.6000000238
32893  39.330  -49.684  -23.136 0.6000000238
33798  39.346  -47.920  -19.813 0.6999999881
33813  38.824  -48.015  -20.447 0.6999999881
33817  30.139  -48.277  -20.164 0.8000000119
33829  31.223  -49.047  -22.702 1.0000000000
34687  38.838  -47.382  -19.011 0.6000000238
34723  25.602  -46.545  -21.343 0.8000000119
35648  35.353  -45.945  -16.473 0.8000000119
35664  36.797  -46.592  -16.885 0.8000000119
35667  33.555  -46.375  -17.493 0.8000000119
35686  46.555  -47.100  -20.087 0.3000000119
35687  45.591  -46.560  -19.583 0.3000000119
35699  28.410  -46.292  -21.026 0.8000000119
35702  25.456  -46.553  -21.240 0.8999999762
35713  30.230  -46.166  -22.570 1.0000000000
35715  33.540  -46.917  -23.956 1.0000000000
35716  32.252  -47.516  -23.661 1.0000000000
36694  40.827  -45.924  -16.927 0.6000000238
36723  44.374  -45.550  -18.984 0.4000000060
36739  26.225  -45.362  -20.392 0.8999999762
36766  27.206  -44.490  -22.384 1.0000000000
36772  34.211  -45.812  -24.389 1.0000000000
37728  34.559  -44.609  -16.710 0.8000000119
37740  33.975  -44.800  -17.252 0.8000000119
37742  30.934  -44.234  -17.465 1.0000000000
37745  28.926  -44.680  -17.444 1.0000000000
37757  43.102  -43.912  -18.409 0.4000000060
37786  45.798  -44.649  -20.849 0.4000000060
37789  33.745  -44.817  -20.574 0.6999999881
37821  31.399  -44.499  -23.901 1.0000000000
37823  28.957  -43.771  -23.420 1.0000000000
37828  35.271  -44.565  -24.511 1.0000000000
37830  33.791  -44.990  -24.515 1.0000000000
38706  37.054  -43.300  -15.455 0.6999999881
38707  36.451  -43.354  -15.674 0.6999999881
38708  35.998  -43.044  -15.948 0.6000000238
38716  40.184  -44.009  -16.125 0.6999999881
38730  42.100  -43.414  -17.509 0.5000000000
38762  32.664  -43.650  -19.334 1.0000000000
38777  34.750  -44.093  -22.084 0.8000000119
38789  30.595  -42.638  -23.181 1.0000000000
38790  29.746  -42.698  -22.922 1.0000000000
38798  30.707  -42.887  -23.965 1.0000000000
39644  37.399  -42.541  -15.461 0.6000000238
39670  42.362  -42.515  -17.876 0.4000000060
39701  36.275  -42.340  -21.031 0.8000000119
39706  33.360  -42.567  -21.842 1.0000000000
39707  32.688  -43.065  -21.597 1.0000000000
39728  31.914  -42.485  -23.958 1.0000000000
39732  38.222  -42.578  -25.095 0.8000000119
39738  31.706  -42.763  -24.133 1.0000000000
40578  39.470  -40.944  -15.726 0.6000000238
40596  32.940  -41.587  -16.489 0.8999999762
40609  36.525  -41.580  -17.215 0.6000000238
40610  34.126  -41.476  -17.234 0.8999999762
40611  33.527  -41.986  -16.923 0.8999999762
40637  34.123  -42.204  -18.878 1.0000000000
40658  37.105  -42.164  -22.605 0.8000000119
40672  38.607  -42.006  -25.324 0.8000000119
40675  35.006  -41.832  -24.672 1.0000000000
41572  37.980  -40.651  -15.839 0.6000000238
41586  40.334  -40.812  -16.163 0.5000000000
41587  39.717  -40.061  -16.000 0.5000000000
41625  35.053  -41.080  -19.084 0.6999999881
41645  45.521  -40.737  -20.803 0.4000000060
41657  47.503  -40.423  -23.429 0.3000000119
41671  40.426  -40.784  -24.956 0.6999999881
42617  39.104  -39.819  -16.019 0.5000000000
42618  34.995  -38.913  -15.746 0.5000000000
42619  34.384  -39.480  -15.751 0.5000000000
42621  33.129  -39.465  -15.659 0.6999999881
42630  40.916  -39.706  -16.679 0.5000000000
42633  38.850  -39.499  -16.321 0.5000000000
42634  38.359  -39.560  -16.669 0.6000000238
42636  34.438  -40.058  -16.107 0.5000000000
42650  38.385  -39.109  -17.525 0.6999999881
42664  43.341  -39.559  -18.593 0.4000000060
42668  36.175  -39.146  -18.759 0.6000000238
42686  44.310  -40.017  -19.487 0.4000000060
42691  35.824  -39.832  -19.192 0.6999999881
42692  24.289  -38.671  -19.512 0.5000000000
42702  45.487  -39.449  -20.277 0.4000000060
42726  41.460  -39.535  -24.393 0.6999999881
42727  41.082  -40.135  -24.694 0.6999999881
42731  47.935  -39.946  -24.982 0.3000000119
42734  37.446  -39.468  -24.912 0.6999999881
42736  35.782  -39.322  -24.476 0.6999999881
42739  47.877  -39.932  -25.208 0.3000000119
43666  33.519  -38.764  -15.425 0.6000000238
43675  40.687  -38.859  -16.719 0.5000000000
43676  39.829  -38.709  -16.633 0.5000000000
43679  35.637  -38.436  -16.006 0.5000000000
43698  36.398  -38.217  -17.406 0.4000000060
43700  31.343  -38.325  -17.083 0.6000000238
43737  44.556  -38.473  -19.135 0.3000000119
43778  40.533  -38.513  -22.234 0.6999999881
43779  36.380  -38.103  -21.900 0.6000000238
43780  36.125  -38.664  -22.321 0.6999999881
43791  41.172  -38.890  -23.371 0.6999999881
43799  36.363  -38.053  -23.584 0.6000000238
43803  40.944  -39.360  -24.615 0.6999999881
44720  34.069  -36.974  -14.782 0.5000000000
44726  35.329  -37.277  -15.277 0.5000000000
44755  42.048  -37.192  -17.462 0.5000000000
44759  31.054  -37.742  -17.682 0.6999999881
44779  43.943  -37.161  -18.387 0.4000000060
44780  42.524  -37.826  -17.633 0.4000000060
44803  29.519  -37.108  -19.711 0.6999999881
44806  25.366  -37.876  -19.980 0.5000000000
44822  28.289  -36.937  -20.235 0.6999999881
44835  46.939  -37.924  -20.989 0.3000000119
44857  40.816  -38.369  -23.598 0.6000000238
44860  36.791  -37.554  -23.622 0.6000000238
45699  33.932  -36.236  -14.677 0.3000000119
45731  41.410  -35.997  -18.223 0.5000000000
45750  44.953  -35.930  -18.690 0.3000000119
45774  30.317  -36.430  -19.726 0.4000000060
45785  30.229  -36.068  -20.427 0.4000000060
45795  48.570  -36.277  -21.761 0.3000000119
45801  36.749  -36.548  -22.015 0.5000000000
45810  49.456  -36.164  -23.092 0.3000000119
45828  37.181  -37.198  -23.453 0.6000000238
46802  36.520  -35.439  -15.480 0.4000000060
46833  41.662  -35.284  -18.931 0.5000000000
46834  41.184  -35.792  -19.522 0.6000000238
46835  37.229  -34.848  -18.168 0.5000000000
46856  36.757  -35.285  -20.260 0.5000000000
46874  37.512  -35.107  -20.764 0.5000000000
46894  29.687  -35.446  -22.154 0.4000000060
46905  43.704  -36.218  -23.695 0.4000000060
46906  43.224  -36.519  -22.982 0.5000000000
46908  42.690  -35.952  -22.438 0.6000000238
46909  29.733  -34.852  -22.664 0.4000000060
46910  29.361  -35.287  -22.803 0.4000000060
46921  43.307  -36.478  -24.167 0.4000000060
46925  26.609  -35.205  -23.084 0.4000000060
46933  43.663  -36.368  -24.827 0.4000000060
47752  35.562  -34.704  -14.651 0.3000000119
47753  34.561  -34.634  -14.535 0.4000000060
47764  32.365  -34.820  -15.604 0.3000000119
47783  43.460  -34.401  -18.698 0.3000000119
47785  42.052  -34.844  -19.457 0.4000000060
47786  37.107  -33.914  -18.769 0.4000000060
47788  31.098  -34.702  -18.161 0.4000000060
47801  36.915  -34.678  -19.887 0.5000000000
47802  30.655  -34.470  -19.479 0.4000000060
47822  40.954  -34.997  -21.391 0.5000000000
47835  41.731  -35.896  -22.549 0.4000000060
47859  42.862  -36.344  -24.086 0.4000000060
47860  29.314  -34.174  -23.958 0.3000000119
48690  33.298  -33.289  -14.764 0.3000000119
48709  32.190  -33.077  -15.860 0.3000000119
48741  43.639  -33.376  -19.846 0.3000000119
48761  41.387  -33.455  -20.929 0.4000000060
48778  30.367  -33.434  -21.293 0.3000000119
48789  30.191  -33.429  -22.020 0.3000000119
49698  36.369  -32.470  -14.694 0.3000000119
49727  31.817  -32.622  -16.369 0.3000000119
49745  30.635  -32.938  -19.030 0.3000000119
49758  30.508  -32.759  -19.895 0.3000000119
49789  30.196  -32.325  -21.502 0.3000000119
49800  30.024  -32.636  -22.244 0.3000000119
49821  43.945  -33.229  -25.144 0.3000000119
50853  37.681  -31.854  -18.334 0.3000000119
50864  37.891  -31.113  -18.538 0.3000000119
51883  30.854  -30.997  -17.987 0.3000000119
51884  30.611  -30.657  -18.725 0.3000000119
51897  40.000  -30.666  -20.627 0.4000000060
51900  30.173  -30.065  -20.203 0.3000000119
51909  39.526  -30.158  -21.472 0.4000000060
51924  40.881  -30.511  -22.518 0.3000000119
51940  42.181  -30.279  -23.825 0.3000000119
52836  34.524  -29.205  -15.008 0.4000000060
52855  32.324  -30.174  -16.130 0.3000000119
52856  31.826  -29.807  -16.756 0.3000000119
52893  30.614  -29.759  -18.815 0.3000000119
52904  30.357  -29.404  -19.660 0.3000000119
52927  29.491  -28.825  -23.081 0.3000000119
55756  34.452  -27.050  -15.752 0.3000000119
55806  31.298  -26.769  -18.626 0.3000000119
55807  30.962  -26.749  -19.165 0.3000000119
55820  30.769  -26.302  -19.627 0.4000000060
55879  29.491  -26.506  -23.271 0.3000000119
56825  31.466  -25.439  -18.953 0.4000000060
56836  30.539  -25.742  -20.257 0.3000000119
56858  30.276  -25.543  -20.908 0.3000000119
56873  29.950  -25.756  -21.472 0.3000000119
58822  31.627  -24.080  -19.292 0.3000000119
58832  32.094  -23.253  -19.043 0.3000000119
58873  31.008  -22.929  -21.071 0.3000000119
58888  30.201  -23.625  -22.260 0.3000000119
59890  31.893  -22.577  -19.587 0.3000000119
60890  31.642  -21.556  -20.669 0.3000000119
62873  32.396  -19.706  -20.379 0.3000000119
111315  44.118  -52.636  -24.116 0.5000000000
111545  37.901  -32.705  -16.811 0.3000000119
113198  36.684  -34.110  -15.147 0.4000000060
113677  47.534  -41.083  -24.825 0.3000000119
113688  37.071  -35.814  -16.731 0.4000000060
115383  37.344  -33.079  -15.545 0.3000000119
116358  30.404  -35.028  -20.897 0.3000000119
116368  31.208  -31.480  -17.437 0.3000000119
116370  31.499  -32.088  -16.903 0.4000000060
116652  30.531  -41.045  -16.680 0.8000000119
117376  29.477  -27.247  -22.964 0.3000000119
117381  33.138  -45.482  -24.408 1.0000000000
117525  45.754  -42.215  -21.418 0.4000000060
118030  32.377  -28.245  -16.615 0.3000000119
118236  45.303  -53.213  -22.690 0.4000000060
118569  41.643  -41.128  -17.310 0.4000000060
119089  41.831  -37.858  -17.305 0.5000000000
119168  37.502  -40.530  -18.930 0.6999999881
119219  31.876  -38.081  -16.273 0.6999999881
119378  39.855  -38.251  -21.164 0.6999999881
120387  38.185  -42.147  -15.402 0.6000000238
120664  39.447  -43.756  -15.733 0.6999999881
120793  41.557  -36.724  -17.596 0.4000000060
121126  39.397  -30.244  -20.705 0.4000000060
121289  36.709  -36.014  -19.737 0.5000000000
121394  33.057  -45.694  -19.830 0.8000000119
122210  44.586  -41.160  -20.127 0.4000000060
122368  34.940  -32.996  -14.504 0.3000000119
122370  30.732  -35.118  -19.273 0.4000000060
122876  38.626  -40.760  -15.683 0.6000000238
123571  33.793  -34.994  -14.611 0.3000000119
123768  45.220  -42.070  -20.821 0.4000000060
123780  29.637  -28.279  -21.398 0.3000000119
124051  30.493  -25.118  -20.665 0.3000000119
124725  33.004  -38.248  -15.395 0.5000000000
125713  29.896  -41.271  -16.645 0.8999999762
126066  37.822  -43.257  -15.354 0.6000000238
126658  29.502  -26.011  -23.449 0.3000000119
127770  48.367  -37.971  -23.054 0.3000000119
128417  40.557  -29.204  -22.563 0.3000000119
128434  39.355  -41.594  -25.293 0.6999999881
128621  30.244  -28.543  -26.826 0.3000000119
128676  34.666  -45.864  -16.635 0.8000000119
129202  29.555  -29.479  -23.999 0.3000000119
129658  37.925  -40.376  -25.216 0.6999999881
130567  32.386  -38.562  -15.830 0.6000000238
130908  36.583  -37.819  -18.869 0.5000000000
130927  29.003  -35.411  -23.108 0.4000000060
131037  24.019  -56.207  -19.164 0.4000000060
131386  42.177  -44.608  -17.370 0.5000000000
131471  41.575  -39.162  -24.241 0.6000000238
131699  41.439  -49.882  -18.606 0.4000000060
131808  48.634  -38.836  -24.768 0.3000000119
132236  34.430  -43.942  -17.969 0.8000000119
132397  42.235  -32.306  -21.767 0.4000000060
132466  48.230  -37.626  -22.486 0.3000000119
132553  32.734  -47.148  -23.976 1.0000000000
132633  31.725  -41.897  -16.547 0.8999999762
133043  39.365  -41.928  -24.935 0.6999999881
133771  35.626  -36.067  -14.994 0.4000000060
133954  29.539  -27.926  -21.915 0.3000000119
