#!ascii label  , from subject sub-v2s3x28822_ses-1 vox2ras=TkReg
954
28022  -46.265  -66.278  6.541 0.5000000000
29045  -43.860  -65.424  5.317 0.8000000119
31064  -43.528  -62.959  4.504 0.8000000119
133049  -43.259  -64.721  5.015 0.8000000119
29046  -44.794  -65.250  5.130 0.8000000119
28006  -45.804  -66.614  7.417 0.5000000000
29035  -45.427  -65.830  5.725 0.5000000000
29047  -45.813  -64.913  4.936 0.6000000238
32063  -42.986  -62.340  5.079 0.6999999881
32069  -43.192  -62.629  4.712 0.6999999881
30075  -45.113  -64.386  4.599 0.8000000119
139348  -46.441  -64.233  4.658 0.6999999881
27992  -46.388  -67.131  8.260 0.6000000238
150488  -47.098  -66.453  6.838 0.5000000000
29036  -47.246  -65.925  6.184 0.6000000238
32041  -40.925  -61.801  6.106 0.6999999881
140731  -46.303  -65.661  5.661 0.6000000238
29049  -47.815  -65.051  5.650 0.6000000238
32042  -41.926  -62.240  6.215 0.6999999881
32051  -41.180  -61.678  5.154 0.6999999881
31065  -44.626  -63.081  4.410 0.6999999881
29048  -46.808  -64.983  5.222 0.6000000238
30078  -48.252  -64.222  5.431 0.6000000238
30082  -44.933  -63.578  4.350 0.8000000119
31060  -46.540  -63.680  4.717 0.8000000119
30077  -47.243  -64.212  4.909 0.6999999881
29016  -47.800  -66.364  8.121 0.4000000060
28023  -47.708  -66.461  7.102 0.6000000238
32026  -41.569  -62.568  8.497 0.6999999881
30068  -49.359  -64.556  6.175 0.6000000238
32027  -42.509  -62.497  8.317 0.6999999881
32043  -42.974  -62.514  6.390 0.6999999881
150988  -43.709  -62.612  4.873 0.6999999881
32064  -44.605  -62.782  4.829 0.6999999881
32065  -46.258  -63.147  5.097 0.6000000238
31061  -47.638  -63.633  5.157 0.6999999881
32058  -48.672  -62.223  5.554 0.5000000000
32054  -45.021  -62.694  6.154 0.6000000238
32055  -45.903  -62.688  6.165 0.6000000238
32066  -47.234  -63.203  5.235 0.6000000238
32057  -47.762  -62.463  5.646 0.6000000238
33040  -47.096  -61.999  6.469 0.6000000238
33041  -48.195  -61.643  6.017 0.5000000000
29010  -47.749  -65.495  8.388 0.4000000060
29017  -48.316  -65.654  7.630 0.5000000000
32010  -41.126  -62.335  9.240 0.6999999881
137354  -48.858  -64.894  7.241 0.6000000238
30060  -49.382  -64.175  6.925 0.6000000238
32028  -43.231  -62.548  7.731 0.6999999881
147289  -49.635  -63.921  6.043 0.6000000238
32044  -44.506  -62.532  7.163 0.6999999881
32059  -49.966  -62.527  5.963 0.5000000000
33044  -49.960  -61.783  5.807 0.6000000238
32045  -45.327  -62.422  7.072 0.6999999881
32046  -46.157  -62.287  6.829 0.6000000238
33042  -49.389  -61.454  5.679 0.5000000000
34021  -50.102  -60.901  5.874 0.5000000000
34016  -47.371  -61.136  6.796 0.5000000000
32997  -38.389  -61.404  10.537 0.6000000238
33990  -39.424  -60.882  10.882 0.6000000238
30044  -46.520  -64.111  9.136 0.5000000000
30052  -47.287  -64.394  8.637 0.5000000000
146033  -40.195  -61.532  10.205 0.6999999881
33015  -39.717  -61.993  9.809 0.6999999881
135754  -48.169  -64.550  7.963 0.5000000000
31044  -48.388  -63.527  7.848 0.5000000000
32031  -47.957  -62.817  8.270 0.4000000060
32011  -42.048  -62.189  9.088 0.6999999881
32032  -48.800  -62.745  7.676 0.5000000000
144529  -42.788  -61.993  8.934 0.6999999881
33029  -43.374  -62.198  8.445 0.6999999881
138592  -49.331  -61.980  7.461 0.5000000000
32029  -43.993  -62.427  7.903 0.6999999881
33037  -45.626  -61.848  7.569 0.6000000238
139908  -49.993  -61.870  6.618 0.5000000000
33038  -46.462  -61.650  7.180 0.6000000238
34017  -49.938  -60.439  6.589 0.5000000000
148520  -46.099  -61.349  7.572 0.5000000000
34015  -46.586  -60.862  7.440 0.5000000000
130050  -50.077  -59.945  5.917 0.5000000000
34018  -48.642  -60.568  6.174 0.5000000000
35839  -49.584  -58.917  6.097 0.3000000119
147036  -46.396  -61.818  9.468 0.3000000119
33979  -38.310  -60.372  11.582 0.6000000238
33980  -39.121  -60.303  11.349 0.6000000238
32013  -46.752  -62.567  9.094 0.4000000060
33018  -47.023  -61.804  9.054 0.4000000060
33992  -40.946  -60.533  10.473 0.6000000238
32015  -48.325  -62.054  8.164 0.5000000000
130658  -41.676  -61.742  9.539 0.6999999881
132507  -42.421  -61.321  9.451 0.6999999881
33033  -49.758  -61.192  7.085 0.5000000000
34010  -44.322  -60.952  8.640 0.5000000000
34013  -49.231  -60.473  7.564 0.5000000000
33031  -44.942  -61.495  8.183 0.5000000000
34939  -49.662  -59.585  7.085 0.4000000060
34945  -50.055  -59.569  5.983 0.3000000119
36737  -49.005  -57.813  7.249 0.4000000060
34943  -48.519  -59.585  6.344 0.5000000000
35840  -49.424  -59.047  6.019 0.4000000060
34908  -38.042  -59.839  12.029 0.6000000238
139892  -38.762  -59.542  11.789 0.6000000238
34909  -39.582  -59.580  11.405 0.6000000238
34910  -40.316  -59.577  11.075 0.6000000238
34918  -40.972  -59.741  10.701 0.6000000238
34004  -47.409  -60.500  8.987 0.3000000119
34012  -48.271  -60.570  8.401 0.4000000060
34002  -42.290  -60.299  9.887 0.6000000238
34005  -47.872  -59.949  8.648 0.3000000119
34003  -43.046  -60.383  9.461 0.6000000238
33017  -43.444  -61.310  8.968 0.6999999881
34931  -48.072  -59.179  8.506 0.3000000119
140160  -48.644  -59.818  8.019 0.3000000119
34009  -43.870  -60.257  9.099 0.6000000238
36731  -47.335  -57.490  8.756 0.3000000119
34938  -48.916  -59.107  7.694 0.3000000119
34935  -44.130  -59.348  8.908 0.5000000000
134909  -44.578  -60.056  8.681 0.5000000000
34937  -45.444  -59.807  8.349 0.5000000000
37714  -48.549  -57.114  7.379 0.3000000119
36732  -48.207  -57.729  8.123 0.3000000119
136637  -46.389  -59.958  7.749 0.5000000000
34941  -47.004  -59.127  7.367 0.5000000000
36743  -48.911  -57.391  6.717 0.3000000119
35834  -45.788  -58.252  7.888 0.5000000000
142201  -48.939  -58.180  6.203 0.4000000060
36747  -48.670  -57.536  6.534 0.3000000119
34902  -38.060  -59.125  12.237 0.5000000000
35807  -38.721  -58.599  11.979 0.6000000238
35808  -39.323  -58.925  11.653 0.5000000000
34920  -42.132  -59.541  10.107 0.6000000238
35817  -42.194  -58.714  9.930 0.5000000000
37706  -46.398  -56.488  9.061 0.3000000119
34928  -42.707  -59.479  9.694 0.6000000238
39696  -45.976  -54.963  8.582 0.3000000119
37708  -47.888  -56.957  8.085 0.3000000119
34929  -43.438  -59.450  9.330 0.6000000238
34936  -44.752  -59.293  8.584 0.5000000000
36740  -45.860  -57.446  7.490 0.5000000000
35838  -48.379  -58.124  6.390 0.4000000060
36745  -47.438  -56.933  6.575 0.4000000060
140375  -38.655  -57.816  11.952 0.5000000000
36708  -39.431  -58.070  11.560 0.5000000000
36717  -40.325  -58.061  11.066 0.5000000000
35815  -40.838  -58.837  10.830 0.5000000000
36718  -41.017  -57.983  10.511 0.5000000000
38712  -44.850  -55.410  9.507 0.3000000119
38714  -46.185  -55.739  8.824 0.3000000119
35825  -42.964  -58.670  9.394 0.6000000238
36729  -43.146  -58.034  8.941 0.6000000238
35830  -43.660  -58.610  9.003 0.5000000000
36736  -45.097  -57.886  8.071 0.5000000000
37724  -48.244  -56.385  6.617 0.4000000060
38732  -47.595  -55.220  6.541 0.4000000060
37691  -39.483  -56.499  10.798 0.5000000000
37692  -40.264  -56.777  10.389 0.5000000000
147068  -40.508  -57.464  10.610 0.5000000000
39680  -44.398  -54.949  9.589 0.4000000060
40679  -44.063  -53.681  9.020 0.4000000060
36727  -41.695  -57.912  9.937 0.5000000000
36728  -42.449  -57.814  9.302 0.5000000000
40680  -44.902  -53.911  8.657 0.4000000060
40681  -45.864  -54.084  8.196 0.3000000119
37704  -42.207  -56.914  8.895 0.4000000060
39706  -46.561  -54.542  7.927 0.3000000119
36733  -43.022  -57.244  8.590 0.5000000000
36734  -43.720  -57.818  8.620 0.4000000060
36735  -44.326  -57.499  8.221 0.4000000060
38729  -46.760  -55.495  6.530 0.4000000060
127657  -39.147  -55.754  10.417 0.5000000000
38694  -39.932  -56.016  10.096 0.5000000000
37702  -40.668  -56.345  9.666 0.5000000000
40670  -43.345  -53.733  9.617 0.4000000060
37703  -41.440  -56.614  9.267 0.5000000000
38711  -41.087  -55.873  8.977 0.4000000060
41708  -44.002  -52.844  8.701 0.4000000060
41709  -44.615  -53.256  8.521 0.4000000060
37709  -41.876  -56.132  8.601 0.4000000060
37710  -42.626  -56.389  8.284 0.4000000060
40694  -45.380  -53.291  8.130 0.4000000060
37711  -43.364  -56.552  8.034 0.4000000060
37712  -44.108  -56.729  7.876 0.4000000060
37717  -44.605  -56.278  7.494 0.4000000060
37718  -45.479  -56.573  7.299 0.4000000060
38724  -45.128  -55.845  7.143 0.4000000060
39716  -46.293  -54.786  6.502 0.4000000060
40710  -47.035  -53.054  6.350 0.4000000060
39719  -46.797  -53.960  6.471 0.4000000060
38708  -38.748  -55.135  9.851 0.5000000000
38709  -39.550  -55.357  9.642 0.4000000060
41700  -42.457  -52.254  9.804 0.4000000060
142004  -43.490  -53.132  9.211 0.4000000060
39693  -39.939  -54.926  8.899 0.5000000000
38716  -40.714  -55.159  8.630 0.4000000060
38718  -42.251  -55.628  7.971 0.4000000060
42659  -44.580  -51.664  7.891 0.4000000060
37715  -42.984  -55.839  7.740 0.4000000060
130568  -43.366  -55.288  7.397 0.4000000060
41732  -47.118  -53.272  6.449 0.3000000119
38728  -45.681  -55.384  6.746 0.4000000060
39692  -39.189  -54.673  9.138 0.4000000060
39703  -39.596  -54.215  8.456 0.5000000000
39704  -40.354  -54.438  8.284 0.4000000060
144847  -43.327  -51.586  8.779 0.4000000060
39708  -40.775  -53.998  7.761 0.4000000060
38717  -41.513  -55.381  8.300 0.4000000060
39709  -41.507  -54.175  7.561 0.4000000060
38721  -41.864  -54.889  7.695 0.4000000060
38722  -42.621  -55.084  7.503 0.4000000060
39711  -43.102  -54.501  7.171 0.4000000060
38723  -43.921  -54.980  7.106 0.4000000060
39714  -44.512  -54.487  6.753 0.4000000060
136740  -47.300  -52.007  5.658 0.4000000060
40706  -45.324  -53.913  6.489 0.4000000060
40709  -46.389  -53.470  6.347 0.4000000060
40692  -39.317  -53.570  8.209 0.4000000060
40693  -40.049  -53.661  8.014 0.4000000060
151476  -40.612  -53.415  7.732 0.4000000060
40698  -41.201  -53.502  7.535 0.4000000060
39710  -42.253  -54.336  7.362 0.4000000060
40700  -42.610  -53.711  7.075 0.4000000060
133835  -47.141  -51.996  5.731 0.4000000060
40704  -42.988  -53.026  6.767 0.4000000060
39713  -43.785  -54.294  6.889 0.4000000060
41728  -43.533  -52.380  6.427 0.4000000060
41729  -44.418  -52.645  6.286 0.4000000060
41733  -45.379  -52.102  5.779 0.4000000060
139440  -39.747  -52.431  8.155 0.4000000060
140165  -40.452  -52.255  7.892 0.4000000060
140132  -41.152  -52.094  7.520 0.4000000060
41723  -41.563  -52.844  7.331 0.4000000060
40699  -41.891  -53.602  7.297 0.4000000060
41726  -41.938  -51.890  7.036 0.4000000060
41724  -42.270  -52.911  7.016 0.4000000060
41727  -42.744  -52.176  6.655 0.4000000060
42667  -43.328  -51.535  6.216 0.4000000060
42673  -47.179  -50.820  5.089 0.3000000119
43627  -45.131  -51.329  5.423 0.4000000060
143186  -46.449  -52.233  5.754 0.4000000060
42657  -39.292  -51.752  8.537 0.4000000060
42658  -39.978  -51.623  8.318 0.4000000060
43609  -39.516  -51.001  8.774 0.4000000060
42663  -40.647  -51.442  7.833 0.4000000060
42664  -41.299  -51.191  7.342 0.4000000060
143567  -42.549  -51.217  6.489 0.4000000060
43622  -43.082  -50.628  5.881 0.4000000060
43623  -47.149  -50.933  5.470 0.4000000060
43628  -47.265  -50.515  5.085 0.3000000119
42670  -43.978  -51.065  5.626 0.4000000060
43630  -46.224  -50.760  4.923 0.5000000000
43631  -47.140  -50.090  4.612 0.4000000060
43626  -44.780  -50.562  5.119 0.5000000000
44595  -39.402  -49.630  9.226 0.4000000060
45623  -40.053  -49.185  8.963 0.4000000060
43610  -40.183  -50.819  8.343 0.4000000060
135377  -40.673  -49.098  7.988 0.4000000060
43616  -40.804  -50.604  7.700 0.4000000060
43624  -43.299  -49.869  5.448 0.4000000060
43629  -45.710  -49.894  4.487 0.5000000000
45610  -39.305  -48.866  9.435 0.4000000060
45624  -40.430  -48.444  8.538 0.4000000060
44622  -44.204  -49.889  4.951 0.4000000060
44624  -44.571  -49.180  4.536 0.5000000000
139158  -38.968  -48.011  9.631 0.4000000060
46628  -39.852  -48.098  9.283 0.4000000060
45639  -43.789  -48.527  4.769 0.5000000000
48632  -37.596  -45.629  10.583 0.4000000060
46616  -38.409  -47.165  9.560 0.4000000060
47608  -37.806  -46.483  9.633 0.4000000060
46617  -39.285  -47.259  9.507 0.4000000060
132010  -38.920  -45.861  9.652 0.4000000060
47610  -39.446  -46.445  9.414 0.5000000000
47597  -37.338  -46.139  10.040 0.4000000060
35835  -46.642  -58.215  7.384 0.5000000000
36741  -46.783  -57.397  6.979 0.5000000000
37723  -47.917  -56.445  6.482 0.4000000060
28021  -45.088  -66.301  6.604 0.5000000000
30073  -42.637  -63.819  4.899 0.8000000119
31058  -42.108  -62.535  4.759 0.8000000119
32061  -41.660  -61.817  4.934 0.6999999881
26981  -45.659  -67.330  8.944 0.5000000000
32050  -40.389  -61.656  5.496 0.6999999881
26967  -46.862  -67.414  9.336 0.5000000000
143291  -40.889  -62.514  7.576 0.6999999881
29009  -47.435  -66.240  8.745 0.4000000060
27980  -47.291  -66.967  8.802 0.4000000060
150142  -40.773  -62.601  8.549 0.6999999881
146011  -39.032  -61.329  10.640 0.6999999881
29007  -46.234  -65.495  9.626 0.4000000060
30043  -46.127  -64.640  9.427 0.4000000060
32982  -37.669  -61.051  11.189 0.6000000238
32012  -45.892  -62.644  9.594 0.4000000060
33968  -36.955  -60.166  12.210 0.6000000238
35799  -37.289  -58.912  12.419 0.5000000000
35800  -37.945  -58.183  12.328 0.5000000000
37678  -38.959  -57.077  11.536 0.5000000000
37690  -38.694  -56.218  11.103 0.4000000060
39691  -38.420  -54.472  9.251 0.4000000060
40678  -38.071  -53.782  8.700 0.4000000060
39702  -38.848  -53.980  8.560 0.4000000060
40691  -38.552  -53.224  8.234 0.4000000060
42656  -38.559  -51.726  8.620 0.4000000060
127690  -39.005  -51.183  8.978 0.4000000060
43594  -39.042  -50.408  9.204 0.4000000060
45609  -38.403  -48.682  9.519 0.4000000060
140331  -38.009  -47.806  9.561 0.4000000060
47586  -37.088  -46.173  10.886 0.4000000060
139466  -43.093  -65.584  5.465 0.8000000119
142436  -44.146  -63.321  4.450 0.8000000119
28007  -46.996  -66.840  7.511 0.5000000000
32062  -42.367  -62.204  4.825 0.6999999881
32053  -43.994  -62.590  5.990 0.6999999881
29038  -48.977  -65.125  6.459 0.6000000238
31062  -48.723  -63.457  5.489 0.6999999881
31050  -49.725  -63.383  6.630 0.6000000238
32068  -49.322  -62.513  5.632 0.6000000238
32067  -48.250  -62.945  5.398 0.6000000238
33016  -41.159  -61.686  9.784 0.6999999881
32033  -49.781  -62.714  7.005 0.5000000000
33991  -40.202  -60.892  10.619 0.6000000238
31034  -46.354  -63.283  9.258 0.5000000000
32030  -47.299  -62.899  8.641 0.5000000000
33019  -46.880  -61.142  9.293 0.3000000119
35836  -47.952  -58.999  6.605 0.5000000000
35816  -41.485  -58.522  10.366 0.6000000238
35831  -44.425  -58.454  8.564 0.5000000000
147301  -47.490  -58.402  6.870 0.5000000000
37721  -46.064  -56.075  6.855 0.4000000060
36739  -44.896  -57.055  7.740 0.4000000060
38733  -47.848  -55.075  6.643 0.4000000060
40701  -43.360  -53.733  6.839 0.4000000060
142974  -38.883  -52.532  8.240 0.4000000060
42668  -44.243  -51.831  5.983 0.4000000060
21110  -30.660  -73.308  4.666 0.4000000060
21111  -31.480  -73.668  4.966 0.4000000060
22056  -32.001  -72.976  6.949 0.4000000060
21078  -32.798  -73.223  7.255 0.4000000060
22054  -30.797  -72.338  6.276 0.4000000060
22038  -31.856  -72.282  7.301 0.4000000060
22039  -32.471  -72.488  7.509 0.4000000060
23014  -32.951  -71.756  7.928 0.4000000060
22999  -34.751  -71.388  8.570 0.5000000000
23031  -30.884  -71.602  6.552 0.4000000060
23032  -31.510  -71.608  7.123 0.4000000060
24047  -32.521  -70.959  7.534 0.5000000000
24032  -34.455  -70.657  8.401 0.5000000000
25085  -34.913  -69.967  8.407 0.6000000238
24069  -30.290  -70.071  4.801 0.4000000060
24046  -31.313  -70.883  6.619 0.4000000060
24061  -32.237  -70.344  6.638 0.4000000060
24033  -35.330  -70.592  8.826 0.5000000000
29008  -47.015  -66.416  9.343 0.3000000119
28995  -46.505  -66.581  9.956 0.4000000060
151907  -45.065  -63.976  9.852 0.3000000119
24017  -35.987  -70.137  9.180 0.5000000000
26965  -43.885  -67.462  9.805 0.5000000000
26966  -46.312  -67.712  9.829 0.4000000060
26067  -31.894  -67.862  4.597 0.4000000060
24062  -33.103  -70.330  7.300 0.5000000000
143387  -34.304  -70.025  7.933 0.5000000000
149461  -31.179  -69.068  4.759 0.4000000060
24070  -31.316  -69.859  5.440 0.4000000060
25087  -36.083  -69.493  8.951 0.6000000238
25070  -36.599  -69.724  9.284 0.6000000238
26012  -37.681  -68.532  9.321 0.6999999881
27979  -44.305  -67.029  9.170 0.5000000000
25071  -37.371  -69.403  9.401 0.6999999881
26014  -39.654  -68.331  9.696 0.6999999881
27978  -43.259  -66.888  9.322 0.6999999881
143743  -39.280  -67.671  9.445 0.6999999881
27976  -41.321  -66.843  9.287 0.6999999881
25113  -34.591  -69.201  6.404 0.5000000000
25099  -34.749  -69.535  7.464 0.6000000238
25100  -35.521  -69.333  8.129 0.6000000238
26047  -36.777  -68.357  8.173 0.6000000238
26059  -32.733  -68.504  5.007 0.4000000060
130897  -33.432  -69.019  5.589 0.5000000000
25114  -35.370  -69.038  6.773 0.6000000238
25101  -36.242  -68.933  8.358 0.6000000238
26978  -37.970  -67.682  8.614 0.6000000238
26960  -38.689  -67.448  9.026 0.6000000238
130344  -45.136  -63.154  9.919 0.3000000119
26011  -36.783  -68.819  9.073 0.6000000238
26961  -39.590  -67.127  9.070 0.6999999881
27990  -43.580  -66.564  8.468 0.6000000238
127633  -45.404  -66.767  8.104 0.5000000000
142933  -33.552  -67.425  4.893 0.6000000238
26069  -34.227  -67.669  5.143 0.6000000238
26062  -35.647  -68.246  5.680 0.6999999881
26056  -35.869  -68.549  6.204 0.6000000238
26058  -37.013  -68.197  6.775 0.6000000238
26979  -38.563  -67.326  7.941 0.6000000238
26068  -32.895  -67.620  4.729 0.5000000000
26980  -39.272  -66.966  8.237 0.6000000238
27986  -40.092  -66.724  8.367 0.6999999881
28003  -42.492  -66.356  7.731 0.6999999881
27988  -41.855  -66.498  8.607 0.6999999881
28005  -44.785  -66.480  7.510 0.6000000238
148963  -43.013  -66.419  8.143 0.6999999881
27007  -34.684  -67.134  5.320 0.6000000238
27008  -35.761  -67.540  5.513 0.6999999881
27000  -36.911  -67.618  5.654 0.6999999881
26063  -36.315  -68.134  5.806 0.6999999881
26992  -38.429  -67.403  6.778 0.6000000238
28020  -44.002  -66.345  6.819 0.5000000000
28001  -40.606  -66.524  7.347 0.6999999881
28002  -41.520  -66.375  7.523 0.6999999881
28004  -43.335  -66.404  7.598 0.6000000238
30070  -40.263  -65.234  5.635 0.6999999881
29043  -41.459  -65.439  5.498 0.6999999881
28029  -37.416  -67.032  5.507 0.6999999881
29042  -40.682  -65.878  5.487 0.6000000238
28032  -40.367  -66.283  5.652 0.5000000000
27010  -38.557  -67.053  5.610 0.6999999881
28031  -39.382  -66.702  5.724 0.6000000238
28017  -41.133  -66.419  6.174 0.6999999881
29033  -43.474  -66.106  5.937 0.5000000000
26993  -39.050  -67.037  6.991 0.6000000238
28018  -42.099  -66.349  6.558 0.6999999881
28019  -42.989  -66.347  6.679 0.6000000238
30071  -40.965  -64.803  5.510 0.6999999881
30072  -41.724  -63.990  5.288 0.6999999881
31057  -41.333  -62.373  4.978 0.6999999881
29032  -42.536  -66.120  5.828 0.6000000238
29044  -42.376  -65.159  5.351 0.6999999881
28034  -41.851  -65.874  5.616 0.6000000238
22073  -31.037  -73.013  5.735 0.4000000060
23015  -33.818  -71.398  8.311 0.4000000060
25119  -30.588  -69.258  4.562 0.4000000060
147747  -31.876  -71.029  7.212 0.4000000060
25111  -33.200  -69.675  6.351 0.4000000060
25120  -32.481  -69.387  5.600 0.4000000060
26962  -40.887  -67.475  9.711 0.6999999881
27989  -42.726  -66.539  8.674 0.6999999881
26046  -36.179  -68.685  7.171 0.6000000238
141663  -38.028  -67.604  7.663 0.6000000238
26060  -33.701  -68.230  5.137 0.6999999881
26055  -35.083  -68.662  5.847 0.6000000238
27001  -37.474  -67.813  6.005 0.6000000238
29040  -38.855  -66.590  5.540 0.6999999881
28016  -40.122  -66.662  6.098 0.6000000238
29041  -39.869  -66.206  5.513 0.6000000238
28028  -36.338  -66.889  5.593 0.5000000000
28024  -32.469  -66.660  4.982 0.4000000060
27006  -33.768  -66.913  5.057 0.5000000000
28014  -36.849  -66.289  5.909 0.6000000238
28009  -31.874  -66.774  5.411 0.4000000060
26999  -32.133  -66.972  6.215 0.5000000000
28025  -33.279  -66.579  5.194 0.5000000000
28026  -34.183  -66.446  5.535 0.5000000000
28013  -35.810  -66.057  6.015 0.5000000000
29028  -36.315  -65.418  6.427 0.5000000000
28027  -35.208  -66.573  5.614 0.5000000000
29039  -37.889  -66.506  5.674 0.6000000238
29030  -38.413  -65.564  6.059 0.5000000000
29029  -37.361  -65.531  6.351 0.5000000000
30064  -38.873  -64.086  6.589 0.6999999881
30063  -37.821  -64.511  6.785 0.6000000238
146207  -39.469  -61.723  5.957 0.6000000238
26988  -31.602  -67.511  6.868 0.5000000000
26990  -33.184  -66.905  6.678 0.5000000000
28011  -34.424  -66.004  6.167 0.5000000000
29027  -35.380  -65.330  6.447 0.5000000000
28012  -34.884  -65.842  5.950 0.5000000000
31056  -40.606  -62.389  5.408 0.6000000238
31051  -38.057  -63.131  7.033 0.6000000238
31052  -38.816  -62.204  6.534 0.5000000000
32049  -39.640  -61.670  5.922 0.6000000238
26976  -33.053  -67.672  7.770 0.5000000000
27998  -34.095  -66.393  6.878 0.5000000000
29022  -34.899  -65.114  7.449 0.5000000000
29023  -35.236  -64.840  6.961 0.5000000000
135879  -36.461  -64.014  7.296 0.5000000000
32060  -40.930  -61.696  5.264 0.6000000238
31049  -38.191  -61.672  6.960 0.5000000000
32048  -38.985  -61.607  6.577 0.6000000238
26030  -32.702  -68.335  8.391 0.5000000000
138515  -33.884  -67.057  7.748 0.5000000000
29015  -34.670  -65.670  8.339 0.5000000000
130094  -34.621  -65.112  9.112 0.5000000000
30042  -34.411  -64.105  9.255 0.6000000238
30056  -35.192  -64.449  7.751 0.4000000060
31040  -34.301  -63.012  8.706 0.4000000060
30050  -34.914  -63.807  8.442 0.5000000000
31046  -35.737  -62.738  7.798 0.5000000000
145734  -35.561  -64.343  7.374 0.4000000060
32020  -33.581  -61.836  8.684 0.4000000060
33025  -34.902  -61.657  8.348 0.5000000000
32035  -35.712  -61.879  7.734 0.5000000000
146255  -34.552  -61.587  9.631 0.4000000060
32036  -36.590  -61.858  7.559 0.6000000238
151134  -38.498  -61.665  6.884 0.6000000238
32038  -38.545  -61.575  6.879 0.6000000238
32009  -40.014  -62.589  8.997 0.6000000238
32022  -35.052  -62.050  7.852 0.5000000000
33011  -35.775  -61.546  9.180 0.5000000000
131332  -36.563  -61.512  8.837 0.5000000000
143014  -35.572  -61.717  7.910 0.5000000000
129222  -34.824  -61.513  11.056 0.4000000060
32994  -35.824  -61.517  10.492 0.5000000000
33012  -37.329  -61.600  9.224 0.6000000238
33027  -36.920  -61.384  7.937 0.6000000238
32008  -38.897  -62.270  9.084 0.6000000238
32995  -36.756  -61.535  10.009 0.5000000000
34900  -36.698  -59.599  12.387 0.3000000119
33976  -35.855  -60.753  12.014 0.4000000060
32980  -35.900  -61.217  11.480 0.4000000060
32981  -36.736  -61.349  11.054 0.5000000000
33014  -38.977  -61.761  10.063 0.6000000238
38693  -38.319  -55.554  10.625 0.3000000119
38677  -37.885  -56.040  11.285 0.3000000119
37677  -38.249  -56.634  11.620 0.4000000060
36696  -37.346  -57.514  12.280 0.4000000060
40677  -37.250  -53.744  8.940 0.3000000119
144413  -37.817  -52.437  8.350 0.3000000119
40690  -37.520  -53.155  8.437 0.3000000119
42655  -37.748  -51.421  8.663 0.3000000119
43608  -38.460  -50.937  9.027 0.3000000119
43593  -38.241  -50.165  9.265 0.3000000119
44593  -37.846  -49.335  9.392 0.3000000119
45608  -37.455  -48.396  9.382 0.3000000119
46615  -36.988  -47.336  9.297 0.3000000119
33977  -36.719  -60.729  11.783 0.5000000000
136805  -37.745  -54.275  9.261 0.3000000119
30066  -40.422  -63.878  5.737 0.5000000000
130051  -33.665  -66.386  5.850 0.5000000000
31047  -36.520  -63.014  7.583 0.5000000000
32023  -38.304  -61.647  7.683 0.6000000238
137814  -45.122  -67.769  9.934 0.3000000119
26015  -40.570  -68.274  9.858 0.6000000238
139398  -42.370  -67.521  10.019 0.6000000238
27945  -44.316  -67.214  12.024 0.3000000119
129594  -45.723  -67.362  11.133 0.3000000119
26937  -46.256  -67.716  10.570 0.3000000119
27962  -46.079  -66.895  10.525 0.3000000119
26936  -45.857  -68.217  11.223 0.3000000119
26946  -46.564  -67.621  10.005 0.3000000119
27963  -46.889  -67.205  9.618 0.3000000119
26942  -42.145  -67.969  10.238 0.6000000238
26943  -42.856  -67.931  10.294 0.5000000000
151598  -43.608  -66.990  12.308 0.3000000119
27951  -44.101  -65.887  11.189 0.3000000119
27961  -45.059  -66.292  10.840 0.3000000119
28994  -45.492  -65.647  10.215 0.3000000119
26945  -46.160  -68.021  10.566 0.3000000119
26017  -45.727  -68.283  10.608 0.3000000119
148911  -44.275  -67.878  10.195 0.4000000060
131546  -31.569  -67.302  4.678 0.4000000060
28972  -42.245  -66.035  12.472 0.3000000119
27944  -43.670  -66.432  11.845 0.3000000119
28992  -43.729  -65.110  10.933 0.3000000119
28993  -44.453  -65.303  10.610 0.3000000119
21096  -34.602  -73.655  6.775 0.5000000000
21081  -36.099  -73.277  7.305 0.5000000000
21112  -32.264  -73.924  5.299 0.4000000060
21095  -33.305  -73.667  6.713 0.4000000060
148349  -33.927  -73.614  7.014 0.4000000060
135653  -34.760  -73.996  5.645 0.5000000000
137172  -37.267  -71.385  8.859 0.5000000000
22043  -36.517  -72.709  7.919 0.5000000000
22041  -34.703  -72.850  8.155 0.5000000000
22042  -35.593  -72.837  8.082 0.5000000000
142403  -33.546  -73.283  7.508 0.4000000060
24035  -39.641  -70.517  8.857 0.6000000238
24034  -38.554  -70.639  9.085 0.6000000238
22991  -37.623  -70.739  9.209 0.5000000000
22026  -36.005  -72.106  8.521 0.5000000000
22040  -33.612  -72.223  8.211 0.3000000119
22024  -34.292  -72.169  8.398 0.4000000060
22025  -35.134  -72.128  8.483 0.5000000000
24022  -40.532  -70.131  9.101 0.6000000238
24021  -38.885  -69.914  9.426 0.6000000238
24020  -37.952  -70.036  9.453 0.6000000238
23000  -35.588  -71.371  8.810 0.4000000060
22990  -36.787  -70.789  9.235 0.5000000000
24023  -41.315  -69.774  9.389 0.6000000238
25078  -45.026  -69.105  10.999 0.3000000119
26001  -43.576  -68.731  10.447 0.4000000060
25073  -39.231  -69.132  9.605 0.6000000238
24018  -36.481  -70.312  9.289 0.4000000060
132660  -45.227  -68.787  11.529 0.3000000119
26935  -45.238  -67.710  11.710 0.3000000119
26002  -44.681  -68.512  10.541 0.3000000119
26000  -42.662  -68.452  10.300 0.5000000000
25072  -38.264  -69.192  9.523 0.6000000238
25074  -40.318  -69.252  9.613 0.6000000238
145423  -39.717  -69.828  9.383 0.6000000238
25077  -44.457  -69.538  10.649 0.3000000119
24036  -40.732  -70.727  8.311 0.5000000000
23005  -41.787  -71.018  7.633 0.4000000060
24024  -42.411  -70.084  9.316 0.5000000000
150601  -40.900  -71.169  7.586 0.5000000000
23004  -40.071  -71.155  7.986 0.5000000000
24049  -42.916  -71.057  7.684 0.4000000060
24025  -43.692  -70.541  9.374 0.4000000060
25058  -42.873  -69.450  10.004 0.5000000000
23002  -38.173  -71.294  8.673 0.5000000000
23003  -39.120  -71.187  8.380 0.5000000000
25076  -43.804  -69.785  10.214 0.4000000060
15332  -33.296  -79.457  1.585 0.3000000119
127504  -33.816  -79.339  0.658 0.3000000119
15313  -35.468  -79.363  2.469 0.3000000119
15301  -35.937  -79.056  3.004 0.3000000119
16345  -36.666  -78.866  2.801 0.4000000060
15300  -35.176  -79.135  3.336 0.3000000119
16333  -34.914  -78.767  4.057 0.3000000119
16346  -37.465  -78.374  2.602 0.4000000060
16336  -36.796  -78.199  3.291 0.4000000060
16334  -35.657  -78.661  3.680 0.3000000119
16323  -35.378  -78.040  4.303 0.3000000119
17350  -37.998  -77.406  2.431 0.4000000060
18308  -37.640  -76.219  2.516 0.4000000060
17341  -36.634  -77.428  3.614 0.4000000060
17335  -36.034  -77.319  4.127 0.4000000060
17333  -34.787  -77.607  4.693 0.4000000060
18294  -35.900  -76.318  4.043 0.4000000060
20131  -39.792  -73.724  0.977 0.3000000119
141942  -38.251  -75.377  1.564 0.4000000060
131432  -37.824  -74.180  1.774 0.4000000060
19213  -37.403  -74.784  1.973 0.4000000060
19205  -36.059  -74.847  2.686 0.4000000060
18293  -35.135  -75.895  4.153 0.4000000060
21148  -41.312  -73.058  2.286 0.3000000119
128151  -39.237  -73.489  1.755 0.4000000060
127175  -37.744  -73.508  3.154 0.4000000060
21150  -37.891  -73.788  2.042 0.4000000060
20126  -36.885  -73.886  2.552 0.4000000060
21134  -36.899  -73.684  3.541 0.4000000060
21145  -36.234  -73.931  2.864 0.4000000060
21133  -36.036  -73.867  3.676 0.4000000060
126015  -35.407  -74.642  2.997 0.4000000060
19204  -34.487  -74.997  3.315 0.4000000060
21136  -39.725  -72.857  3.247 0.4000000060
21135  -38.645  -73.156  3.850 0.4000000060
21117  -37.615  -73.350  5.337 0.4000000060
21116  -36.145  -73.754  5.232 0.4000000060
20124  -34.549  -74.820  3.372 0.4000000060
20112  -35.294  -74.313  3.295 0.4000000060
150009  -34.409  -75.685  4.148 0.4000000060
22074  -39.051  -72.637  5.468 0.4000000060
21118  -38.439  -73.088  4.931 0.4000000060
21099  -37.374  -73.250  6.237 0.4000000060
21098  -36.557  -73.471  6.374 0.4000000060
20094  -34.642  -74.292  4.139 0.4000000060
21097  -35.552  -73.666  6.355 0.4000000060
22045  -38.272  -72.275  7.351 0.4000000060
22044  -37.401  -72.496  7.676 0.4000000060
130942  -41.626  -71.377  6.842 0.4000000060
22046  -39.168  -72.076  6.971 0.4000000060
23018  -39.606  -71.578  7.462 0.4000000060
23021  -43.799  -71.693  7.122 0.3000000119
23006  -44.505  -71.862  8.186 0.3000000119
23019  -40.570  -71.476  7.068 0.4000000060
24040  -44.279  -71.352  9.057 0.3000000119
23017  -38.686  -71.716  7.847 0.4000000060
17342  -37.333  -77.412  3.106 0.4000000060
18300  -36.970  -76.518  3.342 0.4000000060
19206  -36.830  -75.416  2.694 0.4000000060
18299  -36.362  -75.802  3.402 0.4000000060
131541  -40.483  -73.288  1.700 0.4000000060
20134  -39.321  -74.200  0.804 0.4000000060
21151  -40.991  -73.394  1.754 0.3000000119
20129  -37.055  -74.206  2.169 0.4000000060
21147  -40.787  -72.795  2.540 0.3000000119
132616  -39.849  -73.070  2.337 0.4000000060
21146  -38.815  -73.337  2.778 0.4000000060
135834  -37.723  -73.423  4.320 0.4000000060
22090  -39.452  -72.733  4.376 0.4000000060
21100  -38.166  -72.950  5.896 0.4000000060
21132  -35.489  -74.017  4.267 0.4000000060
21082  -37.005  -73.109  7.122 0.4000000060
23033  -40.146  -71.815  6.498 0.4000000060
17356  -40.741  -76.684  0.092 0.3000000119
15336  -38.532  -79.160  0.916 0.3000000119
15335  -37.626  -79.259  1.270 0.3000000119
16354  -38.954  -78.326  1.335 0.3000000119
145293  -39.183  -76.548  1.189 0.3000000119
16353  -37.977  -78.778  1.807 0.3000000119
16347  -38.190  -78.164  2.086 0.3000000119
18313  -40.160  -75.834  0.440 0.3000000119
18312  -39.093  -75.616  1.033 0.3000000119
146182  -38.919  -74.806  0.943 0.3000000119
149765  -41.148  -72.344  4.303 0.3000000119
22076  -41.591  -72.126  4.820 0.3000000119
23034  -41.404  -71.710  5.954 0.3000000119
23020  -42.827  -71.440  6.862 0.3000000119
20135  -40.199  -74.268  0.743 0.3000000119
22060  -40.590  -72.012  5.645 0.3000000119
15312  -34.528  -79.435  2.776 0.3000000119
16335  -36.148  -78.090  3.779 0.3000000119
17334  -35.366  -77.018  4.489 0.4000000060
17351  -38.674  -77.441  1.707 0.3000000119
18298  -35.438  -75.187  3.133 0.4000000060
18309  -38.448  -76.477  1.798 0.3000000119
19212  -36.646  -74.585  2.381 0.4000000060
19214  -38.388  -74.476  1.380 0.4000000060
19216  -39.758  -74.843  0.641 0.3000000119
20113  -35.763  -74.187  2.909 0.4000000060
20125  -36.265  -74.300  2.656 0.4000000060
20130  -38.721  -73.937  1.319 0.4000000060
21079  -34.268  -73.293  7.676 0.5000000000
21080  -35.133  -73.323  7.499 0.5000000000
21093  -31.758  -73.412  6.114 0.4000000060
21094  -32.521  -73.590  6.431 0.4000000060
21115  -35.353  -73.973  5.195 0.4000000060
21130  -30.282  -73.686  3.800 0.4000000060
22027  -36.896  -72.038  8.425 0.5000000000
22055  -31.364  -72.309  6.868 0.4000000060
22057  -37.824  -72.759  6.798 0.4000000060
22058  -38.667  -72.504  6.441 0.4000000060
22059  -39.609  -72.269  6.036 0.4000000060
22075  -40.256  -72.374  4.947 0.4000000060
22091  -40.751  -72.537  3.700 0.3000000119
22989  -36.059  -70.734  9.156 0.4000000060
23001  -36.400  -71.399  8.917 0.5000000000
23013  -32.171  -71.675  7.519 0.4000000060
23016  -37.793  -71.905  8.196 0.4000000060
24019  -37.107  -70.176  9.389 0.6000000238
24037  -41.752  -70.452  8.608 0.5000000000
24038  -43.182  -70.717  8.484 0.4000000060
24039  -44.073  -71.406  8.358 0.4000000060
24048  -33.753  -70.466  7.896 0.5000000000
24050  -43.748  -71.374  7.793 0.4000000060
25057  -42.026  -68.724  10.107 0.5000000000
25075  -41.241  -68.944  9.834 0.6000000238
25086  -35.539  -69.914  8.829 0.6000000238
25112  -33.916  -69.716  7.081 0.5000000000
25121  -34.250  -68.826  5.699 0.5000000000
25125  -30.943  -68.461  4.554 0.4000000060
25126  -31.786  -68.844  4.887 0.4000000060
26003  -45.605  -68.552  11.060 0.3000000119
26013  -38.636  -68.245  9.497 0.6999999881
26016  -41.403  -68.102  10.088 0.6000000238
26032  -37.372  -68.100  8.877 0.6000000238
26048  -37.423  -67.874  7.963 0.6000000238
26057  -36.479  -68.357  6.308 0.6000000238
26061  -34.490  -68.299  5.412 0.6999999881
26930  -44.688  -67.860  12.189 0.3000000119
26931  -45.249  -68.338  11.831 0.3000000119
26944  -43.645  -67.923  10.272 0.4000000060
26959  -37.999  -67.911  9.162 0.6000000238
26963  -41.713  -67.447  9.852 0.6999999881
26964  -43.003  -67.401  9.931 0.5000000000
26982  -46.620  -67.435  9.025 0.5000000000
26989  -32.387  -67.409  7.035 0.5000000000
26991  -37.766  -67.741  6.810 0.6000000238
26998  -31.326  -67.135  6.005 0.4000000060
27002  -38.195  -67.451  5.956 0.6000000238
27003  -38.880  -67.197  5.925 0.6000000238
27005  -31.152  -67.031  5.228 0.4000000060
27009  -37.840  -67.301  5.661 0.6999999881
27013  -32.269  -67.099  4.709 0.4000000060
27943  -42.981  -66.610  12.388 0.3000000119
27952  -44.702  -66.788  11.489 0.3000000119
27974  -34.501  -66.530  8.940 0.5000000000
27975  -40.440  -66.923  9.158 0.6999999881
27977  -42.297  -66.924  9.455 0.6999999881
27985  -34.419  -66.455  7.912 0.5000000000
27987  -40.947  -66.535  8.488 0.6999999881
27991  -44.585  -66.681  8.354 0.5000000000
27993  -47.052  -67.157  8.545 0.4000000060
27999  -34.584  -65.775  7.079 0.5000000000
28000  -39.776  -66.729  7.264 0.6999999881
28008  -47.581  -66.747  7.919 0.4000000060
28010  -32.746  -66.641  5.594 0.5000000000
28015  -39.455  -66.945  6.133 0.6000000238
28030  -38.178  -67.012  5.462 0.6999999881
28033  -41.213  -66.094  5.597 0.5000000000
28035  -31.689  -66.861  4.864 0.4000000060
28036  -33.047  -66.917  4.833 0.6000000238
29024  -48.154  -66.196  7.394 0.6000000238
29025  -48.734  -65.503  6.985 0.6000000238
29026  -34.850  -65.401  6.564 0.5000000000
29031  -39.425  -65.504  5.772 0.5000000000
29034  -44.424  -65.995  5.871 0.5000000000
29037  -48.395  -65.746  6.583 0.6000000238
30051  -35.473  -63.687  7.873 0.5000000000
30057  -35.946  -63.780  7.510 0.4000000060
30058  -37.207  -63.721  7.268 0.5000000000
30059  -49.197  -64.755  6.642 0.6000000238
30061  -35.858  -64.644  6.927 0.5000000000
30062  -36.826  -64.677  6.878 0.6000000238
30065  -39.738  -64.143  6.154 0.6000000238
30067  -48.870  -64.952  5.957 0.6000000238
30069  -49.577  -64.031  6.373 0.6000000238
30074  -44.209  -64.363  4.672 0.8000000119
30076  -45.745  -63.889  4.421 0.8000000119
30079  -49.196  -64.142  5.788 0.6000000238
30080  -42.889  -62.800  4.623 0.6999999881
30081  -43.442  -63.657  4.629 0.8000000119
31025  -45.747  -63.774  9.534 0.4000000060
31041  -35.033  -62.876  8.208 0.5000000000
31042  -46.921  -63.443  8.839 0.5000000000
31043  -47.633  -63.582  8.385 0.5000000000
31045  -49.294  -63.489  7.279 0.6000000238
31048  -37.348  -62.434  7.347 0.5000000000
31053  -39.904  -62.585  5.766 0.6000000238
31054  -49.865  -63.321  6.156 0.6000000238
31055  -40.157  -61.705  5.602 0.6000000238
31059  -45.406  -63.300  4.536 0.8000000119
31063  -49.580  -63.345  5.829 0.5000000000
32007  -33.511  -62.117  8.638 0.4000000060
32014  -47.470  -62.229  8.657 0.4000000060
32021  -34.286  -62.002  8.207 0.4000000060
32024  -39.123  -62.142  7.898 0.6000000238
32025  -40.005  -62.362  7.716 0.6999999881
32034  -34.916  -61.883  7.998 0.5000000000
32037  -37.467  -61.672  7.474 0.6000000238
32039  -39.218  -61.612  6.578 0.6000000238
32040  -40.058  -61.584  6.291 0.6000000238
32047  -49.990  -62.571  6.342 0.5000000000
32052  -42.087  -61.841  5.030 0.6999999881
32056  -46.760  -62.629  5.917 0.6000000238
32070  -43.960  -62.866  4.569 0.6999999881
32996  -37.614  -61.503  10.278 0.5000000000
32998  -39.609  -61.436  10.418 0.6999999881
32999  -40.789  -61.280  10.184 0.6999999881
33000  -41.581  -61.002  10.007 0.6999999881
33010  -33.782  -61.710  8.728 0.4000000060
33013  -38.188  -61.752  9.666 0.5000000000
33020  -47.694  -61.358  8.663 0.5000000000
33024  -34.251  -61.847  8.364 0.5000000000
33026  -36.008  -61.521  8.127 0.5000000000
33028  -37.839  -61.626  8.417 0.6000000238
33030  -44.144  -61.888  8.357 0.5000000000
33032  -48.736  -61.268  7.914 0.4000000060
33034  -36.312  -61.630  7.800 0.5000000000
33035  -37.042  -61.586  7.681 0.6000000238
33036  -44.740  -62.187  7.775 0.6999999881
33039  -50.121  -61.102  6.351 0.5000000000
33043  -50.210  -61.584  6.082 0.6000000238
33967  -36.238  -60.265  12.256 0.4000000060
33978  -37.535  -60.342  11.901 0.6000000238
33981  -39.871  -60.258  11.068 0.6000000238
33989  -38.670  -60.923  11.055 0.6000000238
33993  -41.620  -60.066  10.353 0.6000000238
34011  -45.008  -60.669  8.397 0.5000000000
34014  -45.746  -60.867  7.974 0.5000000000
34019  -50.213  -60.442  6.040 0.5000000000
34020  -49.765  -60.455  5.817 0.5000000000
34901  -37.450  -59.686  12.265 0.6000000238
34919  -41.560  -59.235  10.428 0.6000000238
34940  -46.115  -59.019  7.962 0.5000000000
34942  -50.049  -59.849  6.272 0.3000000119
34944  -49.517  -59.531  5.921 0.4000000060
34946  -49.867  -59.299  5.941 0.5000000000
35809  -40.010  -58.831  11.334 0.5000000000
35827  -47.919  -58.464  8.517 0.3000000119
35832  -45.285  -58.794  8.325 0.5000000000
35833  -48.622  -58.453  7.869 0.3000000119
35837  -49.478  -58.563  6.443 0.3000000119
36707  -38.140  -57.286  12.051 0.5000000000
36716  -39.857  -57.301  11.051 0.5000000000
36738  -49.260  -57.869  6.877 0.4000000060
36742  -47.532  -57.696  6.690 0.4000000060
36744  -49.198  -58.194  6.388 0.3000000119
36746  -48.379  -57.301  6.471 0.4000000060
36748  -49.183  -58.422  6.217 0.3000000119
37693  -41.016  -57.215  9.931 0.5000000000
37707  -47.130  -56.730  8.634 0.3000000119
37716  -43.793  -55.948  7.584 0.4000000060
37719  -46.439  -56.782  6.926 0.5000000000
37720  -48.531  -56.433  7.097 0.3000000119
37722  -47.073  -56.262  6.572 0.4000000060
37725  -47.600  -55.813  6.519 0.4000000060
37726  -47.955  -55.715  6.561 0.4000000060
38710  -40.326  -55.601  9.351 0.5000000000
38713  -45.472  -55.527  9.189 0.3000000119
38715  -46.981  -55.949  8.457 0.3000000119
38727  -44.770  -55.186  6.933 0.4000000060
38731  -48.081  -55.523  6.694 0.4000000060
39677  -37.833  -54.875  9.981 0.3000000119
39694  -43.850  -54.376  9.598 0.4000000060
39695  -45.113  -54.758  8.963 0.3000000119
39705  -41.133  -54.659  8.001 0.4000000060
39715  -45.382  -54.692  6.629 0.4000000060
39717  -47.660  -54.462  6.738 0.4000000060
39718  -46.050  -54.200  6.443 0.4000000060
40705  -43.681  -53.087  6.575 0.4000000060
40708  -47.425  -53.948  6.639 0.3000000119
40711  -47.340  -54.029  6.570 0.4000000060
41701  -42.868  -53.042  9.673 0.4000000060
41707  -43.241  -52.347  9.113 0.4000000060
41718  -39.434  -53.114  7.988 0.4000000060
41719  -40.190  -52.980  7.845 0.4000000060
41720  -44.836  -52.535  8.105 0.4000000060
41730  -45.594  -52.932  6.223 0.4000000060
41734  -46.890  -52.644  6.049 0.4000000060
41735  -47.186  -52.509  6.123 0.4000000060
42671  -46.517  -51.495  5.442 0.4000000060
42672  -47.100  -51.281  5.533 0.3000000119
43595  -39.754  -50.161  8.823 0.4000000060
43597  -43.044  -50.873  8.861 0.4000000060
43607  -37.782  -50.674  8.958 0.3000000119
43625  -43.800  -50.409  5.394 0.4000000060
44594  -38.740  -49.533  9.411 0.4000000060
44608  -40.445  -49.958  8.240 0.4000000060
44611  -40.983  -49.805  7.483 0.4000000060
47607  -37.094  -46.654  9.569 0.4000000060
47609  -38.686  -46.490  9.597 0.4000000060
126935  -47.540  -54.536  6.615 0.4000000060
127308  -44.323  -55.598  7.275 0.4000000060
127438  -36.923  -73.613  4.687 0.4000000060
127540  -35.027  -67.971  5.375 0.6999999881
128056  -45.477  -62.897  5.137 0.6999999881
128108  -40.039  -67.569  9.561 0.6999999881
128168  -34.109  -79.517  1.759 0.3000000119
128620  -37.110  -58.190  12.440 0.4000000060
129741  -47.345  -50.178  5.145 0.4000000060
129842  -40.528  -61.956  9.759 0.6999999881
130047  -33.180  -72.698  7.808 0.3000000119
130608  -41.765  -62.594  7.453 0.6999999881
131318  -46.900  -65.260  9.043 0.5000000000
131507  -37.844  -61.639  7.321 0.6000000238
132332  -33.172  -70.941  7.908 0.5000000000
132547  -48.532  -56.728  6.774 0.3000000119
133622  -34.853  -64.719  8.418 0.5000000000
134283  -47.500  -60.064  7.057 0.5000000000
134712  -44.030  -66.445  7.755 0.6000000238
135263  -41.962  -69.428  9.711 0.6000000238
135946  -43.703  -57.165  8.269 0.4000000060
136243  -49.780  -59.174  6.365 0.3000000119
136506  -33.904  -72.816  8.113 0.4000000060
137613  -36.892  -68.108  5.983 0.6999999881
138003  -36.419  -76.705  3.778 0.4000000060
138059  -47.506  -58.118  8.818 0.3000000119
138125  -49.449  -58.589  7.100 0.4000000060
138764  -40.998  -63.555  5.428 0.6999999881
139835  -40.466  -60.201  10.802 0.6000000238
140018  -44.467  -54.346  9.160 0.4000000060
140148  -46.913  -54.852  6.463 0.4000000060
140381  -48.940  -58.750  6.074 0.5000000000
141795  -42.516  -62.603  7.341 0.6999999881
142448  -31.410  -72.832  6.464 0.4000000060
143283  -43.843  -55.434  7.342 0.4000000060
144695  -39.348  -62.938  6.277 0.6999999881
145190  -34.291  -67.009  8.539 0.5000000000
145502  -33.926  -69.296  6.141 0.6000000238
145669  -46.571  -67.327  10.152 0.3000000119
145874  -48.817  -64.138  7.459 0.6000000238
146220  -41.755  -57.283  9.462 0.4000000060
146611  -44.327  -53.597  6.575 0.4000000060
146767  -48.276  -56.483  7.422 0.3000000119
148028  -40.867  -52.871  7.624 0.4000000060
148641  -37.228  -61.404  10.685 0.6000000238
149628  -36.111  -62.215  7.607 0.5000000000
149853  -33.284  -68.052  8.427 0.5000000000
150356  -41.779  -66.218  5.881 0.6000000238
150641  -44.390  -51.137  7.833 0.4000000060
150692  -48.264  -56.985  6.493 0.4000000060
151256  -43.784  -62.607  7.189 0.6999999881
151571  -36.952  -73.520  5.632 0.4000000060
151601  -36.258  -78.605  3.339 0.3000000119
151625  -37.594  -47.029  9.449 0.4000000060
