#!ascii label  , from subject sub-v2s3x28836_ses-1 vox2ras=TkReg
1335
58611  -49.801  -27.924  34.301 0.0000000000
66082  -57.449  -18.988  25.083 0.0000000000
60537  -54.302  -25.280  28.649 0.0000000000
45848  -31.968  -40.720  64.691 0.0000000000
58536  -49.782  -27.113  40.131 0.0000000000
51684  -44.843  -35.196  56.492 0.0000000000
51748  -53.906  -34.151  52.636 0.0000000000
52808  -57.183  -32.820  44.793 0.0000000000
56633  -56.532  -29.101  42.707 0.0000000000
47932  -38.109  -37.981  55.204 0.0000000000
51623  -41.092  -34.867  59.471 0.0000000000
51735  -40.002  -34.221  53.275 0.0000000000
133196  -48.331  -34.852  49.037 0.0000000000
109929  -53.840  -35.005  47.885 0.0000000000
61411  -53.281  -23.726  38.085 0.0000000000
59479  -56.174  -26.562  35.252 0.0000000000
63330  -56.686  -22.801  25.292 0.0000000000
111817  -50.990  -26.452  31.025 0.0000000000
65205  -52.898  -20.367  21.407 0.0000000000
43895  -28.555  -42.753  67.104 0.0000000000
60379  -54.136  -25.511  41.388 0.0000000000
58559  -47.987  -26.574  37.802 0.0000000000
51762  -44.535  -34.323  51.410 0.0000000000
51714  -49.026  -34.049  54.255 0.0000000000
59556  -58.552  -26.578  31.894 0.0000000000
67051  -58.671  -18.654  16.328 0.0000000000
52820  -53.674  -33.617  43.402 0.0000000000
54686  -54.046  -31.846  42.205 0.0000000000
130303  -38.826  -35.899  54.707 0.0000000000
50888  -50.368  -35.649  46.080 0.0000000000
51909  -52.747  -34.679  44.533 0.0000000000
51883  -55.650  -34.300  46.603 0.0000000000
59462  -52.042  -26.917  36.498 0.0000000000
59454  -54.484  -25.957  37.080 0.0000000000
59498  -52.977  -27.004  35.132 0.0000000000
64257  -56.947  -21.417  24.961 0.0000000000
64239  -59.822  -21.633  26.626 0.0000000000
67790  -57.944  -17.351  23.981 0.0000000000
43953  -28.953  -42.213  62.221 0.0000000000
44872  -30.493  -41.919  65.982 0.0000000000
114791  -52.990  -28.216  41.106 0.0000000000
58512  -55.220  -27.289  41.824 0.0000000000
120945  -51.903  -26.704  40.967 0.0000000000
60398  -50.605  -24.480  39.779 0.0000000000
59423  -48.618  -25.781  39.477 0.0000000000
126609  -42.815  -34.720  57.819 0.0000000000
52624  -42.886  -33.268  61.157 0.0000000000
132479  -45.151  -33.858  59.717 0.0000000000
51649  -47.684  -34.909  58.437 0.0000000000
52745  -41.483  -33.652  49.515 0.0000000000
51843  -43.613  -34.176  48.739 0.0000000000
51793  -51.402  -34.537  50.611 0.0000000000
119018  -48.861  -33.896  51.974 0.0000000000
52698  -51.427  -33.681  53.614 0.0000000000
52658  -51.697  -33.595  56.564 0.0000000000
45914  -35.502  -40.173  60.061 0.0000000000
45876  -38.408  -40.173  62.336 0.0000000000
45851  -38.614  -40.244  64.626 0.0000000000
60519  -52.852  -25.735  29.422 0.0000000000
110813  -55.669  -26.383  31.779 0.0000000000
60504  -56.729  -25.598  30.385 0.0000000000
67904  -60.534  -17.494  14.748 0.0000000000
46830  -32.934  -39.775  67.471 0.0000000000
53665  -59.137  -32.088  45.825 0.0000000000
111330  -59.673  -29.817  44.859 0.0000000000
54662  -56.652  -31.323  43.421 0.0000000000
55669  -53.344  -30.206  41.397 0.0000000000
47888  -39.018  -38.505  58.657 0.0000000000
49802  -39.910  -36.694  59.937 0.0000000000
49834  -39.738  -36.301  57.351 0.0000000000
50788  -40.203  -34.931  56.112 0.0000000000
110535  -41.915  -35.239  55.169 0.0000000000
51865  -45.669  -34.973  47.551 0.0000000000
50869  -48.105  -35.665  46.866 0.0000000000
50859  -51.196  -35.353  48.279 0.0000000000
51795  -53.809  -34.615  50.491 0.0000000000
51825  -55.874  -34.728  48.988 0.0000000000
52774  -58.153  -33.273  47.537 0.0000000000
46926  -36.989  -39.802  56.199 0.0000000000
63223  -55.365  -22.253  39.627 0.0000000000
64128  -59.196  -21.061  40.594 0.0000000000
62315  -56.946  -22.874  38.284 0.0000000000
61425  -58.197  -24.081  37.147 0.0000000000
61520  -55.370  -24.455  26.547 0.0000000000
110062  -57.779  -24.330  28.869 0.0000000000
62403  -59.092  -22.984  27.748 0.0000000000
41165  -26.421  -45.196  73.553 0.0000000000
58641  -50.432  -27.020  32.673 0.0000000000
60515  -48.972  -25.876  28.999 0.0000000000
61517  -52.047  -24.248  26.730 0.0000000000
62423  -52.857  -22.883  25.747 0.0000000000
123104  -53.890  -21.113  25.609 0.0000000000
66079  -54.285  -19.257  24.835 0.0000000000
66093  -54.904  -18.649  23.669 0.0000000000
65185  -51.945  -20.216  22.952 0.0000000000
45802  -30.959  -41.087  69.153 0.0000000000
44840  -29.463  -41.643  71.049 0.0000000000
43859  -27.872  -43.073  73.414 0.0000000000
61362  -59.672  -24.139  43.494 0.0000000000
113303  -58.502  -28.041  43.462 0.0000000000
59390  -57.798  -26.336  42.652 0.0000000000
61382  -56.260  -24.031  41.709 0.0000000000
61403  -52.813  -23.179  39.662 0.0000000000
60418  -51.283  -25.300  38.198 0.0000000000
58578  -49.589  -27.499  36.550 0.0000000000
50730  -41.090  -34.496  62.039 0.0000000000
126967  -42.002  -34.685  51.916 0.0000000000
111612  -44.408  -34.774  53.483 0.0000000000
51788  -46.449  -34.040  49.992 0.0000000000
51741  -46.560  -34.088  52.595 0.0000000000
127402  -47.207  -34.601  55.380 0.0000000000
110344  -49.804  -34.553  57.233 0.0000000000
119601  -30.986  -41.224  61.675 0.0000000000
45897  -33.333  -40.446  60.247 0.0000000000
45862  -33.989  -39.970  63.250 0.0000000000
59517  -54.268  -26.705  33.342 0.0000000000
59520  -57.494  -26.798  33.406 0.0000000000
59505  -60.397  -26.350  33.963 0.0000000000
60507  -60.411  -25.394  30.556 0.0000000000
66979  -56.577  -18.497  22.016 0.0000000000
110984  -58.428  -18.381  21.291 0.0000000000
68699  -59.936  -16.707  19.241 0.0000000000
67038  -57.842  -19.199  17.684 0.0000000000
132339  -60.570  -15.857  17.770 0.0000000000
52819  -52.985  -33.924  43.090 0.0000000000
52837  -53.212  -33.048  42.259 0.0000000000
52835  -52.128  -33.852  41.904 0.0000000000
125945  -51.028  -35.446  44.100 0.0000000000
51927  -52.500  -34.461  43.503 0.0000000000
51910  -53.675  -34.324  44.667 0.0000000000
58588  -50.768  -27.561  35.535 0.0000000000
58590  -52.346  -27.119  35.609 0.0000000000
58613  -51.370  -27.434  34.783 0.0000000000
65178  -57.800  -20.381  24.642 0.0000000000
64259  -59.062  -21.175  24.697 0.0000000000
111486  -59.223  -19.953  24.539 0.0000000000
111246  -59.004  -19.149  24.446 0.0000000000
66957  -57.621  -18.076  24.640 0.0000000000
44911  -30.524  -41.607  63.661 0.0000000000
44899  -29.881  -41.975  64.243 0.0000000000
44889  -31.321  -41.302  65.034 0.0000000000
131935  -51.098  -28.085  40.314 0.0000000000
58522  -52.807  -27.229  41.154 0.0000000000
58519  -50.660  -27.205  40.438 0.0000000000
59408  -49.814  -25.567  40.234 0.0000000000
59424  -49.274  -26.022  40.101 0.0000000000
47840  -40.150  -39.112  63.310 0.0000000000
111613  -43.496  -35.043  57.304 0.0000000000
51646  -43.813  -34.352  58.705 0.0000000000
51647  -44.871  -34.675  58.761 0.0000000000
127922  -46.428  -34.751  59.135 0.0000000000
51670  -46.172  -34.988  57.483 0.0000000000
115157  -53.131  -34.197  52.181 0.0000000000
51746  -51.083  -33.962  52.099 0.0000000000
52711  -52.477  -33.862  52.894 0.0000000000
52684  -52.778  -33.546  54.481 0.0000000000
46903  -39.066  -39.201  60.294 0.0000000000
46890  -39.334  -39.612  62.012 0.0000000000
45878  -39.160  -40.071  62.718 0.0000000000
120405  -60.813  -22.675  43.984 0.0000000000
131037  -53.986  -25.445  29.118 0.0000000000
60502  -54.896  -25.687  30.190 0.0000000000
60522  -55.376  -25.384  29.570 0.0000000000
54635  -58.566  -32.479  45.364 0.0000000000
54652  -58.456  -32.053  44.640 0.0000000000
53702  -57.120  -31.895  43.984 0.0000000000
116590  -54.069  -31.212  41.992 0.0000000000
55668  -52.571  -30.218  40.895 0.0000000000
56655  -52.266  -29.557  40.683 0.0000000000
47899  -38.602  -38.670  57.314 0.0000000000
48890  -39.374  -37.234  57.686 0.0000000000
48909  -38.804  -37.496  56.384 0.0000000000
50808  -39.165  -34.768  54.225 0.0000000000
50798  -39.013  -35.100  55.036 0.0000000000
51711  -40.172  -34.517  54.722 0.0000000000
122158  -40.756  -34.856  55.377 0.0000000000
110529  -41.170  -34.944  54.401 0.0000000000
50885  -47.463  -35.785  46.441 0.0000000000
121331  -52.192  -35.393  47.079 0.0000000000
111221  -50.729  -35.587  46.934 0.0000000000
50860  -52.494  -35.230  48.379 0.0000000000
50846  -52.775  -34.886  49.233 0.0000000000
119945  -53.674  -34.840  49.153 0.0000000000
111606  -54.850  -34.740  49.629 0.0000000000
51850  -54.627  -34.825  48.191 0.0000000000
52793  -55.815  -33.728  45.344 0.0000000000
52783  -56.535  -34.025  46.659 0.0000000000
119222  -57.292  -33.541  46.154 0.0000000000
53633  -58.694  -32.678  47.133 0.0000000000
47916  -37.615  -39.264  55.947 0.0000000000
62312  -54.216  -22.834  38.802 0.0000000000
63235  -55.514  -22.163  39.256 0.0000000000
61412  -54.727  -23.325  38.184 0.0000000000
59465  -55.391  -26.460  35.939 0.0000000000
60423  -56.023  -25.404  37.076 0.0000000000
60434  -57.413  -25.584  36.393 0.0000000000
60435  -58.293  -25.288  36.253 0.0000000000
60450  -57.780  -25.954  35.725 0.0000000000
62415  -55.787  -23.892  25.901 0.0000000000
62401  -57.560  -23.766  27.125 0.0000000000
62418  -57.996  -23.306  26.407 0.0000000000
64231  -61.689  -20.449  28.008 0.0000000000
62412  -52.480  -23.627  26.232 0.0000000000
114259  -51.114  -21.911  25.647 0.0000000000
65168  -52.411  -20.564  25.531 0.0000000000
66066  -52.356  -20.094  25.134 0.0000000000
132319  -53.672  -19.893  25.212 0.0000000000
66077  -52.719  -19.887  24.596 0.0000000000
66091  -53.546  -19.690  23.769 0.0000000000
43900  -27.900  -42.903  66.027 0.0000000000
43028  -27.349  -43.363  68.191 0.0000000000
46812  -33.460  -39.004  69.345 0.0000000000
112656  -31.812  -40.637  68.086 0.0000000000
130925  -32.304  -39.811  69.641 0.0000000000
115030  -30.890  -40.271  72.117 0.0000000000
44833  -29.645  -41.393  73.244 0.0000000000
43869  -28.239  -42.478  71.581 0.0000000000
43861  -29.195  -42.346  74.213 0.0000000000
42990  -28.352  -43.583  74.375 0.0000000000
56618  -57.585  -29.263  43.275 0.0000000000
56620  -59.072  -29.316  43.886 0.0000000000
57579  -57.219  -28.576  42.921 0.0000000000
59400  -54.693  -26.221  41.574 0.0000000000
59402  -56.215  -26.325  42.032 0.0000000000
120625  -55.795  -25.648  41.796 0.0000000000
60382  -56.825  -24.721  42.062 0.0000000000
61380  -54.621  -24.715  41.314 0.0000000000
61393  -54.233  -23.661  40.712 0.0000000000
61392  -53.347  -23.845  40.539 0.0000000000
59436  -49.289  -25.479  38.817 0.0000000000
60405  -50.810  -24.534  38.957 0.0000000000
113019  -49.867  -26.037  38.161 0.0000000000
58561  -50.562  -26.721  37.313 0.0000000000
122933  -48.989  -26.981  37.353 0.0000000000
50761  -40.612  -35.433  59.300 0.0000000000
49789  -40.248  -35.796  61.523 0.0000000000
51610  -41.027  -34.619  60.299 0.0000000000
51786  -42.801  -34.173  50.224 0.0000000000
115869  -42.214  -34.293  51.029 0.0000000000
51760  -42.853  -34.596  51.685 0.0000000000
51737  -42.834  -34.864  52.592 0.0000000000
117481  -44.397  -34.490  52.171 0.0000000000
51847  -47.100  -34.761  48.574 0.0000000000
123210  -46.473  -34.457  48.850 0.0000000000
128800  -47.723  -34.513  49.468 0.0000000000
51727  -49.210  -33.870  53.359 0.0000000000
119208  -47.887  -33.852  52.132 0.0000000000
51725  -47.600  -34.161  53.720 0.0000000000
110524  -46.768  -34.326  53.912 0.0000000000
51699  -48.125  -34.411  55.153 0.0000000000
51686  -48.148  -34.693  56.568 0.0000000000
116294  -49.417  -34.441  56.223 0.0000000000
52722  -57.489  -33.203  51.576 0.0000000000
129888  -34.040  -40.416  59.929 0.0000000000
45875  -34.766  -40.006  62.087 0.0000000000
113537  -33.451  -40.337  62.054 0.0000000000
45841  -39.047  -40.204  65.635 0.0000000000
58650  -50.696  -26.704  31.864 0.0000000000
110330  -52.668  -26.701  33.095 0.0000000000
126349  -52.852  -26.473  32.263 0.0000000000
59555  -57.654  -26.521  31.877 0.0000000000
59536  -56.317  -26.669  32.576 0.0000000000
59538  -58.167  -26.786  32.710 0.0000000000
113380  -59.298  -26.491  34.009 0.0000000000
59522  -59.824  -26.716  33.217 0.0000000000
128627  -59.975  -24.039  29.458 0.0000000000
61475  -58.920  -25.153  30.103 0.0000000000
112351  -61.074  -24.448  30.393 0.0000000000
112022  -54.526  -19.502  23.029 0.0000000000
66972  -55.456  -18.465  22.790 0.0000000000
66099  -55.225  -19.450  22.441 0.0000000000
65209  -57.007  -20.100  21.240 0.0000000000
66986  -57.780  -19.386  20.019 0.0000000000
67819  -59.107  -18.081  20.672 0.0000000000
67007  -58.069  -19.105  19.332 0.0000000000
66185  -57.339  -19.454  16.171 0.0000000000
66173  -57.051  -19.568  17.180 0.0000000000
67039  -58.490  -18.612  17.216 0.0000000000
67849  -59.426  -17.357  18.042 0.0000000000
67864  -59.530  -17.342  17.132 0.0000000000
68728  -60.206  -16.701  16.362 0.0000000000
67906  -61.840  -17.086  14.404 0.0000000000
52806  -55.522  -33.378  44.648 0.0000000000
53700  -55.437  -32.353  43.595 0.0000000000
52838  -53.905  -32.966  42.909 0.0000000000
53725  -52.979  -32.528  41.641 0.0000000000
116167  -38.454  -37.180  54.948 0.0000000000
50902  -50.086  -35.736  45.205 0.0000000000
50903  -51.557  -35.376  45.408 0.0000000000
50905  -52.945  -35.114  46.424 0.0000000000
123988  -54.422  -34.656  46.707 0.0000000000
51894  -54.086  -34.409  45.382 0.0000000000
51912  -55.093  -33.885  45.043 0.0000000000
59452  -52.808  -25.921  37.439 0.0000000000
60421  -53.925  -24.896  37.542 0.0000000000
59463  -53.264  -26.478  36.684 0.0000000000
59476  -53.602  -26.758  35.838 0.0000000000
59478  -55.284  -26.680  35.259 0.0000000000
63337  -57.161  -22.083  24.923 0.0000000000
63321  -58.523  -22.773  25.963 0.0000000000
64251  -58.477  -21.870  24.800 0.0000000000
64253  -60.190  -20.963  25.999 0.0000000000
67800  -58.019  -16.602  23.305 0.0000000000
116533  -28.691  -42.568  64.734 0.0000000000
122476  -29.239  -42.555  66.832 0.0000000000
57592  -54.520  -28.698  41.736 0.0000000000
58497  -55.750  -27.932  42.154 0.0000000000
58510  -53.683  -27.562  41.381 0.0000000000
59412  -53.311  -26.724  41.328 0.0000000000
60389  -53.320  -25.868  41.331 0.0000000000
61390  -51.789  -24.430  40.486 0.0000000000
60388  -50.401  -25.140  40.348 0.0000000000
60397  -49.874  -25.006  39.791 0.0000000000
113840  -47.848  -26.033  38.795 0.0000000000
51644  -41.961  -34.356  58.618 0.0000000000
51612  -42.193  -33.674  60.108 0.0000000000
51625  -42.491  -33.811  59.344 0.0000000000
52632  -44.049  -32.991  60.574 0.0000000000
127480  -47.418  -34.110  61.211 0.0000000000
51812  -42.765  -34.060  48.821 0.0000000000
111608  -43.799  -34.172  50.125 0.0000000000
51820  -50.256  -34.754  49.821 0.0000000000
51790  -48.866  -34.295  50.550 0.0000000000
122929  -50.058  -34.236  51.250 0.0000000000
51745  -50.225  -33.921  52.394 0.0000000000
52682  -50.503  -33.805  54.412 0.0000000000
52668  -50.686  -33.890  55.103 0.0000000000
123209  -52.120  -33.571  54.939 0.0000000000
45927  -36.406  -40.176  58.468 0.0000000000
45915  -36.361  -40.064  59.792 0.0000000000
126876  -37.477  -40.041  62.409 0.0000000000
46865  -37.765  -39.979  64.187 0.0000000000
45864  -38.623  -40.279  63.166 0.0000000000
110812  -52.754  -26.097  30.904 0.0000000000
59552  -53.168  -26.251  31.572 0.0000000000
59570  -54.439  -25.962  30.844 0.0000000000
60490  -56.228  -25.995  31.046 0.0000000000
60492  -58.095  -26.181  31.208 0.0000000000
66126  -52.467  -19.804  20.548 0.0000000000
65207  -54.705  -20.368  21.221 0.0000000000
66127  -53.104  -19.978  20.172 0.0000000000
66186  -58.169  -19.238  15.830 0.0000000000
67065  -59.844  -17.968  15.217 0.0000000000
66198  -58.338  -19.335  15.102 0.0000000000
67088  -59.449  -19.224  14.049 0.0000000000
45840  -33.200  -39.993  65.138 0.0000000000
45839  -32.611  -40.273  65.866 0.0000000000
55596  -60.106  -30.126  46.713 0.0000000000
54636  -59.428  -31.442  45.493 0.0000000000
130895  -57.992  -30.756  43.676 0.0000000000
113200  -56.308  -29.823  42.787 0.0000000000
129264  -55.683  -31.632  43.205 0.0000000000
55644  -55.296  -31.007  42.693 0.0000000000
56644  -54.846  -29.398  42.040 0.0000000000
56656  -53.036  -29.283  41.131 0.0000000000
57600  -51.676  -28.417  40.506 0.0000000000
110253  -39.378  -38.310  59.920 0.0000000000
48837  -39.825  -37.560  61.296 0.0000000000
48866  -39.614  -37.516  59.509 0.0000000000
49816  -39.875  -36.761  59.061 0.0000000000
50774  -40.755  -35.475  58.268 0.0000000000
49856  -38.850  -36.322  55.221 0.0000000000
50787  -39.845  -35.152  56.273 0.0000000000
51664  -41.228  -35.152  57.908 0.0000000000
51680  -41.259  -35.000  56.862 0.0000000000
51681  -42.019  -35.006  56.729 0.0000000000
110540  -43.451  -35.321  55.858 0.0000000000
50868  -47.396  -35.510  47.242 0.0000000000
50856  -48.506  -35.245  48.241 0.0000000000
110673  -49.793  -35.665  46.647 0.0000000000
50871  -50.019  -35.539  47.493 0.0000000000
50843  -49.912  -35.051  48.998 0.0000000000
51821  -51.153  -34.811  49.793 0.0000000000
51794  -53.053  -34.572  50.603 0.0000000000
120382  -54.037  -34.404  51.895 0.0000000000
52713  -55.737  -33.977  52.752 0.0000000000
129901  -55.003  -34.611  51.002 0.0000000000
119536  -56.186  -34.556  50.567 0.0000000000
51827  -57.328  -34.094  49.486 0.0000000000
51869  -56.000  -34.446  47.465 0.0000000000
51853  -57.128  -34.251  48.611 0.0000000000
52747  -58.479  -32.830  49.421 0.0000000000
117999  -58.803  -32.522  48.814 0.0000000000
45940  -37.213  -39.967  58.057 0.0000000000
63207  -56.517  -21.991  40.944 0.0000000000
128880  -56.853  -21.508  40.203 0.0000000000
63226  -57.951  -21.804  39.426 0.0000000000
63238  -58.490  -22.394  38.621 0.0000000000
61422  -55.510  -24.224  37.725 0.0000000000
128124  -57.554  -23.595  37.729 0.0000000000
61510  -55.197  -24.891  27.499 0.0000000000
61494  -56.297  -24.882  28.893 0.0000000000
61495  -57.256  -24.329  28.439 0.0000000000
61496  -58.541  -23.911  28.689 0.0000000000
62380  -59.857  -23.499  29.029 0.0000000000
63312  -59.556  -22.223  27.326 0.0000000000
63304  -60.605  -22.147  28.573 0.0000000000
58627  -48.823  -27.962  33.231 0.0000000000
58629  -50.300  -27.494  33.579 0.0000000000
58639  -48.622  -27.654  32.436 0.0000000000
58649  -49.840  -26.966  31.981 0.0000000000
111452  -50.085  -26.657  31.164 0.0000000000
59567  -50.340  -26.391  30.326 0.0000000000
60517  -51.014  -25.952  29.078 0.0000000000
60534  -51.516  -25.540  28.439 0.0000000000
60547  -52.097  -25.205  27.870 0.0000000000
112499  -53.612  -24.896  27.248 0.0000000000
115693  -53.913  -24.354  26.514 0.0000000000
116216  -54.222  -23.729  26.011 0.0000000000
62425  -54.609  -23.097  25.646 0.0000000000
64246  -51.809  -21.533  25.744 0.0000000000
64248  -53.238  -21.900  25.555 0.0000000000
120645  -55.032  -21.791  25.522 0.0000000000
118939  -55.016  -20.833  25.824 0.0000000000
65176  -55.803  -19.670  25.585 0.0000000000
66080  -55.324  -18.658  25.107 0.0000000000
66955  -55.756  -18.062  24.467 0.0000000000
118608  -54.630  -18.889  24.624 0.0000000000
66098  -53.908  -19.898  23.054 0.0000000000
65194  -52.462  -20.352  22.206 0.0000000000
66110  -51.972  -20.034  21.341 0.0000000000
45830  -31.460  -41.181  66.541 0.0000000000
44860  -30.447  -41.849  67.452 0.0000000000
44853  -30.026  -41.950  68.202 0.0000000000
128928  -31.509  -39.938  71.270 0.0000000000
44841  -30.203  -41.287  70.556 0.0000000000
43882  -28.778  -42.552  68.896 0.0000000000
43875  -27.989  -42.799  69.628 0.0000000000
43014  -27.152  -43.400  70.994 0.0000000000
42079  -26.241  -44.266  71.662 0.0000000000
42991  -26.958  -44.318  73.673 0.0000000000
62280  -59.050  -23.600  42.933 0.0000000000
58475  -59.720  -27.392  44.306 0.0000000000
58498  -56.514  -27.523  42.367 0.0000000000
58500  -58.026  -27.014  42.913 0.0000000000
60373  -58.301  -25.618  42.782 0.0000000000
61373  -58.252  -24.135  42.580 0.0000000000
62278  -57.533  -22.776  42.011 0.0000000000
62286  -55.739  -22.524  40.699 0.0000000000
62296  -54.409  -22.796  39.990 0.0000000000
62311  -53.376  -22.985  38.858 0.0000000000
61402  -51.849  -23.591  39.661 0.0000000000
61410  -51.891  -23.729  38.814 0.0000000000
60419  -52.179  -24.950  37.950 0.0000000000
59461  -51.338  -26.467  37.377 0.0000000000
58579  -50.361  -27.363  36.493 0.0000000000
57656  -49.262  -28.222  34.936 0.0000000000
58533  -47.099  -26.557  39.119 0.0000000000
59434  -46.999  -26.395  38.813 0.0000000000
59433  -46.625  -26.579  38.262 0.0000000000
58558  -47.156  -26.724  37.684 0.0000000000
58576  -47.105  -27.527  36.870 0.0000000000
57645  -47.880  -28.066  36.256 0.0000000000
57654  -47.834  -28.571  35.385 0.0000000000
57704  -48.210  -28.363  33.776 0.0000000000
51597  -41.652  -33.940  61.690 0.0000000000
51757  -39.746  -34.047  51.936 0.0000000000
51758  -40.540  -33.934  51.580 0.0000000000
127651  -40.698  -34.448  52.989 0.0000000000
111074  -42.194  -35.177  53.639 0.0000000000
110533  -43.785  -35.270  55.102 0.0000000000
110532  -44.670  -34.998  54.985 0.0000000000
51864  -44.673  -34.687  47.608 0.0000000000
51815  -45.177  -34.199  49.228 0.0000000000
117476  -45.129  -34.084  50.709 0.0000000000
51765  -47.420  -33.899  51.332 0.0000000000
51764  -46.506  -33.916  51.380 0.0000000000
128729  -45.641  -34.174  52.008 0.0000000000
111611  -45.323  -34.531  53.377 0.0000000000
110531  -45.534  -34.796  54.826 0.0000000000
51685  -45.746  -35.026  56.577 0.0000000000
51671  -47.106  -34.904  57.483 0.0000000000
51650  -48.733  -34.920  58.607 0.0000000000
114128  -30.421  -41.507  62.047 0.0000000000
44912  -31.176  -41.219  63.077 0.0000000000
45911  -32.747  -40.503  59.457 0.0000000000
110312  -31.736  -40.630  59.529 0.0000000000
45884  -31.806  -40.762  61.317 0.0000000000
45872  -32.590  -40.501  62.668 0.0000000000
45860  -32.701  -40.406  63.449 0.0000000000
46861  -33.896  -39.684  64.751 0.0000000000
46854  -38.103  -39.931  65.003 0.0000000000
58631  -51.806  -27.171  34.237 0.0000000000
110439  -54.100  -26.836  34.241 0.0000000000
59501  -55.484  -26.776  34.626 0.0000000000
110502  -54.768  -26.622  32.785 0.0000000000
59519  -56.055  -26.807  33.442 0.0000000000
122284  -56.797  -26.655  34.580 0.0000000000
59481  -58.149  -26.276  35.041 0.0000000000
60524  -57.228  -25.167  29.807 0.0000000000
60506  -58.527  -25.724  30.615 0.0000000000
59572  -59.719  -26.309  31.296 0.0000000000
66966  -56.159  -17.591  23.698 0.0000000000
67798  -56.621  -17.310  22.939 0.0000000000
67805  -57.181  -16.961  22.366 0.0000000000
66112  -56.565  -19.625  21.796 0.0000000000
66980  -57.567  -18.514  21.711 0.0000000000
68673  -58.598  -16.270  21.995 0.0000000000
67814  -59.568  -16.827  21.232 0.0000000000
68685  -60.638  -15.758  20.338 0.0000000000
66162  -57.109  -19.691  18.360 0.0000000000
67834  -58.933  -17.975  18.504 0.0000000000
68711  -60.281  -16.251  18.459 0.0000000000
67889  -61.062  -16.772  14.962 0.0000000000
51943  -52.301  -34.200  42.633 0.0000000000
51926  -51.733  -34.727  42.999 0.0000000000
58587  -50.008  -27.924  35.156 0.0000000000
58612  -50.582  -27.657  34.539 0.0000000000
111977  -58.453  -19.701  24.553 0.0000000000
111156  -58.242  -18.817  24.631 0.0000000000
44901  -31.404  -41.133  64.044 0.0000000000
44900  -30.661  -41.644  64.603 0.0000000000
59425  -50.007  -26.391  40.378 0.0000000000
58535  -48.856  -26.710  39.827 0.0000000000
47846  -39.806  -38.793  62.332 0.0000000000
128392  -39.722  -38.313  61.604 0.0000000000
129485  -44.361  -35.176  57.114 0.0000000000
51668  -44.205  -34.922  57.887 0.0000000000
51669  -45.150  -35.084  57.511 0.0000000000
110382  -45.826  -34.918  58.430 0.0000000000
51728  -53.298  -33.891  53.115 0.0000000000
52700  -54.213  -33.845  53.431 0.0000000000
60521  -54.482  -25.480  29.455 0.0000000000
60538  -55.099  -25.199  28.926 0.0000000000
53664  -57.862  -32.718  44.991 0.0000000000
53686  -57.571  -32.333  44.459 0.0000000000
53685  -56.739  -32.529  44.350 0.0000000000
54699  -52.165  -31.096  40.656 0.0000000000
54700  -52.932  -31.008  41.222 0.0000000000
48889  -38.933  -37.815  57.133 0.0000000000
130315  -38.407  -37.965  55.900 0.0000000000
51723  -39.400  -34.497  53.415 0.0000000000
110229  -39.737  -34.410  54.085 0.0000000000
51724  -40.412  -34.495  53.843 0.0000000000
50874  -52.973  -35.224  47.581 0.0000000000
50873  -52.203  -35.382  47.771 0.0000000000
51849  -53.309  -35.058  48.473 0.0000000000
118701  -53.990  -34.917  48.555 0.0000000000
52807  -56.435  -33.196  44.893 0.0000000000
52794  -56.561  -33.651  45.712 0.0000000000
52795  -57.230  -33.198  45.344 0.0000000000
52796  -57.929  -33.020  45.732 0.0000000000
47931  -37.645  -38.811  55.229 0.0000000000
46936  -38.081  -39.171  56.690 0.0000000000
113790  -53.917  -23.221  38.252 0.0000000000
60433  -56.103  -26.179  36.291 0.0000000000
60449  -56.907  -26.197  35.918 0.0000000000
118102  -56.052  -23.291  25.516 0.0000000000
62417  -57.291  -23.696  26.329 0.0000000000
62427  -57.362  -23.274  25.707 0.0000000000
63320  -51.012  -22.783  25.941 0.0000000000
66090  -52.315  -19.960  23.842 0.0000000000
130497  -28.252  -42.827  66.580 0.0000000000
43894  -27.831  -42.996  66.859 0.0000000000
43035  -27.259  -43.417  67.300 0.0000000000
43888  -27.895  -42.941  67.669 0.0000000000
46811  -32.976  -39.109  70.099 0.0000000000
44826  -29.230  -41.966  73.738 0.0000000000
43856  -29.609  -42.524  74.472 0.0000000000
132381  -57.063  -29.165  43.007 0.0000000000
60380  -55.022  -25.603  41.573 0.0000000000
115087  -55.397  -24.891  41.571 0.0000000000
130708  -53.900  -24.523  41.079 0.0000000000
59449  -48.821  -26.120  38.328 0.0000000000
50746  -40.622  -35.077  60.091 0.0000000000
51761  -43.468  -34.369  51.000 0.0000000000
126937  -43.663  -34.553  51.935 0.0000000000
51848  -47.800  -34.879  48.731 0.0000000000
131424  -47.391  -34.633  49.031 0.0000000000
51726  -48.394  -33.998  53.542 0.0000000000
51713  -48.197  -34.212  54.302 0.0000000000
130652  -48.612  -34.251  54.724 0.0000000000
51700  -49.087  -34.290  55.235 0.0000000000
53602  -58.202  -32.560  51.369 0.0000000000
46877  -36.166  -39.716  63.339 0.0000000000
59550  -51.544  -26.511  31.736 0.0000000000
110335  -52.061  -26.590  32.428 0.0000000000
59551  -52.370  -26.355  31.635 0.0000000000
129353  -58.924  -26.762  32.458 0.0000000000
113762  -59.003  -26.854  33.115 0.0000000000
59539  -59.458  -26.775  32.642 0.0000000000
62373  -60.581  -23.989  29.853 0.0000000000
61476  -60.186  -24.651  29.978 0.0000000000
65196  -54.492  -20.120  22.154 0.0000000000
132397  -57.276  -19.860  19.872 0.0000000000
66987  -58.436  -18.713  20.102 0.0000000000
66150  -57.488  -19.574  19.222 0.0000000000
67050  -57.933  -19.209  16.732 0.0000000000
67863  -59.141  -18.026  16.797 0.0000000000
67877  -59.595  -17.484  16.423 0.0000000000
122468  -59.858  -17.418  15.848 0.0000000000
52821  -54.367  -33.280  43.687 0.0000000000
52822  -55.104  -32.981  44.003 0.0000000000
52850  -52.563  -33.219  41.742 0.0000000000
53738  -52.295  -32.711  41.187 0.0000000000
50921  -50.297  -35.661  44.284 0.0000000000
50923  -52.034  -35.096  44.813 0.0000000000
127811  -51.480  -35.326  44.630 0.0000000000
50904  -52.460  -35.080  45.488 0.0000000000
51881  -53.839  -34.705  46.149 0.0000000000
51893  -53.306  -34.713  45.433 0.0000000000
52804  -54.045  -33.846  44.124 0.0000000000
51911  -54.414  -34.069  44.803 0.0000000000
52805  -54.760  -33.585  44.384 0.0000000000
59451  -52.066  -26.111  37.465 0.0000000000
124800  -52.615  -26.538  36.830 0.0000000000
59477  -54.554  -26.659  35.669 0.0000000000
59499  -53.909  -26.887  35.035 0.0000000000
63338  -57.748  -22.149  24.816 0.0000000000
64258  -57.618  -21.433  24.656 0.0000000000
65161  -60.980  -20.177  26.479 0.0000000000
126200  -58.560  -16.917  23.797 0.0000000000
44887  -30.017  -42.025  65.240 0.0000000000
118242  -29.410  -42.317  64.744 0.0000000000
43912  -29.215  -42.482  65.473 0.0000000000
43902  -29.727  -42.343  66.218 0.0000000000
57591  -53.762  -28.556  41.409 0.0000000000
123186  -54.285  -28.056  41.572 0.0000000000
59411  -52.613  -26.215  41.227 0.0000000000
124720  -51.829  -25.497  40.921 0.0000000000
59410  -51.123  -25.779  40.759 0.0000000000
60396  -49.277  -25.449  39.699 0.0000000000
60395  -48.954  -25.473  39.349 0.0000000000
59435  -48.592  -25.624  39.092 0.0000000000
51666  -42.144  -34.657  57.931 0.0000000000
51645  -42.776  -34.247  58.553 0.0000000000
51627  -44.334  -33.685  59.613 0.0000000000
52633  -44.985  -33.023  60.689 0.0000000000
125040  -47.340  -34.771  59.565 0.0000000000
51813  -43.232  -34.142  49.475 0.0000000000
51792  -50.557  -34.501  50.584 0.0000000000
51791  -49.724  -34.424  50.581 0.0000000000
51768  -50.836  -34.240  51.294 0.0000000000
52710  -51.664  -33.803  52.870 0.0000000000
52709  -50.837  -33.780  52.973 0.0000000000
52708  -50.030  -33.811  53.158 0.0000000000
52697  -50.676  -33.721  53.776 0.0000000000
52683  -51.286  -33.682  54.477 0.0000000000
125813  -52.042  -33.620  54.091 0.0000000000
116348  -52.912  -33.367  55.402 0.0000000000
45928  -37.153  -40.023  58.784 0.0000000000
115661  -36.567  -40.118  59.152 0.0000000000
45916  -37.120  -40.031  59.504 0.0000000000
130258  -38.446  -40.092  61.764 0.0000000000
130240  -38.006  -40.255  62.917 0.0000000000
46879  -39.700  -39.821  63.519 0.0000000000
45865  -39.226  -40.233  63.747 0.0000000000
59584  -52.331  -26.028  30.132 0.0000000000
59569  -53.594  -26.006  30.892 0.0000000000
60500  -53.208  -25.889  30.177 0.0000000000
60503  -55.806  -25.624  30.270 0.0000000000
60491  -57.175  -26.069  31.141 0.0000000000
60505  -57.630  -25.637  30.530 0.0000000000
65222  -53.216  -20.296  20.760 0.0000000000
66196  -56.778  -19.473  15.554 0.0000000000
66197  -57.612  -19.437  15.294 0.0000000000
46840  -33.275  -39.786  66.036 0.0000000000
47804  -34.345  -38.510  69.799 0.0000000000
54616  -59.524  -31.482  46.364 0.0000000000
55595  -59.791  -30.769  46.066 0.0000000000
54663  -57.605  -31.301  43.748 0.0000000000
130469  -58.466  -31.228  44.109 0.0000000000
55632  -57.280  -30.646  43.397 0.0000000000
55645  -56.504  -30.493  43.074 0.0000000000
53714  -55.004  -32.024  43.025 0.0000000000
54673  -54.648  -31.539  42.540 0.0000000000
55655  -54.030  -30.421  41.789 0.0000000000
55656  -54.607  -30.717  42.237 0.0000000000
111509  -54.523  -30.020  41.993 0.0000000000
55657  -55.126  -30.143  42.342 0.0000000000
56643  -54.009  -29.499  41.627 0.0000000000
56654  -51.686  -29.276  40.396 0.0000000000
123577  -39.320  -38.181  59.203 0.0000000000
49826  -39.825  -36.629  58.193 0.0000000000
49827  -40.276  -36.018  58.671 0.0000000000
50773  -40.244  -35.845  57.784 0.0000000000
50799  -39.628  -34.824  55.621 0.0000000000
131431  -40.375  -35.149  56.605 0.0000000000
51679  -40.848  -35.082  56.872 0.0000000000
51665  -41.524  -34.880  57.755 0.0000000000
110162  -40.629  -34.983  56.132 0.0000000000
51698  -41.407  -35.087  56.077 0.0000000000
110541  -42.431  -35.263  55.981 0.0000000000
51682  -42.961  -35.193  56.618 0.0000000000
110534  -42.957  -35.348  55.300 0.0000000000
50884  -46.677  -35.719  46.627 0.0000000000
128233  -48.150  -35.470  47.499 0.0000000000
125028  -49.669  -35.737  45.904 0.0000000000
116090  -50.771  -35.480  47.707 0.0000000000
50858  -50.382  -35.349  48.269 0.0000000000
50857  -49.483  -35.352  48.196 0.0000000000
50844  -50.801  -35.088  49.000 0.0000000000
51823  -53.363  -34.693  49.868 0.0000000000
127231  -52.709  -34.676  50.023 0.0000000000
51771  -53.487  -34.480  51.270 0.0000000000
51772  -54.264  -34.565  51.105 0.0000000000
132614  -54.723  -34.482  51.672 0.0000000000
51796  -54.570  -34.668  50.359 0.0000000000
132564  -55.460  -34.729  49.497 0.0000000000
129255  -56.096  -34.692  49.762 0.0000000000
51798  -56.855  -34.445  50.083 0.0000000000
51826  -56.645  -34.551  49.220 0.0000000000
131808  -55.003  -34.449  46.456 0.0000000000
51868  -55.083  -34.615  47.285 0.0000000000
52784  -57.408  -33.753  47.082 0.0000000000
51870  -56.847  -34.222  47.686 0.0000000000
52773  -57.629  -33.808  48.025 0.0000000000
52761  -57.781  -33.642  48.915 0.0000000000
52762  -58.298  -33.195  48.432 0.0000000000
53647  -59.204  -32.123  46.716 0.0000000000
53634  -59.309  -31.910  47.752 0.0000000000
46927  -37.411  -39.808  57.174 0.0000000000
47872  -38.637  -39.232  58.781 0.0000000000
63217  -55.924  -22.028  40.195 0.0000000000
64125  -56.666  -21.685  40.414 0.0000000000
62314  -55.982  -22.805  38.556 0.0000000000
63236  -56.424  -22.150  39.052 0.0000000000
63237  -57.454  -22.360  38.836 0.0000000000
60422  -54.970  -25.217  37.431 0.0000000000
60424  -56.960  -25.178  37.016 0.0000000000
61423  -56.444  -24.588  37.441 0.0000000000
128399  -57.242  -24.328  37.365 0.0000000000
62334  -59.182  -23.766  36.815 0.0000000000
118319  -59.645  -24.039  36.220 0.0000000000
61511  -56.151  -24.545  27.356 0.0000000000
62402  -58.319  -23.376  27.434 0.0000000000
62388  -57.875  -23.898  28.081 0.0000000000
110278  -58.640  -23.493  28.109 0.0000000000
62389  -59.350  -23.347  28.503 0.0000000000
63322  -59.169  -22.284  26.304 0.0000000000
42068  -26.317  -44.908  73.567 0.0000000000
41169  -25.198  -45.486  73.141 0.0000000000
41164  -25.588  -45.529  73.326 0.0000000000
59549  -49.123  -26.910  31.250 0.0000000000
59566  -49.447  -26.542  30.434 0.0000000000
59581  -49.666  -26.248  29.640 0.0000000000
59583  -51.303  -26.186  30.059 0.0000000000
59582  -50.485  -26.177  29.586 0.0000000000
60533  -50.678  -25.542  28.401 0.0000000000
125681  -50.992  -25.347  28.094 0.0000000000
60535  -52.483  -25.515  28.617 0.0000000000
60546  -51.259  -25.128  27.776 0.0000000000
61508  -52.583  -24.807  27.275 0.0000000000
61518  -53.014  -24.316  26.665 0.0000000000
62413  -53.380  -23.666  26.119 0.0000000000
62424  -53.765  -22.925  25.665 0.0000000000
121269  -53.144  -20.820  25.581 0.0000000000
64247  -52.457  -21.204  25.730 0.0000000000
121271  -54.279  -22.127  25.528 0.0000000000
64249  -54.509  -21.266  25.671 0.0000000000
66068  -54.219  -19.757  25.368 0.0000000000
66069  -54.968  -20.002  25.803 0.0000000000
112102  -54.848  -19.260  25.364 0.0000000000
65186  -52.968  -20.137  23.156 0.0000000000
43034  -26.616  -43.809  67.874 0.0000000000
46839  -32.749  -40.019  66.676 0.0000000000
45831  -32.088  -40.599  66.574 0.0000000000
45821  -32.283  -40.370  67.377 0.0000000000
122893  -31.494  -40.770  68.770 0.0000000000
44854  -31.067  -41.295  68.097 0.0000000000
130206  -30.517  -41.720  68.114 0.0000000000
111850  -30.451  -41.642  68.702 0.0000000000
46790  -32.527  -38.926  72.197 0.0000000000
44837  -30.135  -40.985  71.587 0.0000000000
127984  -30.712  -40.681  71.108 0.0000000000
111849  -29.635  -41.799  70.069 0.0000000000
43876  -28.912  -42.299  69.920 0.0000000000
44839  -28.788  -42.132  70.878 0.0000000000
43865  -27.677  -42.901  72.361 0.0000000000
43868  -27.651  -42.896  71.304 0.0000000000
43004  -27.224  -43.264  71.963 0.0000000000
120056  -26.644  -43.837  71.062 0.0000000000
43003  -26.732  -43.706  71.982 0.0000000000
42072  -26.373  -44.365  72.929 0.0000000000
42999  -27.145  -43.593  72.996 0.0000000000
125741  -29.018  -43.272  74.526 0.0000000000
61344  -61.084  -24.081  44.706 0.0000000000
62267  -60.498  -23.610  44.073 0.0000000000
56583  -59.939  -29.872  45.844 0.0000000000
57565  -58.960  -28.687  43.744 0.0000000000
56606  -59.435  -29.149  44.287 0.0000000000
57551  -59.578  -28.278  44.320 0.0000000000
57552  -60.113  -27.727  45.064 0.0000000000
112222  -59.105  -27.792  43.794 0.0000000000
58513  -55.950  -27.070  42.045 0.0000000000
59389  -56.992  -26.289  42.299 0.0000000000
58499  -57.268  -27.108  42.564 0.0000000000
59391  -58.590  -26.437  43.171 0.0000000000
60358  -58.890  -25.621  43.229 0.0000000000
61372  -57.555  -24.475  42.323 0.0000000000
62288  -57.001  -23.648  41.943 0.0000000000
115615  -57.712  -23.671  42.291 0.0000000000
62287  -56.288  -22.941  41.412 0.0000000000
126078  -55.644  -23.442  41.266 0.0000000000
62295  -53.610  -23.059  39.920 0.0000000000
133188  -53.395  -22.910  39.445 0.0000000000
130513  -51.170  -24.042  39.974 0.0000000000
60406  -51.630  -24.300  38.524 0.0000000000
60407  -52.386  -24.019  38.242 0.0000000000
113707  -50.059  -27.719  35.880 0.0000000000
127419  -49.407  -27.956  35.788 0.0000000000
58532  -46.342  -26.827  38.983 0.0000000000
58557  -45.858  -26.888  37.875 0.0000000000
59448  -47.300  -26.326  38.486 0.0000000000
118453  -46.542  -26.942  37.560 0.0000000000
58575  -46.208  -27.682  36.841 0.0000000000
57643  -46.090  -28.525  36.012 0.0000000000
57644  -46.978  -28.481  35.987 0.0000000000
57679  -47.641  -28.636  34.453 0.0000000000
48849  -39.933  -36.631  60.896 0.0000000000
48838  -40.154  -36.756  61.931 0.0000000000
50729  -40.687  -35.174  62.268 0.0000000000
125986  -42.140  -33.641  61.122 0.0000000000
51759  -41.401  -34.221  51.479 0.0000000000
118094  -41.210  -33.868  50.880 0.0000000000
112243  -41.070  -34.356  52.182 0.0000000000
130230  -41.168  -34.833  53.518 0.0000000000
51736  -41.660  -34.878  52.757 0.0000000000
111200  -43.418  -35.004  53.539 0.0000000000
110527  -44.052  -35.055  54.299 0.0000000000
51845  -45.366  -34.491  48.324 0.0000000000
51816  -46.088  -34.167  49.361 0.0000000000
113890  -45.897  -34.352  48.787 0.0000000000
51787  -45.581  -34.011  50.018 0.0000000000
51767  -49.256  -34.131  51.271 0.0000000000
51789  -47.871  -34.162  50.442 0.0000000000
51766  -48.362  -34.004  51.298 0.0000000000
51742  -47.250  -33.944  52.574 0.0000000000
117478  -46.963  -33.866  52.018 0.0000000000
117479  -46.163  -34.020  52.007 0.0000000000
51740  -45.690  -34.284  52.565 0.0000000000
111610  -46.216  -34.314  53.267 0.0000000000
110530  -46.447  -34.608  54.807 0.0000000000
130909  -45.917  -34.820  55.265 0.0000000000
110537  -46.344  -34.838  55.773 0.0000000000
110543  -46.636  -34.912  56.675 0.0000000000
129362  -47.088  -34.771  56.099 0.0000000000
51687  -48.860  -34.657  56.849 0.0000000000
51672  -48.142  -34.814  57.450 0.0000000000
51673  -49.264  -34.780  57.885 0.0000000000
52657  -50.876  -33.960  56.047 0.0000000000
51750  -56.183  -34.118  52.147 0.0000000000
44922  -30.926  -41.305  62.364 0.0000000000
45871  -31.739  -40.833  62.316 0.0000000000
110555  -35.093  -40.323  59.302 0.0000000000
45925  -34.712  -40.405  58.619 0.0000000000
45913  -34.342  -40.411  59.315 0.0000000000
45898  -34.198  -40.341  60.700 0.0000000000
45912  -33.597  -40.454  59.388 0.0000000000
130999  -32.485  -40.523  60.112 0.0000000000
109937  -31.762  -40.687  60.424 0.0000000000
45896  -32.627  -40.528  60.868 0.0000000000
45874  -34.058  -40.126  62.460 0.0000000000
126768  -33.024  -40.395  62.343 0.0000000000
45873  -33.324  -40.272  62.839 0.0000000000
45861  -33.371  -40.117  63.694 0.0000000000
45850  -33.443  -39.965  64.369 0.0000000000
46874  -33.954  -39.809  64.002 0.0000000000
65059  -59.925  -20.722  41.149 0.0000000000
58642  -50.973  -27.044  33.223 0.0000000000
58630  -51.145  -27.314  33.957 0.0000000000
59516  -53.399  -26.775  33.673 0.0000000000
110789  -54.899  -26.831  34.078 0.0000000000
59553  -54.052  -26.270  31.622 0.0000000000
111552  -54.816  -26.472  32.107 0.0000000000
111022  -56.787  -26.793  33.194 0.0000000000
113221  -56.828  -26.809  33.896 0.0000000000
59502  -56.161  -26.769  34.310 0.0000000000
59503  -57.614  -26.647  34.314 0.0000000000
60468  -60.042  -25.847  34.710 0.0000000000
60469  -61.137  -25.736  34.609 0.0000000000
61483  -57.004  -24.698  29.061 0.0000000000
115358  -57.685  -24.744  29.427 0.0000000000
113347  -59.688  -25.165  30.162 0.0000000000
121476  -59.504  -25.799  30.674 0.0000000000
59573  -60.213  -26.067  31.035 0.0000000000
66965  -55.521  -17.997  23.318 0.0000000000
66100  -55.941  -18.979  22.246 0.0000000000
66973  -55.977  -17.888  22.572 0.0000000000
66974  -56.787  -17.608  22.203 0.0000000000
65197  -55.376  -20.126  21.613 0.0000000000
65208  -56.210  -20.228  21.202 0.0000000000
66114  -58.042  -19.232  21.055 0.0000000000
66113  -57.312  -19.428  21.491 0.0000000000
67812  -57.579  -17.378  21.936 0.0000000000
67813  -58.800  -17.419  21.538 0.0000000000
67820  -59.558  -17.351  20.121 0.0000000000
68684  -60.156  -16.505  20.328 0.0000000000
68700  -60.586  -15.856  19.366 0.0000000000
67023  -57.943  -19.158  18.588 0.0000000000
67024  -58.446  -18.577  18.096 0.0000000000
68719  -59.989  -16.575  17.590 0.0000000000
68710  -59.755  -16.832  18.443 0.0000000000
69586  -60.922  -15.418  18.354 0.0000000000
67888  -60.397  -17.081  15.417 0.0000000000
127039  -53.322  -33.445  42.795 0.0000000000
52836  -52.745  -33.615  42.388 0.0000000000
50943  -51.089  -35.198  43.340 0.0000000000
50944  -51.817  -35.006  43.979 0.0000000000
51928  -53.311  -34.183  43.861 0.0000000000
58589  -51.660  -27.301  35.603 0.0000000000
58614  -52.143  -27.236  34.910 0.0000000000
123045  -57.119  -20.774  24.964 0.0000000000
65179  -58.695  -20.528  24.481 0.0000000000
66083  -59.820  -19.233  24.645 0.0000000000
66959  -59.532  -18.446  24.396 0.0000000000
66958  -58.574  -18.253  24.377 0.0000000000
44910  -29.582  -42.020  63.131 0.0000000000
44888  -30.745  -41.711  65.342 0.0000000000
58521  -52.230  -27.833  40.845 0.0000000000
58520  -51.492  -27.522  40.629 0.0000000000
121645  -51.155  -26.686  40.730 0.0000000000
59409  -50.515  -26.108  40.582 0.0000000000
51667  -43.437  -34.714  58.038 0.0000000000
122102  -45.775  -34.512  59.419 0.0000000000
51648  -46.715  -34.903  58.386 0.0000000000
51769  -51.696  -34.292  51.368 0.0000000000
51747  -52.091  -34.041  52.122 0.0000000000
132279  -52.049  -33.710  53.433 0.0000000000
52699  -52.672  -33.707  53.658 0.0000000000
113869  -53.495  -33.639  54.022 0.0000000000
45889  -38.475  -40.006  61.252 0.0000000000
45877  -38.887  -39.988  61.852 0.0000000000
126720  -39.615  -39.559  62.735 0.0000000000
60520  -53.685  -25.623  29.522 0.0000000000
60501  -54.050  -25.766  30.176 0.0000000000
60523  -56.318  -25.210  29.557 0.0000000000
125529  -59.042  -31.957  45.141 0.0000000000
54651  -57.876  -31.778  44.163 0.0000000000
54685  -53.440  -31.722  41.654 0.0000000000
129691  -53.577  -30.918  41.596 0.0000000000
47900  -39.019  -38.144  57.909 0.0000000000
48910  -39.253  -36.896  56.897 0.0000000000
50807  -38.800  -35.559  54.216 0.0000000000
51710  -39.563  -34.585  54.916 0.0000000000
51697  -40.040  -34.665  55.492 0.0000000000
50889  -51.169  -35.537  46.186 0.0000000000
131698  -51.516  -35.497  46.815 0.0000000000
50872  -51.497  -35.467  47.552 0.0000000000
121644  -51.844  -35.355  48.192 0.0000000000
50845  -51.773  -35.095  48.953 0.0000000000
111607  -54.122  -34.716  49.754 0.0000000000
51824  -54.411  -34.807  49.040 0.0000000000
110523  -55.125  -34.751  48.923 0.0000000000
51896  -55.972  -33.990  46.013 0.0000000000
52785  -58.020  -33.204  46.622 0.0000000000
53646  -58.632  -32.668  46.207 0.0000000000
128550  -37.572  -39.560  56.506 0.0000000000
62305  -54.751  -22.462  39.319 0.0000000000
62313  -55.082  -22.785  38.744 0.0000000000
62324  -55.546  -23.313  38.121 0.0000000000
60432  -55.323  -26.044  36.771 0.0000000000
61424  -57.833  -24.862  36.867 0.0000000000
61431  -58.727  -24.468  36.574 0.0000000000
60451  -58.707  -25.632  35.580 0.0000000000
61521  -56.163  -24.221  26.420 0.0000000000
62400  -56.832  -24.113  26.758 0.0000000000
64230  -60.796  -21.124  27.635 0.0000000000
64229  -60.162  -21.586  27.313 0.0000000000
69540  -60.457  -14.892  22.697 0.0000000000
60516  -50.027  -25.863  28.866 0.0000000000
62411  -51.526  -23.586  26.324 0.0000000000
62422  -51.949  -22.910  25.861 0.0000000000
63328  -51.624  -22.281  25.666 0.0000000000
65169  -53.750  -20.327  25.461 0.0000000000
66067  -53.112  -20.116  25.227 0.0000000000
66078  -53.600  -19.624  24.656 0.0000000000
113320  -53.035  -19.811  24.013 0.0000000000
43027  -26.853  -43.671  68.668 0.0000000000
46822  -33.182  -39.500  68.332 0.0000000000
122413  -32.709  -39.687  69.025 0.0000000000
45803  -32.040  -40.260  68.872 0.0000000000
46810  -31.629  -40.359  69.753 0.0000000000
117954  -30.250  -40.820  72.649 0.0000000000
44836  -29.517  -41.408  72.191 0.0000000000
44835  -28.832  -41.932  71.853 0.0000000000
44832  -28.955  -41.862  72.946 0.0000000000
43866  -28.305  -42.408  72.677 0.0000000000
43860  -28.587  -42.510  73.783 0.0000000000
42993  -28.158  -43.324  74.184 0.0000000000
43855  -28.782  -42.936  74.478 0.0000000000
55634  -59.160  -29.848  44.123 0.0000000000
56619  -58.501  -29.469  43.622 0.0000000000
57564  -58.077  -28.627  43.356 0.0000000000
124271  -54.783  -26.811  41.637 0.0000000000
59401  -55.391  -26.441  41.770 0.0000000000
60381  -56.567  -25.574  42.068 0.0000000000
60372  -57.457  -25.446  42.383 0.0000000000
110095  -56.103  -24.898  41.803 0.0000000000
130605  -55.701  -24.286  41.545 0.0000000000
61381  -55.083  -24.002  41.227 0.0000000000
122926  -50.179  -24.855  39.371 0.0000000000
60417  -50.190  -25.239  38.706 0.0000000000
59450  -50.678  -25.974  38.034 0.0000000000
58560  -49.717  -26.815  37.360 0.0000000000
58577  -48.657  -27.605  36.615 0.0000000000
49803  -40.223  -35.701  60.331 0.0000000000
113838  -40.523  -34.928  61.097 0.0000000000
131012  -41.127  -34.420  61.121 0.0000000000
52625  -43.795  -32.797  61.454 0.0000000000
52618  -43.446  -32.972  62.173 0.0000000000
124090  -42.345  -33.924  49.534 0.0000000000
51785  -41.833  -33.852  50.237 0.0000000000
51738  -43.920  -34.717  52.746 0.0000000000
50854  -47.024  -35.117  47.875 0.0000000000
51846  -46.310  -34.746  48.187 0.0000000000
51817  -46.917  -34.373  49.322 0.0000000000
126636  -47.176  -34.179  49.960 0.0000000000
51743  -48.585  -33.874  52.742 0.0000000000
112322  -47.788  -33.951  52.970 0.0000000000
111609  -47.035  -34.122  53.163 0.0000000000
51712  -47.401  -34.379  54.531 0.0000000000
110536  -47.771  -34.645  55.974 0.0000000000
111019  -48.561  -34.529  55.983 0.0000000000
119179  -35.488  -40.039  60.921 0.0000000000
111951  -34.679  -40.338  59.985 0.0000000000
45899  -34.929  -40.224  60.594 0.0000000000
45887  -34.124  -40.248  61.636 0.0000000000
45886  -33.424  -40.403  61.223 0.0000000000
46875  -34.567  -39.725  63.659 0.0000000000
45852  -39.372  -40.288  64.864 0.0000000000
59533  -51.242  -26.760  32.544 0.0000000000
59534  -53.451  -26.598  32.808 0.0000000000
59554  -56.707  -26.435  31.821 0.0000000000
59537  -57.194  -26.708  32.596 0.0000000000
59521  -58.336  -26.744  33.661 0.0000000000
61484  -58.478  -24.518  29.429 0.0000000000
61485  -59.387  -24.583  29.697 0.0000000000
66128  -57.403  -19.749  20.692 0.0000000000
124613  -58.990  -18.040  19.516 0.0000000000
66184  -56.515  -19.530  16.410 0.0000000000
67848  -59.006  -17.987  17.623 0.0000000000
118687  -60.726  -15.862  16.979 0.0000000000
67076  -60.068  -18.361  14.445 0.0000000000
67905  -61.186  -17.207  14.475 0.0000000000
67077  -60.745  -17.873  14.149 0.0000000000
53684  -55.892  -32.736  44.239 0.0000000000
53699  -54.683  -32.637  43.328 0.0000000000
53713  -54.341  -32.259  42.691 0.0000000000
53712  -53.674  -32.415  42.209 0.0000000000
49885  -38.550  -36.236  53.532 0.0000000000
51733  -39.139  -34.615  52.712 0.0000000000
50901  -49.061  -35.864  45.313 0.0000000000
110547  -50.817  -35.585  45.555 0.0000000000
50922  -50.882  -35.558  44.858 0.0000000000
50890  -51.975  -35.338  46.250 0.0000000000
51866  -53.731  -34.946  47.026 0.0000000000
51867  -54.339  -34.809  47.421 0.0000000000
51882  -54.562  -34.448  45.959 0.0000000000
121899  -54.699  -34.210  45.376 0.0000000000
51895  -55.270  -34.173  45.806 0.0000000000
60420  -52.976  -24.761  37.726 0.0000000000
61421  -54.353  -24.015  37.850 0.0000000000
59453  -53.622  -25.923  37.291 0.0000000000
59475  -52.819  -26.852  36.072 0.0000000000
59464  -54.067  -26.428  36.516 0.0000000000
118632  -54.787  -26.370  36.403 0.0000000000
62428  -57.935  -22.962  25.650 0.0000000000
63331  -57.498  -22.645  25.226 0.0000000000
63332  -58.177  -22.510  25.264 0.0000000000
63333  -58.799  -22.298  25.534 0.0000000000
64252  -59.417  -21.674  25.506 0.0000000000
64240  -60.476  -20.963  26.945 0.0000000000
65154  -61.352  -20.275  27.273 0.0000000000
117365  -60.101  -17.635  24.306 0.0000000000
67801  -58.838  -16.312  23.490 0.0000000000
68661  -58.418  -16.116  22.886 0.0000000000
43923  -29.061  -42.354  63.954 0.0000000000
125197  -28.480  -42.699  65.506 0.0000000000
43901  -28.773  -42.669  66.267 0.0000000000
57593  -55.265  -28.684  42.108 0.0000000000
57577  -55.937  -28.679  42.387 0.0000000000
113583  -54.928  -28.016  41.809 0.0000000000
58511  -54.500  -27.405  41.604 0.0000000000
59399  -54.071  -26.612  41.471 0.0000000000
60390  -53.283  -24.842  41.060 0.0000000000
119027  -52.551  -25.158  41.017 0.0000000000
122482  -51.069  -24.763  40.430 0.0000000000
60404  -49.437  -25.264  39.314 0.0000000000
51643  -41.517  -34.659  58.776 0.0000000000
51624  -41.500  -34.270  59.696 0.0000000000
119892  -41.869  -34.085  59.268 0.0000000000
52631  -43.159  -33.310  60.276 0.0000000000
51626  -43.395  -33.643  59.487 0.0000000000
52626  -44.808  -32.578  62.073 0.0000000000
51629  -46.615  -34.182  60.194 0.0000000000
51819  -49.399  -34.643  49.806 0.0000000000
51818  -48.552  -34.536  49.742 0.0000000000
121631  -49.690  -34.021  51.870 0.0000000000
131865  -50.363  -34.084  51.783 0.0000000000
51744  -49.425  -33.878  52.568 0.0000000000
52696  -49.875  -33.836  53.953 0.0000000000
51715  -49.868  -34.044  54.756 0.0000000000
52669  -51.485  -33.688  55.466 0.0000000000
52670  -52.311  -33.443  55.939 0.0000000000
45926  -35.509  -40.320  58.571 0.0000000000
110864  -35.884  -40.212  59.230 0.0000000000
109982  -37.041  -40.006  60.258 0.0000000000
45900  -36.223  -39.969  60.563 0.0000000000
46888  -36.545  -39.853  62.566 0.0000000000
46878  -37.238  -39.937  63.277 0.0000000000
45863  -38.075  -40.224  63.470 0.0000000000
130702  -38.645  -40.280  63.944 0.0000000000
59568  -51.886  -26.247  30.932 0.0000000000
116274  -54.848  -26.225  31.440 0.0000000000
59571  -55.311  -25.972  30.913 0.0000000000
65206  -53.853  -20.427  21.303 0.0000000000
130818  -54.269  -20.430  20.840 0.0000000000
65224  -54.671  -20.397  20.360 0.0000000000
67052  -59.369  -18.040  15.992 0.0000000000
67064  -58.996  -18.794  15.389 0.0000000000
67075  -59.462  -18.759  14.718 0.0000000000
66206  -57.915  -19.447  14.414 0.0000000000
66207  -58.837  -19.262  14.592 0.0000000000
45849  -32.774  -40.322  64.340 0.0000000000
115243  -32.499  -40.450  65.138 0.0000000000
46823  -33.937  -38.889  68.619 0.0000000000
55612  -59.626  -30.710  45.158 0.0000000000
54653  -59.138  -31.395  44.758 0.0000000000
55622  -59.208  -30.620  44.429 0.0000000000
55633  -57.829  -30.058  43.477 0.0000000000
55646  -56.997  -29.783  43.115 0.0000000000
53701  -56.253  -32.091  43.785 0.0000000000
54674  -55.991  -30.975  43.020 0.0000000000
115669  -55.819  -30.320  42.713 0.0000000000
56632  -55.679  -29.436  42.445 0.0000000000
57601  -52.334  -28.774  40.754 0.0000000000
57618  -50.385  -28.248  39.955 0.0000000000
48848  -39.700  -37.529  60.384 0.0000000000
48876  -39.449  -37.582  58.597 0.0000000000
49817  -40.184  -36.120  59.460 0.0000000000
51642  -41.146  -35.127  58.748 0.0000000000
48932  -38.627  -37.291  55.606 0.0000000000
49843  -39.098  -36.582  56.109 0.0000000000
49844  -39.580  -35.963  56.575 0.0000000000
49857  -39.334  -35.548  55.823 0.0000000000
50780  -40.100  -35.550  56.949 0.0000000000
50781  -40.664  -35.330  57.329 0.0000000000
127268  -41.817  -34.860  57.354 0.0000000000
111614  -42.504  -34.903  57.294 0.0000000000
51683  -43.951  -35.279  56.504 0.0000000000
112892  -45.866  -35.516  46.813 0.0000000000
50867  -46.513  -35.303  47.386 0.0000000000
50855  -47.684  -35.185  48.019 0.0000000000
50887  -49.071  -35.756  46.252 0.0000000000
131238  -48.527  -35.725  46.505 0.0000000000
50870  -48.963  -35.601  47.213 0.0000000000
50842  -49.041  -34.987  48.997 0.0000000000
51822  -52.027  -34.742  49.855 0.0000000000
118755  -52.267  -34.559  50.637 0.0000000000
51770  -52.632  -34.383  51.363 0.0000000000
52712  -54.773  -34.225  52.560 0.0000000000
51749  -55.475  -34.412  51.785 0.0000000000
51774  -56.206  -34.344  51.394 0.0000000000
51797  -55.387  -34.697  50.239 0.0000000000
51773  -55.644  -34.566  50.984 0.0000000000
52731  -56.893  -34.132  50.992 0.0000000000
52732  -57.543  -33.563  50.475 0.0000000000
52746  -57.887  -33.420  49.702 0.0000000000
51851  -55.512  -34.686  48.202 0.0000000000
51852  -56.333  -34.549  48.358 0.0000000000
53619  -58.743  -32.608  48.039 0.0000000000
53620  -59.284  -31.927  48.670 0.0000000000
111529  -35.918  -40.281  57.824 0.0000000000
45939  -36.664  -40.108  57.685 0.0000000000
46918  -37.781  -39.847  58.469 0.0000000000
112260  -37.812  -39.740  57.878 0.0000000000
64118  -57.144  -21.548  40.981 0.0000000000
63224  -56.163  -21.823  39.797 0.0000000000
63225  -56.999  -21.750  39.627 0.0000000000
64137  -58.475  -21.331  40.039 0.0000000000
62325  -56.460  -23.692  37.874 0.0000000000
62316  -57.973  -22.927  38.084 0.0000000000
63249  -59.088  -22.830  37.886 0.0000000000
61509  -54.391  -25.083  27.744 0.0000000000
61493  -54.957  -25.120  28.263 0.0000000000
110962  -55.735  -24.906  28.369 0.0000000000
121203  -56.585  -24.564  28.349 0.0000000000
61512  -57.058  -24.186  27.731 0.0000000000
61497  -59.229  -23.947  29.134 0.0000000000
62381  -60.560  -23.267  29.441 0.0000000000
63311  -58.752  -22.790  26.937 0.0000000000
63313  -60.306  -21.857  27.899 0.0000000000
63303  -59.857  -22.601  28.131 0.0000000000
62390  -60.197  -22.901  28.790 0.0000000000
41175  -25.163  -45.421  71.995 0.0000000000
58628  -49.041  -28.195  34.074 0.0000000000
132045  -49.515  -27.825  33.588 0.0000000000
58640  -49.534  -27.440  32.790 0.0000000000
112775  -49.119  -27.268  32.030 0.0000000000
60518  -51.937  -25.889  29.278 0.0000000000
60536  -53.447  -25.424  28.774 0.0000000000
60549  -53.751  -25.217  28.055 0.0000000000
61507  -51.642  -24.721  27.271 0.0000000000
60548  -52.998  -25.239  27.928 0.0000000000
61519  -54.528  -24.753  26.896 0.0000000000
129863  -54.628  -24.288  26.357 0.0000000000
62414  -55.006  -23.852  25.937 0.0000000000
62426  -55.374  -23.232  25.591 0.0000000000
120523  -52.326  -22.129  25.591 0.0000000000
117241  -55.008  -22.549  25.518 0.0000000000
63329  -55.748  -22.437  25.357 0.0000000000
64250  -55.687  -21.372  25.462 0.0000000000
65177  -56.376  -20.804  25.325 0.0000000000
65170  -54.395  -20.510  25.671 0.0000000000
65171  -55.566  -20.493  25.712 0.0000000000
110250  -56.841  -19.819  25.325 0.0000000000
66081  -56.403  -18.817  25.327 0.0000000000
66092  -54.205  -19.288  23.947 0.0000000000
65195  -53.462  -20.316  22.227 0.0000000000
45838  -31.842  -40.820  65.671 0.0000000000
44873  -31.152  -41.486  65.861 0.0000000000
127264  -30.850  -41.678  66.613 0.0000000000
45820  -31.622  -40.920  67.313 0.0000000000
44861  -31.112  -41.421  67.206 0.0000000000
127045  -30.282  -42.020  66.658 0.0000000000
44859  -29.817  -42.296  67.054 0.0000000000
113501  -29.802  -42.233  67.682 0.0000000000
43896  -29.252  -42.522  67.483 0.0000000000
46800  -32.389  -39.480  70.728 0.0000000000
45794  -30.864  -40.820  70.188 0.0000000000
44847  -30.325  -41.505  69.598 0.0000000000
43883  -29.645  -42.014  69.068 0.0000000000
43889  -28.631  -42.677  67.991 0.0000000000
43881  -27.955  -42.866  68.568 0.0000000000
43021  -27.375  -43.322  69.088 0.0000000000
121077  -28.207  -42.612  70.610 0.0000000000
126155  -27.642  -42.985  70.477 0.0000000000
42078  -25.723  -44.864  72.544 0.0000000000
110264  -26.889  -44.721  73.757 0.0000000000
42992  -27.523  -43.726  73.939 0.0000000000
42069  -27.480  -44.264  74.028 0.0000000000
62251  -61.297  -23.283  44.449 0.0000000000
62266  -59.929  -23.072  43.450 0.0000000000
56584  -60.335  -29.314  46.877 0.0000000000
57578  -56.502  -28.279  42.515 0.0000000000
110407  -57.065  -27.862  42.647 0.0000000000
57580  -57.803  -27.793  43.037 0.0000000000
128916  -56.585  -26.867  42.253 0.0000000000
58486  -58.544  -27.342  43.347 0.0000000000
58487  -59.198  -26.947  43.730 0.0000000000
60359  -59.516  -25.137  43.568 0.0000000000
61361  -58.823  -24.773  42.981 0.0000000000
112112  -58.096  -24.933  42.572 0.0000000000
62279  -58.307  -23.068  42.473 0.0000000000
112068  -56.899  -22.590  41.577 0.0000000000
63216  -55.164  -22.422  40.041 0.0000000000
62297  -55.018  -23.048  40.636 0.0000000000
126849  -54.720  -22.497  39.579 0.0000000000
62304  -54.006  -22.712  39.382 0.0000000000
61391  -52.537  -24.076  40.490 0.0000000000
61401  -51.294  -24.029  39.280 0.0000000000
112433  -52.482  -23.312  38.776 0.0000000000
113065  -51.171  -27.194  36.469 0.0000000000
120002  -48.512  -27.639  39.468 0.0000000000
58534  -47.968  -26.466  39.380 0.0000000000
59422  -47.729  -26.004  39.007 0.0000000000
131376  -47.455  -26.123  38.873 0.0000000000
114305  -47.782  -27.323  37.029 0.0000000000
57653  -46.235  -28.846  35.198 0.0000000000
57655  -48.627  -28.257  35.634 0.0000000000
57680  -48.469  -28.461  34.699 0.0000000000
48828  -40.032  -37.714  62.226 0.0000000000
51611  -41.547  -34.030  60.618 0.0000000000
120509  -39.333  -34.373  52.154 0.0000000000
51734  -39.655  -34.262  52.681 0.0000000000
130350  -42.043  -35.268  54.431 0.0000000000
110528  -42.953  -35.297  54.483 0.0000000000
110539  -44.368  -35.228  55.752 0.0000000000
51844  -44.481  -34.303  48.552 0.0000000000
51814  -44.176  -34.150  49.368 0.0000000000
111941  -44.705  -34.093  50.020 0.0000000000
117477  -44.338  -34.216  50.644 0.0000000000
118012  -46.910  -33.969  50.623 0.0000000000
117475  -46.015  -33.940  50.713 0.0000000000
51763  -45.586  -34.097  51.466 0.0000000000
117480  -45.108  -34.328  52.043 0.0000000000
51739  -44.799  -34.524  52.730 0.0000000000
110525  -45.877  -34.528  54.057 0.0000000000
110526  -44.969  -34.772  54.178 0.0000000000
110538  -45.340  -34.988  55.668 0.0000000000
110542  -47.469  -34.800  56.695 0.0000000000
51701  -50.032  -34.198  55.634 0.0000000000
51688  -50.308  -34.283  56.598 0.0000000000
129403  -50.652  -34.342  57.571 0.0000000000
44921  -29.759  -41.785  62.145 0.0000000000
114061  -30.380  -41.583  62.738 0.0000000000
45859  -31.957  -40.726  63.251 0.0000000000
45885  -32.690  -40.507  61.829 0.0000000000
117956  -32.156  -40.629  63.949 0.0000000000
59515  -51.767  -26.879  33.369 0.0000000000
118700  -52.587  -26.955  34.121 0.0000000000
129798  -53.390  -26.902  34.446 0.0000000000
59500  -54.725  -26.823  34.828 0.0000000000
132474  -53.506  -26.423  32.127 0.0000000000
59535  -54.126  -26.513  32.452 0.0000000000
110458  -55.469  -26.650  32.670 0.0000000000
59518  -55.179  -26.757  33.387 0.0000000000
111953  -55.570  -26.832  33.982 0.0000000000
59480  -57.225  -26.427  35.133 0.0000000000
59504  -58.490  -26.477  34.399 0.0000000000
59482  -59.087  -26.051  34.920 0.0000000000
60539  -55.781  -25.111  29.069 0.0000000000
60525  -58.058  -25.134  29.992 0.0000000000
60493  -58.982  -26.280  31.243 0.0000000000
59557  -59.454  -26.616  31.947 0.0000000000
59558  -60.414  -26.412  31.745 0.0000000000
114843  -60.143  -26.680  32.521 0.0000000000
66956  -56.747  -17.981  24.833 0.0000000000
66967  -57.040  -17.459  24.002 0.0000000000
67799  -57.313  -16.934  23.200 0.0000000000
68660  -57.746  -16.570  22.627 0.0000000000
66111  -55.894  -19.748  21.857 0.0000000000
67806  -57.831  -16.667  22.148 0.0000000000
127696  -58.239  -16.273  22.410 0.0000000000
68668  -58.991  -15.745  22.549 0.0000000000
68674  -59.318  -15.847  21.923 0.0000000000
112511  -60.224  -15.815  21.277 0.0000000000
130462  -59.371  -17.535  20.952 0.0000000000
68675  -61.067  -15.176  20.839 0.0000000000
67008  -58.468  -18.578  18.986 0.0000000000
67835  -59.421  -17.388  18.954 0.0000000000
68751  -61.588  -16.717  14.743 0.0000000000
43890  -29.383  -42.389  68.217 0.0000000000
47917  -38.053  -38.603  55.897 0.0000000000
62416  -56.616  -23.725  25.878 0.0000000000
63336  -56.432  -21.850  25.144 0.0000000000
65223  -53.811  -20.328  20.383 0.0000000000
69546  -59.833  -15.291  22.288 0.0000000000
121594  -56.683  -25.769  36.537 0.0000000000
122584  -27.306  -43.366  69.999 0.0000000000
125412  -58.581  -30.377  43.839 0.0000000000
127005  -27.893  -43.871  74.414 0.0000000000
130763  -29.191  -41.956  70.440 0.0000000000
132093  -55.162  -31.577  42.867 0.0000000000
