#!ascii label  , from subject sub-v2s3x28808_ses-1 vox2ras=TkReg
896
93706  46.470  12.403  -6.556 0.0000000000
133398  51.966  18.317  -11.423 0.0000000000
91089  55.346  8.479  -9.128 0.0000000000
116293  44.030  10.531  -3.575 0.0000000000
90447  47.695  7.234  -3.263 0.0000000000
92427  46.657  10.028  -12.249 0.0000000000
98260  50.379  22.352  -7.979 0.0000000000
95967  46.493  17.161  -10.172 0.0000000000
131591  55.118  3.268  -5.405 0.0000000000
87038  53.501  2.091  -10.373 0.0000000000
125371  49.245  14.516  -10.180 0.0000000000
93049  50.902  11.209  -6.108 0.0000000000
118133  53.683  14.020  -7.447 0.0000000000
116840  53.434  10.436  -3.708 0.0000000000
94932  42.573  14.423  -13.603 0.0000000000
93130  50.040  12.365  -15.180 0.0000000000
88428  51.185  5.010  -5.723 0.0000000000
93037  45.271  11.257  -4.730 0.0000000000
91690  45.688  9.381  -3.354 0.0000000000
92371  47.521  10.448  -4.392 0.0000000000
93107  46.603  11.096  -9.800 0.0000000000
93081  44.432  11.670  -7.293 0.0000000000
98909  49.707  23.105  -7.059 0.0000000000
87007  56.365  1.497  -3.152 0.0000000000
126189  55.975  0.656  -6.266 0.0000000000
85622  54.079  0.677  -3.230 0.0000000000
95507  44.364  15.725  -16.539 0.0000000000
95450  51.163  15.898  -11.274 0.0000000000
94881  52.308  15.085  -8.717 0.0000000000
95960  53.256  16.005  -9.141 0.0000000000
94245  50.912  14.146  -1.765 0.0000000000
94257  53.171  14.166  -2.810 0.0000000000
116863  53.184  12.124  -0.261 0.0000000000
91055  54.781  8.422  -1.580 0.0000000000
96498  50.038  18.556  -11.333 0.0000000000
94908  47.391  14.537  -11.675 0.0000000000
96017  50.978  16.055  -13.649 0.0000000000
94336  50.885  13.380  -13.807 0.0000000000
91716  53.698  10.386  -8.160 0.0000000000
90458  51.403  7.624  -5.703 0.0000000000
89837  53.262  6.168  -7.543 0.0000000000
89094  45.239  5.747  -2.573 0.0000000000
88398  46.251  4.784  -3.531 0.0000000000
91768  46.012  8.860  -16.200 0.0000000000
92439  43.094  10.327  -13.174 0.0000000000
97610  51.738  21.178  -9.616 0.0000000000
96460  51.982  17.988  -7.696 0.0000000000
97018  42.552  18.565  -7.529 0.0000000000
96488  43.453  17.444  -9.375 0.0000000000
97622  49.101  20.637  -9.560 0.0000000000
89134  55.177  5.961  -7.162 0.0000000000
88462  55.666  4.742  -9.666 0.0000000000
87030  55.983  1.955  -8.376 0.0000000000
133722  51.712  1.453  -8.601 0.0000000000
94299  47.764  13.363  -8.295 0.0000000000
93689  48.819  12.164  -5.686 0.0000000000
94290  49.930  13.746  -7.310 0.0000000000
121828  52.873  12.315  -7.381 0.0000000000
93065  54.842  11.514  -8.050 0.0000000000
95399  53.334  15.530  -5.772 0.0000000000
134586  54.092  12.352  -5.933 0.0000000000
91076  54.433  9.317  -6.414 0.0000000000
90450  54.148  6.909  -3.854 0.0000000000
89092  55.342  5.433  -2.469 0.0000000000
96034  43.535  16.845  -15.303 0.0000000000
93773  43.748  12.781  -14.737 0.0000000000
93124  46.018  11.953  -12.968 0.0000000000
92448  46.908  10.382  -16.167 0.0000000000
130793  49.474  9.595  -14.467 0.0000000000
93105  48.262  12.004  -10.915 0.0000000000
91696  49.457  9.462  -4.611 0.0000000000
89125  49.477  5.559  -4.185 0.0000000000
87722  47.539  3.556  -5.752 0.0000000000
131748  51.965  3.573  -7.667 0.0000000000
93692  46.184  12.154  -5.919 0.0000000000
93036  46.193  11.257  -4.759 0.0000000000
93053  47.294  11.845  -5.381 0.0000000000
93724  46.424  12.347  -8.257 0.0000000000
93088  44.965  11.379  -8.598 0.0000000000
93080  45.280  11.992  -6.998 0.0000000000
93071  44.583  11.700  -6.367 0.0000000000
86263  56.424  0.923  -1.795 0.0000000000
85605  56.150  0.338  -3.394 0.0000000000
85591  55.428  0.017  -1.753 0.0000000000
132958  43.853  4.273  -5.679 0.0000000000
95966  52.239  16.696  -10.865 0.0000000000
95441  52.430  15.928  -9.997 0.0000000000
96484  52.464  17.423  -10.099 0.0000000000
94220  51.373  13.397  -0.117 0.0000000000
94219  52.343  13.483  -0.321 0.0000000000
97076  51.471  18.291  -11.928 0.0000000000
96522  50.911  17.124  -12.782 0.0000000000
96509  51.630  17.483  -12.520 0.0000000000
95478  51.597  15.687  -13.221 0.0000000000
91097  54.986  9.328  -9.170 0.0000000000
120834  53.270  8.076  -7.901 0.0000000000
90478  54.741  7.384  -9.351 0.0000000000
92354  42.571  10.127  -2.605 0.0000000000
91681  43.568  9.148  -2.371 0.0000000000
91067  46.711  8.383  -3.219 0.0000000000
115827  45.226  7.381  -2.381 0.0000000000
89801  46.401  6.638  -2.728 0.0000000000
89112  45.760  5.250  -2.994 0.0000000000
89812  46.867  6.047  -2.966 0.0000000000
136790  45.863  9.522  -13.955 0.0000000000
126908  44.344  9.555  -14.323 0.0000000000
91741  44.872  10.067  -12.959 0.0000000000
92374  43.480  11.226  -4.354 0.0000000000
92364  42.387  10.732  -3.158 0.0000000000
97611  51.135  21.184  -8.950 0.0000000000
97013  50.338  19.532  -8.245 0.0000000000
97014  49.242  19.117  -7.614 0.0000000000
98916  50.144  22.893  -7.661 0.0000000000
117681  48.868  21.563  -8.361 0.0000000000
98923  50.449  22.298  -8.407 0.0000000000
97621  50.598  21.735  -9.973 0.0000000000
88427  54.709  4.642  -6.042 0.0000000000
88453  55.845  3.967  -8.335 0.0000000000
87730  56.093  1.939  -7.288 0.0000000000
86315  53.139  1.440  -5.573 0.0000000000
113954  53.691  1.309  -6.612 0.0000000000
113951  50.987  1.545  -6.820 0.0000000000
94298  48.227  13.758  -9.003 0.0000000000
116592  49.147  13.571  -7.261 0.0000000000
94883  49.817  14.611  -8.597 0.0000000000
94869  53.304  14.229  -7.937 0.0000000000
94288  52.011  14.039  -7.585 0.0000000000
94287  53.818  13.292  -7.700 0.0000000000
93078  54.449  11.760  -8.015 0.0000000000
93699  54.305  12.657  -7.459 0.0000000000
95939  51.604  16.799  -6.373 0.0000000000
95938  52.500  16.707  -6.479 0.0000000000
128906  52.178  16.108  -4.859 0.0000000000
129215  53.309  11.962  -2.505 0.0000000000
94256  53.369  13.549  -3.708 0.0000000000
93022  53.476  11.180  -4.354 0.0000000000
92378  54.269  10.929  -6.096 0.0000000000
134750  53.782  9.187  -5.221 0.0000000000
91077  53.870  8.459  -5.317 0.0000000000
90444  53.660  8.668  -4.219 0.0000000000
90426  55.248  7.725  -0.913 0.0000000000
89799  55.395  6.896  -1.693 0.0000000000
115338  42.592  15.629  -14.498 0.0000000000
95496  43.362  14.772  -15.150 0.0000000000
94352  43.315  13.252  -14.066 0.0000000000
95968  44.727  16.881  -9.829 0.0000000000
95985  43.451  16.152  -10.136 0.0000000000
95453  45.708  15.440  -10.481 0.0000000000
94337  48.991  13.908  -13.555 0.0000000000
94339  46.561  13.072  -12.159 0.0000000000
93762  48.167  12.106  -13.890 0.0000000000
130366  46.198  11.473  -13.834 0.0000000000
93139  48.474  10.567  -15.486 0.0000000000
91765  49.328  9.814  -16.064 0.0000000000
127277  50.525  10.856  -15.695 0.0000000000
94313  49.417  13.684  -11.540 0.0000000000
93743  49.727  12.026  -12.632 0.0000000000
94314  48.492  13.084  -10.709 0.0000000000
93736  47.704  12.555  -10.065 0.0000000000
93050  50.055  11.402  -5.651 0.0000000000
92381  49.591  10.780  -5.211 0.0000000000
91704  50.586  9.773  -5.463 0.0000000000
89130  51.373  5.813  -5.535 0.0000000000
89817  50.249  6.716  -4.537 0.0000000000
88412  50.009  5.078  -4.691 0.0000000000
88414  48.381  4.575  -4.312 0.0000000000
87720  49.126  3.715  -5.723 0.0000000000
87762  54.695  2.903  -9.572 0.0000000000
87746  54.048  3.515  -8.936 0.0000000000
87039  53.066  2.605  -10.172 0.0000000000
121854  44.764  10.751  -4.041 0.0000000000
91691  44.887  9.542  -3.160 0.0000000000
92361  45.326  10.110  -3.628 0.0000000000
91689  46.507  9.198  -3.479 0.0000000000
91688  47.435  8.897  -3.581 0.0000000000
92404  46.520  10.614  -10.436 0.0000000000
93057  43.901  11.497  -5.595 0.0000000000
116447  55.688  2.768  -4.009 0.0000000000
87013  56.419  1.195  -5.626 0.0000000000
85645  56.265  0.557  -4.867 0.0000000000
86283  54.775  0.775  -4.267 0.0000000000
95443  50.001  15.245  -10.442 0.0000000000
95435  50.377  15.207  -9.347 0.0000000000
95434  51.581  15.453  -9.338 0.0000000000
95432  53.104  15.386  -9.075 0.0000000000
94879  53.342  14.808  -8.239 0.0000000000
94827  51.228  14.897  -3.248 0.0000000000
95376  52.159  15.371  -3.617 0.0000000000
136207  52.615  14.201  -1.814 0.0000000000
93657  53.087  13.203  -1.476 0.0000000000
92999  53.428  11.285  -1.939 0.0000000000
91056  54.229  9.126  -2.142 0.0000000000
91669  54.171  9.774  -0.872 0.0000000000
91655  54.592  9.001  -0.841 0.0000000000
90414  54.423  7.321  -0.664 0.0000000000
95481  41.686  15.359  -12.383 0.0000000000
96500  47.924  17.900  -10.436 0.0000000000
95452  46.754  15.565  -10.728 0.0000000000
134236  48.616  16.223  -11.543 0.0000000000
95480  49.604  15.659  -12.784 0.0000000000
94931  50.068  14.380  -14.140 0.0000000000
94348  51.054  13.523  -14.989 0.0000000000
117670  51.283  14.530  -14.160 0.0000000000
94905  51.233  15.115  -12.841 0.0000000000
92389  52.809  10.683  -7.358 0.0000000000
91703  51.324  9.470  -5.900 0.0000000000
120835  52.021  9.103  -6.584 0.0000000000
90466  51.975  7.171  -6.291 0.0000000000
89136  51.892  5.354  -6.147 0.0000000000
86385  52.717  1.977  -11.333 0.0000000000
87789  51.979  2.544  -11.689 0.0000000000
89803  43.578  6.320  -1.896 0.0000000000
91059  44.824  8.137  -2.417 0.0000000000
137399  44.326  6.530  -1.972 0.0000000000
89095  44.280  5.680  -2.410 0.0000000000
132120  44.283  4.977  -3.033 0.0000000000
124619  45.109  4.395  -4.110 0.0000000000
88432  45.319  4.112  -4.853 0.0000000000
91777  44.119  9.365  -17.171 0.0000000000
92449  42.477  10.337  -14.652 0.0000000000
97043  51.775  19.776  -10.410 0.0000000000
116286  52.223  18.588  -9.569 0.0000000000
97011  52.012  18.852  -8.691 0.0000000000
96461  50.770  17.850  -7.564 0.0000000000
95930  49.976  16.031  -5.984 0.0000000000
95387  50.252  15.208  -4.603 0.0000000000
94828  49.641  14.391  -3.236 0.0000000000
97031  42.987  18.279  -8.295 0.0000000000
96473  44.610  18.167  -8.950 0.0000000000
97027  46.090  18.866  -8.841 0.0000000000
97045  47.337  18.946  -9.695 0.0000000000
97636  49.613  20.277  -10.319 0.0000000000
131745  51.000  20.295  -10.903 0.0000000000
89834  55.692  7.222  -8.833 0.0000000000
89843  55.191  6.879  -9.612 0.0000000000
88452  56.002  5.114  -9.104 0.0000000000
119789  55.869  3.852  -9.643 0.0000000000
87036  54.852  2.443  -9.387 0.0000000000
86326  55.795  0.875  -7.243 0.0000000000
86343  54.323  1.429  -8.432 0.0000000000
86373  53.022  1.689  -10.422 0.0000000000
93723  47.129  12.802  -7.793 0.0000000000
126117  47.708  12.584  -6.221 0.0000000000
94281  48.628  13.162  -6.807 0.0000000000
94280  49.573  13.245  -6.712 0.0000000000
93701  51.135  12.725  -6.630 0.0000000000
94289  50.974  13.876  -7.415 0.0000000000
94278  51.679  13.428  -7.148 0.0000000000
93068  51.742  11.992  -6.662 0.0000000000
93067  52.844  11.599  -7.340 0.0000000000
92395  54.640  10.756  -8.501 0.0000000000
91714  55.140  10.139  -8.606 0.0000000000
96471  53.033  16.866  -8.408 0.0000000000
95952  53.342  15.962  -7.632 0.0000000000
94861  53.609  14.768  -6.661 0.0000000000
94839  53.361  14.891  -4.230 0.0000000000
94853  53.573  14.667  -5.521 0.0000000000
123580  54.232  13.093  -6.734 0.0000000000
93687  54.388  12.539  -6.690 0.0000000000
91709  54.790  10.477  -6.994 0.0000000000
91090  55.409  9.146  -8.580 0.0000000000
90464  54.935  7.890  -7.148 0.0000000000
113502  54.237  6.353  -5.413 0.0000000000
89123  54.284  5.619  -4.961 0.0000000000
90443  54.233  7.469  -3.202 0.0000000000
89808  54.498  6.199  -3.554 0.0000000000
87701  54.919  4.520  -3.710 0.0000000000
87695  55.798  3.483  -2.549 0.0000000000
96033  44.413  16.411  -15.804 0.0000000000
94943  44.095  14.977  -15.942 0.0000000000
93785  44.712  12.115  -16.985 0.0000000000
94897  46.122  14.787  -10.838 0.0000000000
93757  44.063  12.657  -13.128 0.0000000000
93764  44.492  12.161  -13.545 0.0000000000
93142  45.000  11.287  -15.002 0.0000000000
124589  46.015  10.440  -17.621 0.0000000000
91774  47.104  9.476  -17.181 0.0000000000
118027  47.945  9.083  -15.366 0.0000000000
91738  48.590  9.574  -13.503 0.0000000000
93129  51.151  11.243  -14.826 0.0000000000
92425  49.356  10.240  -13.117 0.0000000000
131602  47.946  10.055  -11.908 0.0000000000
93106  47.645  11.624  -10.459 0.0000000000
93730  47.193  12.421  -9.391 0.0000000000
93052  48.441  11.579  -5.255 0.0000000000
91697  48.751  9.570  -4.313 0.0000000000
91065  48.817  8.160  -3.851 0.0000000000
125726  50.714  8.932  -5.359 0.0000000000
90453  49.659  7.182  -4.168 0.0000000000
89810  48.362  6.588  -3.470 0.0000000000
88396  47.910  5.046  -3.740 0.0000000000
87709  47.110  3.842  -4.915 0.0000000000
89143  54.065  5.667  -8.563 0.0000000000
89144  53.202  5.166  -7.569 0.0000000000
87733  51.355  3.838  -6.916 0.0000000000
136755  51.478  3.038  -9.939 0.0000000000
87735  49.466  3.558  -6.672 0.0000000000
128563  53.327  0.330  -2.053 0.0000000000
86271  51.809  1.196  -3.118 0.0000000000
93054  46.603  11.772  -5.364 0.0000000000
93691  47.042  12.360  -5.915 0.0000000000
93716  46.495  12.480  -7.363 0.0000000000
93717  45.788  12.148  -7.730 0.0000000000
125606  45.971  12.274  -7.027 0.0000000000
93707  45.863  12.181  -6.501 0.0000000000
128749  56.005  0.163  -2.358 0.0000000000
96497  52.137  17.684  -11.263 0.0000000000
97058  51.632  18.910  -11.362 0.0000000000
97075  51.905  18.034  -11.918 0.0000000000
96508  52.064  17.100  -12.187 0.0000000000
91096  55.132  8.537  -9.281 0.0000000000
118195  54.815  8.370  -9.285 0.0000000000
90477  55.160  7.765  -9.477 0.0000000000
92363  43.242  10.445  -3.193 0.0000000000
92353  43.243  9.822  -2.636 0.0000000000
91692  44.017  9.845  -2.948 0.0000000000
90437  46.789  7.482  -2.959 0.0000000000
89800  47.088  6.719  -2.979 0.0000000000
91740  45.926  9.760  -13.147 0.0000000000
91750  45.113  9.606  -13.928 0.0000000000
92428  45.618  10.310  -12.167 0.0000000000
129570  43.534  10.884  -3.780 0.0000000000
93023  42.915  11.035  -3.733 0.0000000000
97599  50.217  20.783  -8.198 0.0000000000
127193  50.967  22.240  -8.857 0.0000000000
124955  54.690  4.206  -5.280 0.0000000000
87718  55.048  3.625  -6.186 0.0000000000
86329  51.815  1.530  -6.494 0.0000000000
94889  48.724  14.157  -9.601 0.0000000000
94884  48.937  14.245  -8.753 0.0000000000
94888  49.448  14.686  -9.430 0.0000000000
94276  54.050  13.465  -7.158 0.0000000000
95401  51.458  16.018  -5.090 0.0000000000
95928  52.091  16.416  -5.610 0.0000000000
95386  51.760  15.729  -4.411 0.0000000000
93010  53.352  11.317  -3.225 0.0000000000
137418  53.392  11.704  -4.021 0.0000000000
92368  53.631  10.536  -4.911 0.0000000000
91695  53.548  9.612  -4.290 0.0000000000
91686  53.600  9.710  -2.958 0.0000000000
89768  55.239  6.850  -0.809 0.0000000000
123698  42.223  15.198  -13.760 0.0000000000
96018  41.926  15.974  -13.991 0.0000000000
121900  42.722  14.867  -14.413 0.0000000000
94353  42.919  13.725  -13.578 0.0000000000
131963  45.601  17.011  -10.009 0.0000000000
95983  45.213  16.158  -10.158 0.0000000000
95982  46.130  16.293  -10.328 0.0000000000
94351  48.725  13.084  -13.881 0.0000000000
122379  47.525  11.330  -14.278 0.0000000000
130522  48.806  11.440  -14.910 0.0000000000
119462  49.905  10.919  -15.736 0.0000000000
117722  50.586  11.464  -15.502 0.0000000000
94895  49.585  14.594  -11.000 0.0000000000
94896  48.833  13.976  -10.455 0.0000000000
94306  48.180  13.494  -9.860 0.0000000000
92380  50.358  10.602  -5.558 0.0000000000
92379  51.152  10.346  -5.990 0.0000000000
89131  50.691  5.447  -5.107 0.0000000000
88429  50.424  4.637  -5.404 0.0000000000
88430  49.615  4.304  -5.148 0.0000000000
87719  50.015  3.875  -5.909 0.0000000000
87031  53.731  2.661  -9.555 0.0000000000
92372  46.624  10.568  -4.318 0.0000000000
91699  47.038  9.808  -3.903 0.0000000000
128757  45.675  10.574  -10.578 0.0000000000
93108  45.893  10.788  -9.819 0.0000000000
113499  45.085  11.737  -7.934 0.0000000000
93056  44.863  11.573  -5.494 0.0000000000
93038  44.297  11.292  -4.726 0.0000000000
87008  56.108  2.054  -3.630 0.0000000000
121762  56.259  1.546  -4.541 0.0000000000
86282  56.478  1.102  -3.956 0.0000000000
85621  55.683  0.338  -3.616 0.0000000000
86284  53.333  1.190  -3.976 0.0000000000
127938  44.784  16.908  -16.142 0.0000000000
96557  44.384  17.529  -16.493 0.0000000000
95442  51.195  15.729  -10.190 0.0000000000
95440  52.998  15.715  -9.506 0.0000000000
95431  53.309  15.426  -8.522 0.0000000000
94814  51.271  14.540  -2.474 0.0000000000
94826  52.166  14.890  -2.748 0.0000000000
94813  52.099  14.413  -1.854 0.0000000000
93644  52.815  12.856  0.048 0.0000000000
94231  52.826  13.438  -0.803 0.0000000000
93643  53.103  12.840  -0.671 0.0000000000
114717  53.284  12.211  -1.404 0.0000000000
116704  53.487  11.342  -0.751 0.0000000000
92344  53.778  10.546  -1.207 0.0000000000
92331  53.559  10.599  -0.525 0.0000000000
91656  53.932  9.779  -0.662 0.0000000000
133305  53.836  9.013  -0.623 0.0000000000
91035  54.062  8.283  -0.627 0.0000000000
96499  48.855  17.736  -10.967 0.0000000000
95980  47.920  17.016  -10.702 0.0000000000
129852  48.720  16.809  -11.313 0.0000000000
96006  50.523  16.266  -13.153 0.0000000000
96007  49.520  16.448  -12.134 0.0000000000
95479  50.591  15.607  -13.626 0.0000000000
94922  49.829  15.057  -13.518 0.0000000000
94930  50.889  14.932  -14.289 0.0000000000
115179  51.137  14.366  -14.491 0.0000000000
95489  51.145  15.586  -13.821 0.0000000000
95463  51.642  15.835  -12.351 0.0000000000
95451  50.487  15.288  -11.628 0.0000000000
91710  52.739  9.735  -7.367 0.0000000000
90472  53.266  7.184  -7.693 0.0000000000
90465  52.587  7.664  -7.108 0.0000000000
89829  52.581  6.650  -6.839 0.0000000000
89830  51.982  6.205  -6.104 0.0000000000
89135  52.564  5.701  -6.721 0.0000000000
89786  42.964  6.893  -1.626 0.0000000000
90427  43.750  7.103  -1.730 0.0000000000
91680  44.422  8.966  -2.598 0.0000000000
91679  45.248  8.803  -2.866 0.0000000000
89802  45.526  6.543  -2.456 0.0000000000
136665  44.853  6.223  -2.256 0.0000000000
89113  44.951  5.115  -2.924 0.0000000000
88399  45.436  4.722  -3.493 0.0000000000
88417  45.840  4.343  -4.157 0.0000000000
116609  45.771  8.799  -17.222 0.0000000000
116508  44.649  9.020  -16.719 0.0000000000
91752  43.607  9.800  -13.990 0.0000000000
91761  43.206  9.721  -14.872 0.0000000000
92440  42.820  10.225  -13.933 0.0000000000
124153  42.519  10.627  -13.285 0.0000000000
97619  51.945  21.069  -10.109 0.0000000000
97025  51.835  19.908  -9.587 0.0000000000
95940  50.545  16.665  -6.515 0.0000000000
95403  49.441  15.432  -5.302 0.0000000000
94841  50.207  14.741  -3.777 0.0000000000
114654  42.246  18.377  -8.153 0.0000000000
97029  44.572  18.551  -8.281 0.0000000000
97028  45.264  18.638  -8.553 0.0000000000
97047  45.578  18.297  -9.208 0.0000000000
97612  48.417  20.637  -8.841 0.0000000000
116822  47.401  19.849  -8.813 0.0000000000
97623  47.866  19.745  -9.328 0.0000000000
97044  48.396  19.455  -9.903 0.0000000000
97620  51.653  21.705  -9.904 0.0000000000
97635  50.730  20.926  -10.604 0.0000000000
97634  51.352  21.053  -10.618 0.0000000000
125320  51.334  20.104  -10.818 0.0000000000
89835  55.578  6.656  -8.069 0.0000000000
89141  55.831  6.262  -8.928 0.0000000000
133872  55.692  5.837  -8.299 0.0000000000
132456  55.957  2.607  -8.339 0.0000000000
113619  56.030  3.831  -9.269 0.0000000000
87760  55.916  2.920  -9.145 0.0000000000
87761  55.443  3.080  -9.572 0.0000000000
87035  55.554  2.298  -9.007 0.0000000000
86313  56.319  0.807  -5.802 0.0000000000
87018  56.356  1.186  -6.652 0.0000000000
116415  55.090  0.840  -6.772 0.0000000000
86328  52.744  1.443  -7.089 0.0000000000
129520  53.690  1.298  -7.570 0.0000000000
86344  53.216  1.372  -8.229 0.0000000000
116311  53.754  1.611  -9.171 0.0000000000
86359  52.885  1.441  -9.215 0.0000000000
86360  52.160  1.460  -9.538 0.0000000000
94292  47.843  13.118  -7.323 0.0000000000
93702  50.111  12.682  -6.332 0.0000000000
94279  50.565  13.294  -6.812 0.0000000000
94882  50.910  14.925  -8.598 0.0000000000
94871  51.522  14.478  -8.030 0.0000000000
94277  53.003  13.662  -7.761 0.0000000000
93700  52.338  12.884  -7.131 0.0000000000
122709  54.676  11.294  -8.297 0.0000000000
92394  54.875  10.852  -8.413 0.0000000000
96472  52.515  17.792  -8.580 0.0000000000
96459  52.589  17.383  -7.754 0.0000000000
95416  52.931  16.189  -6.055 0.0000000000
129594  53.124  16.342  -6.830 0.0000000000
95415  53.428  15.580  -6.898 0.0000000000
132881  52.733  15.057  -3.155 0.0000000000
94840  52.972  15.293  -3.836 0.0000000000
94825  53.109  14.829  -3.327 0.0000000000
122328  53.504  12.949  -4.532 0.0000000000
94263  53.556  13.886  -4.785 0.0000000000
114760  53.896  12.949  -5.707 0.0000000000
94271  53.847  13.694  -6.131 0.0000000000
91702  53.975  9.996  -5.699 0.0000000000
91708  55.196  9.921  -7.849 0.0000000000
91083  55.138  8.891  -7.440 0.0000000000
90456  54.394  8.246  -6.286 0.0000000000
90457  53.962  7.722  -5.355 0.0000000000
89816  53.994  7.014  -4.864 0.0000000000
115031  54.220  6.291  -4.451 0.0000000000
132819  55.553  6.120  -1.931 0.0000000000
124324  55.095  6.158  -2.630 0.0000000000
89107  54.805  5.367  -3.414 0.0000000000
129832  55.159  4.748  -3.025 0.0000000000
88395  55.341  3.840  -3.302 0.0000000000
96544  43.671  17.693  -15.347 0.0000000000
127164  43.448  19.274  -15.349 0.0000000000
97110  43.591  18.492  -15.340 0.0000000000
130317  44.691  17.271  -15.822 0.0000000000
94944  43.685  14.099  -15.502 0.0000000000
93779  43.955  13.290  -15.748 0.0000000000
94369  44.351  13.077  -16.882 0.0000000000
93778  44.255  12.418  -15.723 0.0000000000
95465  47.553  15.263  -11.361 0.0000000000
95466  46.854  14.863  -11.125 0.0000000000
93754  46.338  12.480  -12.543 0.0000000000
93744  45.740  12.896  -12.013 0.0000000000
93755  45.478  12.411  -12.562 0.0000000000
93756  44.717  12.474  -12.790 0.0000000000
93763  45.337  11.948  -13.202 0.0000000000
93140  47.098  10.660  -14.985 0.0000000000
93141  45.907  10.967  -14.880 0.0000000000
93148  45.647  10.739  -16.177 0.0000000000
92453  46.860  10.076  -17.277 0.0000000000
92456  46.417  9.991  -17.878 0.0000000000
92452  47.551  9.776  -16.837 0.0000000000
91755  49.548  9.605  -15.642 0.0000000000
91756  48.609  9.209  -16.123 0.0000000000
91748  48.700  9.364  -14.814 0.0000000000
127236  47.742  9.461  -13.828 0.0000000000
93752  51.147  12.547  -14.792 0.0000000000
131222  51.177  11.575  -15.184 0.0000000000
130697  50.619  12.529  -13.593 0.0000000000
117813  48.747  11.498  -11.822 0.0000000000
93123  49.498  11.062  -12.841 0.0000000000
92411  48.476  10.546  -12.045 0.0000000000
93118  48.000  11.111  -11.117 0.0000000000
92412  47.649  10.495  -11.318 0.0000000000
94307  47.585  13.153  -9.255 0.0000000000
117011  47.071  12.710  -8.720 0.0000000000
93704  48.370  12.619  -6.192 0.0000000000
93690  47.914  12.185  -5.644 0.0000000000
92369  49.168  10.202  -4.727 0.0000000000
91687  48.375  8.898  -3.870 0.0000000000
91073  49.120  8.845  -4.211 0.0000000000
91078  51.397  8.561  -5.819 0.0000000000
91079  50.788  8.059  -5.215 0.0000000000
90452  50.239  7.613  -4.620 0.0000000000
89818  49.628  6.351  -4.093 0.0000000000
89809  49.085  6.832  -3.738 0.0000000000
89108  48.955  6.045  -3.716 0.0000000000
89109  48.176  5.776  -3.520 0.0000000000
89126  48.717  5.284  -3.906 0.0000000000
87708  47.970  3.899  -4.896 0.0000000000
87723  46.621  3.623  -5.666 0.0000000000
87738  46.855  3.508  -6.329 0.0000000000
89150  55.383  5.807  -9.648 0.0000000000
89844  54.789  6.322  -9.472 0.0000000000
89151  54.977  5.170  -9.586 0.0000000000
87747  52.991  3.307  -8.097 0.0000000000
88455  53.149  4.195  -7.737 0.0000000000
87732  52.238  4.064  -7.210 0.0000000000
113894  50.780  3.127  -11.830 0.0000000000
87777  51.216  3.042  -10.629 0.0000000000
93055  45.750  11.680  -5.389 0.0000000000
93035  47.155  11.265  -4.829 0.0000000000
93096  46.522  11.972  -9.173 0.0000000000
124095  46.036  11.250  -9.302 0.0000000000
93087  45.727  11.692  -8.613 0.0000000000
93070  45.409  11.928  -6.092 0.0000000000
86270  56.461  1.147  -2.542 0.0000000000
85620  56.420  0.687  -3.392 0.0000000000
85604  56.303  0.482  -2.615 0.0000000000
85606  55.839  0.160  -2.754 0.0000000000
128295  54.921  0.316  -2.578 0.0000000000
95979  51.980  16.444  -11.826 0.0000000000
95449  51.910  16.241  -10.868 0.0000000000
95965  52.774  16.281  -9.824 0.0000000000
96483  52.868  16.971  -9.236 0.0000000000
94232  50.617  13.617  -0.900 0.0000000000
130823  51.736  13.893  -0.973 0.0000000000
92991  52.941  11.954  0.246 0.0000000000
95993  49.864  17.487  -11.773 0.0000000000
96510  50.971  18.132  -12.154 0.0000000000
96005  51.239  16.453  -13.337 0.0000000000
95488  51.388  15.718  -13.647 0.0000000000
96520  51.855  16.845  -12.826 0.0000000000
95462  51.857  16.465  -12.746 0.0000000000
91715  54.446  9.921  -8.646 0.0000000000
119309  53.481  9.535  -8.059 0.0000000000
91091  53.981  8.869  -8.523 0.0000000000
90471  54.006  7.836  -8.630 0.0000000000
89836  54.024  6.774  -8.545 0.0000000000
91068  45.995  8.642  -3.098 0.0000000000
91058  45.603  8.075  -2.658 0.0000000000
91057  46.228  8.002  -2.869 0.0000000000
90438  45.974  7.364  -2.635 0.0000000000
89093  46.072  5.888  -2.732 0.0000000000
89111  46.568  5.395  -3.178 0.0000000000
91758  45.957  9.345  -14.857 0.0000000000
91759  45.021  9.309  -15.074 0.0000000000
91751  44.299  9.792  -13.605 0.0000000000
92438  43.922  10.155  -12.994 0.0000000000
93039  42.665  11.328  -4.343 0.0000000000
93024  42.162  11.185  -3.709 0.0000000000
97026  51.438  19.865  -8.946 0.0000000000
99526  50.198  23.236  -7.193 0.0000000000
98918  48.830  22.189  -7.383 0.0000000000
98924  49.926  22.572  -8.259 0.0000000000
98273  49.947  22.084  -9.077 0.0000000000
98272  51.050  22.238  -9.311 0.0000000000
98271  51.324  22.004  -9.534 0.0000000000
136761  54.946  5.103  -6.774 0.0000000000
89142  55.493  5.050  -7.816 0.0000000000
88440  55.191  4.250  -7.041 0.0000000000
87731  55.630  3.069  -7.305 0.0000000000
86314  54.559  0.989  -5.909 0.0000000000
131511  52.591  1.505  -6.204 0.0000000000
86345  51.958  1.456  -7.702 0.0000000000
94291  48.489  13.563  -7.629 0.0000000000
119751  48.500  13.835  -8.297 0.0000000000
94873  49.243  14.075  -7.907 0.0000000000
94870  52.759  14.437  -8.184 0.0000000000
93715  53.568  12.828  -7.623 0.0000000000
93079  53.785  12.067  -7.793 0.0000000000
93714  54.188  12.428  -7.815 0.0000000000
93698  54.479  11.992  -7.811 0.0000000000
95954  52.196  17.236  -7.026 0.0000000000
95400  52.769  15.980  -5.170 0.0000000000
114105  53.269  13.332  -2.915 0.0000000000
93670  53.334  12.422  -3.530 0.0000000000
93678  53.626  12.040  -4.952 0.0000000000
93033  53.778  11.272  -5.293 0.0000000000
90451  53.854  7.748  -4.235 0.0000000000
90436  55.282  7.747  -1.109 0.0000000000
96026  41.749  16.832  -14.213 0.0000000000
96536  42.569  17.317  -14.823 0.0000000000
96024  43.309  16.022  -15.176 0.0000000000
135293  43.113  15.340  -14.966 0.0000000000
94362  43.061  14.036  -14.433 0.0000000000
94361  43.496  13.461  -14.851 0.0000000000
96487  44.250  17.508  -9.401 0.0000000000
95969  43.885  16.817  -9.744 0.0000000000
95454  44.772  15.389  -10.410 0.0000000000
94924  48.198  14.293  -12.536 0.0000000000
94323  47.185  13.692  -12.081 0.0000000000
128390  48.054  13.550  -12.919 0.0000000000
94338  47.400  12.807  -12.840 0.0000000000
93131  46.913  11.964  -13.243 0.0000000000
92447  48.070  10.024  -16.409 0.0000000000
92446  49.145  10.055  -16.190 0.0000000000
92445  50.037  10.315  -15.842 0.0000000000
91746  50.265  9.896  -15.250 0.0000000000
94322  50.427  13.768  -12.693 0.0000000000
93742  49.981  12.991  -12.594 0.0000000000
117400  49.009  12.527  -11.656 0.0000000000
93688  49.678  12.116  -5.817 0.0000000000
93051  49.248  11.502  -5.395 0.0000000000
91705  49.867  10.009  -5.099 0.0000000000
89823  51.405  6.684  -5.577 0.0000000000
90459  50.809  7.151  -5.099 0.0000000000
89824  50.808  6.265  -5.021 0.0000000000
89124  50.198  5.863  -4.519 0.0000000000
88413  49.205  4.790  -4.454 0.0000000000
88431  48.796  4.068  -4.952 0.0000000000
87721  48.373  3.675  -5.513 0.0000000000
128340  55.216  3.924  -9.738 0.0000000000
88454  54.101  4.558  -8.666 0.0000000000
87748  52.463  3.128  -8.650 0.0000000000
92362  44.615  10.176  -3.448 0.0000000000
92373  45.724  10.653  -4.218 0.0000000000
92360  46.162  9.974  -3.788 0.0000000000
127847  47.337  8.031  -3.298 0.0000000000
92414  46.375  10.357  -11.278 0.0000000000
93097  45.330  11.135  -9.221 0.0000000000
136747  43.722  11.378  -4.912 0.0000000000
129694  44.021  10.981  -4.084 0.0000000000
99521  50.191  23.456  -6.733 0.0000000000
98908  50.288  23.172  -7.085 0.0000000000
98249  49.581  21.552  -6.985 0.0000000000
87706  55.619  2.419  -5.031 0.0000000000
86296  56.480  0.787  -4.872 0.0000000000
85646  56.144  0.544  -5.387 0.0000000000
85633  56.171  0.406  -4.228 0.0000000000
85634  55.931  0.380  -4.714 0.0000000000
86297  55.393  0.646  -5.267 0.0000000000
86298  53.888  1.251  -4.888 0.0000000000
86299  52.630  1.435  -4.664 0.0000000000
95433  52.761  15.526  -9.396 0.0000000000
94880  53.111  14.890  -8.526 0.0000000000
94868  53.548  14.711  -7.641 0.0000000000
95377  51.102  15.282  -4.030 0.0000000000
118889  52.751  14.523  -2.497 0.0000000000
94806  52.517  13.945  -1.204 0.0000000000
94244  52.898  13.944  -1.773 0.0000000000
94243  53.128  13.579  -2.215 0.0000000000
93663  53.224  12.767  -2.347 0.0000000000
116873  53.526  10.494  -2.463 0.0000000000
91678  54.019  9.786  -1.661 0.0000000000
91047  54.655  9.085  -1.099 0.0000000000
91046  55.036  8.412  -0.919 0.0000000000
91034  54.916  8.272  -0.790 0.0000000000
95490  42.116  14.838  -12.913 0.0000000000
134857  47.260  17.301  -10.355 0.0000000000
95981  47.067  16.531  -10.501 0.0000000000
95994  47.856  16.114  -11.073 0.0000000000
95464  48.550  15.636  -11.858 0.0000000000
94923  48.841  15.013  -12.614 0.0000000000
133303  49.131  14.514  -13.249 0.0000000000
94350  50.130  13.576  -14.641 0.0000000000
94360  50.882  13.297  -15.112 0.0000000000
94349  50.934  14.074  -14.842 0.0000000000
94335  51.209  13.839  -14.457 0.0000000000
94920  51.361  15.362  -13.691 0.0000000000
94321  51.113  14.311  -13.545 0.0000000000
94906  50.316  14.537  -12.141 0.0000000000
92390  51.873  10.981  -6.573 0.0000000000
91711  51.949  10.048  -6.566 0.0000000000
91085  52.006  8.140  -6.490 0.0000000000
91084  52.804  8.725  -7.439 0.0000000000
87045  53.080  2.092  -10.886 0.0000000000
87050  52.218  2.056  -12.098 0.0000000000
89804  42.708  6.186  -1.926 0.0000000000
90440  43.886  8.142  -2.075 0.0000000000
90439  44.497  7.337  -2.071 0.0000000000
89096  43.248  5.646  -2.378 0.0000000000
89114  43.618  5.069  -2.926 0.0000000000
127060  44.660  4.636  -3.581 0.0000000000
88418  44.299  4.332  -4.578 0.0000000000
135890  44.349  9.134  -16.026 0.0000000000
91771  42.846  9.892  -15.627 0.0000000000
92429  44.546  10.532  -12.040 0.0000000000
125205  52.071  18.470  -10.716 0.0000000000
97012  51.100  18.662  -8.187 0.0000000000
96449  51.238  17.285  -7.050 0.0000000000
95929  51.012  16.279  -5.806 0.0000000000
128854  50.462  14.481  -2.932 0.0000000000
131182  50.622  14.324  -2.387 0.0000000000
96475  43.100  17.897  -8.917 0.0000000000
97017  43.386  18.601  -7.595 0.0000000000
97030  43.848  18.343  -8.362 0.0000000000
96474  43.773  17.924  -8.954 0.0000000000
131219  46.030  17.789  -9.734 0.0000000000
98274  48.105  21.304  -7.680 0.0000000000
97624  46.896  19.246  -9.156 0.0000000000
97046  46.457  18.539  -9.460 0.0000000000
96485  46.997  18.049  -10.033 0.0000000000
97062  47.852  18.621  -10.124 0.0000000000
97061  48.936  18.850  -10.529 0.0000000000
97060  50.253  19.699  -10.864 0.0000000000
97059  51.035  19.187  -11.390 0.0000000000
90469  55.556  8.145  -8.744 0.0000000000
91101  55.295  7.947  -9.318 0.0000000000
89842  55.639  6.808  -9.251 0.0000000000
89149  55.743  5.986  -9.268 0.0000000000
89155  55.705  5.362  -9.448 0.0000000000
88461  55.919  4.558  -9.536 0.0000000000
87037  54.017  2.306  -9.632 0.0000000000
87717  55.867  2.204  -6.290 0.0000000000
87024  56.094  1.463  -7.551 0.0000000000
86341  55.981  1.245  -7.702 0.0000000000
86327  54.718  1.075  -7.483 0.0000000000
86342  55.359  1.233  -8.022 0.0000000000
86356  55.667  1.647  -8.368 0.0000000000
86357  55.002  1.783  -8.813 0.0000000000
86372  53.640  1.898  -10.089 0.0000000000
87044  53.246  1.995  -10.724 0.0000000000
93705  47.240  12.691  -6.812 0.0000000000
94282  47.957  12.849  -6.668 0.0000000000
93703  49.188  12.678  -6.231 0.0000000000
93069  50.563  12.024  -6.166 0.0000000000
94872  50.325  14.337  -7.924 0.0000000000
92396  53.928  11.282  -8.096 0.0000000000
91721  55.005  10.127  -8.787 0.0000000000
91720  55.103  9.367  -9.055 0.0000000000
135879  52.564  17.691  -9.321 0.0000000000
95953  52.983  16.797  -7.404 0.0000000000
122958  53.291  16.222  -8.247 0.0000000000
95424  53.474  15.260  -7.858 0.0000000000
95385  52.557  15.734  -4.384 0.0000000000
95384  53.196  15.452  -4.732 0.0000000000
94824  53.327  14.367  -3.731 0.0000000000
131106  53.752  14.115  -6.625 0.0000000000
93066  54.628  12.016  -7.418 0.0000000000
93048  54.344  11.832  -6.274 0.0000000000
92388  54.813  11.358  -7.289 0.0000000000
92387  55.105  10.849  -8.056 0.0000000000
119360  55.468  8.397  -8.016 0.0000000000
90470  55.476  7.572  -7.981 0.0000000000
89828  54.978  6.954  -7.112 0.0000000000
89822  54.363  7.222  -6.063 0.0000000000
116434  54.568  6.411  -6.318 0.0000000000
89129  54.495  5.575  -5.974 0.0000000000
130744  54.446  4.989  -5.321 0.0000000000
91064  53.672  9.027  -3.316 0.0000000000
91063  54.054  8.262  -2.971 0.0000000000
119508  54.858  7.652  -2.135 0.0000000000
113452  54.626  6.867  -2.847 0.0000000000
136038  54.434  5.671  -4.157 0.0000000000
88411  54.565  4.870  -4.451 0.0000000000
87707  55.009  3.712  -4.435 0.0000000000
118787  55.744  2.969  -3.255 0.0000000000
87001  56.056  2.508  -2.833 0.0000000000
87000  56.296  1.984  -2.436 0.0000000000
96039  44.635  16.391  -16.072 0.0000000000
95502  43.838  15.535  -15.590 0.0000000000
95501  44.406  15.774  -16.038 0.0000000000
130965  44.273  15.221  -16.469 0.0000000000
118527  44.202  14.204  -16.692 0.0000000000
94913  42.299  14.780  -11.971 0.0000000000
94342  42.723  14.050  -12.699 0.0000000000
94324  46.146  13.533  -11.616 0.0000000000
94327  43.508  13.561  -12.113 0.0000000000
94341  43.413  13.204  -13.112 0.0000000000
93765  43.749  12.613  -13.861 0.0000000000
93772  44.318  12.006  -14.620 0.0000000000
93132  45.149  11.565  -14.063 0.0000000000
119989  44.749  11.544  -15.829 0.0000000000
124126  45.275  11.253  -17.315 0.0000000000
93155  45.012  11.881  -18.278 0.0000000000
93154  45.552  10.653  -18.190 0.0000000000
125573  46.879  8.856  -16.970 0.0000000000
91766  48.214  9.592  -16.459 0.0000000000
91767  47.822  9.045  -16.489 0.0000000000
91757  47.236  8.869  -15.965 0.0000000000
91749  46.754  9.412  -14.255 0.0000000000
91739  46.923  9.694  -13.105 0.0000000000
93138  50.968  11.226  -15.448 0.0000000000
92436  51.129  10.969  -15.273 0.0000000000
92437  50.830  10.442  -14.940 0.0000000000
93753  50.609  11.659  -13.839 0.0000000000
92424  50.365  10.686  -13.972 0.0000000000
136885  49.221  9.770  -13.469 0.0000000000
116261  48.534  9.928  -12.649 0.0000000000
92426  47.699  9.795  -12.559 0.0000000000
92413  47.264  10.195  -11.655 0.0000000000
135110  47.039  10.423  -10.966 0.0000000000
92403  47.255  10.902  -10.497 0.0000000000
93095  47.173  11.667  -9.839 0.0000000000
122732  47.773  11.592  -5.171 0.0000000000
93034  48.034  11.057  -4.788 0.0000000000
92382  48.832  10.935  -4.919 0.0000000000
92370  48.383  10.316  -4.513 0.0000000000
91698  47.932  9.670  -4.056 0.0000000000
91066  48.049  8.118  -3.538 0.0000000000
124755  50.091  9.253  -4.950 0.0000000000
91071  50.202  8.473  -4.772 0.0000000000
91072  49.556  8.094  -4.275 0.0000000000
90445  49.149  7.532  -3.877 0.0000000000
90446  48.546  7.410  -3.582 0.0000000000
89811  47.604  6.303  -3.234 0.0000000000
89110  47.375  5.551  -3.357 0.0000000000
88397  47.088  4.876  -3.619 0.0000000000
88415  47.537  4.391  -4.254 0.0000000000
88416  46.693  4.314  -4.210 0.0000000000
87710  46.222  3.893  -4.908 0.0000000000
88441  52.482  4.839  -6.828 0.0000000000
88442  51.671  4.555  -6.434 0.0000000000
88443  50.844  4.228  -6.158 0.0000000000
87776  52.426  2.648  -10.779 0.0000000000
117877  51.646  3.097  -9.199 0.0000000000
87763  50.596  3.290  -9.387 0.0000000000
127693  51.116  3.487  -7.757 0.0000000000
87734  50.458  3.692  -6.758 0.0000000000
87736  48.377  3.501  -6.402 0.0000000000
85592  54.345  0.100  -1.819 0.0000000000
121965  53.251  0.648  -2.661 0.0000000000
85608  52.385  0.690  -2.441 0.0000000000
85623  52.794  1.040  -3.185 0.0000000000
85607  53.929  0.420  -2.469 0.0000000000
85632  56.339  0.555  -4.204 0.0000000000
86325  56.239  0.958  -6.906 0.0000000000
86358  54.296  1.896  -9.358 0.0000000000
86374  52.109  1.499  -10.409 0.0000000000
87788  52.583  2.146  -11.421 0.0000000000
89848  55.530  6.358  -9.432 0.0000000000
90476  55.502  7.658  -9.188 0.0000000000
90482  55.392  7.260  -9.394 0.0000000000
91747  50.019  9.986  -14.177 0.0000000000
91760  44.093  9.325  -15.203 0.0000000000
91764  50.066  9.993  -15.787 0.0000000000
91769  44.940  8.916  -16.141 0.0000000000
91770  43.729  9.346  -16.039 0.0000000000
92444  50.642  10.504  -15.554 0.0000000000
93745  44.905  12.827  -12.092 0.0000000000
93771  50.959  12.266  -15.181 0.0000000000
94907  48.090  14.923  -11.935 0.0000000000
94909  46.542  14.252  -11.358 0.0000000000
94921  51.331  14.968  -13.670 0.0000000000
94929  51.254  15.121  -14.084 0.0000000000
95984  44.326  16.102  -10.077 0.0000000000
96004  51.667  16.323  -13.258 0.0000000000
96016  51.320  16.054  -13.579 0.0000000000
96025  42.573  16.430  -14.661 0.0000000000
96486  45.121  17.637  -9.535 0.0000000000
96521  51.571  16.835  -13.011 0.0000000000
97633  51.713  20.895  -10.455 0.0000000000
98283  51.602  21.537  -10.222 0.0000000000
98284  51.329  21.995  -9.924 0.0000000000
98292  51.195  21.644  -10.333 0.0000000000
98917  49.913  22.881  -7.711 0.0000000000
99522  50.119  23.596  -6.545 0.0000000000
121780  50.264  22.797  -7.364 0.0000000000
131552  49.689  8.831  -4.540 0.0000000000
133735  49.196  22.141  -7.950 0.0000000000
135899  44.890  6.789  -2.194 0.0000000000
135977  48.068  8.874  -16.181 0.0000000000
137368  43.423  18.118  -8.650 0.0000000000
