#!ascii label  , from subject sub-v2s3x28808_ses-1 vox2ras=TkReg
1255
55708  18.250  -31.173  38.690 0.0000000000
55598  30.931  -30.506  45.621 0.0000000000
65112  36.091  -21.919  17.941 0.0000000000
58809  26.170  -28.381  29.751 0.0000000000
57803  31.057  -29.878  37.983 0.0000000000
116087  48.985  -16.346  6.353 0.0000000000
61014  37.021  -27.256  20.847 0.0000000000
61003  30.634  -26.142  20.970 0.0000000000
50711  15.397  -36.342  37.615 0.0000000000
116491  25.316  -29.921  41.769 0.0000000000
53568  27.905  -32.343  38.807 0.0000000000
55759  21.821  -30.630  34.966 0.0000000000
69071  42.251  -18.435  12.309 0.0000000000
57748  21.214  -29.543  44.568 0.0000000000
54565  16.574  -32.406  44.177 0.0000000000
68010  42.077  -18.988  16.475 0.0000000000
49622  14.295  -37.485  41.752 0.0000000000
46534  9.037  -39.942  40.967 0.0000000000
63016  30.847  -23.930  26.558 0.0000000000
57833  28.056  -29.254  34.593 0.0000000000
51820  31.593  -34.923  32.034 0.0000000000
50738  29.250  -36.117  35.978 0.0000000000
62079  36.917  -25.843  23.222 0.0000000000
59919  33.821  -27.595  21.652 0.0000000000
63061  33.636  -24.732  22.535 0.0000000000
63059  39.762  -24.885  22.291 0.0000000000
53611  17.032  -33.488  35.525 0.0000000000
50742  16.149  -35.758  35.340 0.0000000000
130862  16.028  -33.318  38.088 0.0000000000
129834  21.584  -29.618  39.983 0.0000000000
134917  23.333  -29.766  37.857 0.0000000000
56847  19.798  -30.684  36.689 0.0000000000
54701  18.491  -32.585  33.553 0.0000000000
67043  35.912  -20.499  16.066 0.0000000000
65105  39.120  -22.062  19.231 0.0000000000
67039  39.100  -20.096  16.864 0.0000000000
116791  39.090  -18.999  15.039 0.0000000000
53479  16.099  -33.610  46.251 0.0000000000
51648  14.516  -35.058  42.824 0.0000000000
50611  14.648  -36.418  44.827 0.0000000000
118314  9.882  -40.286  45.271 0.0000000000
47565  11.082  -39.298  43.279 0.0000000000
117071  8.503  -39.657  43.076 0.0000000000
46512  5.829  -40.586  43.074 0.0000000000
128835  5.313  -40.492  45.366 0.0000000000
61938  29.473  -25.884  36.520 0.0000000000
57814  29.449  -29.262  36.887 0.0000000000
54696  29.724  -32.494  33.242 0.0000000000
54677  31.778  -33.034  34.438 0.0000000000
52704  26.303  -32.911  34.832 0.0000000000
51719  28.224  -34.408  36.605 0.0000000000
129946  27.163  -34.867  34.183 0.0000000000
50783  27.528  -36.882  32.771 0.0000000000
60918  27.753  -25.819  28.435 0.0000000000
122743  27.843  -25.638  24.922 0.0000000000
59867  25.658  -28.056  26.382 0.0000000000
72161  51.468  -15.488  3.455 0.0000000000
71202  48.704  -16.679  3.847 0.0000000000
64081  36.491  -23.847  19.270 0.0000000000
124936  33.759  -25.579  19.316 0.0000000000
63081  39.773  -24.086  20.497 0.0000000000
54563  27.921  -31.132  44.109 0.0000000000
53531  29.438  -32.275  42.014 0.0000000000
55689  26.754  -30.967  39.888 0.0000000000
55737  24.900  -30.722  36.454 0.0000000000
54698  23.767  -31.753  33.175 0.0000000000
68052  45.017  -18.599  13.365 0.0000000000
69093  45.098  -17.903  11.120 0.0000000000
71137  45.245  -16.755  9.347 0.0000000000
71173  45.880  -16.634  6.896 0.0000000000
116902  19.755  -30.449  41.892 0.0000000000
131920  17.529  -31.558  41.437 0.0000000000
55628  19.076  -30.825  44.321 0.0000000000
57759  23.437  -29.283  43.194 0.0000000000
114848  41.538  -18.601  14.068 0.0000000000
53559  15.232  -33.839  40.595 0.0000000000
134539  14.613  -37.160  39.527 0.0000000000
132922  12.867  -38.459  39.377 0.0000000000
47563  13.418  -38.473  43.383 0.0000000000
47595  11.746  -38.680  41.298 0.0000000000
45430  2.189  -40.514  47.326 0.0000000000
64019  33.196  -22.888  24.972 0.0000000000
62010  28.550  -25.568  30.554 0.0000000000
60856  28.941  -25.926  33.255 0.0000000000
127186  26.935  -28.287  32.044 0.0000000000
55815  27.752  -31.419  32.289 0.0000000000
52766  30.225  -34.847  30.572 0.0000000000
49769  30.208  -37.262  29.645 0.0000000000
51654  29.922  -33.224  40.621 0.0000000000
52654  30.759  -33.958  38.865 0.0000000000
53596  31.897  -33.130  36.403 0.0000000000
51764  31.131  -36.048  34.357 0.0000000000
49743  29.429  -37.503  31.720 0.0000000000
63049  30.347  -24.376  23.767 0.0000000000
61006  27.577  -26.791  21.680 0.0000000000
64037  36.601  -24.479  23.537 0.0000000000
62081  35.055  -25.732  22.725 0.0000000000
64038  35.820  -23.898  23.334 0.0000000000
62064  37.897  -25.139  23.692 0.0000000000
54644  17.904  -31.583  37.305 0.0000000000
53599  16.745  -33.218  36.481 0.0000000000
54645  17.136  -32.064  37.624 0.0000000000
56807  20.068  -30.102  39.716 0.0000000000
116886  20.735  -30.012  37.974 0.0000000000
56831  19.244  -30.772  37.274 0.0000000000
55742  18.704  -31.542  35.950 0.0000000000
66123  35.770  -21.001  16.762 0.0000000000
66114  36.998  -22.156  18.443 0.0000000000
66116  39.077  -20.945  18.143 0.0000000000
67035  37.055  -20.746  17.255 0.0000000000
67041  37.295  -20.238  16.595 0.0000000000
116108  8.973  -40.414  45.321 0.0000000000
130348  9.328  -40.121  44.459 0.0000000000
46497  8.310  -40.216  44.516 0.0000000000
46511  6.927  -40.212  43.208 0.0000000000
46499  6.477  -40.372  44.005 0.0000000000
46500  5.632  -40.523  43.945 0.0000000000
133860  29.198  -27.576  37.769 0.0000000000
57804  30.192  -29.415  37.645 0.0000000000
56855  30.114  -30.733  35.809 0.0000000000
56841  31.159  -30.851  36.913 0.0000000000
55611  31.549  -30.486  44.262 0.0000000000
53631  25.543  -33.178  33.481 0.0000000000
52703  26.750  -33.990  34.533 0.0000000000
52725  26.001  -33.986  33.249 0.0000000000
51802  26.646  -35.649  32.716 0.0000000000
59841  26.929  -26.813  28.990 0.0000000000
60933  26.624  -26.884  27.218 0.0000000000
71156  49.119  -16.409  7.226 0.0000000000
71155  50.370  -16.331  7.349 0.0000000000
71169  50.484  -16.105  6.558 0.0000000000
72140  50.156  -15.694  5.005 0.0000000000
115006  48.696  -16.254  5.364 0.0000000000
62145  36.570  -25.411  19.790 0.0000000000
62146  34.975  -25.566  19.695 0.0000000000
61033  35.104  -26.533  20.269 0.0000000000
131374  32.198  -27.165  21.126 0.0000000000
59935  32.608  -27.450  20.611 0.0000000000
130456  30.778  -27.261  20.234 0.0000000000
62111  38.934  -26.293  21.467 0.0000000000
63083  38.923  -25.285  20.409 0.0000000000
64079  38.445  -23.653  19.666 0.0000000000
50728  15.493  -36.576  36.822 0.0000000000
113852  15.100  -37.920  37.287 0.0000000000
56757  26.431  -30.303  42.983 0.0000000000
54592  27.426  -31.263  41.841 0.0000000000
56781  25.724  -30.282  41.081 0.0000000000
56844  22.464  -30.188  36.621 0.0000000000
55721  24.252  -30.417  36.864 0.0000000000
55757  23.788  -30.797  35.394 0.0000000000
55779  24.426  -31.257  34.821 0.0000000000
128935  22.742  -31.027  33.766 0.0000000000
55804  21.190  -31.000  33.168 0.0000000000
53682  27.243  -33.127  29.740 0.0000000000
133730  43.878  -18.461  12.373 0.0000000000
115336  45.020  -18.407  11.998 0.0000000000
69083  43.380  -18.239  11.676 0.0000000000
133555  43.929  -16.900  9.385 0.0000000000
113777  43.790  -16.913  8.103 0.0000000000
71160  45.649  -16.560  7.735 0.0000000000
56773  20.399  -30.173  42.909 0.0000000000
116901  19.830  -30.465  43.165 0.0000000000
56748  20.185  -30.245  44.349 0.0000000000
57747  22.243  -29.262  44.429 0.0000000000
56772  21.605  -29.586  42.370 0.0000000000
114205  43.600  -18.620  14.961 0.0000000000
68022  41.766  -18.783  15.576 0.0000000000
115433  38.763  -18.702  14.212 0.0000000000
54593  17.093  -31.896  42.665 0.0000000000
130054  16.304  -32.531  40.656 0.0000000000
53548  15.817  -32.967  41.929 0.0000000000
50647  14.418  -36.175  42.827 0.0000000000
50671  14.555  -36.194  40.902 0.0000000000
49635  14.332  -37.451  40.787 0.0000000000
48619  14.272  -37.952  39.412 0.0000000000
48605  13.535  -38.141  40.708 0.0000000000
115483  13.200  -38.856  45.042 0.0000000000
127077  9.803  -39.446  42.258 0.0000000000
47581  11.032  -39.117  42.322 0.0000000000
47614  10.262  -39.308  40.847 0.0000000000
47629  10.539  -39.132  39.712 0.0000000000
62009  29.100  -25.118  30.040 0.0000000000
59756  28.274  -27.726  35.519 0.0000000000
136602  29.552  -25.686  35.181 0.0000000000
59763  27.973  -27.388  34.226 0.0000000000
59772  27.796  -27.215  33.263 0.0000000000
124612  27.369  -28.592  33.210 0.0000000000
56887  27.387  -30.704  32.196 0.0000000000
56874  27.720  -30.169  33.262 0.0000000000
53647  30.835  -33.812  32.558 0.0000000000
53648  29.959  -33.499  32.408 0.0000000000
130506  31.139  -34.868  31.611 0.0000000000
50803  30.887  -35.893  30.750 0.0000000000
119437  30.933  -36.455  31.344 0.0000000000
53556  28.742  -32.181  40.262 0.0000000000
52605  29.862  -32.903  41.502 0.0000000000
121823  28.908  -33.142  39.234 0.0000000000
50723  28.548  -35.451  36.107 0.0000000000
50691  29.367  -34.507  37.782 0.0000000000
130751  29.924  -34.981  37.259 0.0000000000
52666  31.423  -33.339  37.523 0.0000000000
51733  30.441  -35.286  36.416 0.0000000000
52702  31.867  -34.312  35.312 0.0000000000
50749  29.908  -36.386  35.158 0.0000000000
49725  27.024  -37.198  31.698 0.0000000000
49723  28.533  -37.602  32.417 0.0000000000
64011  32.214  -23.295  26.206 0.0000000000
64033  31.982  -23.522  24.612 0.0000000000
63022  29.880  -24.503  25.258 0.0000000000
59896  26.232  -27.382  23.822 0.0000000000
60976  27.413  -26.225  23.360 0.0000000000
72174  51.684  -15.606  2.727 0.0000000000
59915  37.105  -27.408  22.269 0.0000000000
59932  35.139  -27.631  21.410 0.0000000000
59903  35.343  -27.448  22.345 0.0000000000
136333  33.795  -26.843  22.131 0.0000000000
62097  32.631  -25.612  21.996 0.0000000000
63029  39.820  -24.274  23.762 0.0000000000
62077  38.228  -25.689  23.322 0.0000000000
52705  16.707  -34.345  35.142 0.0000000000
130888  15.860  -34.995  36.509 0.0000000000
52673  15.475  -34.778  38.168 0.0000000000
131236  23.444  -29.467  41.308 0.0000000000
56794  24.315  -29.684  39.841 0.0000000000
114153  22.107  -29.550  38.945 0.0000000000
56829  21.718  -29.976  37.275 0.0000000000
55760  20.417  -30.625  35.615 0.0000000000
55783  20.181  -30.889  34.295 0.0000000000
55762  18.963  -31.624  35.085 0.0000000000
54682  18.234  -32.491  34.541 0.0000000000
69086  40.709  -18.370  11.476 0.0000000000
56725  20.737  -29.561  46.338 0.0000000000
67026  40.740  -20.645  18.367 0.0000000000
67031  40.333  -20.265  17.665 0.0000000000
68012  40.298  -19.446  16.371 0.0000000000
68023  40.719  -19.067  15.591 0.0000000000
68014  38.687  -19.630  16.257 0.0000000000
67045  36.984  -19.723  15.759 0.0000000000
53507  15.969  -32.951  44.695 0.0000000000
53523  15.286  -33.492  43.383 0.0000000000
52583  14.954  -34.582  44.685 0.0000000000
51624  14.607  -35.579  44.363 0.0000000000
115512  14.475  -36.919  43.371 0.0000000000
47549  11.507  -39.467  44.223 0.0000000000
47550  10.658  -39.720  44.082 0.0000000000
47567  9.535  -39.479  43.038 0.0000000000
46521  8.978  -39.655  42.051 0.0000000000
46536  7.371  -40.413  41.122 0.0000000000
59735  28.776  -27.608  37.129 0.0000000000
57822  28.472  -29.154  35.415 0.0000000000
56868  28.372  -30.255  34.312 0.0000000000
56856  29.324  -30.386  35.441 0.0000000000
54678  30.900  -32.520  34.196 0.0000000000
53629  31.746  -33.686  33.605 0.0000000000
53587  26.692  -32.355  36.634 0.0000000000
52669  27.761  -33.398  37.541 0.0000000000
52689  27.389  -33.847  35.776 0.0000000000
51749  27.350  -34.451  35.037 0.0000000000
50740  28.163  -35.640  35.155 0.0000000000
49696  28.098  -36.529  33.913 0.0000000000
50768  27.203  -36.093  33.178 0.0000000000
50784  26.810  -36.486  32.250 0.0000000000
128682  28.681  -25.060  27.547 0.0000000000
62045  29.112  -24.762  25.906 0.0000000000
62047  27.659  -25.797  26.544 0.0000000000
60954  26.440  -26.916  25.322 0.0000000000
72147  51.464  -15.457  4.460 0.0000000000
71188  50.035  -15.786  4.064 0.0000000000
64100  35.782  -23.292  18.767 0.0000000000
64116  34.202  -22.916  17.636 0.0000000000
63109  35.039  -23.893  18.931 0.0000000000
61017  33.835  -27.414  20.563 0.0000000000
61036  32.413  -27.155  19.795 0.0000000000
64043  41.189  -23.333  22.100 0.0000000000
64050  41.128  -23.234  21.340 0.0000000000
65093  41.187  -22.249  20.245 0.0000000000
65095  39.596  -22.685  19.739 0.0000000000
65097  38.003  -22.892  19.266 0.0000000000
53489  29.199  -31.658  44.643 0.0000000000
53487  30.466  -31.757  43.567 0.0000000000
54577  28.275  -31.617  42.633 0.0000000000
54605  27.972  -31.539  41.296 0.0000000000
54625  27.303  -31.565  39.354 0.0000000000
55691  25.302  -30.377  38.991 0.0000000000
55705  25.882  -30.669  38.583 0.0000000000
133977  26.252  -31.314  37.405 0.0000000000
54667  25.899  -32.090  35.464 0.0000000000
54680  25.033  -31.932  34.277 0.0000000000
53650  24.614  -32.968  32.169 0.0000000000
70098  47.052  -17.795  11.435 0.0000000000
70116  44.042  -17.410  10.253 0.0000000000
70129  45.662  -17.217  10.051 0.0000000000
70127  47.196  -17.020  10.026 0.0000000000
71146  47.335  -16.523  8.490 0.0000000000
71158  47.269  -16.493  7.734 0.0000000000
71171  47.445  -16.515  6.438 0.0000000000
71182  47.407  -16.651  5.459 0.0000000000
55692  18.848  -30.772  39.955 0.0000000000
55693  18.222  -31.163  39.572 0.0000000000
55662  19.058  -30.741  41.685 0.0000000000
127550  18.386  -31.188  43.261 0.0000000000
54564  17.839  -31.557  44.344 0.0000000000
55602  19.634  -30.362  46.122 0.0000000000
133861  17.239  -32.226  45.570 0.0000000000
54529  17.299  -32.507  46.418 0.0000000000
133372  30.084  -31.151  46.793 0.0000000000
54526  28.064  -31.318  45.801 0.0000000000
131924  26.882  -30.555  44.651 0.0000000000
56758  25.833  -29.870  43.503 0.0000000000
56746  25.066  -29.018  44.890 0.0000000000
129526  24.120  -29.405  42.570 0.0000000000
57779  22.574  -29.455  41.815 0.0000000000
114507  20.817  -29.767  40.792 0.0000000000
68030  45.296  -18.615  14.559 0.0000000000
68043  43.550  -18.618  14.049 0.0000000000
68056  42.043  -18.538  12.909 0.0000000000
68033  40.053  -18.817  14.786 0.0000000000
69062  40.157  -18.549  13.089 0.0000000000
69073  40.550  -18.491  12.369 0.0000000000
54627  16.780  -32.021  39.440 0.0000000000
53569  15.742  -33.260  39.447 0.0000000000
52661  15.272  -34.805  38.997 0.0000000000
52631  14.729  -34.554  41.032 0.0000000000
132879  14.751  -35.305  39.917 0.0000000000
49656  14.761  -37.008  38.859 0.0000000000
48633  14.495  -38.065  38.586 0.0000000000
47654  13.485  -38.830  37.864 0.0000000000
130322  14.587  -37.264  44.903 0.0000000000
115332  14.034  -38.093  43.077 0.0000000000
48592  12.469  -38.618  42.002 0.0000000000
48591  13.421  -38.231  41.618 0.0000000000
47612  11.918  -38.564  40.507 0.0000000000
45438  4.016  -40.581  46.332 0.0000000000
65064  35.027  -22.465  24.131 0.0000000000
63012  30.213  -24.202  28.017 0.0000000000
62021  28.824  -24.991  28.251 0.0000000000
60907  27.851  -25.825  29.268 0.0000000000
59826  26.956  -27.061  29.994 0.0000000000
60873  28.780  -25.782  32.388 0.0000000000
60887  27.499  -26.736  31.469 0.0000000000
58801  26.381  -28.666  30.518 0.0000000000
57859  26.602  -29.685  31.378 0.0000000000
55826  27.341  -31.409  31.607 0.0000000000
114639  28.108  -32.840  31.466 0.0000000000
55813  28.957  -32.128  32.953 0.0000000000
54730  28.696  -33.017  31.925 0.0000000000
52767  29.372  -34.620  30.223 0.0000000000
51840  30.481  -35.513  30.073 0.0000000000
50838  30.144  -36.859  28.746 0.0000000000
123041  31.986  -29.834  39.311 0.0000000000
53502  31.224  -31.922  43.074 0.0000000000
53529  31.324  -32.857  42.295 0.0000000000
53543  32.011  -32.817  41.493 0.0000000000
119951  29.139  -33.681  38.665 0.0000000000
51666  30.320  -33.770  39.399 0.0000000000
136055  32.164  -32.545  40.110 0.0000000000
54624  32.226  -32.232  39.363 0.0000000000
55703  32.219  -31.752  38.377 0.0000000000
55734  31.828  -32.053  36.893 0.0000000000
54665  31.963  -32.856  35.780 0.0000000000
52713  32.001  -34.326  33.928 0.0000000000
51784  31.413  -36.086  33.176 0.0000000000
50766  29.305  -37.186  33.557 0.0000000000
115607  30.202  -36.932  32.954 0.0000000000
50782  30.283  -36.995  32.022 0.0000000000
50823  30.363  -37.086  30.956 0.0000000000
64040  33.811  -23.480  23.297 0.0000000000
118249  32.167  -24.105  22.970 0.0000000000
116465  30.196  -24.917  22.025 0.0000000000
62065  29.031  -24.996  23.849 0.0000000000
62082  28.813  -25.320  22.950 0.0000000000
61004  29.045  -26.035  20.986 0.0000000000
71191  47.589  -16.815  4.715 0.0000000000
64028  36.685  -23.615  23.764 0.0000000000
63031  37.301  -24.346  23.875 0.0000000000
55709  17.680  -31.572  38.190 0.0000000000
128833  19.306  -30.443  38.743 0.0000000000
55722  18.836  -30.769  38.199 0.0000000000
132413  18.567  -31.123  37.515 0.0000000000
119342  35.714  -21.501  17.324 0.0000000000
66121  34.681  -21.955  16.855 0.0000000000
65113  35.176  -22.024  17.490 0.0000000000
134518  36.700  -21.619  17.959 0.0000000000
66118  37.297  -21.289  17.877 0.0000000000
66119  36.440  -21.213  17.441 0.0000000000
114555  8.138  -40.440  45.248 0.0000000000
46498  7.641  -40.387  44.875 0.0000000000
119679  7.378  -40.236  44.191 0.0000000000
118628  6.880  -40.421  44.818 0.0000000000
58740  30.735  -29.242  38.477 0.0000000000
58741  30.115  -28.774  38.157 0.0000000000
57812  30.669  -30.209  37.330 0.0000000000
56826  31.389  -30.570  37.639 0.0000000000
56722  31.511  -29.831  45.505 0.0000000000
55612  31.240  -30.609  44.749 0.0000000000
53649  25.323  -33.551  32.587 0.0000000000
52733  25.820  -34.424  32.443 0.0000000000
59827  26.470  -27.584  29.441 0.0000000000
59842  26.394  -27.465  28.534 0.0000000000
132119  49.736  -16.405  7.516 0.0000000000
113807  49.747  -16.299  6.814 0.0000000000
113715  49.673  -16.035  5.816 0.0000000000
62127  36.839  -26.320  20.292 0.0000000000
62128  35.880  -26.095  20.212 0.0000000000
126752  36.320  -26.962  20.626 0.0000000000
61002  31.541  -26.293  21.220 0.0000000000
61019  31.366  -27.002  20.666 0.0000000000
59937  29.919  -27.360  20.051 0.0000000000
61020  30.356  -26.786  20.494 0.0000000000
61013  38.491  -26.659  20.900 0.0000000000
135883  38.897  -26.026  20.744 0.0000000000
62126  37.722  -26.610  20.485 0.0000000000
62144  37.461  -25.593  19.980 0.0000000000
49668  15.227  -37.151  37.471 0.0000000000
56770  25.764  -30.012  42.567 0.0000000000
56780  26.074  -30.363  41.759 0.0000000000
56857  22.160  -30.508  35.867 0.0000000000
55739  23.132  -30.465  36.003 0.0000000000
55758  22.827  -30.693  35.218 0.0000000000
55780  23.427  -31.056  34.492 0.0000000000
55781  22.540  -30.805  34.477 0.0000000000
55803  22.165  -31.038  33.046 0.0000000000
55782  21.820  -30.739  33.948 0.0000000000
53690  27.879  -33.828  29.873 0.0000000000
69070  43.050  -18.448  12.337 0.0000000000
69084  42.506  -18.254  11.640 0.0000000000
129552  44.169  -17.140  7.157 0.0000000000
56747  20.755  -29.900  44.023 0.0000000000
56761  20.348  -30.216  43.633 0.0000000000
128683  20.507  -29.879  44.641 0.0000000000
57761  21.545  -29.578  43.817 0.0000000000
68004  41.575  -19.474  17.180 0.0000000000
68021  42.521  -18.690  15.890 0.0000000000
129465  43.124  -18.592  15.665 0.0000000000
54580  16.535  -32.380  43.223 0.0000000000
54594  16.461  -32.407  42.313 0.0000000000
49607  14.444  -36.932  42.290 0.0000000000
49621  14.445  -36.904  41.294 0.0000000000
48604  14.100  -37.844  40.295 0.0000000000
48590  14.033  -37.870  41.218 0.0000000000
132377  12.528  -39.272  45.259 0.0000000000
47598  9.710  -39.569  41.451 0.0000000000
47597  10.373  -39.302  41.866 0.0000000000
47615  9.590  -39.735  40.665 0.0000000000
47630  9.737  -39.681  39.890 0.0000000000
132454  28.029  -27.781  34.883 0.0000000000
60838  28.292  -27.153  35.032 0.0000000000
58763  27.789  -28.249  34.412 0.0000000000
59773  27.553  -27.998  33.638 0.0000000000
57834  27.627  -28.839  33.828 0.0000000000
57843  27.462  -29.383  33.248 0.0000000000
57842  27.863  -29.774  33.821 0.0000000000
53646  31.462  -34.020  32.773 0.0000000000
52748  31.143  -34.435  32.155 0.0000000000
51821  31.247  -35.563  31.580 0.0000000000
53567  28.597  -32.584  39.454 0.0000000000
50722  28.923  -35.741  36.321 0.0000000000
50707  28.971  -35.219  36.805 0.0000000000
50721  29.432  -35.448  36.687 0.0000000000
51716  30.232  -35.004  37.056 0.0000000000
50737  29.912  -35.769  36.196 0.0000000000
51747  30.742  -35.671  35.493 0.0000000000
50750  28.998  -36.511  35.258 0.0000000000
64012  31.410  -23.642  26.133 0.0000000000
63021  30.788  -24.008  25.576 0.0000000000
125848  30.076  -24.402  26.187 0.0000000000
60973  37.147  -26.692  22.931 0.0000000000
129138  35.890  -27.495  22.355 0.0000000000
60974  36.253  -26.464  22.869 0.0000000000
63060  34.399  -25.224  22.592 0.0000000000
62095  34.579  -26.076  22.535 0.0000000000
62096  33.685  -25.838  22.294 0.0000000000
60988  33.180  -26.635  21.912 0.0000000000
64024  40.222  -23.776  24.406 0.0000000000
63042  37.393  -25.145  23.607 0.0000000000
134816  38.209  -25.100  23.660 0.0000000000
62078  37.550  -25.830  23.308 0.0000000000
62094  37.875  -26.402  23.030 0.0000000000
53589  16.326  -33.340  37.356 0.0000000000
53600  16.151  -34.154  36.785 0.0000000000
52683  15.662  -34.856  37.307 0.0000000000
117759  15.787  -34.026  37.708 0.0000000000
56795  22.405  -29.519  40.395 0.0000000000
56806  22.664  -29.533  39.595 0.0000000000
56830  20.162  -30.448  37.270 0.0000000000
133367  20.944  -30.274  37.106 0.0000000000
56845  21.509  -30.332  36.516 0.0000000000
56846  20.551  -30.514  36.433 0.0000000000
55761  19.793  -30.904  35.098 0.0000000000
55740  19.836  -30.786  36.004 0.0000000000
54669  18.206  -32.163  35.379 0.0000000000
54670  17.676  -32.964  35.023 0.0000000000
66105  39.937  -21.919  19.433 0.0000000000
66112  39.510  -21.415  18.768 0.0000000000
67033  38.665  -20.570  17.461 0.0000000000
67032  39.505  -20.439  17.559 0.0000000000
67038  39.899  -19.862  17.017 0.0000000000
68013  39.472  -19.562  16.357 0.0000000000
67046  36.219  -20.006  15.443 0.0000000000
53495  16.155  -33.081  45.476 0.0000000000
53508  15.367  -33.567  44.295 0.0000000000
52582  15.564  -33.795  45.306 0.0000000000
50630  14.458  -36.298  43.877 0.0000000000
49579  14.558  -36.913  44.384 0.0000000000
46482  10.666  -40.152  45.487 0.0000000000
46495  11.039  -39.841  44.911 0.0000000000
114916  8.650  -39.920  43.896 0.0000000000
46509  9.168  -39.773  43.682 0.0000000000
46522  7.939  -39.890  42.089 0.0000000000
46524  6.237  -40.594  42.237 0.0000000000
45459  4.895  -40.639  44.430 0.0000000000
45449  4.268  -40.731  45.306 0.0000000000
58742  29.377  -28.452  37.542 0.0000000000
58750  28.773  -28.439  36.705 0.0000000000
58751  28.455  -28.409  35.877 0.0000000000
122108  28.890  -29.199  36.149 0.0000000000
57821  28.973  -29.760  35.660 0.0000000000
55755  30.659  -31.447  35.397 0.0000000000
55776  31.213  -32.224  34.961 0.0000000000
54694  31.378  -33.116  33.718 0.0000000000
53598  26.511  -32.641  35.797 0.0000000000
53597  27.009  -33.195  36.244 0.0000000000
53610  26.876  -33.520  35.351 0.0000000000
52714  26.587  -34.428  33.773 0.0000000000
51748  27.804  -35.041  35.240 0.0000000000
51765  27.632  -35.331  34.583 0.0000000000
50753  27.453  -35.676  33.867 0.0000000000
125146  28.238  -25.424  27.936 0.0000000000
62033  28.206  -25.391  27.098 0.0000000000
62034  27.585  -25.901  27.518 0.0000000000
59866  26.113  -27.446  26.813 0.0000000000
60942  26.557  -26.869  26.348 0.0000000000
59877  26.013  -27.466  25.946 0.0000000000
71189  49.241  -16.076  4.563 0.0000000000
72148  50.663  -15.585  4.498 0.0000000000
71201  49.515  -16.410  3.608 0.0000000000
64082  35.772  -24.023  19.200 0.0000000000
117150  34.470  -24.639  19.104 0.0000000000
62148  32.756  -26.095  19.097 0.0000000000
59933  34.195  -27.640  21.316 0.0000000000
61016  34.701  -27.337  20.682 0.0000000000
59951  31.818  -27.358  20.114 0.0000000000
61037  31.391  -27.150  19.189 0.0000000000
63058  40.117  -24.359  22.905 0.0000000000
64035  41.063  -23.268  22.938 0.0000000000
116452  40.356  -24.306  22.186 0.0000000000
133228  40.027  -24.505  20.991 0.0000000000
64063  40.530  -23.793  20.907 0.0000000000
64062  40.940  -22.968  20.666 0.0000000000
134446  40.509  -23.194  20.445 0.0000000000
65094  40.438  -22.595  20.037 0.0000000000
64078  39.275  -23.479  19.962 0.0000000000
63095  37.065  -24.650  19.570 0.0000000000
64080  37.452  -23.644  19.385 0.0000000000
64099  36.714  -23.035  18.919 0.0000000000
132015  28.415  -31.439  44.254 0.0000000000
53504  28.975  -31.768  43.801 0.0000000000
54562  28.417  -31.561  43.498 0.0000000000
55674  26.801  -31.018  40.775 0.0000000000
54606  27.365  -31.336  41.093 0.0000000000
54616  27.387  -31.382  40.269 0.0000000000
56805  23.639  -29.595  39.273 0.0000000000
56803  25.071  -30.145  39.639 0.0000000000
56804  24.565  -29.992  38.916 0.0000000000
55720  24.924  -30.470  37.393 0.0000000000
55719  25.762  -30.800  37.760 0.0000000000
54635  26.418  -31.244  38.086 0.0000000000
55736  25.736  -31.103  36.853 0.0000000000
54643  26.379  -31.670  36.910 0.0000000000
54655  25.473  -31.332  35.949 0.0000000000
55801  24.124  -31.556  33.997 0.0000000000
54697  24.549  -32.108  33.469 0.0000000000
54717  24.178  -32.322  32.636 0.0000000000
54700  19.241  -31.864  33.508 0.0000000000
55805  20.158  -31.273  33.458 0.0000000000
131534  19.069  -32.348  32.856 0.0000000000
69060  46.302  -18.609  13.618 0.0000000000
113535  45.824  -18.404  12.292 0.0000000000
70099  46.211  -17.983  11.527 0.0000000000
70114  45.660  -17.726  10.917 0.0000000000
69096  41.964  -17.700  9.934 0.0000000000
113837  42.723  -17.888  10.941 0.0000000000
70140  44.490  -16.634  8.887 0.0000000000
70130  44.731  -17.081  9.755 0.0000000000
71136  45.981  -16.690  9.313 0.0000000000
71135  46.836  -16.669  9.281 0.0000000000
71159  46.540  -16.521  7.513 0.0000000000
131562  47.138  -16.496  7.124 0.0000000000
71172  46.614  -16.594  6.664 0.0000000000
56785  19.590  -30.474  41.090 0.0000000000
55676  18.903  -30.759  40.814 0.0000000000
55641  19.067  -30.800  43.372 0.0000000000
129702  17.943  -31.436  43.632 0.0000000000
119673  18.485  -31.183  43.970 0.0000000000
124076  20.186  -29.883  45.910 0.0000000000
55603  19.024  -31.054  46.477 0.0000000000
137320  18.254  -31.549  45.607 0.0000000000
120342  17.807  -31.948  46.013 0.0000000000
122985  29.007  -31.349  46.343 0.0000000000
56744  26.516  -30.293  43.948 0.0000000000
116187  23.060  -29.122  43.970 0.0000000000
57745  24.098  -28.944  44.083 0.0000000000
57758  24.495  -29.340  43.212 0.0000000000
57769  23.409  -29.421  42.237 0.0000000000
57770  22.527  -29.428  42.738 0.0000000000
130016  20.831  -29.876  42.527 0.0000000000
56783  20.902  -29.776  41.741 0.0000000000
56784  20.239  -30.142  41.364 0.0000000000
56797  20.122  -30.156  40.539 0.0000000000
64102  33.960  -23.387  18.000 0.0000000000
114849  42.900  -18.618  14.490 0.0000000000
68044  42.473  -18.600  13.678 0.0000000000
68024  39.793  -19.231  15.665 0.0000000000
136291  39.360  -18.741  14.484 0.0000000000
126691  38.661  -18.682  13.432 0.0000000000
68046  39.528  -18.587  13.839 0.0000000000
69074  39.701  -18.578  12.290 0.0000000000
55678  17.434  -31.556  40.105 0.0000000000
134421  16.702  -32.054  40.227 0.0000000000
53558  15.781  -33.086  41.059 0.0000000000
127897  15.716  -33.192  40.213 0.0000000000
53570  15.331  -34.051  39.670 0.0000000000
52662  15.010  -34.878  39.590 0.0000000000
120246  14.700  -34.282  43.108 0.0000000000
53537  15.188  -33.581  42.462 0.0000000000
52613  14.617  -34.544  42.071 0.0000000000
49634  14.567  -36.887  40.285 0.0000000000
51674  14.627  -35.365  40.566 0.0000000000
122933  14.612  -36.003  40.049 0.0000000000
50681  14.700  -36.538  39.453 0.0000000000
48618  14.575  -37.582  39.082 0.0000000000
134604  13.426  -38.390  39.149 0.0000000000
48634  13.901  -38.360  38.799 0.0000000000
48635  13.045  -38.596  38.664 0.0000000000
47627  12.178  -38.716  38.847 0.0000000000
47546  14.004  -38.336  44.898 0.0000000000
48563  14.076  -38.224  43.945 0.0000000000
48562  14.327  -37.825  43.692 0.0000000000
114698  11.596  -38.858  41.948 0.0000000000
48606  12.645  -38.404  41.061 0.0000000000
45429  4.328  -40.515  47.409 0.0000000000
133511  3.145  -40.335  47.581 0.0000000000
116264  3.452  -40.482  47.001 0.0000000000
65046  32.951  -22.787  26.634 0.0000000000
63998  30.862  -23.783  28.427 0.0000000000
63010  29.509  -24.552  28.580 0.0000000000
62015  28.449  -25.469  29.650 0.0000000000
60897  27.921  -25.936  30.128 0.0000000000
60908  27.423  -26.390  29.649 0.0000000000
60898  27.443  -26.556  30.549 0.0000000000
60837  29.039  -26.069  34.104 0.0000000000
59785  27.291  -27.912  32.728 0.0000000000
60875  27.615  -26.977  32.370 0.0000000000
59799  27.138  -27.525  31.813 0.0000000000
59813  26.979  -27.264  30.929 0.0000000000
58800  26.690  -28.181  31.238 0.0000000000
58790  26.522  -28.992  31.131 0.0000000000
58789  26.719  -28.980  31.775 0.0000000000
54731  27.553  -32.255  31.175 0.0000000000
55799  29.189  -31.779  33.608 0.0000000000
55800  28.474  -31.404  33.281 0.0000000000
53667  29.584  -33.741  31.800 0.0000000000
54729  29.261  -33.146  32.283 0.0000000000
53668  28.692  -33.529  31.287 0.0000000000
53680  29.491  -34.252  31.018 0.0000000000
52778  29.836  -35.158  29.796 0.0000000000
50822  30.541  -36.312  29.855 0.0000000000
53517  29.535  -32.112  42.767 0.0000000000
52590  29.860  -32.596  41.999 0.0000000000
52623  29.939  -33.032  41.231 0.0000000000
53530  30.617  -32.921  42.067 0.0000000000
52603  30.732  -33.127  41.840 0.0000000000
114118  31.850  -32.770  42.171 0.0000000000
52621  30.589  -33.342  41.249 0.0000000000
132423  27.994  -33.859  37.110 0.0000000000
119216  28.420  -33.737  37.981 0.0000000000
51702  28.960  -34.163  38.039 0.0000000000
51699  30.079  -34.370  38.080 0.0000000000
51683  30.062  -33.824  39.027 0.0000000000
128352  30.842  -33.772  39.651 0.0000000000
52637  31.340  -33.474  40.101 0.0000000000
53555  31.909  -32.987  39.726 0.0000000000
53565  32.156  -32.510  39.482 0.0000000000
53566  31.934  -32.914  38.971 0.0000000000
52677  31.633  -33.511  36.602 0.0000000000
53584  32.007  -32.555  37.959 0.0000000000
53595  31.889  -32.680  37.142 0.0000000000
55718  32.042  -31.676  37.741 0.0000000000
55733  31.920  -32.332  37.169 0.0000000000
114472  31.902  -32.534  36.416 0.0000000000
53609  31.977  -33.239  35.672 0.0000000000
125997  32.075  -34.193  34.622 0.0000000000
51783  31.757  -35.223  33.626 0.0000000000
49711  28.049  -36.916  33.353 0.0000000000
49710  28.550  -36.928  33.854 0.0000000000
49722  29.362  -37.405  32.707 0.0000000000
131764  29.407  -37.722  30.521 0.0000000000
65065  34.038  -22.549  24.554 0.0000000000
64030  34.328  -22.933  23.718 0.0000000000
64031  33.469  -23.013  24.096 0.0000000000
114768  30.933  -24.080  24.039 0.0000000000
63048  31.614  -23.847  23.860 0.0000000000
63063  31.118  -24.274  23.121 0.0000000000
62099  30.959  -24.773  22.224 0.0000000000
63050  30.145  -24.618  22.861 0.0000000000
62055  28.415  -25.292  25.337 0.0000000000
62054  29.076  -24.880  24.854 0.0000000000
62066  28.378  -25.380  24.474 0.0000000000
60990  27.440  -26.500  22.468 0.0000000000
60989  28.026  -25.822  22.710 0.0000000000
137599  27.988  -26.193  22.018 0.0000000000
62101  28.744  -25.680  21.935 0.0000000000
61005  28.259  -26.355  21.307 0.0000000000
72173  52.385  -15.326  2.556 0.0000000000
131913  52.025  -15.792  2.173 0.0000000000
72183  52.588  -15.544  1.696 0.0000000000
70172  47.227  -17.544  4.407 0.0000000000
63043  36.808  -25.132  23.451 0.0000000000
135090  36.389  -25.662  23.111 0.0000000000
63044  36.117  -25.013  23.239 0.0000000000
63045  35.183  -24.799  22.908 0.0000000000
63046  34.173  -24.218  22.728 0.0000000000
54657  17.476  -32.655  35.917 0.0000000000
118078  17.301  -32.305  36.787 0.0000000000
53588  16.753  -32.686  37.213 0.0000000000
54637  16.510  -32.662  37.913 0.0000000000
116266  20.643  -29.837  40.019 0.0000000000
56818  20.939  -29.734  39.080 0.0000000000
56819  19.967  -30.084  38.845 0.0000000000
56820  19.699  -30.401  38.057 0.0000000000
55741  19.253  -31.060  36.417 0.0000000000
114577  18.596  -31.312  36.796 0.0000000000
54656  17.972  -31.850  36.333 0.0000000000
66124  35.137  -21.070  15.943 0.0000000000
66113  37.889  -21.775  18.450 0.0000000000
117350  38.696  -21.572  18.602 0.0000000000
66117  38.231  -21.095  18.016 0.0000000000
67034  37.795  -20.652  17.365 0.0000000000
67040  38.252  -20.162  16.759 0.0000000000
67042  36.497  -20.610  16.740 0.0000000000
122961  15.944  -34.570  46.966 0.0000000000
52570  15.628  -34.375  46.063 0.0000000000
46510  7.884  -39.938  43.651 0.0000000000
123740  7.629  -39.842  42.886 0.0000000000
46487  5.947  -40.469  44.687 0.0000000000
46486  6.312  -40.495  45.520 0.0000000000
58732  29.719  -28.034  38.277 0.0000000000
57820  29.541  -30.008  36.252 0.0000000000
56842  30.384  -30.485  36.592 0.0000000000
56854  30.942  -31.122  36.136 0.0000000000
55754  31.461  -31.867  35.721 0.0000000000
53621  25.666  -32.720  34.178 0.0000000000
52715  26.200  -33.512  33.992 0.0000000000
51785  26.932  -35.278  33.500 0.0000000000
51786  26.380  -34.824  33.049 0.0000000000
51803  26.182  -35.136  32.284 0.0000000000
60919  27.243  -26.332  28.238 0.0000000000
60932  27.055  -26.454  27.568 0.0000000000
60920  26.722  -26.864  28.039 0.0000000000
59856  26.259  -27.459  27.668 0.0000000000
113982  49.256  -16.468  8.104 0.0000000000
71144  49.797  -16.546  8.799 0.0000000000
113983  50.121  -16.446  8.077 0.0000000000
72139  51.016  -15.612  5.281 0.0000000000
71180  50.534  -15.811  5.817 0.0000000000
63096  36.197  -24.629  19.448 0.0000000000
63097  35.384  -24.639  19.345 0.0000000000
123986  35.829  -25.258  19.636 0.0000000000
61034  34.310  -26.547  20.053 0.0000000000
59906  33.020  -27.343  21.459 0.0000000000
59934  33.297  -27.635  21.050 0.0000000000
59920  32.641  -27.541  21.027 0.0000000000
123761  32.084  -27.383  20.668 0.0000000000
59936  31.333  -27.327  20.216 0.0000000000
62110  39.300  -25.691  21.924 0.0000000000
63082  39.531  -24.868  20.713 0.0000000000
63093  39.022  -24.362  20.152 0.0000000000
63094  38.115  -24.732  19.871 0.0000000000
50727  15.746  -35.883  36.101 0.0000000000
48659  14.820  -38.551  36.985 0.0000000000
48647  14.673  -38.194  37.772 0.0000000000
55640  26.937  -30.655  43.175 0.0000000000
54578  27.510  -31.177  42.701 0.0000000000
55651  26.903  -30.819  42.444 0.0000000000
55661  26.334  -30.629  41.149 0.0000000000
55675  26.207  -30.576  40.454 0.0000000000
56828  22.803  -29.840  37.431 0.0000000000
56827  23.888  -30.057  37.514 0.0000000000
56843  23.443  -30.235  36.762 0.0000000000
55738  24.055  -30.574  36.186 0.0000000000
55756  24.694  -30.955  35.629 0.0000000000
55802  23.418  -31.360  33.696 0.0000000000
55816  23.023  -31.329  32.996 0.0000000000
55818  21.561  -31.429  32.385 0.0000000000
118448  27.021  -32.340  30.327 0.0000000000
68053  44.406  -18.569  12.941 0.0000000000
69068  45.097  -18.542  12.688 0.0000000000
69069  44.549  -18.473  12.357 0.0000000000
69082  44.284  -18.259  11.706 0.0000000000
122619  44.879  -18.162  11.491 0.0000000000
70132  42.622  -17.377  9.303 0.0000000000
70141  43.242  -17.014  8.808 0.0000000000
71148  45.398  -16.552  8.641 0.0000000000
70151  44.730  -16.660  7.914 0.0000000000
70150  45.039  -16.787  7.006 0.0000000000
135940  19.944  -30.394  42.539 0.0000000000
56762  19.723  -30.523  43.937 0.0000000000
56749  19.584  -30.545  44.716 0.0000000000
57760  22.420  -29.365  43.547 0.0000000000
118800  21.793  -29.533  43.156 0.0000000000
56760  21.004  -29.813  43.235 0.0000000000
114001  42.673  -18.625  15.188 0.0000000000
68032  42.098  -18.643  14.628 0.0000000000
54607  16.997  -31.889  41.827 0.0000000000
128615  16.969  -31.839  40.976 0.0000000000
54608  16.403  -32.442  41.467 0.0000000000
135838  14.451  -35.591  42.827 0.0000000000
130677  14.461  -35.533  42.283 0.0000000000
50658  14.476  -36.253  41.816 0.0000000000
49644  14.428  -37.523  39.904 0.0000000000
48620  13.665  -38.198  39.725 0.0000000000
47547  13.357  -38.614  44.231 0.0000000000
47582  10.342  -39.331  42.720 0.0000000000
47596  10.973  -38.940  41.504 0.0000000000
47613  11.062  -38.787  40.676 0.0000000000
63007  29.618  -24.603  29.522 0.0000000000
63006  30.315  -24.305  29.940 0.0000000000
63003  29.717  -24.715  30.451 0.0000000000
120945  29.198  -25.197  30.961 0.0000000000
60812  28.936  -26.391  36.165 0.0000000000
61959  29.509  -25.799  35.725 0.0000000000
60824  28.915  -26.251  35.143 0.0000000000
134055  28.481  -26.697  34.443 0.0000000000
60857  28.396  -26.602  33.688 0.0000000000
60874  28.296  -26.448  32.830 0.0000000000
58779  27.068  -28.995  32.585 0.0000000000
57850  27.391  -30.030  32.718 0.0000000000
56879  27.847  -30.911  32.871 0.0000000000
54714  30.302  -33.175  32.898 0.0000000000
53666  30.457  -34.058  32.090 0.0000000000
52749  30.510  -34.497  31.439 0.0000000000
52765  30.801  -35.153  31.008 0.0000000000
136903  30.713  -36.564  30.543 0.0000000000
53545  29.335  -32.412  41.418 0.0000000000
52606  29.559  -32.598  41.625 0.0000000000
52625  29.295  -32.579  40.746 0.0000000000
118572  29.606  -33.008  40.393 0.0000000000
51655  29.729  -33.240  40.050 0.0000000000
51718  28.628  -34.874  36.718 0.0000000000
51717  29.000  -34.667  37.478 0.0000000000
50706  29.322  -34.943  37.248 0.0000000000
50690  29.670  -34.631  37.643 0.0000000000
51698  30.277  -34.265  38.091 0.0000000000
52667  30.793  -33.902  37.894 0.0000000000
51715  30.423  -34.468  37.345 0.0000000000
52678  31.029  -33.977  36.982 0.0000000000
52688  31.496  -34.242  36.164 0.0000000000
52687  31.871  -33.688  35.779 0.0000000000
51746  31.236  -34.939  35.796 0.0000000000
133954  28.040  -37.336  32.822 0.0000000000
49724  27.763  -37.513  32.135 0.0000000000
49744  28.414  -37.811  31.444 0.0000000000
49770  28.199  -38.239  30.419 0.0000000000
64020  32.450  -23.254  25.287 0.0000000000
64032  32.731  -23.278  24.428 0.0000000000
64021  31.658  -23.567  25.442 0.0000000000
63032  31.209  -23.821  24.717 0.0000000000
63033  30.490  -24.255  24.642 0.0000000000
116692  27.126  -26.388  24.094 0.0000000000
62067  27.656  -25.831  24.233 0.0000000000
59895  26.716  -26.858  23.554 0.0000000000
59930  36.913  -27.609  21.593 0.0000000000
59931  36.150  -27.588  21.322 0.0000000000
59916  36.319  -27.618  22.124 0.0000000000
59917  35.564  -27.725  22.050 0.0000000000
59918  34.692  -27.690  21.977 0.0000000000
60975  35.255  -26.638  22.609 0.0000000000
60987  34.381  -26.744  22.346 0.0000000000
134095  33.604  -27.257  21.856 0.0000000000
61001  32.384  -26.456  21.558 0.0000000000
64036  40.477  -23.832  23.400 0.0000000000
63041  39.401  -24.764  23.240 0.0000000000
118660  39.092  -24.475  23.988 0.0000000000
62076  38.658  -25.013  23.535 0.0000000000
62092  39.000  -25.459  22.851 0.0000000000
62093  38.575  -26.331  22.516 0.0000000000
60999  38.434  -26.859  21.767 0.0000000000
52694  16.235  -34.969  35.745 0.0000000000
52693  16.496  -34.108  35.986 0.0000000000
135415  16.194  -34.549  36.256 0.0000000000
123130  15.584  -35.703  37.025 0.0000000000
51723  15.466  -35.583  37.823 0.0000000000
128052  24.356  -29.576  41.731 0.0000000000
57778  24.227  -29.604  40.736 0.0000000000
57786  23.352  -29.508  40.295 0.0000000000
114326  22.992  -29.554  38.845 0.0000000000
116089  21.834  -29.700  38.135 0.0000000000
56858  21.209  -30.516  35.729 0.0000000000
121566  20.884  -30.745  33.983 0.0000000000
113612  20.781  -30.631  34.856 0.0000000000
55784  19.498  -31.413  34.282 0.0000000000
54681  18.785  -31.981  34.300 0.0000000000
137297  18.541  -32.081  34.838 0.0000000000
69085  41.671  -18.293  11.628 0.0000000000
133119  41.144  -18.197  10.942 0.0000000000
56738  20.795  -29.574  45.403 0.0000000000
57737  21.483  -29.275  46.102 0.0000000000
66110  41.148  -21.062  19.094 0.0000000000
67025  41.540  -20.434  18.495 0.0000000000
67027  39.914  -20.809  18.249 0.0000000000
67030  41.149  -20.054  17.782 0.0000000000
68005  40.725  -19.667  17.107 0.0000000000
68011  41.197  -19.260  16.379 0.0000000000
120375  39.083  -19.315  15.803 0.0000000000
68025  38.388  -19.269  15.540 0.0000000000
68015  37.839  -19.653  16.060 0.0000000000
68026  37.512  -19.292  15.224 0.0000000000
68027  36.650  -19.530  14.864 0.0000000000
53522  15.878  -32.864  43.761 0.0000000000
135598  14.844  -34.054  43.881 0.0000000000
52571  15.301  -34.749  45.526 0.0000000000
51637  14.477  -35.506  43.405 0.0000000000
49608  14.329  -37.536  42.885 0.0000000000
47535  11.836  -39.535  45.105 0.0000000000
46508  9.874  -39.829  43.905 0.0000000000
47566  10.278  -39.502  43.404 0.0000000000
137102  7.861  -40.449  40.678 0.0000000000
46523  7.038  -40.162  42.164 0.0000000000
116246  29.084  -26.835  37.525 0.0000000000
60797  29.069  -26.421  36.896 0.0000000000
59748  28.503  -27.668  36.304 0.0000000000
57832  28.680  -29.938  35.032 0.0000000000
56867  28.994  -30.732  34.742 0.0000000000
55778  29.464  -31.435  34.346 0.0000000000
56866  29.781  -31.086  35.081 0.0000000000
55798  30.020  -32.143  33.913 0.0000000000
54695  30.596  -32.835  33.482 0.0000000000
53630  31.117  -33.475  33.148 0.0000000000
52732  31.608  -34.534  32.497 0.0000000000
53578  27.465  -32.587  37.918 0.0000000000
52656  27.977  -33.120  38.212 0.0000000000
53586  27.210  -32.898  37.094 0.0000000000
52679  27.653  -33.738  36.607 0.0000000000
51735  27.795  -34.417  35.825 0.0000000000
51734  28.182  -35.022  35.923 0.0000000000
50739  28.664  -36.019  35.602 0.0000000000
50751  28.437  -36.435  34.640 0.0000000000
50752  27.892  -36.033  34.266 0.0000000000
50767  27.701  -36.384  33.585 0.0000000000
128334  29.484  -24.559  26.715 0.0000000000
62032  28.824  -24.884  26.833 0.0000000000
62046  28.321  -25.316  26.225 0.0000000000
62056  27.741  -25.724  25.647 0.0000000000
60941  27.117  -26.370  26.852 0.0000000000
60953  27.137  -26.320  25.940 0.0000000000
60963  27.209  -26.207  24.932 0.0000000000
60964  26.585  -26.832  24.370 0.0000000000
72162  50.766  -15.653  3.732 0.0000000000
70183  49.872  -16.873  2.923 0.0000000000
65108  36.211  -22.579  18.464 0.0000000000
65110  34.799  -22.582  17.814 0.0000000000
64101  34.745  -23.166  18.321 0.0000000000
63098  33.527  -24.575  18.595 0.0000000000
61015  35.570  -27.173  20.685 0.0000000000
61035  33.363  -26.830  19.879 0.0000000000
61018  33.132  -27.385  20.441 0.0000000000
61048  31.884  -26.499  18.668 0.0000000000
64051  40.733  -23.871  21.740 0.0000000000
65096  38.773  -22.790  19.532 0.0000000000
65106  38.361  -22.238  18.982 0.0000000000
124379  37.731  -22.381  18.801 0.0000000000
54524  30.337  -31.127  45.768 0.0000000000
126338  30.763  -31.137  44.954 0.0000000000
53488  29.846  -31.639  44.453 0.0000000000
53503  29.732  -31.804  43.628 0.0000000000
53532  28.893  -31.930  41.908 0.0000000000
54591  28.162  -31.568  41.861 0.0000000000
53546  28.712  -31.926  41.141 0.0000000000
53547  28.078  -31.666  40.631 0.0000000000
53557  28.068  -31.875  39.769 0.0000000000
54634  27.122  -31.766  38.402 0.0000000000
56793  24.833  -29.905  40.304 0.0000000000
56792  25.456  -30.223  40.328 0.0000000000
55690  25.925  -30.520  39.528 0.0000000000
56815  24.504  -30.102  38.082 0.0000000000
54626  26.566  -31.114  38.967 0.0000000000
54642  26.829  -31.947  37.473 0.0000000000
54654  26.187  -31.800  36.233 0.0000000000
54668  25.216  -31.599  35.154 0.0000000000
54679  25.621  -32.274  34.804 0.0000000000
53622  25.171  -32.526  33.693 0.0000000000
53632  24.942  -32.732  33.027 0.0000000000
55819  20.618  -31.546  32.513 0.0000000000
57876  26.064  -29.263  29.942 0.0000000000
70112  47.520  -17.421  10.754 0.0000000000
69095  43.683  -17.877  11.006 0.0000000000
69094  44.499  -17.874  11.032 0.0000000000
70115  44.960  -17.551  10.528 0.0000000000
70113  46.540  -17.483  10.654 0.0000000000
70126  48.080  -16.998  10.131 0.0000000000
115182  47.736  -16.679  9.349 0.0000000000
71145  48.354  -16.526  8.562 0.0000000000
71147  46.364  -16.524  8.456 0.0000000000
114172  47.867  -16.479  7.953 0.0000000000
115704  47.786  -16.464  7.300 0.0000000000
71170  48.361  -16.430  6.838 0.0000000000
71181  48.153  -16.437  5.941 0.0000000000
55707  18.779  -30.729  39.107 0.0000000000
55677  18.252  -31.153  40.464 0.0000000000
55663  18.254  -31.171  41.400 0.0000000000
55652  19.366  -30.647  42.511 0.0000000000
55653  18.529  -31.059  42.447 0.0000000000
55654  17.694  -31.480  42.109 0.0000000000
55642  17.797  -31.456  42.949 0.0000000000
54579  17.238  -31.845  43.664 0.0000000000
55615  20.015  -30.183  45.189 0.0000000000
55616  19.324  -30.675  45.507 0.0000000000
55588  19.519  -30.565  47.124 0.0000000000
133455  19.045  -30.869  45.014 0.0000000000
55629  18.482  -31.283  44.874 0.0000000000
54546  17.781  -31.718  45.200 0.0000000000
130745  17.174  -31.988  44.687 0.0000000000
54547  16.607  -32.514  45.105 0.0000000000
53494  16.664  -32.781  45.968 0.0000000000
53478  16.798  -33.231  46.841 0.0000000000
53477  17.365  -32.821  47.147 0.0000000000
134931  16.358  -33.819  46.891 0.0000000000
55580  31.106  -30.178  45.785 0.0000000000
55599  30.426  -30.879  46.277 0.0000000000
54525  29.689  -31.261  46.045 0.0000000000
54543  28.749  -31.444  45.628 0.0000000000
121741  27.991  -31.289  44.970 0.0000000000
117975  27.412  -30.874  44.832 0.0000000000
55627  27.314  -30.798  43.807 0.0000000000
123608  25.240  -29.607  43.129 0.0000000000
56759  25.130  -29.343  43.876 0.0000000000
56771  24.890  -29.620  42.495 0.0000000000
121492  22.702  -29.463  40.996 0.0000000000
56796  21.779  -29.533  41.152 0.0000000000
56808  19.396  -30.422  39.457 0.0000000000
65114  34.462  -22.403  17.219 0.0000000000
68040  46.086  -18.617  14.282 0.0000000000
118282  44.931  -18.609  13.954 0.0000000000
68031  44.399  -18.613  14.397 0.0000000000
68042  44.316  -18.596  13.644 0.0000000000
68054  43.498  -18.578  13.139 0.0000000000
68055  42.683  -18.550  12.894 0.0000000000
134767  41.142  -18.709  14.782 0.0000000000
68045  40.625  -18.570  13.985 0.0000000000
120052  41.290  -18.569  13.224 0.0000000000
69072  41.446  -18.436  12.355 0.0000000000
55694  17.553  -31.543  39.079 0.0000000000
54636  16.906  -32.020  38.499 0.0000000000
54628  16.185  -32.777  38.835 0.0000000000
54617  16.211  -32.617  39.818 0.0000000000
53579  15.616  -33.838  38.690 0.0000000000
134529  15.302  -36.136  38.194 0.0000000000
53536  15.847  -32.885  42.835 0.0000000000
53549  15.168  -33.705  41.507 0.0000000000
51660  14.527  -35.431  41.424 0.0000000000
52647  14.891  -34.647  40.204 0.0000000000
51691  14.889  -35.635  39.307 0.0000000000
126395  14.981  -36.296  38.751 0.0000000000
50695  15.095  -36.775  38.190 0.0000000000
48646  14.851  -37.549  38.188 0.0000000000
48648  14.220  -38.427  38.089 0.0000000000
136222  14.680  -36.735  45.071 0.0000000000
48550  14.490  -37.351  43.995 0.0000000000
48575  14.014  -37.963  42.160 0.0000000000
47548  12.453  -39.097  44.442 0.0000000000
135889  12.771  -38.783  43.700 0.0000000000
47580  11.796  -38.917  42.668 0.0000000000
47579  12.637  -38.702  42.957 0.0000000000
48576  13.383  -38.365  42.521 0.0000000000
48621  12.799  -38.382  40.196 0.0000000000
128594  12.052  -38.572  39.678 0.0000000000
136539  11.333  -38.703  39.970 0.0000000000
45448  4.807  -40.508  46.020 0.0000000000
131305  3.510  -41.017  45.605 0.0000000000
64029  35.964  -22.849  23.757 0.0000000000
127592  31.601  -23.518  26.839 0.0000000000
117393  30.184  -24.253  27.092 0.0000000000
63013  29.363  -24.612  27.567 0.0000000000
62014  28.922  -24.957  29.143 0.0000000000
62022  28.325  -25.395  28.781 0.0000000000
123856  27.434  -26.221  28.924 0.0000000000
117576  29.344  -25.336  31.877 0.0000000000
127780  28.647  -25.666  31.480 0.0000000000
119617  28.140  -26.264  31.949 0.0000000000
60886  28.017  -26.094  31.033 0.0000000000
59814  26.534  -27.812  30.334 0.0000000000
57867  26.349  -29.504  30.679 0.0000000000
57858  26.996  -29.840  32.063 0.0000000000
56888  26.892  -30.519  31.563 0.0000000000
120072  27.046  -31.707  30.885 0.0000000000
54743  27.809  -33.155  30.696 0.0000000000
53681  28.600  -34.006  30.556 0.0000000000
56873  28.122  -30.636  33.611 0.0000000000
55814  28.276  -31.772  32.638 0.0000000000
54715  29.473  -32.836  32.690 0.0000000000
54716  28.752  -32.515  32.428 0.0000000000
55825  28.001  -32.208  31.994 0.0000000000
51855  29.924  -35.645  29.162 0.0000000000
51854  30.202  -36.047  29.224 0.0000000000
57797  31.450  -29.739  38.786 0.0000000000
54540  31.048  -31.156  44.343 0.0000000000
54560  31.548  -31.395  43.617 0.0000000000
54559  32.051  -31.389  43.241 0.0000000000
52589  30.271  -32.687  42.151 0.0000000000
121181  31.116  -32.586  42.531 0.0000000000
54575  32.188  -32.006  42.827 0.0000000000
117034  32.886  -31.883  41.980 0.0000000000
52655  28.466  -33.149  38.727 0.0000000000
51686  28.936  -33.591  38.650 0.0000000000
51668  29.804  -33.422  39.767 0.0000000000
51701  29.204  -34.346  37.979 0.0000000000
51684  29.734  -33.691  39.034 0.0000000000
51667  30.234  -33.530  39.948 0.0000000000
52620  31.324  -33.414  40.956 0.0000000000
53554  32.297  -32.434  40.805 0.0000000000
127325  32.610  -31.836  41.047 0.0000000000
119845  32.403  -31.748  40.105 0.0000000000
53577  31.847  -32.810  38.132 0.0000000000
54633  32.180  -32.265  38.586 0.0000000000
56814  32.392  -31.041  39.147 0.0000000000
55704  32.209  -31.064  38.509 0.0000000000
56825  31.884  -30.928  38.038 0.0000000000
57802  31.579  -30.313  38.227 0.0000000000
56840  31.685  -31.321  37.322 0.0000000000
55753  31.842  -32.331  36.099 0.0000000000
54666  31.798  -32.686  35.353 0.0000000000
52701  32.057  -33.724  35.079 0.0000000000
53619  31.977  -33.233  35.102 0.0000000000
53620  32.012  -33.686  34.439 0.0000000000
52724  31.805  -34.398  33.102 0.0000000000
51800  31.792  -35.103  32.704 0.0000000000
123615  29.158  -36.858  34.459 0.0000000000
50765  30.289  -36.679  33.852 0.0000000000
129108  28.568  -37.350  33.171 0.0000000000
134143  30.814  -36.592  33.097 0.0000000000
50781  31.080  -36.406  32.342 0.0000000000
51801  31.573  -35.614  32.325 0.0000000000
134225  29.633  -37.817  29.765 0.0000000000
65071  35.183  -23.100  23.530 0.0000000000
64039  34.756  -23.661  23.136 0.0000000000
63047  33.166  -23.958  22.894 0.0000000000
64041  32.420  -23.615  23.717 0.0000000000
63062  32.846  -24.758  22.441 0.0000000000
62098  31.902  -24.741  22.349 0.0000000000
62112  31.724  -25.475  21.746 0.0000000000
62113  30.805  -25.432  21.554 0.0000000000
126139  29.736  -24.567  24.322 0.0000000000
63034  29.720  -24.636  23.572 0.0000000000
62083  28.196  -25.567  23.602 0.0000000000
129825  29.418  -24.881  23.124 0.0000000000
62100  29.489  -25.072  22.372 0.0000000000
62114  29.793  -25.514  21.457 0.0000000000
136575  29.819  -26.146  20.840 0.0000000000
137313  47.979  -16.467  5.137 0.0000000000
71190  48.325  -16.525  4.553 0.0000000000
118523  47.961  -17.038  4.094 0.0000000000
50705  29.635  -35.020  37.210 0.0000000000
50720  29.944  -35.307  36.877 0.0000000000
51682  30.179  -34.048  38.690 0.0000000000
51685  29.591  -33.555  39.176 0.0000000000
51700  29.632  -34.175  38.293 0.0000000000
51707  15.248  -35.561  38.545 0.0000000000
51732  30.781  -34.728  36.626 0.0000000000
51763  31.677  -35.024  34.713 0.0000000000
52596  14.626  -34.803  43.802 0.0000000000
52604  30.102  -32.961  41.687 0.0000000000
52622  30.349  -33.202  41.365 0.0000000000
52624  29.724  -32.870  41.147 0.0000000000
52638  30.564  -33.558  40.337 0.0000000000
52639  30.171  -33.323  40.755 0.0000000000
52640  29.164  -33.252  39.315 0.0000000000
52641  29.189  -32.781  39.905 0.0000000000
52653  31.359  -33.351  38.473 0.0000000000
52668  28.597  -34.348  37.359 0.0000000000
53514  31.673  -32.334  42.690 0.0000000000
53515  30.673  -32.342  42.612 0.0000000000
53516  30.121  -32.216  42.722 0.0000000000
53518  28.909  -31.933  42.758 0.0000000000
53528  32.057  -32.450  42.545 0.0000000000
53544  31.273  -33.179  41.774 0.0000000000
53576  32.114  -32.507  38.757 0.0000000000
53585  31.750  -33.068  37.132 0.0000000000
54511  29.955  -31.207  46.581 0.0000000000
54512  29.342  -31.324  46.901 0.0000000000
54523  30.826  -30.807  45.323 0.0000000000
54539  31.674  -30.985  44.014 0.0000000000
54541  30.222  -31.493  44.965 0.0000000000
54542  29.446  -31.512  45.387 0.0000000000
54544  28.586  -31.524  44.868 0.0000000000
54561  30.952  -31.391  44.059 0.0000000000
54574  32.613  -31.658  42.829 0.0000000000
54576  31.823  -31.838  43.040 0.0000000000
54604  32.513  -32.263  41.571 0.0000000000
54641  32.094  -32.309  37.845 0.0000000000
54653  31.943  -32.812  36.376 0.0000000000
55582  30.172  -30.996  46.999 0.0000000000
55597  31.293  -30.221  45.058 0.0000000000
55660  26.746  -30.885  41.644 0.0000000000
55664  17.710  -31.449  40.889 0.0000000000
55706  25.169  -30.400  38.295 0.0000000000
55735  31.529  -31.611  36.520 0.0000000000
55777  30.347  -31.787  34.644 0.0000000000
55827  26.716  -31.059  30.988 0.0000000000
56769  26.419  -30.456  42.289 0.0000000000
56782  24.994  -29.893  40.990 0.0000000000
56798  19.491  -30.473  40.269 0.0000000000
56816  23.725  -29.741  38.358 0.0000000000
56817  22.809  -29.632  38.229 0.0000000000
57796  31.942  -30.420  38.694 0.0000000000
57813  29.971  -29.953  37.012 0.0000000000
58762  28.123  -28.408  35.128 0.0000000000
59720  29.957  -27.640  38.986 0.0000000000
59736  28.706  -26.976  36.677 0.0000000000
59902  36.432  -27.243  22.589 0.0000000000
59904  34.767  -27.291  22.296 0.0000000000
59905  34.164  -27.358  22.076 0.0000000000
60825  28.475  -26.987  35.839 0.0000000000
60985  37.886  -26.997  22.438 0.0000000000
60986  35.841  -27.131  22.591 0.0000000000
61000  37.786  -27.321  21.418 0.0000000000
62080  35.735  -25.744  22.895 0.0000000000
62143  38.328  -25.869  20.294 0.0000000000
64044  40.681  -23.855  22.527 0.0000000000
64077  40.054  -23.336  20.228 0.0000000000
65107  37.367  -22.799  18.996 0.0000000000
65109  35.458  -22.562  18.174 0.0000000000
66120  35.148  -21.508  16.788 0.0000000000
68041  45.567  -18.608  13.816 0.0000000000
69081  45.454  -18.146  11.571 0.0000000000
70128  46.447  -17.022  9.874 0.0000000000
70131  43.370  -17.192  9.635 0.0000000000
71157  48.482  -16.455  7.671 0.0000000000
116596  27.859  -31.281  43.338 0.0000000000
116852  29.471  -33.988  38.427 0.0000000000
121783  19.319  -31.208  35.734 0.0000000000
125628  30.009  -34.635  37.568 0.0000000000
128357  32.276  -32.208  40.132 0.0000000000
128846  31.378  -33.456  39.321 0.0000000000
129031  28.680  -31.096  34.027 0.0000000000
131067  29.840  -33.070  40.788 0.0000000000
131359  31.903  -32.974  40.518 0.0000000000
131649  18.261  -31.245  37.983 0.0000000000
133804  46.880  -16.511  8.043 0.0000000000
133808  33.074  -23.417  23.668 0.0000000000
133974  20.345  -30.152  42.177 0.0000000000
134398  32.141  -31.853  37.880 0.0000000000
134952  21.323  -30.649  34.432 0.0000000000
136441  36.576  -20.188  16.137 0.0000000000
136775  14.561  -34.906  43.285 0.0000000000
137358  29.484  -34.762  37.452 0.0000000000
