#!ascii label  , from subject sub-v2s3x28788_ses-1 vox2ras=TkReg
1129
135086  17.323  -16.543  -26.715 0.2500000000
78207  17.620  -17.023  -27.180 0.2500000000
82295  16.579  -13.226  -27.066 0.2500000000
81258  16.723  -13.874  -26.670 0.1250000000
81271  17.109  -13.599  -27.652 0.3750000000
81257  17.214  -14.311  -27.379 0.2500000000
79235  17.157  -15.800  -26.569 0.2500000000
79244  18.041  -16.574  -27.731 0.7500000000
79245  17.573  -16.087  -27.204 0.3750000000
78206  18.201  -17.558  -27.580 0.8750000000
77138  18.916  -18.149  -27.987 0.8750000000
81270  17.438  -14.062  -28.222 0.3750000000
80266  17.612  -14.752  -27.945 0.3750000000
80265  18.187  -15.060  -28.463 0.8750000000
79259  17.854  -15.595  -27.820 0.7500000000
78224  20.158  -17.291  -29.535 1.0000000000
79272  19.160  -16.280  -29.213 1.0000000000
79258  18.495  -16.107  -28.463 0.8750000000
77151  19.910  -17.848  -29.065 1.0000000000
78226  19.023  -16.850  -28.738 0.8750000000
77136  20.396  -18.500  -28.808 1.0000000000
82312  17.058  -12.867  -28.173 0.2500000000
81282  17.794  -13.848  -28.950 0.7500000000
151401  18.535  -14.387  -29.946 0.8750000000
81281  18.333  -14.491  -29.183 0.8750000000
81269  17.842  -14.416  -28.555 0.7500000000
79270  20.548  -16.714  -29.975 1.0000000000
79271  19.807  -16.516  -29.870 1.0000000000
80277  19.286  -15.731  -29.831 1.0000000000
79257  21.850  -16.880  -29.025 1.0000000000
78223  20.765  -17.403  -29.491 1.0000000000
78215  21.288  -17.567  -29.188 1.0000000000
150885  20.454  -17.859  -29.220 1.0000000000
82296  16.268  -12.936  -26.553 0.1250000000
82311  17.405  -13.371  -28.598 0.6250000000
81292  18.546  -14.041  -30.451 1.0000000000
82325  18.174  -13.816  -29.652 0.8750000000
80288  18.832  -15.005  -29.895 1.0000000000
80264  22.687  -15.576  -29.186 1.0000000000
80276  21.642  -15.471  -30.231 1.0000000000
79277  20.943  -16.002  -30.461 1.0000000000
80286  20.371  -15.372  -30.600 1.0000000000
79256  22.422  -16.344  -28.801 1.0000000000
79269  21.267  -16.648  -29.820 1.0000000000
79254  25.216  -16.857  -27.769 1.0000000000
150182  22.485  -17.047  -28.302 1.0000000000
86178  16.649  -8.777  -29.694 0.2500000000
83266  16.511  -12.618  -27.525 0.2500000000
135929  16.797  -12.251  -28.393 0.3750000000
83281  17.349  -12.784  -28.999 0.5000000000
83303  18.319  -12.932  -30.855 1.0000000000
83292  17.409  -12.369  -29.497 0.6250000000
82336  18.118  -13.320  -30.144 1.0000000000
81301  20.328  -14.208  -31.158 1.0000000000
81302  19.308  -14.172  -31.154 1.0000000000
80263  23.476  -15.293  -28.872 1.0000000000
80275  22.282  -15.007  -30.049 1.0000000000
81288  22.268  -13.568  -30.741 1.0000000000
81267  24.388  -14.337  -29.153 1.0000000000
79255  24.376  -15.860  -28.066 1.0000000000
80262  24.961  -15.105  -28.429 1.0000000000
80261  25.783  -15.199  -28.296 1.0000000000
132706  17.245  -9.996  -30.390 0.5000000000
137577  16.719  -10.054  -29.539 0.3750000000
151445  17.062  -10.686  -29.731 0.3750000000
131990  17.028  -11.036  -29.470 0.5000000000
85204  17.321  -10.818  -30.168 0.5000000000
83317  18.072  -12.061  -30.731 0.8750000000
145205  19.595  -11.624  -31.821 1.0000000000
82335  21.977  -13.100  -31.147 1.0000000000
83315  20.213  -12.851  -31.557 1.0000000000
81278  23.685  -13.688  -29.978 1.0000000000
81287  22.690  -13.431  -30.660 1.0000000000
82305  26.524  -13.504  -28.863 1.0000000000
81266  25.397  -14.319  -28.716 1.0000000000
142022  26.414  -14.867  -28.426 0.8750000000
86177  17.073  -9.081  -30.246 0.5000000000
85213  17.771  -10.419  -30.931 0.6250000000
85212  18.473  -10.810  -31.772 0.6250000000
84263  19.363  -10.983  -32.304 1.0000000000
84251  18.656  -11.565  -31.552 0.7500000000
84249  21.343  -11.676  -31.810 1.0000000000
83289  26.141  -12.151  -29.548 1.0000000000
83300  24.393  -11.736  -30.659 1.0000000000
82333  23.129  -12.434  -31.008 1.0000000000
150819  22.565  -12.325  -31.324 1.0000000000
155685  26.535  -12.545  -29.314 1.0000000000
82322  24.890  -12.865  -29.795 1.0000000000
82323  23.842  -12.867  -30.418 1.0000000000
82320  26.913  -12.932  -29.062 0.8750000000
82321  25.963  -12.810  -29.379 1.0000000000
81265  26.940  -14.267  -28.544 0.8750000000
141720  18.380  -9.875  -31.667 0.5000000000
85225  19.281  -10.254  -32.413 0.8750000000
85211  22.848  -10.266  -31.687 1.0000000000
84259  22.547  -10.829  -31.790 1.0000000000
84232  25.601  -11.535  -30.006 1.0000000000
84245  23.463  -10.903  -31.309 1.0000000000
83313  22.610  -11.794  -31.540 1.0000000000
86166  26.657  -10.381  -29.596 1.0000000000
83287  28.187  -11.984  -28.844 1.0000000000
83288  27.058  -12.230  -29.219 1.0000000000
85190  26.520  -11.102  -29.683 1.0000000000
84220  27.310  -11.472  -29.329 1.0000000000
86188  18.201  -8.899  -31.527 0.5000000000
86200  19.077  -9.309  -32.252 0.8750000000
86198  21.241  -9.455  -32.407 1.0000000000
87109  23.253  -8.904  -32.324 1.0000000000
86186  23.087  -9.724  -31.717 1.0000000000
86196  22.631  -9.378  -32.165 1.0000000000
87096  27.447  -8.573  -29.435 1.0000000000
87097  25.490  -9.051  -30.099 1.0000000000
87082  28.187  -9.109  -29.358 1.0000000000
139838  26.389  -9.040  -29.632 1.0000000000
132527  25.747  -9.923  -29.842 1.0000000000
132338  29.372  -10.262  -29.224 1.0000000000
86174  27.000  -9.507  -29.488 1.0000000000
85187  29.758  -10.883  -29.038 0.8750000000
90922  21.215  -4.346  -34.062 1.0000000000
90923  19.786  -4.691  -33.443 0.3750000000
152086  21.806  -4.965  -32.660 0.8750000000
141330  23.054  -7.606  -32.058 1.0000000000
88061  26.496  -8.086  -29.591 1.0000000000
88062  25.283  -8.195  -30.297 1.0000000000
134780  21.264  -3.537  -34.153 0.8750000000
90921  21.944  -4.146  -32.933 1.0000000000
90911  22.932  -4.198  -32.094 1.0000000000
90912  22.563  -5.016  -32.160 1.0000000000
90910  23.784  -4.326  -31.337 1.0000000000
89010  23.984  -6.605  -31.028 1.0000000000
141074  25.984  -7.249  -29.703 1.0000000000
88997  25.682  -6.459  -29.888 1.0000000000
145838  28.226  -6.616  -29.755 1.0000000000
91876  21.323  -2.750  -33.693 0.7500000000
90899  24.569  -4.535  -30.778 1.0000000000
144701  27.059  -4.650  -30.167 1.0000000000
152308  26.171  -4.913  -29.948 1.0000000000
89954  26.619  -5.569  -29.746 1.0000000000
91865  23.533  -3.442  -31.879 1.0000000000
91864  24.594  -3.539  -31.196 1.0000000000
90897  26.282  -4.230  -30.283 1.0000000000
97375  20.231  2.643  -32.746 0.1250000000
97368  21.152  2.676  -32.033 0.1250000000
97385  18.756  1.989  -34.719 0.2500000000
98178  19.517  3.012  -34.155 0.1250000000
97395  18.795  1.769  -35.100 0.3750000000
99009  20.160  4.168  -33.552 0.2500000000
98229  19.650  2.638  -34.864 0.5000000000
138172  20.013  3.806  -34.875 0.2500000000
98228  20.589  4.062  -35.336 0.3750000000
144105  19.921  3.846  -34.507 0.2500000000
99020  19.985  5.034  -33.943 0.2500000000
99810  19.744  5.892  -34.498 0.2500000000
131296  20.199  4.817  -35.634 0.2500000000
99046  19.812  5.631  -36.538 0.2500000000
99033  19.899  4.990  -35.303 0.2500000000
155952  20.913  4.287  -36.549 0.3750000000
142274  20.559  4.940  -36.340 0.2500000000
139800  16.739  -15.657  -26.036 0.1250000000
80253  17.288  -15.152  -27.165 0.2500000000
77134  22.463  -18.008  -27.939 1.0000000000
85224  20.630  -10.295  -32.304 0.8750000000
86175  24.699  -9.926  -30.558 1.0000000000
78188  16.501  -17.663  -25.069 0.1250000000
77122  17.773  -17.974  -26.941 0.6250000000
75937  18.782  -19.272  -27.344 0.7500000000
82279  16.334  -13.367  -26.226 0.1250000000
138023  19.430  -19.726  -27.585 1.0000000000
80250  16.822  -15.080  -26.387 0.1250000000
75954  20.603  -19.216  -28.445 1.0000000000
77120  21.986  -18.839  -28.008 1.0000000000
78204  24.053  -17.763  -27.501 1.0000000000
157474  16.267  -11.849  -27.647 0.3750000000
134923  16.549  -9.994  -29.015 0.2500000000
85180  16.567  -10.902  -28.708 0.2500000000
79253  26.475  -15.823  -28.243 0.8750000000
150777  28.331  -13.428  -28.626 0.8750000000
81264  27.781  -14.581  -28.544 0.8750000000
83286  29.340  -12.200  -28.772 0.8750000000
90924  19.300  -4.348  -32.622 0.1250000000
89975  19.217  -5.213  -32.626 0.1250000000
87123  18.802  -8.404  -32.143 0.3750000000
87131  21.071  -8.456  -32.669 0.6250000000
86164  28.859  -9.680  -29.291 1.0000000000
84218  30.002  -11.611  -28.953 0.8750000000
90933  20.865  -4.202  -34.433 0.5000000000
89022  19.764  -5.689  -33.137 0.3750000000
89033  21.048  -6.259  -32.742 0.8750000000
88060  27.898  -7.567  -29.456 1.0000000000
88059  28.880  -7.281  -29.861 1.0000000000
88994  28.803  -6.521  -30.436 1.0000000000
91875  22.363  -3.234  -32.892 1.0000000000
89953  27.750  -5.205  -30.177 1.0000000000
132106  22.866  -2.091  -32.664 0.8750000000
92920  23.912  -1.930  -32.062 1.0000000000
91863  25.666  -3.145  -31.040 1.0000000000
90896  27.137  -3.931  -30.649 1.0000000000
151081  21.800  2.265  -31.512 0.1250000000
96604  19.573  1.693  -33.090 0.1250000000
95760  19.224  -0.460  -34.869 0.6250000000
96628  18.703  1.184  -35.107 0.6250000000
97384  21.748  2.736  -34.191 0.5000000000
98163  20.115  3.356  -33.201 0.2500000000
97393  21.028  3.319  -34.793 0.5000000000
142979  20.711  4.415  -32.750 0.2500000000
99809  20.280  6.167  -33.080 0.2500000000
98201  20.843  3.999  -35.849 0.5000000000
100610  19.977  7.016  -33.373 0.1250000000
100623  19.448  6.605  -36.688 0.2500000000
99045  20.395  5.659  -36.724 0.2500000000
98200  21.253  3.783  -36.268 0.3750000000
145947  20.702  5.182  -36.668 0.2500000000
101369  19.361  7.964  -35.681 0.1250000000
79236  16.888  -16.522  -26.030 0.1250000000
78197  17.281  -17.358  -26.451 0.3750000000
80254  16.933  -14.545  -26.718 0.1250000000
157380  18.893  -18.733  -27.646 0.7500000000
78216  19.290  -17.608  -28.633 0.8750000000
75956  19.428  -19.035  -27.931 1.0000000000
75955  20.049  -19.076  -28.430 1.0000000000
80278  18.736  -15.394  -29.134 1.0000000000
78225  19.570  -17.117  -29.244 1.0000000000
77135  21.462  -18.357  -28.631 1.0000000000
150924  21.879  -17.586  -28.609 1.0000000000
82326  17.638  -13.129  -29.450 0.8750000000
80296  19.839  -14.764  -30.881 1.0000000000
80285  21.331  -14.851  -30.545 1.0000000000
81290  20.891  -14.447  -30.803 1.0000000000
78214  23.221  -16.285  -28.231 1.0000000000
78205  23.262  -17.332  -27.710 1.0000000000
84210  16.900  -11.540  -28.962 0.3750000000
83293  17.241  -11.739  -29.446 0.5000000000
83304  17.656  -12.495  -30.065 0.8750000000
81303  18.572  -13.672  -30.922 1.0000000000
82346  20.278  -13.618  -31.371 1.0000000000
139126  24.168  -15.014  -28.772 1.0000000000
80274  22.923  -14.732  -29.881 1.0000000000
80284  21.977  -14.369  -30.478 1.0000000000
81279  23.103  -13.988  -30.170 1.0000000000
84236  17.495  -11.686  -30.152 0.6250000000
84252  17.854  -11.271  -30.814 0.6250000000
83316  19.090  -12.408  -31.523 1.0000000000
84262  20.540  -11.203  -31.977 1.0000000000
82334  22.858  -12.686  -30.961 1.0000000000
82345  21.759  -12.712  -31.415 1.0000000000
83314  21.811  -12.246  -31.655 1.0000000000
81277  24.613  -13.571  -29.518 1.0000000000
82304  27.519  -13.640  -28.631 0.8750000000
80259  27.997  -15.440  -28.675 0.8750000000
84261  21.548  -10.855  -32.047 1.0000000000
84248  21.902  -11.370  -31.898 1.0000000000
83291  24.367  -12.364  -30.450 1.0000000000
83302  23.092  -11.854  -31.319 1.0000000000
149183  24.062  -11.107  -30.881 1.0000000000
83273  28.727  -12.837  -28.673 0.8750000000
86176  23.771  -9.925  -31.202 1.0000000000
85222  22.426  -10.015  -31.997 1.0000000000
85203  24.016  -10.663  -30.918 1.0000000000
84246  23.088  -10.960  -31.530 1.0000000000
85201  25.704  -10.807  -30.063 1.0000000000
84235  23.066  -11.421  -31.433 1.0000000000
85202  24.975  -10.546  -30.450 1.0000000000
86165  27.747  -9.986  -29.336 1.0000000000
84219  28.197  -11.142  -29.118 1.0000000000
146876  19.752  -8.736  -32.590 0.6250000000
86209  20.719  -8.888  -32.664 0.7500000000
86197  21.855  -9.418  -32.386 1.0000000000
154788  22.888  -8.768  -32.428 1.0000000000
87099  23.563  -9.138  -31.538 1.0000000000
88075  23.282  -8.427  -31.793 1.0000000000
88063  24.076  -8.199  -30.900 1.0000000000
87095  28.665  -8.170  -29.495 1.0000000000
87098  24.453  -9.136  -30.807 1.0000000000
89982  21.036  -4.787  -33.565 0.7500000000
89972  22.413  -5.896  -32.347 1.0000000000
89973  21.456  -5.510  -32.731 0.7500000000
146130  22.846  -8.591  -32.387 1.0000000000
151342  24.231  -7.262  -30.807 1.0000000000
88077  22.702  -7.870  -32.354 1.0000000000
89011  23.384  -6.743  -31.729 1.0000000000
134986  25.053  -7.326  -30.421 1.0000000000
92921  23.256  -2.640  -32.409 0.8750000000
89965  23.167  -5.938  -32.042 1.0000000000
150851  23.908  -5.074  -30.998 1.0000000000
89955  25.495  -5.639  -30.114 1.0000000000
88998  24.838  -6.485  -30.532 1.0000000000
89964  23.725  -5.860  -31.355 1.0000000000
149798  27.536  -6.048  -29.725 1.0000000000
92902  25.103  -2.761  -31.421 1.0000000000
89956  24.538  -5.590  -30.698 1.0000000000
91845  25.444  -3.919  -30.610 1.0000000000
92903  24.240  -2.684  -31.704 1.0000000000
156651  20.515  1.967  -32.354 0.1250000000
97376  19.353  2.366  -33.730 0.1250000000
98162  20.777  3.508  -32.484 0.2500000000
98202  19.443  2.631  -34.721 0.2500000000
137229  18.683  1.298  -34.243 0.3750000000
96616  18.399  0.778  -34.954 0.5000000000
97394  20.015  2.996  -34.983 0.5000000000
96627  19.510  1.952  -35.190 0.7500000000
100630  19.704  6.533  -37.324 0.2500000000
98227  21.010  4.231  -36.664 0.2500000000
77114  16.799  -17.540  -25.700 0.2500000000
143732  16.510  -17.725  -24.842 0.1250000000
77107  16.699  -18.277  -25.360 0.1250000000
77113  17.295  -18.511  -26.042 0.6250000000
75938  18.082  -18.885  -26.779 0.7500000000
75936  20.079  -19.731  -28.021 1.0000000000
89023  19.271  -6.175  -32.601 0.5000000000
87122  19.377  -7.946  -32.593 0.6250000000
87121  21.791  -8.652  -32.441 0.8750000000
88097  20.551  -7.693  -32.805 0.7500000000
88087  21.824  -8.182  -32.504 0.8750000000
89034  20.321  -6.401  -33.000 0.7500000000
154838  20.404  -7.093  -32.903 0.8750000000
154953  21.662  -7.499  -32.537 1.0000000000
145750  22.085  -6.937  -32.417 1.0000000000
93906  25.036  -1.999  -31.804 1.0000000000
91862  26.554  -2.942  -31.229 1.0000000000
96595  18.980  0.548  -33.483 0.3750000000
96615  20.120  1.115  -34.611 0.7500000000
95769  18.479  -0.002  -34.955 0.5000000000
96626  20.959  2.374  -34.420 0.7500000000
97412  21.893  3.171  -36.667 0.3750000000
71760  19.831  -23.971  -24.595 0.7500000000
70732  20.807  -24.215  -24.932 0.7500000000
70715  18.671  -23.780  -24.195 0.7500000000
71761  18.431  -22.777  -24.640 0.7500000000
71774  21.332  -23.593  -25.364 0.7500000000
71775  20.251  -23.297  -25.086 0.7500000000
72793  19.716  -22.494  -25.437 0.7500000000
72794  18.862  -22.216  -25.403 0.7500000000
72791  21.613  -22.748  -25.563 0.7500000000
72792  20.659  -22.621  -25.448 0.7500000000
73776  20.133  -21.934  -25.826 0.7500000000
74808  18.646  -20.418  -26.420 0.7500000000
75922  18.407  -19.686  -26.656 0.6250000000
73792  19.793  -21.447  -26.255 0.7500000000
74806  19.918  -20.882  -26.805 0.8750000000
74807  19.239  -20.663  -26.708 0.8750000000
72790  22.508  -22.864  -25.895 0.7500000000
73774  21.897  -22.049  -25.648 0.7500000000
73791  21.628  -21.254  -25.920 0.7500000000
74822  20.410  -20.272  -27.465 0.8750000000
146177  22.529  -21.198  -26.148 0.7500000000
74804  21.958  -20.576  -26.380 0.7500000000
74821  22.290  -20.082  -26.769 0.8750000000
75935  20.888  -19.786  -28.023 0.8750000000
74820  23.202  -19.754  -26.796 0.7500000000
75933  22.796  -18.833  -27.320 0.8750000000
75931  24.621  -19.263  -27.460 0.8750000000
77118  24.377  -18.507  -27.447 0.8750000000
78203  25.016  -17.896  -27.627 0.8750000000
77148  27.463  -18.887  -29.909 0.3750000000
151037  26.990  -18.148  -29.305 0.6250000000
78222  26.978  -17.375  -28.795 0.7500000000
78236  28.212  -18.103  -30.582 0.5000000000
137925  27.612  -17.867  -29.687 0.5000000000
136387  28.236  -17.101  -29.760 0.7500000000
149883  26.946  -16.566  -28.489 0.7500000000
142344  29.173  -16.988  -31.991 0.1250000000
79275  29.338  -16.848  -30.858 0.3750000000
79266  29.139  -16.288  -29.650 0.6250000000
80273  28.230  -16.259  -29.018 0.6250000000
80258  28.583  -14.977  -28.699 0.6250000000
78267  30.658  -16.931  -33.690 0.1250000000
79296  29.375  -17.045  -33.155 0.1250000000
138747  30.338  -15.576  -31.121 0.1250000000
80294  30.784  -15.308  -31.870 0.1250000000
157629  30.141  -14.752  -29.667 0.6250000000
133459  30.019  -13.547  -29.234 0.6250000000
135117  30.807  -15.712  -32.940 0.1250000000
147928  31.827  -14.498  -33.938 0.1250000000
82343  31.511  -13.557  -31.134 0.1250000000
82332  31.300  -13.133  -30.393 0.5000000000
155063  30.333  -12.502  -29.247 0.6250000000
155022  30.500  -11.762  -29.345 0.7500000000
79306  30.765  -16.410  -33.861 0.1250000000
132471  31.722  -13.122  -31.805 0.5000000000
83311  31.585  -12.560  -31.125 0.5000000000
84230  31.329  -11.736  -30.654 0.6250000000
84217  30.541  -11.121  -29.479 0.7500000000
92922  21.708  -2.291  -33.335 0.6250000000
93928  21.225  -2.085  -33.539 0.5000000000
150790  22.287  -1.696  -32.780 0.7500000000
150952  31.288  -10.438  -31.480 0.6250000000
136525  30.577  -9.506  -30.300 0.6250000000
86173  30.105  -8.839  -29.896 0.8750000000
85220  31.512  -10.637  -32.716 0.5000000000
85209  31.069  -10.071  -31.040 0.6250000000
86185  30.817  -9.349  -31.376 0.6250000000
87093  30.375  -8.639  -30.716 0.7500000000
94862  22.182  -1.062  -32.636 0.7500000000
87081  29.338  -8.839  -29.528 0.8750000000
88995  28.293  -5.851  -30.266 0.8750000000
89952  28.322  -5.137  -30.841 0.8750000000
87094  29.705  -8.002  -30.084 0.7500000000
89008  29.147  -6.516  -31.285 0.8750000000
89009  28.689  -5.871  -31.039 0.8750000000
89963  28.515  -5.283  -31.634 0.8750000000
90919  28.300  -4.795  -32.169 0.8750000000
86194  31.259  -9.908  -33.018 0.3750000000
133893  30.930  -9.290  -32.402 0.5000000000
87108  30.073  -7.774  -31.300 0.6250000000
86216  31.295  -9.794  -34.794 0.2500000000
86195  30.912  -9.262  -33.383 0.3750000000
88085  30.270  -8.060  -32.278 0.5000000000
94863  20.794  -1.628  -33.748 0.6250000000
93927  23.256  -1.371  -32.360 0.8750000000
93926  24.484  -1.132  -32.263 0.8750000000
91843  27.071  -3.346  -31.029 0.8750000000
91874  27.475  -3.128  -32.084 0.7500000000
90920  27.902  -4.016  -32.305 0.8750000000
88074  29.596  -7.049  -31.540 0.6250000000
89020  29.342  -6.634  -32.161 0.7500000000
87129  30.479  -8.633  -33.759 0.3750000000
88095  30.127  -8.020  -33.155 0.5000000000
89981  28.464  -5.686  -33.480 0.7500000000
86208  30.840  -9.255  -34.293 0.2500000000
94878  20.129  -1.135  -34.372 0.6250000000
94861  23.604  -0.536  -32.476 0.8750000000
93925  25.532  -1.377  -32.382 0.8750000000
93924  26.347  -1.577  -32.739 0.8750000000
93941  25.914  -0.944  -32.972 0.7500000000
92917  27.245  -2.560  -32.636 0.8750000000
90943  27.942  -4.472  -33.978 0.7500000000
89032  28.941  -6.247  -32.942 0.5000000000
87148  29.509  -8.411  -36.039 0.2500000000
88110  29.073  -7.778  -35.559 0.5000000000
138645  29.602  -7.420  -33.470 0.5000000000
86225  30.725  -9.380  -36.203 0.2500000000
94879  19.143  -1.251  -34.675 0.5000000000
95759  20.887  0.341  -33.770 0.5000000000
95758  22.206  0.791  -33.091 0.6250000000
95744  23.979  0.391  -32.811 0.7500000000
94876  25.466  -0.241  -33.292 0.7500000000
94877  24.756  0.411  -33.307 0.7500000000
94888  25.783  -0.386  -34.298 0.7500000000
133362  26.695  -1.902  -34.973 0.7500000000
93948  26.399  -1.185  -34.212 0.7500000000
95767  25.194  0.344  -34.004 0.7500000000
92939  26.929  -1.858  -33.941 0.7500000000
91902  27.322  -3.390  -35.046 0.7500000000
153549  26.939  -2.740  -35.242 0.7500000000
89997  27.918  -5.947  -35.230 0.5000000000
89998  27.495  -5.139  -35.619 0.3750000000
141666  27.609  -4.289  -34.868 0.6250000000
88119  29.033  -8.017  -36.332 0.2500000000
89045  28.113  -6.714  -35.845 0.3750000000
89046  27.613  -6.000  -35.951 0.3750000000
96614  21.787  1.821  -33.700 0.6250000000
95757  23.282  1.011  -33.011 0.7500000000
146142  24.644  0.746  -34.600 0.7500000000
94897  25.588  -0.425  -35.314 0.7500000000
93955  26.210  -1.682  -35.882 0.7500000000
91910  26.389  -3.234  -36.491 0.6250000000
90007  26.793  -5.130  -37.067 0.3750000000
90959  26.649  -4.481  -36.844 0.3750000000
133455  28.216  -7.659  -37.652 0.1250000000
89071  26.876  -6.912  -38.874 0.1250000000
89062  27.234  -6.656  -37.822 0.2500000000
96613  23.384  1.484  -33.757 0.6250000000
96624  24.075  1.228  -34.259 0.7500000000
155349  25.168  0.089  -35.594 0.6250000000
154098  25.807  -1.011  -35.853 0.7500000000
91919  26.312  -3.950  -37.028 0.3750000000
92953  25.952  -2.399  -36.667 0.3750000000
92952  26.543  -2.529  -35.863 0.7500000000
90015  26.347  -5.480  -37.965 0.2500000000
90966  26.284  -4.690  -37.514 0.3750000000
91903  26.877  -3.318  -35.794 0.6250000000
88148  27.222  -7.766  -40.311 0.1250000000
88140  26.564  -7.106  -39.840 0.1250000000
88129  28.239  -8.121  -38.769 0.1250000000
155037  22.475  2.271  -34.054 0.6250000000
96625  23.264  1.850  -34.695 0.6250000000
94898  24.743  0.270  -36.167 0.3750000000
95776  24.673  0.611  -35.414 0.3750000000
93964  25.046  -0.913  -37.089 0.3750000000
91929  24.965  -4.016  -39.079 0.2500000000
91911  25.881  -3.299  -37.239 0.3750000000
157635  25.571  -2.027  -37.049 0.3750000000
138945  25.289  -6.296  -40.698 0.1250000000
157922  25.691  -5.052  -38.573 0.3750000000
91920  25.814  -4.148  -37.782 0.3750000000
88157  27.248  -7.907  -41.328 0.1250000000
89073  25.846  -5.857  -39.118 0.1250000000
97405  22.854  2.348  -35.771 0.3750000000
96636  23.978  1.385  -35.264 0.3750000000
95793  24.089  0.517  -36.938 0.3750000000
95784  24.197  1.040  -36.070 0.3750000000
93978  24.280  -1.534  -38.701 0.3750000000
93972  24.648  -1.225  -37.848 0.3750000000
94908  24.716  -0.247  -36.785 0.3750000000
158546  24.603  -3.292  -39.171 0.3750000000
150599  24.993  -2.957  -38.469 0.3750000000
92960  24.869  -2.060  -38.114 0.3750000000
89103  24.839  -6.282  -41.789 0.1250000000
90981  24.904  -5.495  -40.266 0.1250000000
90982  24.608  -5.145  -40.493 0.2500000000
88159  25.655  -7.068  -41.432 0.1250000000
95794  23.251  1.143  -37.391 0.2500000000
94922  22.807  -0.242  -39.340 0.2500000000
94914  23.356  0.383  -38.173 0.3750000000
92975  23.519  -2.352  -40.567 0.1250000000
94921  23.913  -0.680  -38.459 0.3750000000
92982  23.977  -3.546  -40.618 0.1250000000
92974  24.180  -2.960  -39.776 0.2500000000
90055  23.789  -4.859  -42.788 0.1250000000
91940  24.273  -4.557  -40.718 0.1250000000
96643  22.656  2.338  -36.497 0.3750000000
95785  23.423  1.438  -36.631 0.3750000000
93986  22.921  -1.385  -40.497 0.1250000000
93987  22.403  -0.624  -40.389 0.1250000000
92983  23.460  -2.836  -41.406 0.1250000000
93993  22.756  -1.428  -41.588 0.1250000000
90062  23.658  -4.933  -43.989 0.1250000000
92997  23.114  -2.768  -43.451 0.1250000000
95818  21.156  0.881  -41.340 0.1250000000
92990  23.374  -2.145  -42.381 0.1250000000
94004  21.947  -0.744  -41.921 0.1250000000
93009  22.575  -3.340  -45.926 0.1250000000
91012  22.956  -4.420  -46.160 0.1250000000
75934  21.928  -19.526  -27.490 0.8750000000
77132  25.799  -18.461  -28.079 0.6250000000
84244  31.561  -11.606  -31.553 0.6250000000
88058  29.429  -7.135  -30.696 0.8750000000
156503  29.418  -6.857  -32.911 0.5000000000
87140  30.330  -8.681  -34.684 0.3750000000
95746  21.501  -0.464  -33.142 0.6250000000
95745  22.809  0.050  -32.701 0.8750000000
94860  24.666  -0.227  -32.702 0.8750000000
93940  26.468  -1.360  -33.430 0.7500000000
92930  27.292  -2.574  -33.497 0.7500000000
91885  27.588  -3.262  -32.932 0.7500000000
143301  28.688  -6.452  -33.972 0.5000000000
89989  28.262  -5.857  -34.383 0.5000000000
90942  28.182  -5.194  -33.941 0.7500000000
88111  28.618  -7.220  -35.365 0.5000000000
90996  24.263  -5.268  -41.409 0.1250000000
93979  23.454  -1.064  -39.440 0.2500000000
93004  22.419  -2.805  -45.007 0.1250000000
80271  29.811  -15.321  -29.635 0.5000000000
132047  29.249  -15.282  -29.076 0.6250000000
81276  29.084  -14.549  -28.788 0.7500000000
132561  31.922  -11.899  -33.049 0.3750000000
84258  31.698  -11.404  -32.462 0.3750000000
85241  31.566  -10.309  -34.378 0.2500000000
89971  28.545  -5.471  -32.533 0.7500000000
91941  23.825  -4.114  -41.376 0.1250000000
85248  31.768  -10.488  -35.264 0.1250000000
69563  20.065  -25.514  -24.179 0.7500000000
70693  18.746  -24.671  -23.752 0.7500000000
150748  17.981  -23.131  -24.064 0.7500000000
69562  20.875  -25.765  -24.570 0.7500000000
70731  21.720  -24.669  -25.402 0.7500000000
74792  18.292  -20.778  -25.734 0.6250000000
152559  18.965  -21.585  -25.906 0.7500000000
71773  22.235  -23.644  -25.808 0.6250000000
72804  23.227  -22.893  -26.480 0.7500000000
73806  23.948  -21.550  -26.850 0.6250000000
151296  23.931  -20.626  -26.774 0.6250000000
75951  25.811  -19.521  -28.670 0.5000000000
75950  26.508  -19.650  -29.483 0.3750000000
77131  26.211  -18.856  -28.854 0.5000000000
77166  28.161  -19.007  -31.319 0.1250000000
78244  28.785  -18.010  -32.419 0.1250000000
78256  29.182  -17.479  -32.742 0.1250000000
77213  31.560  -17.579  -33.263 0.1250000000
78274  32.398  -16.489  -34.389 0.1250000000
79314  32.439  -15.795  -34.821 0.1250000000
80320  32.231  -15.158  -35.131 0.1250000000
157544  31.977  -14.787  -34.707 0.1250000000
82363  32.020  -13.614  -33.565 0.1250000000
83331  32.019  -12.669  -33.269 0.1250000000
84270  31.795  -11.212  -33.367 0.2500000000
93942  19.889  -1.588  -34.203 0.5000000000
86231  31.306  -9.937  -36.772 0.1250000000
86224  31.353  -9.794  -35.741 0.2500000000
87166  29.891  -9.279  -37.776 0.1250000000
87158  28.759  -8.344  -37.905 0.1250000000
88138  28.008  -8.316  -39.888 0.1250000000
94880  18.515  -0.855  -34.942 0.3750000000
88156  27.959  -8.363  -40.835 0.1250000000
141105  27.082  -7.800  -42.118 0.1250000000
88165  28.028  -7.689  -42.229 0.1250000000
89106  25.005  -6.326  -43.070 0.1250000000
91007  26.013  -5.476  -44.036 0.1250000000
98150  21.576  3.497  -32.246 0.1250000000
96651  21.198  2.936  -38.009 0.2500000000
95801  21.121  2.233  -39.149 0.1250000000
97443  20.190  3.459  -40.448 0.1250000000
94003  22.631  -1.136  -42.113 0.1250000000
94936  21.782  -0.185  -41.774 0.1250000000
94013  23.558  -2.035  -43.019 0.1250000000
91961  24.483  -4.113  -46.268 0.1250000000
94021  23.181  -2.212  -44.294 0.1250000000
138070  25.538  -15.917  -27.945 0.7500000000
86163  29.942  -9.574  -29.576 0.7500000000
85186  30.219  -10.321  -29.483 0.7500000000
91878  20.278  -3.584  -34.116 0.3750000000
90895  27.783  -4.485  -30.756 0.8750000000
77119  23.426  -18.200  -27.406 0.8750000000
74824  19.019  -20.051  -27.076 0.7500000000
74823  19.680  -20.252  -27.349 0.8750000000
75953  21.259  -19.156  -28.343 0.8750000000
137514  26.263  -16.887  -28.075 0.7500000000
81275  29.723  -14.491  -29.240 0.6250000000
92901  25.883  -2.515  -31.526 0.8750000000
92900  26.693  -2.464  -31.770 0.8750000000
90909  27.569  -3.750  -31.375 0.8750000000
97391  22.434  2.561  -35.141 0.3750000000
97406  21.845  3.300  -36.390 0.3750000000
98247  21.696  3.834  -36.960 0.1250000000
96644  21.663  3.156  -37.174 0.2500000000
71776  19.243  -23.092  -24.922 0.7500000000
70714  19.481  -24.717  -24.185 0.7500000000
70712  21.304  -25.203  -24.951 0.7500000000
133367  22.097  -24.283  -25.737 0.7500000000
72775  17.757  -22.497  -24.186 0.7500000000
72795  18.169  -21.979  -24.852 0.7500000000
73777  19.401  -21.797  -25.869 0.7500000000
73775  21.057  -21.928  -25.682 0.7500000000
73794  18.844  -21.083  -26.152 0.7500000000
74809  18.066  -20.018  -25.955 0.6250000000
73793  19.330  -21.244  -26.308 0.7500000000
147359  20.499  -21.340  -26.193 0.8750000000
73790  22.605  -21.933  -25.934 0.7500000000
74805  20.939  -20.691  -26.607 0.8750000000
148854  21.336  -20.156  -27.223 0.8750000000
74803  23.085  -20.753  -26.458 0.7500000000
74819  24.403  -20.041  -27.267 0.7500000000
75932  23.787  -19.028  -27.163 0.8750000000
75952  25.121  -19.860  -28.023 0.6250000000
78213  25.818  -17.642  -27.892 0.7500000000
75968  27.091  -19.819  -30.326 0.2500000000
77149  26.780  -18.875  -29.387 0.5000000000
78212  26.399  -18.003  -28.576 0.6250000000
79276  28.729  -17.417  -30.681 0.5000000000
78234  28.811  -17.605  -31.973 0.2500000000
78235  28.555  -18.317  -31.732 0.1250000000
80295  29.670  -16.351  -31.536 0.2500000000
80283  29.869  -15.932  -30.384 0.3750000000
80272  28.727  -15.717  -28.939 0.6250000000
80313  30.438  -16.368  -33.572 0.1250000000
157043  30.471  -15.871  -32.452 0.1250000000
81299  30.761  -14.823  -30.985 0.5000000000
81298  31.238  -14.401  -31.424 0.1250000000
81321  31.317  -15.061  -33.493 0.1250000000
81286  31.024  -14.081  -30.447 0.5000000000
80321  31.476  -15.829  -34.378 0.1250000000
134905  31.674  -14.172  -33.009 0.1250000000
82354  31.854  -13.291  -32.639 0.1250000000
83299  31.272  -12.394  -30.345 0.6250000000
83324  31.823  -12.345  -32.254 0.1250000000
84231  31.032  -11.182  -30.194 0.6250000000
85200  30.790  -10.402  -30.156 0.6250000000
87107  30.539  -8.608  -31.798 0.6250000000
89021  28.860  -6.004  -31.930 0.7500000000
90931  28.214  -4.788  -33.090 0.7500000000
88073  29.798  -7.372  -32.390 0.5000000000
90932  27.884  -3.985  -33.249 0.7500000000
87141  29.651  -8.195  -35.081 0.3750000000
92931  26.934  -1.950  -33.102 0.7500000000
89990  27.866  -5.178  -34.688 0.6250000000
91895  27.620  -3.473  -34.001 0.7500000000
88104  29.106  -7.347  -34.513 0.5000000000
87157  29.298  -8.578  -37.122 0.1250000000
87156  30.009  -9.007  -36.670 0.1250000000
87147  30.169  -8.804  -35.630 0.2500000000
95756  24.103  0.969  -33.440 0.7500000000
93956  26.160  -1.054  -35.114 0.7500000000
90951  27.251  -4.111  -35.705 0.6250000000
90006  27.275  -5.559  -36.508 0.3750000000
90958  27.079  -4.717  -36.355 0.3750000000
89054  28.147  -7.211  -36.742 0.1250000000
88121  27.742  -7.079  -37.399 0.3750000000
94907  25.297  -0.506  -36.230 0.3750000000
89063  26.545  -6.226  -38.458 0.3750000000
88130  27.611  -7.354  -38.290 0.1250000000
89072  26.077  -6.485  -39.547 0.1250000000
88139  27.424  -7.581  -39.343 0.1250000000
91928  25.419  -4.334  -38.583 0.3750000000
92959  25.438  -2.553  -37.560 0.3750000000
90022  25.280  -5.652  -39.802 0.2500000000
88149  26.329  -7.321  -40.651 0.1250000000
88158  26.239  -7.471  -41.387 0.1250000000
89079  25.756  -6.674  -40.331 0.1250000000
90974  25.161  -4.949  -39.436 0.2500000000
89086  25.243  -6.439  -40.985 0.1250000000
89095  24.953  -6.108  -41.104 0.1250000000
90040  25.057  -6.018  -40.866 0.1250000000
96642  23.493  1.695  -35.996 0.3750000000
93985  23.819  -1.962  -39.597 0.3750000000
89094  25.272  -6.676  -41.497 0.1250000000
90048  24.538  -5.758  -41.398 0.1250000000
90054  24.342  -5.621  -42.525 0.1250000000
90061  24.464  -5.760  -43.995 0.1250000000
90031  24.833  -5.688  -40.767 0.1250000000
136556  24.351  -5.190  -41.017 0.1250000000
88169  26.813  -7.262  -43.288 0.1250000000
88170  26.122  -7.058  -43.489 0.1250000000
95795  22.306  1.547  -38.184 0.2500000000
96650  22.498  2.068  -37.241 0.2500000000
91953  22.760  -3.421  -43.865 0.1250000000
90988  23.938  -4.684  -41.632 0.1250000000
91004  23.043  -4.142  -43.884 0.1250000000
95800  21.758  0.840  -39.613 0.1250000000
94923  21.856  0.101  -40.406 0.1250000000
94929  21.535  0.013  -41.380 0.1250000000
139113  23.435  -3.148  -42.163 0.1250000000
90063  24.104  -5.040  -45.047 0.1250000000
91948  23.428  -3.823  -42.431 0.1250000000
96683  20.248  2.350  -41.116 0.1250000000
95810  20.524  1.905  -40.567 0.1250000000
69546  19.281  -25.475  -23.679 0.7500000000
70713  20.393  -24.871  -24.542 0.7500000000
73779  17.862  -21.219  -25.067 0.5000000000
73778  18.523  -21.509  -25.557 0.6250000000
134609  24.417  -21.213  -27.536 0.6250000000
74836  25.666  -20.651  -28.965 0.5000000000
82378  32.242  -14.007  -34.433 0.1250000000
143214  32.779  -14.665  -35.868 0.1250000000
87167  29.307  -8.938  -38.270 0.1250000000
89104  25.823  -6.681  -43.932 0.1250000000
90059  25.321  -5.637  -44.435 0.1250000000
70694  18.001  -24.290  -23.423 0.7500000000
68513  20.163  -26.713  -23.729 0.6250000000
68522  20.511  -26.253  -24.159 0.6250000000
68520  22.298  -26.604  -24.725 0.3750000000
69561  21.804  -26.188  -24.941 0.6250000000
69580  23.149  -25.826  -26.072 0.2500000000
69581  22.860  -25.813  -26.009 0.3750000000
74835  26.224  -20.471  -29.696 0.3750000000
94865  18.610  -1.103  -34.650 0.2500000000
147872  18.310  0.214  -34.583 0.2500000000
68523  19.900  -26.038  -23.812 0.6250000000
70746  23.024  -25.106  -26.872 0.5000000000
72816  23.803  -22.702  -27.110 0.5000000000
73805  24.236  -22.456  -28.033 0.3750000000
151289  22.098  -27.055  -24.397 0.5000000000
154633  21.833  -26.798  -24.627 0.6250000000
74837  24.982  -20.905  -28.319 0.5000000000
66557  19.963  -27.878  -23.167 0.6250000000
71749  17.290  -23.048  -23.442 0.3750000000
70695  17.301  -24.199  -22.825 0.3750000000
67493  19.695  -27.177  -23.278 0.6250000000
68514  19.449  -26.344  -23.431 0.6250000000
69547  18.396  -25.191  -23.299 0.6250000000
67479  21.927  -28.118  -23.285 0.3750000000
67491  21.496  -27.816  -23.841 0.5000000000
67492  20.616  -27.592  -23.620 0.6250000000
72762  16.761  -22.382  -23.089 0.2500000000
68512  22.585  -26.850  -24.093 0.3750000000
69595  23.570  -25.407  -26.762 0.2500000000
68519  22.887  -26.375  -24.597 0.2500000000
75923  17.820  -19.348  -26.227 0.3750000000
70745  23.556  -25.280  -27.331 0.2500000000
71787  23.679  -24.221  -27.583 0.3750000000
72825  24.804  -23.283  -28.762 0.2500000000
145049  25.489  -21.716  -29.452 0.2500000000
73827  25.985  -21.406  -30.048 0.2500000000
150512  16.443  -10.050  -28.243 0.1250000000
87112  17.455  -8.418  -30.767 0.2500000000
75980  26.952  -20.588  -30.575 0.2500000000
89035  19.879  -6.817  -32.955 0.3750000000
88088  18.628  -7.612  -32.012 0.2500000000
91886  20.886  -3.793  -34.598 0.2500000000
95747  18.452  -0.564  -34.197 0.2500000000
86160  16.451  -9.115  -28.526 0.1250000000
85170  16.349  -10.990  -28.016 0.2500000000
75913  17.375  -19.541  -25.583 0.2500000000
154643  19.850  -7.563  -32.799 0.3750000000
71788  22.930  -24.138  -26.675 0.5000000000
71748  17.879  -23.581  -23.682 0.5000000000
68521  21.254  -26.569  -24.493 0.6250000000
69582  22.215  -25.597  -25.463 0.5000000000
70730  22.605  -25.164  -26.078 0.5000000000
74848  26.519  -21.026  -30.421 0.2500000000
72761  17.269  -22.274  -23.665 0.3750000000
68515  18.801  -25.946  -23.230 0.6250000000
73761  17.450  -21.661  -24.196 0.3750000000
73818  24.867  -22.044  -28.687 0.2500000000
158335  21.148  -27.455  -24.021 0.6250000000
67498  21.595  -27.243  -24.270 0.5000000000
69560  22.689  -26.132  -25.355 0.2500000000
69559  23.277  -26.002  -25.198 0.2500000000
69596  23.203  -25.478  -26.594 0.3750000000
67490  22.208  -27.516  -23.835 0.3750000000
70696  17.038  -23.608  -22.824 0.3750000000
66555  21.190  -28.267  -23.333 0.5000000000
70757  23.900  -25.191  -27.899 0.2500000000
85155  15.163  -10.122  -25.603 0.1250000000
67481  18.458  -27.326  -22.307 0.5000000000
66545  21.565  -28.628  -22.768 0.2500000000
65516  20.382  -29.254  -22.439 0.3750000000
66556  20.483  -28.217  -23.189 0.5000000000
67480  19.266  -27.734  -22.683 0.5000000000
134829  18.101  -27.669  -21.787 0.3750000000
68503  17.487  -26.170  -21.991 0.5000000000
68501  18.844  -26.734  -22.873 0.5000000000
149346  18.144  -26.632  -22.353 0.5000000000
68502  18.100  -25.860  -22.683 0.3750000000
67454  16.775  -27.784  -20.383 0.1250000000
66535  18.097  -28.408  -21.522 0.3750000000
69535  17.240  -25.353  -22.211 0.2500000000
64464  17.383  -30.019  -20.520 0.1250000000
66523  17.394  -28.413  -20.828 0.2500000000
65505  18.432  -29.326  -21.516 0.3750000000
65515  21.181  -29.230  -22.399 0.2500000000
65503  19.943  -29.900  -22.122 0.3750000000
65517  19.608  -29.106  -22.231 0.5000000000
66524  16.761  -28.632  -20.231 0.1250000000
65518  18.863  -28.845  -21.952 0.3750000000
151287  16.718  -26.843  -20.442 0.1250000000
69524  16.926  -25.640  -21.480 0.1250000000
132326  31.943  -11.026  -34.328 0.1250000000
69548  17.644  -24.927  -22.834 0.3750000000
70674  17.053  -24.657  -22.378 0.2500000000
70675  16.672  -24.035  -22.236 0.2500000000
66544  22.290  -28.360  -22.514 0.2500000000
66548  18.660  -28.081  -22.126 0.5000000000
143721  19.255  -28.459  -22.361 0.5000000000
67482  17.774  -26.990  -21.836 0.5000000000
66546  20.789  -28.728  -22.869 0.3750000000
66547  19.939  -28.511  -22.756 0.3750000000
68489  17.107  -26.502  -21.264 0.1250000000
65491  17.366  -29.212  -20.636 0.1250000000
67455  16.541  -27.372  -19.939 0.1250000000
67467  17.416  -27.513  -21.153 0.1250000000
69536  16.734  -24.812  -21.770 0.1250000000
64465  16.763  -29.459  -20.132 0.1250000000
66536  17.825  -29.032  -21.155 0.3750000000
135498  20.720  -29.829  -22.031 0.2500000000
64477  17.960  -29.767  -21.044 0.2500000000
64475  19.449  -30.476  -21.726 0.2500000000
74781  17.314  -20.753  -24.477 0.2500000000
64463  18.099  -30.715  -20.861 0.1250000000
65504  19.181  -29.673  -21.858 0.2500000000
64476  18.691  -30.235  -21.464 0.2500000000
63304  18.944  -31.112  -21.383 0.1250000000
74782  17.014  -20.340  -24.049 0.1250000000
92923  20.828  -2.330  -33.919 0.1250000000
91877  20.791  -2.966  -34.260 0.1250000000
92904  20.141  -2.519  -33.124 0.1250000000
93907  20.346  -2.225  -32.777 0.1250000000
94864  19.276  -1.593  -33.932 0.1250000000
93929  20.321  -1.999  -33.803 0.1250000000
93895  21.078  -2.186  -31.404 0.1250000000
93908  19.784  -1.923  -33.054 0.1250000000
95732  19.357  -0.365  -33.048 0.1250000000
91866  19.755  -3.187  -32.527 0.1250000000
93896  20.677  -2.137  -32.059 0.1250000000
94840  20.543  -1.446  -32.062 0.1250000000
136567  22.205  -0.856  -30.709 0.1250000000
88079  17.250  -7.425  -30.637 0.1250000000
71731  16.609  -23.132  -22.520 0.1250000000
73747  16.622  -21.739  -23.050 0.1250000000
89024  18.779  -6.477  -32.011 0.1250000000
91879  19.502  -3.723  -32.758 0.1250000000
153088  19.937  -2.863  -31.280 0.1250000000
132148  20.796  -2.563  -29.378 0.1250000000
94827  22.390  -1.395  -30.356 0.1250000000
95722  22.263  0.060  -30.606 0.1250000000
95723  21.426  -0.413  -31.212 0.1250000000
90935  19.964  -4.027  -33.815 0.1250000000
77106  16.793  -19.032  -25.224 0.1250000000
74793  17.607  -20.389  -25.279 0.1250000000
93930  19.778  -1.735  -33.765 0.1250000000
94850  19.638  -1.298  -32.968 0.1250000000
73746  16.951  -21.806  -23.484 0.1250000000
138757  18.546  -6.967  -31.796 0.1250000000
149635  17.050  -19.863  -24.760 0.1250000000
73762  16.871  -21.079  -23.640 0.1250000000
74764  16.880  -20.424  -23.713 0.1250000000
142589  16.686  -21.273  -23.284 0.1250000000
92884  20.689  -2.517  -31.130 0.1250000000
94839  21.606  -1.669  -31.127 0.1250000000
93886  21.673  -2.082  -30.309 0.1250000000
95731  20.372  -0.338  -32.099 0.1250000000
92862  20.778  -2.613  -28.789 0.1250000000
67478  22.588  -27.673  -22.872 0.1250000000
68500  23.631  -26.619  -22.781 0.1250000000
68511  23.239  -26.440  -23.599 0.1250000000
69545  23.546  -25.860  -23.998 0.1250000000
69579  23.687  -25.553  -25.797 0.1250000000
70744  24.061  -25.242  -27.651 0.1250000000
71799  24.413  -24.505  -28.244 0.1250000000
71785  25.820  -23.717  -27.812 0.1250000000
71797  25.662  -23.609  -28.603 0.1250000000
71806  25.072  -24.079  -28.632 0.1250000000
72823  26.850  -22.422  -28.888 0.1250000000
153413  25.856  -22.134  -30.083 0.1250000000
73816  27.380  -21.813  -29.432 0.1250000000
72832  26.706  -22.375  -29.969 0.1250000000
73836  26.875  -21.172  -30.532 0.1250000000
64473  21.069  -30.212  -21.352 0.1250000000
64474  20.240  -30.455  -21.686 0.1250000000
65502  21.505  -29.551  -21.701 0.1250000000
66533  22.676  -28.620  -21.776 0.1250000000
67477  23.333  -27.314  -22.482 0.1250000000
66543  23.006  -27.970  -22.131 0.1250000000
68510  23.904  -25.888  -23.038 0.1250000000
69544  24.258  -25.291  -23.463 0.1250000000
70728  24.769  -24.475  -25.769 0.1250000000
70743  24.656  -24.809  -27.114 0.1250000000
71771  25.824  -23.361  -26.656 0.1250000000
73804  27.455  -21.666  -28.040 0.1250000000
74857  27.815  -20.303  -30.835 0.1250000000
74847  27.915  -20.742  -30.407 0.1250000000
74834  27.936  -21.100  -29.670 0.1250000000
75978  28.072  -19.620  -31.101 0.1250000000
67489  22.926  -27.049  -23.255 0.1250000000
73826  26.451  -21.831  -30.264 0.1250000000
69558  23.928  -25.408  -24.581 0.1250000000
71805  25.527  -23.117  -29.149 0.1250000000
66534  21.948  -28.988  -22.140 0.1250000000
70729  24.146  -25.203  -26.500 0.1250000000
70711  24.339  -24.945  -25.162 0.1250000000
71798  25.221  -24.451  -28.200 0.1250000000
72814  26.356  -23.067  -28.308 0.1250000000
71786  25.282  -24.397  -27.499 0.1250000000
72813  26.955  -22.282  -27.599 0.1250000000
73825  27.276  -21.542  -30.287 0.1250000000
73815  27.955  -21.093  -28.446 0.1250000000
64460  21.441  -30.506  -20.532 0.1250000000
65490  21.845  -29.802  -20.897 0.1250000000
68499  24.429  -26.306  -22.404 0.1250000000
74833  28.665  -20.305  -29.655 0.1250000000
67499  20.867  -27.004  -24.114 0.6250000000
70755  24.719  -24.969  -27.984 0.1250000000
70756  24.367  -25.049  -28.045 0.1250000000
70762  24.771  -24.769  -28.204 0.1250000000
72815  24.137  -23.554  -28.169 0.2500000000
72824  26.151  -22.907  -29.323 0.1250000000
72833  26.058  -22.599  -29.963 0.1250000000
73789  23.281  -21.819  -26.432 0.7500000000
73817  25.527  -22.560  -29.535 0.1250000000
74743  17.021  -20.111  -22.783 0.1250000000
74858  27.357  -20.750  -30.612 0.1250000000
75969  26.672  -20.374  -30.253 0.3750000000
75979  27.451  -20.126  -30.809 0.1250000000
77121  18.416  -18.447  -27.393 0.7500000000
77133  25.208  -18.916  -27.729 0.8750000000
77137  19.671  -18.417  -28.518 1.0000000000
77150  20.902  -18.163  -29.136 1.0000000000
77167  27.709  -19.516  -30.897 0.2500000000
78217  18.593  -17.168  -28.224 0.8750000000
78268  29.693  -17.115  -33.271 0.1250000000
79243  24.168  -16.954  -27.666 1.0000000000
79252  27.364  -15.937  -28.554 0.8750000000
79267  27.571  -16.838  -29.007 0.7500000000
79268  22.011  -16.007  -29.554 1.0000000000
79278  20.307  -16.160  -30.312 1.0000000000
79279  19.802  -15.875  -30.306 1.0000000000
79286  30.093  -16.031  -32.088 0.1250000000
79287  29.401  -16.739  -32.561 0.1250000000
79295  29.987  -16.462  -33.038 0.1250000000
79307  30.008  -16.798  -33.565 0.1250000000
79315  31.482  -16.344  -34.165 0.1250000000
80260  27.237  -15.084  -28.478 0.8750000000
80270  30.410  -14.963  -30.205 0.5000000000
80287  19.455  -15.279  -30.429 1.0000000000
80312  30.975  -15.872  -33.874 0.1250000000
81268  23.590  -14.484  -29.525 1.0000000000
81280  22.483  -14.080  -30.439 1.0000000000
81289  21.761  -13.934  -30.734 1.0000000000
81291  19.002  -14.675  -30.577 1.0000000000
81300  21.337  -13.570  -31.038 1.0000000000
81309  31.261  -14.752  -32.423 0.1250000000
81333  32.359  -14.455  -35.219 0.1250000000
81334  31.573  -15.310  -34.329 0.1250000000
82302  29.565  -12.968  -28.857 0.7500000000
82303  29.175  -13.718  -28.752 0.8750000000
82306  25.607  -13.507  -29.155 1.0000000000
82318  31.007  -12.656  -29.859 0.6250000000
82319  30.757  -13.373  -29.762 0.5000000000
82324  23.115  -13.144  -30.649 1.0000000000
82344  22.353  -12.079  -31.558 1.0000000000
82347  19.207  -13.377  -31.369 1.0000000000
83274  27.777  -12.823  -28.771 0.8750000000
83282  17.195  -12.248  -28.976 0.6250000000
83290  25.201  -12.223  -29.955 1.0000000000
83301  23.639  -12.123  -30.921 1.0000000000
83312  22.866  -11.620  -31.479 1.0000000000
84198  16.438  -11.853  -28.063 0.3750000000
84216  30.946  -11.888  -29.812 0.6250000000
84224  17.392  -11.926  -29.774 0.5000000000
84233  24.763  -11.116  -30.586 1.0000000000
84234  23.503  -11.551  -31.156 1.0000000000
84247  22.689  -11.289  -31.633 1.0000000000
84250  20.347  -12.009  -31.729 1.0000000000
84260  22.190  -10.634  -32.000 1.0000000000
85188  28.395  -10.448  -29.196 1.0000000000
85189  27.461  -10.775  -29.402 1.0000000000
85194  17.262  -11.343  -29.747 0.5000000000
85199  31.275  -10.870  -30.990 0.6250000000
85205  16.887  -9.953  -29.968 0.5000000000
85210  23.282  -10.499  -31.456 1.0000000000
85221  22.634  -10.102  -31.828 1.0000000000
85223  21.826  -10.085  -32.253 1.0000000000
85234  31.551  -10.480  -33.617 0.3750000000
86170  16.501  -8.999  -29.212 0.1250000000
86184  31.251  -10.050  -31.985 0.5000000000
86187  22.727  -9.481  -32.041 1.0000000000
86189  17.664  -9.471  -30.898 0.5000000000
86199  20.131  -9.501  -32.553 1.0000000000
86207  31.252  -9.824  -33.917 0.2500000000
86217  30.778  -9.289  -35.205 0.2500000000
87110  22.877  -8.916  -32.326 1.0000000000
87111  18.041  -7.964  -31.363 0.3750000000
87119  30.566  -8.642  -32.805 0.5000000000
87120  22.472  -8.764  -32.355 0.8750000000
87130  29.906  -8.041  -34.126 0.3750000000
87132  20.256  -8.227  -32.754 0.6250000000
87168  28.862  -8.678  -38.743 0.1250000000
87193  28.151  -8.154  -41.564 0.1250000000
88076  22.915  -8.411  -32.355 1.0000000000
88086  22.333  -8.086  -32.431 0.8750000000
88096  21.303  -8.140  -32.634 0.8750000000
88120  28.672  -7.887  -36.947 0.1250000000
88166  26.504  -7.596  -42.342 0.1250000000
88167  25.949  -7.266  -42.458 0.1250000000
88168  27.500  -7.427  -42.918 0.1250000000
88996  26.599  -6.437  -29.593 1.0000000000
89012  22.860  -6.871  -32.211 1.0000000000
89031  29.169  -6.840  -33.571 0.5000000000
89055  27.572  -6.457  -36.757 0.3750000000
89080  25.435  -6.184  -40.127 0.1250000000
89085  25.600  -6.828  -40.891 0.1250000000
89102  25.461  -6.810  -42.582 0.1250000000
89105  25.596  -6.767  -43.678 0.1250000000
89974  20.447  -5.035  -33.417 0.3750000000
90014  27.000  -5.906  -37.396 0.3750000000
90030  25.119  -5.920  -40.571 0.1250000000
90041  24.729  -5.732  -41.003 0.1250000000
90049  24.100  -5.247  -41.894 0.1250000000
90060  24.708  -5.392  -44.911 0.1250000000
90064  23.530  -4.592  -45.239 0.1250000000
90065  23.602  -4.714  -46.073 0.1250000000
90898  25.382  -4.786  -30.321 1.0000000000
90908  28.124  -4.551  -31.461 0.8750000000
90934  20.359  -4.274  -34.129 0.5000000000
90952  26.771  -3.957  -36.365 0.3750000000
90975  24.763  -4.872  -39.897 0.2500000000
90997  23.643  -4.506  -42.433 0.1250000000
91009  22.925  -4.177  -45.213 0.1250000000
91010  24.641  -4.821  -45.700 0.1250000000
91011  23.944  -4.434  -46.359 0.1250000000
91013  23.335  -4.415  -46.434 0.1250000000
91844  26.405  -3.522  -30.719 0.8750000000
91861  27.168  -2.985  -31.556 1.0000000000
91887  20.543  -3.934  -34.482 0.1250000000
91935  24.498  -4.091  -39.962 0.1250000000
91959  22.462  -3.344  -45.354 0.1250000000
91962  23.222  -3.954  -46.740 0.1250000000
91963  22.717  -3.880  -46.328 0.1250000000
92899  27.158  -2.592  -32.037 0.8750000000
92918  26.803  -2.132  -32.377 0.8750000000
92919  26.069  -1.957  -32.061 0.8750000000
92938  27.174  -2.623  -34.460 0.7500000000
92967  25.448  -3.526  -38.105 0.3750000000
92968  24.479  -2.451  -38.918 0.3750000000
93963  25.617  -1.458  -36.610 0.7500000000
93971  25.246  -1.690  -37.389 0.3750000000
93994  21.986  -0.720  -41.327 0.1250000000
94851  18.897  -1.166  -33.787 0.1250000000
94859  25.271  -0.726  -32.651 0.8750000000
94875  26.053  -0.775  -33.594 0.7500000000
94913  24.340  -0.392  -37.519 0.3750000000
95761  18.311  -0.409  -34.892 0.3750000000
95768  24.596  0.749  -33.905 0.7500000000
95775  25.222  0.211  -34.849 0.6250000000
95809  20.903  0.835  -41.102 0.1250000000
95819  20.489  1.860  -41.171 0.1250000000
96637  19.127  1.975  -35.237 0.5000000000
96665  20.129  3.068  -40.029 0.1250000000
96675  19.953  2.784  -41.041 0.1250000000
97392  21.681  3.070  -34.824 0.3750000000
97449  19.982  3.143  -40.974 0.1250000000
98996  21.053  4.366  -32.498 0.1250000000
99019  20.534  5.304  -32.908 0.2500000000
99032  20.845  4.706  -36.572 0.2500000000
99061  19.757  6.287  -37.257 0.2500000000
99818  19.445  5.884  -36.183 0.2500000000
99828  19.461  6.131  -37.025 0.2500000000
100617  19.587  6.812  -35.084 0.2500000000
130698  16.309  -10.071  -27.786 0.1250000000
131788  30.415  -14.221  -29.715 0.6250000000
132182  26.517  -11.679  -29.547 1.0000000000
133419  28.429  -14.146  -28.600 0.7500000000
133466  31.592  -13.889  -32.024 0.1250000000
133582  31.470  -10.815  -31.863 0.3750000000
134985  28.587  -7.481  -36.099 0.2500000000
136022  22.453  -12.920  -30.997 1.0000000000
136984  29.077  -11.409  -28.837 0.8750000000
137300  23.401  -25.028  -27.430 0.3750000000
137389  22.517  -11.488  -31.657 1.0000000000
138442  26.164  -14.042  -28.663 1.0000000000
139207  20.936  -18.755  -28.783 1.0000000000
139960  25.193  -6.246  -44.086 0.1250000000
140847  22.572  -24.483  -26.244 0.5000000000
140850  29.058  -17.388  -32.638 0.1250000000
140897  23.310  -5.068  -31.551 1.0000000000
141134  20.997  -7.398  -32.732 1.0000000000
141324  23.539  -7.563  -31.426 1.0000000000
142486  27.173  -6.964  -29.481 1.0000000000
143150  22.808  -12.156  -31.323 1.0000000000
143224  19.019  0.648  -35.143 0.5000000000
143239  22.283  -2.553  -32.986 0.8750000000
144427  21.219  -12.930  -31.385 1.0000000000
145476  21.092  -12.365  -31.589 1.0000000000
146443  19.732  7.943  -33.898 0.1250000000
147264  17.468  -23.736  -23.252 0.3750000000
147286  28.427  -6.619  -34.897 0.5000000000
149132  23.136  -8.009  -31.975 1.0000000000
149970  26.078  -6.433  -43.990 0.1250000000
152251  21.465  -8.936  -32.483 0.7500000000
152730  22.729  -10.764  -31.705 1.0000000000
153961  19.198  -7.103  -32.495 0.3750000000
154031  24.097  -4.979  -46.060 0.1250000000
154063  16.739  -10.728  -29.242 0.3750000000
154758  27.837  -18.758  -30.572 0.1250000000
155502  28.936  -10.799  -28.994 0.8750000000
156175  22.323  -12.612  -31.269 1.0000000000
156444  30.441  -9.918  -29.817 0.7500000000
156821  32.140  -11.669  -34.597 0.1250000000
157259  22.715  1.547  -33.399 0.6250000000
158609  26.887  -15.431  -28.401 0.8750000000
