#!ascii label  , from subject sub-v2s3x28810_ses-1 vox2ras=TkReg
898
45678  -11.682  -23.587  89.130 0.0000000000
56584  -34.210  -11.718  80.523 0.0000000000
66546  -31.803  -3.093  76.351 0.0000000000
68690  -39.049  -0.704  70.848 0.0000000000
52380  -33.910  -16.298  81.363 0.0000000000
135034  -35.687  -1.090  73.940 0.0000000000
67742  -40.797  -0.590  64.695 0.0000000000
68772  -46.581  -0.471  65.260 0.0000000000
56596  -38.497  -12.056  78.551 0.0000000000
63454  -35.903  -6.876  79.359 0.0000000000
61498  -33.145  -7.336  78.881 0.0000000000
49368  -12.631  -19.539  91.950 0.0000000000
49380  -17.686  -19.641  90.923 0.0000000000
48425  -22.156  -20.498  89.025 0.0000000000
45726  -25.574  -23.202  86.923 0.0000000000
46691  -30.900  -22.806  85.386 0.0000000000
48493  -34.859  -20.785  83.217 0.0000000000
52381  -36.918  -16.943  80.423 0.0000000000
66549  -36.318  -2.201  76.508 0.0000000000
68797  -48.346  -1.107  63.704 0.0000000000
57620  -36.395  -11.666  80.028 0.0000000000
59539  -36.150  -9.049  80.270 0.0000000000
128687  -33.982  -9.490  80.264 0.0000000000
49388  -13.489  -19.539  89.810 0.0000000000
50471  -15.194  -19.661  91.394 0.0000000000
48479  -30.889  -20.332  84.037 0.0000000000
47575  -32.633  -21.192  84.651 0.0000000000
50532  -32.897  -19.299  84.137 0.0000000000
54534  -33.638  -14.322  80.928 0.0000000000
52360  -35.092  -17.013  81.811 0.0000000000
54535  -36.061  -14.812  80.359 0.0000000000
53505  -38.466  -15.086  78.944 0.0000000000
66497  -33.226  -3.276  79.888 0.0000000000
65501  -34.802  -3.678  77.804 0.0000000000
68572  -34.330  -0.974  78.162 0.0000000000
68660  -37.467  -0.613  72.241 0.0000000000
69735  -39.351  0.534  74.354 0.0000000000
67627  -41.620  -1.406  73.080 0.0000000000
64580  -42.316  -3.991  71.781 0.0000000000
67710  -42.396  -0.807  67.170 0.0000000000
127022  -40.502  -1.203  67.378 0.0000000000
50557  -33.462  -18.955  81.595 0.0000000000
65621  -36.596  -3.156  69.635 0.0000000000
68791  -42.962  -0.390  64.404 0.0000000000
129508  -44.278  -1.785  66.393 0.0000000000
64699  -47.455  -4.209  62.517 0.0000000000
56614  -38.645  -12.039  76.590 0.0000000000
60515  -37.459  -8.871  78.745 0.0000000000
63423  -34.662  -5.626  80.360 0.0000000000
47516  -12.328  -21.135  91.985 0.0000000000
46647  -19.286  -22.560  90.259 0.0000000000
48414  -19.962  -20.612  90.247 0.0000000000
45683  -21.126  -23.372  89.605 0.0000000000
44638  -23.085  -24.443  89.083 0.0000000000
112812  -25.033  -25.291  88.347 0.0000000000
42678  -27.764  -26.096  87.037 0.0000000000
45747  -27.975  -23.569  85.700 0.0000000000
44709  -31.759  -23.412  84.143 0.0000000000
51455  -34.386  -18.287  82.508 0.0000000000
49522  -36.296  -19.529  81.742 0.0000000000
49564  -37.376  -19.644  79.838 0.0000000000
51494  -38.770  -17.852  78.183 0.0000000000
131366  -39.538  -15.161  77.394 0.0000000000
69700  -36.699  0.002  76.125 0.0000000000
67706  -39.425  -1.578  67.680 0.0000000000
127693  -39.342  -2.708  70.359 0.0000000000
46626  -11.182  -22.732  90.919 0.0000000000
56585  -35.101  -12.272  80.556 0.0000000000
58588  -35.099  -10.523  80.644 0.0000000000
133094  -34.012  -10.751  80.379 0.0000000000
49497  -30.849  -19.505  83.292 0.0000000000
49470  -32.076  -19.782  84.214 0.0000000000
50541  -32.083  -19.146  83.545 0.0000000000
55567  -34.042  -13.166  80.865 0.0000000000
113046  -34.614  -14.265  81.062 0.0000000000
55569  -34.705  -13.393  80.737 0.0000000000
116185  -36.011  -13.296  80.120 0.0000000000
125055  -33.330  -1.656  78.749 0.0000000000
67567  -32.765  -1.664  77.162 0.0000000000
68679  -39.040  -0.313  71.551 0.0000000000
68663  -39.921  0.180  72.547 0.0000000000
68681  -40.101  -0.447  72.395 0.0000000000
66623  -41.402  -2.324  72.545 0.0000000000
66622  -40.162  -2.543  72.014 0.0000000000
66705  -42.666  -2.415  66.512 0.0000000000
66686  -41.457  -2.144  67.410 0.0000000000
65670  -39.830  -3.986  66.128 0.0000000000
67756  -43.405  -0.862  63.533 0.0000000000
68770  -44.680  -0.035  65.763 0.0000000000
68748  -44.596  -0.266  66.385 0.0000000000
67726  -45.901  -0.621  66.082 0.0000000000
66720  -44.840  -2.623  65.139 0.0000000000
66710  -47.062  -1.464  65.498 0.0000000000
116180  -48.395  -2.996  63.668 0.0000000000
123203  -39.207  -12.111  77.691 0.0000000000
113263  -38.258  -10.154  77.807 0.0000000000
58635  -38.171  -10.402  78.557 0.0000000000
61448  -34.390  -7.377  80.492 0.0000000000
61449  -35.393  -7.452  80.452 0.0000000000
62452  -33.551  -5.972  80.415 0.0000000000
113775  -32.536  -4.992  79.845 0.0000000000
62485  -32.554  -6.360  78.428 0.0000000000
46618  -13.682  -21.351  91.301 0.0000000000
48400  -14.065  -19.921  91.840 0.0000000000
120212  -16.554  -19.715  91.280 0.0000000000
49394  -21.646  -19.739  89.196 0.0000000000
48424  -21.319  -20.740  89.490 0.0000000000
46635  -20.620  -22.708  89.971 0.0000000000
46648  -21.396  -22.733  89.661 0.0000000000
115315  -21.888  -23.994  89.432 0.0000000000
46650  -22.906  -23.046  89.082 0.0000000000
117182  -25.933  -24.401  87.701 0.0000000000
43680  -26.228  -25.695  87.805 0.0000000000
45714  -27.041  -24.726  87.247 0.0000000000
46715  -30.034  -22.269  84.958 0.0000000000
46700  -28.460  -23.007  84.875 0.0000000000
46701  -29.855  -22.957  85.526 0.0000000000
44678  -29.452  -24.450  86.090 0.0000000000
45731  -30.271  -23.691  85.634 0.0000000000
44707  -30.527  -24.617  84.693 0.0000000000
45749  -31.342  -23.464  85.081 0.0000000000
47576  -33.398  -21.013  84.404 0.0000000000
46721  -33.406  -22.091  83.548 0.0000000000
46722  -34.326  -21.619  82.920 0.0000000000
47599  -35.214  -21.025  82.641 0.0000000000
50550  -33.879  -18.225  82.085 0.0000000000
118050  -34.185  -17.254  81.812 0.0000000000
52370  -36.258  -16.775  81.005 0.0000000000
51465  -35.497  -17.537  81.803 0.0000000000
50552  -36.878  -18.327  80.871 0.0000000000
49541  -37.053  -19.753  80.675 0.0000000000
50558  -37.535  -18.475  80.179 0.0000000000
126430  -38.284  -17.317  79.265 0.0000000000
55597  -38.685  -13.674  78.680 0.0000000000
117251  -39.495  -15.142  78.102 0.0000000000
55603  -39.542  -13.621  77.684 0.0000000000
56615  -39.185  -12.817  76.818 0.0000000000
49386  -12.002  -19.576  90.421 0.0000000000
49367  -11.906  -19.567  92.337 0.0000000000
48389  -11.808  -19.850  92.570 0.0000000000
115197  -36.870  -8.451  78.053 0.0000000000
62500  -35.768  -7.152  78.141 0.0000000000
65513  -35.067  -3.201  76.948 0.0000000000
67602  -34.491  -1.621  74.503 0.0000000000
121440  -35.005  -0.421  75.962 0.0000000000
68638  -36.309  -0.241  74.825 0.0000000000
67589  -40.627  -1.421  74.676 0.0000000000
67573  -39.406  -0.671  75.345 0.0000000000
66671  -40.542  -2.174  68.039 0.0000000000
121729  -40.048  -1.369  67.491 0.0000000000
66657  -39.887  -2.208  68.755 0.0000000000
67676  -39.639  -1.697  68.779 0.0000000000
65622  -39.270  -3.503  69.916 0.0000000000
64594  -39.542  -4.277  70.259 0.0000000000
67759  -46.424  -0.904  63.546 0.0000000000
68773  -47.308  -0.728  64.921 0.0000000000
67780  -47.878  -1.125  62.735 0.0000000000
68815  -48.619  -0.907  62.758 0.0000000000
56595  -37.715  -12.163  79.163 0.0000000000
58634  -37.548  -10.497  79.269 0.0000000000
58606  -36.057  -10.707  80.291 0.0000000000
59528  -34.673  -9.019  80.583 0.0000000000
124334  -33.490  -7.911  79.607 0.0000000000
120618  -13.224  -19.250  90.654 0.0000000000
50470  -14.012  -19.572  91.607 0.0000000000
50481  -17.305  -19.345  90.613 0.0000000000
47572  -30.892  -21.634  84.867 0.0000000000
47567  -31.511  -22.111  85.093 0.0000000000
114710  -31.969  -20.932  84.789 0.0000000000
49453  -32.726  -20.032  84.426 0.0000000000
49472  -33.344  -19.701  84.159 0.0000000000
53466  -33.639  -15.202  81.090 0.0000000000
52359  -34.571  -16.539  81.675 0.0000000000
53428  -34.728  -15.857  81.530 0.0000000000
53448  -35.487  -15.763  81.189 0.0000000000
53468  -36.526  -16.088  80.468 0.0000000000
53488  -37.884  -15.684  79.414 0.0000000000
54543  -36.706  -14.784  79.903 0.0000000000
118061  -36.823  -13.304  79.708 0.0000000000
48422  -12.166  -20.000  89.380 0.0000000000
64455  -34.746  -5.095  79.677 0.0000000000
63469  -35.047  -5.423  78.643 0.0000000000
65483  -34.528  -3.855  79.238 0.0000000000
127129  -34.931  -1.802  78.436 0.0000000000
67545  -35.995  -1.078  77.512 0.0000000000
117153  -36.884  -0.680  72.985 0.0000000000
69746  -37.119  -0.003  74.243 0.0000000000
69759  -38.613  0.429  73.228 0.0000000000
69737  -40.639  0.012  73.662 0.0000000000
68745  -41.641  -0.164  66.104 0.0000000000
67725  -40.613  -0.698  66.053 0.0000000000
67709  -41.591  -0.827  67.136 0.0000000000
65657  -40.656  -2.734  67.586 0.0000000000
56594  -33.441  -12.391  79.669 0.0000000000
55586  -33.414  -13.619  80.086 0.0000000000
117792  -32.558  -2.775  75.313 0.0000000000
66606  -35.300  -2.349  72.249 0.0000000000
66620  -36.354  -2.148  71.196 0.0000000000
67652  -37.146  -1.601  70.809 0.0000000000
67653  -37.960  -1.004  70.343 0.0000000000
68790  -41.967  -0.439  64.288 0.0000000000
126594  -43.267  -0.184  66.640 0.0000000000
66688  -43.059  -1.389  66.973 0.0000000000
65673  -42.487  -2.958  65.594 0.0000000000
66723  -47.525  -2.129  65.062 0.0000000000
65706  -46.760  -3.492  63.742 0.0000000000
58684  -38.138  -11.219  76.743 0.0000000000
59592  -37.772  -9.386  77.937 0.0000000000
61499  -36.736  -7.788  78.978 0.0000000000
59551  -37.127  -9.044  79.515 0.0000000000
62464  -36.053  -7.263  79.694 0.0000000000
63438  -35.417  -6.235  79.980 0.0000000000
65455  -33.811  -4.342  80.329 0.0000000000
65481  -32.008  -4.147  78.937 0.0000000000
124392  -33.503  -10.229  78.825 0.0000000000
59579  -33.490  -8.870  78.145 0.0000000000
61521  -32.505  -7.085  76.903 0.0000000000
46627  -12.094  -22.307  90.623 0.0000000000
46628  -13.122  -21.977  90.507 0.0000000000
45695  -19.726  -23.203  88.905 0.0000000000
50499  -17.061  -19.203  89.022 0.0000000000
50482  -18.124  -19.374  90.438 0.0000000000
49382  -19.049  -19.668  90.356 0.0000000000
45669  -19.990  -23.091  90.034 0.0000000000
43676  -23.388  -25.194  88.520 0.0000000000
43691  -24.578  -25.867  87.991 0.0000000000
46689  -25.743  -22.601  85.945 0.0000000000
46699  -27.374  -23.023  84.825 0.0000000000
45728  -27.316  -23.990  86.526 0.0000000000
44676  -27.861  -24.725  86.767 0.0000000000
43704  -28.943  -25.806  86.284 0.0000000000
45751  -32.471  -22.504  84.394 0.0000000000
133804  -33.031  -18.921  83.052 0.0000000000
50533  -33.467  -19.306  83.885 0.0000000000
114466  -34.325  -19.467  83.467 0.0000000000
114476  -34.754  -17.430  82.023 0.0000000000
50544  -35.115  -18.851  82.642 0.0000000000
49475  -35.388  -19.766  82.704 0.0000000000
48507  -36.092  -20.626  81.596 0.0000000000
48522  -36.327  -20.588  80.901 0.0000000000
51508  -38.903  -17.311  77.286 0.0000000000
121327  -38.626  -15.909  78.838 0.0000000000
52423  -39.407  -16.428  77.809 0.0000000000
52433  -39.161  -16.357  76.922 0.0000000000
123357  -39.048  -14.744  76.588 0.0000000000
47515  -11.573  -21.301  92.363 0.0000000000
68601  -33.952  -0.852  76.544 0.0000000000
68587  -35.552  -0.478  77.322 0.0000000000
67557  -37.136  -1.003  76.815 0.0000000000
70703  -37.940  0.353  75.440 0.0000000000
127493  -38.247  -0.473  76.031 0.0000000000
66564  -37.580  -2.309  75.534 0.0000000000
66644  -37.392  -2.300  69.455 0.0000000000
67664  -38.903  -1.205  69.414 0.0000000000
67707  -40.124  -1.222  66.538 0.0000000000
66685  -39.478  -1.738  66.754 0.0000000000
66669  -38.671  -2.109  67.737 0.0000000000
67665  -39.323  -1.473  69.357 0.0000000000
134313  -39.355  -1.502  70.690 0.0000000000
65592  -40.093  -3.495  71.530 0.0000000000
45677  -11.000  -24.072  89.631 0.0000000000
57584  -34.538  -11.386  80.552 0.0000000000
57604  -33.910  -11.550  80.374 0.0000000000
113696  -30.066  -19.509  82.861 0.0000000000
50540  -31.571  -19.191  83.081 0.0000000000
49519  -31.885  -19.388  82.359 0.0000000000
56583  -33.952  -12.317  80.613 0.0000000000
55568  -34.229  -13.383  80.885 0.0000000000
56578  -34.178  -12.360  80.635 0.0000000000
133892  -35.082  -12.802  80.529 0.0000000000
66534  -31.882  -2.894  77.220 0.0000000000
66535  -32.319  -2.126  77.604 0.0000000000
66547  -32.241  -2.326  76.783 0.0000000000
68680  -39.449  -0.249  72.000 0.0000000000
67642  -39.516  -0.770  71.683 0.0000000000
67643  -40.194  -1.488  72.275 0.0000000000
130339  -39.582  -1.638  71.511 0.0000000000
65672  -41.877  -2.983  66.046 0.0000000000
65658  -40.926  -3.111  66.590 0.0000000000
67758  -45.389  -0.871  63.587 0.0000000000
68771  -45.747  -0.240  65.544 0.0000000000
68749  -45.320  -0.320  66.149 0.0000000000
68750  -46.173  -0.485  65.764 0.0000000000
68751  -46.752  -0.648  65.433 0.0000000000
56602  -39.131  -12.018  78.088 0.0000000000
57645  -38.973  -11.373  77.887 0.0000000000
57644  -38.689  -11.222  78.238 0.0000000000
61465  -33.635  -7.242  80.209 0.0000000000
118107  -33.799  -6.871  80.363 0.0000000000
62474  -32.854  -6.325  79.528 0.0000000000
49359  -12.890  -19.574  92.138 0.0000000000
48391  -13.381  -19.482  91.879 0.0000000000
50473  -16.932  -19.571  91.139 0.0000000000
119330  -17.274  -19.859  91.260 0.0000000000
47536  -20.961  -21.833  89.783 0.0000000000
47542  -21.777  -21.729  89.373 0.0000000000
46649  -22.185  -22.795  89.429 0.0000000000
47543  -22.647  -21.706  88.830 0.0000000000
45712  -25.599  -23.958  87.660 0.0000000000
44663  -26.234  -24.885  87.745 0.0000000000
45713  -26.317  -24.072  87.211 0.0000000000
46702  -30.543  -22.472  85.263 0.0000000000
46690  -30.233  -23.117  85.561 0.0000000000
45732  -30.978  -23.368  85.355 0.0000000000
47588  -34.051  -21.128  83.898 0.0000000000
47597  -34.201  -21.486  83.405 0.0000000000
47589  -34.465  -21.108  83.472 0.0000000000
47598  -34.711  -21.309  83.043 0.0000000000
123370  -33.944  -17.321  81.521 0.0000000000
51471  -36.569  -17.542  80.953 0.0000000000
51472  -37.280  -17.734  80.356 0.0000000000
51480  -37.915  -17.868  79.701 0.0000000000
52382  -37.627  -17.142  79.813 0.0000000000
56597  -39.072  -12.832  78.344 0.0000000000
55598  -39.404  -13.643  78.178 0.0000000000
56603  -39.406  -12.826  77.966 0.0000000000
49377  -11.889  -19.393  91.497 0.0000000000
49358  -12.273  -19.630  92.429 0.0000000000
62501  -36.317  -7.486  78.595 0.0000000000
61511  -36.403  -7.917  78.149 0.0000000000
62486  -35.971  -6.920  78.852 0.0000000000
65514  -35.721  -2.865  76.304 0.0000000000
65527  -35.236  -3.683  76.150 0.0000000000
65528  -36.053  -3.291  75.583 0.0000000000
65529  -37.030  -2.995  75.140 0.0000000000
67603  -35.105  -1.350  74.235 0.0000000000
68637  -35.626  -0.761  74.579 0.0000000000
67741  -40.135  -1.069  64.487 0.0000000000
66670  -39.735  -2.986  68.555 0.0000000000
66658  -40.206  -1.785  68.342 0.0000000000
56591  -36.983  -12.348  79.646 0.0000000000
57631  -37.243  -11.446  79.503 0.0000000000
58587  -34.517  -9.797  80.518 0.0000000000
59530  -35.061  -9.689  80.687 0.0000000000
59536  -34.299  -9.155  80.428 0.0000000000
60488  -33.976  -8.686  80.303 0.0000000000
134776  -33.860  -8.661  80.209 0.0000000000
50489  -16.782  -19.168  89.888 0.0000000000
117149  -30.175  -19.991  83.479 0.0000000000
47587  -30.843  -20.912  84.413 0.0000000000
129289  -31.435  -20.568  84.415 0.0000000000
48460  -31.540  -20.998  84.698 0.0000000000
48461  -31.913  -20.547  84.576 0.0000000000
116457  -32.524  -19.693  84.305 0.0000000000
49452  -32.207  -20.124  84.419 0.0000000000
49454  -33.319  -20.272  84.344 0.0000000000
49471  -32.975  -19.568  84.266 0.0000000000
53446  -33.918  -14.870  81.331 0.0000000000
53447  -34.328  -15.732  81.496 0.0000000000
55570  -35.067  -14.206  80.809 0.0000000000
119499  -35.010  -15.153  81.258 0.0000000000
54528  -35.481  -14.954  80.789 0.0000000000
53467  -35.950  -15.531  80.709 0.0000000000
54536  -36.430  -15.348  80.281 0.0000000000
56586  -35.757  -12.424  80.275 0.0000000000
56590  -36.376  -12.596  79.940 0.0000000000
124286  -37.458  -12.899  79.350 0.0000000000
49398  -12.925  -19.949  89.071 0.0000000000
49387  -12.727  -19.581  90.050 0.0000000000
65468  -34.104  -4.056  80.010 0.0000000000
65469  -34.472  -4.391  79.673 0.0000000000
66499  -34.095  -3.348  79.711 0.0000000000
67543  -33.968  -1.398  78.738 0.0000000000
120760  -34.618  -2.195  78.839 0.0000000000
67532  -34.764  -1.535  78.446 0.0000000000
66522  -35.262  -1.710  78.066 0.0000000000
67544  -35.257  -1.246  78.006 0.0000000000
68650  -37.625  -0.097  73.246 0.0000000000
68661  -38.412  0.031  72.475 0.0000000000
68664  -40.553  -0.082  72.803 0.0000000000
69762  -40.177  0.433  72.972 0.0000000000
68652  -41.165  -0.594  73.384 0.0000000000
67615  -41.561  -1.363  73.656 0.0000000000
67628  -42.096  -2.235  72.973 0.0000000000
68731  -42.012  -0.331  66.706 0.0000000000
65648  -39.859  -3.257  67.921 0.0000000000
129988  -33.396  -13.070  79.861 0.0000000000
67639  -35.991  -1.858  71.963 0.0000000000
66632  -36.695  -2.454  70.306 0.0000000000
66633  -37.437  -1.719  70.081 0.0000000000
68768  -42.565  -0.053  65.293 0.0000000000
121881  -43.136  0.010  66.091 0.0000000000
67711  -44.549  -0.649  66.634 0.0000000000
68734  -44.072  -0.423  66.671 0.0000000000
66689  -44.005  -1.023  66.913 0.0000000000
66706  -43.573  -2.038  66.444 0.0000000000
66718  -43.185  -2.733  65.660 0.0000000000
66719  -44.075  -2.526  65.585 0.0000000000
66721  -45.750  -2.327  65.480 0.0000000000
68774  -47.892  -0.967  64.426 0.0000000000
67744  -47.797  -1.062  64.897 0.0000000000
67745  -48.280  -1.388  64.288 0.0000000000
65721  -48.063  -3.787  63.007 0.0000000000
65707  -47.640  -3.353  63.743 0.0000000000
57670  -37.970  -11.631  75.995 0.0000000000
59580  -38.013  -9.654  78.284 0.0000000000
60527  -37.529  -9.023  78.308 0.0000000000
60540  -37.229  -8.744  78.184 0.0000000000
61500  -37.126  -8.410  78.629 0.0000000000
58607  -36.451  -9.848  80.094 0.0000000000
59565  -37.082  -9.757  79.645 0.0000000000
59550  -36.659  -9.049  79.899 0.0000000000
62453  -35.306  -6.818  80.398 0.0000000000
61466  -36.032  -7.310  79.824 0.0000000000
62454  -35.659  -6.773  80.001 0.0000000000
128173  -35.854  -7.147  79.932 0.0000000000
63424  -34.891  -5.782  80.320 0.0000000000
64428  -34.547  -5.320  80.244 0.0000000000
64427  -34.213  -4.975  80.372 0.0000000000
64468  -31.913  -4.717  78.371 0.0000000000
112875  -32.414  -4.320  79.658 0.0000000000
46617  -12.754  -21.581  91.364 0.0000000000
47518  -14.554  -21.161  91.294 0.0000000000
130815  -14.473  -19.696  91.562 0.0000000000
49371  -14.710  -19.775  91.556 0.0000000000
123543  -18.157  -22.331  90.168 0.0000000000
45680  -18.803  -22.661  89.911 0.0000000000
45694  -18.933  -22.837  89.163 0.0000000000
45681  -19.495  -23.016  89.730 0.0000000000
50500  -17.892  -19.085  88.937 0.0000000000
50490  -17.634  -19.086  89.820 0.0000000000
49383  -19.785  -19.792  90.105 0.0000000000
48413  -19.110  -20.317  90.531 0.0000000000
46634  -19.981  -22.649  90.235 0.0000000000
45670  -20.430  -23.091  89.917 0.0000000000
122997  -20.078  -23.238  89.593 0.0000000000
45682  -20.603  -23.279  89.613 0.0000000000
44649  -21.098  -23.807  88.411 0.0000000000
44637  -22.491  -24.330  89.183 0.0000000000
44636  -22.170  -24.380  89.064 0.0000000000
44651  -22.901  -24.728  88.953 0.0000000000
115268  -25.017  -24.824  88.399 0.0000000000
128024  -24.500  -24.491  88.587 0.0000000000
43678  -24.770  -25.590  88.262 0.0000000000
43679  -25.449  -25.676  88.069 0.0000000000
43693  -27.072  -26.012  87.466 0.0000000000
42676  -26.540  -26.296  87.388 0.0000000000
42677  -27.237  -26.443  87.059 0.0000000000
42686  -27.160  -26.717  86.550 0.0000000000
42687  -27.911  -26.578  86.504 0.0000000000
46713  -27.916  -22.304  84.272 0.0000000000
45746  -27.036  -23.437  85.614 0.0000000000
45729  -28.380  -24.040  86.339 0.0000000000
43695  -28.880  -25.310  86.411 0.0000000000
43705  -29.410  -25.239  86.086 0.0000000000
44708  -31.186  -23.896  84.435 0.0000000000
132914  -30.709  -24.376  84.166 0.0000000000
47574  -32.047  -21.458  84.878 0.0000000000
46704  -31.948  -22.241  84.946 0.0000000000
46705  -32.504  -21.910  84.661 0.0000000000
49520  -32.699  -19.424  81.761 0.0000000000
129875  -33.258  -19.012  82.414 0.0000000000
51463  -34.065  -18.118  82.301 0.0000000000
50543  -33.862  -18.806  83.220 0.0000000000
51450  -34.134  -19.021  83.269 0.0000000000
123123  -33.802  -19.485  83.778 0.0000000000
124087  -34.553  -19.076  83.013 0.0000000000
126717  -34.836  -16.580  81.704 0.0000000000
50546  -35.956  -18.925  81.967 0.0000000000
51458  -35.482  -18.357  82.170 0.0000000000
50545  -35.416  -19.089  82.494 0.0000000000
49498  -35.830  -19.522  82.232 0.0000000000
49521  -35.967  -20.159  82.140 0.0000000000
48539  -36.864  -20.170  80.391 0.0000000000
50582  -38.489  -18.375  78.129 0.0000000000
51500  -38.878  -17.685  77.800 0.0000000000
135623  -39.585  -14.945  77.725 0.0000000000
129368  -39.543  -15.632  77.775 0.0000000000
53555  -39.397  -15.432  76.980 0.0000000000
53554  -39.006  -15.566  76.650 0.0000000000
54596  -39.458  -14.508  77.005 0.0000000000
55614  -39.037  -13.661  76.524 0.0000000000
125382  -38.743  -12.780  76.323 0.0000000000
120197  -12.130  -20.351  92.438 0.0000000000
47508  -11.084  -20.649  92.754 0.0000000000
46616  -11.874  -21.869  91.577 0.0000000000
64469  -34.787  -4.559  78.710 0.0000000000
63484  -34.763  -5.284  77.621 0.0000000000
66562  -33.050  -2.131  75.581 0.0000000000
67585  -33.515  -1.402  76.028 0.0000000000
68603  -35.895  -0.127  76.234 0.0000000000
68602  -35.052  -0.301  76.596 0.0000000000
127459  -35.828  0.055  76.784 0.0000000000
68588  -36.433  -0.507  76.976 0.0000000000
68589  -37.193  -0.299  76.429 0.0000000000
69734  -38.514  0.586  74.430 0.0000000000
69733  -37.699  0.414  74.750 0.0000000000
70719  -38.843  0.512  74.847 0.0000000000
67572  -38.737  -0.694  75.735 0.0000000000
66551  -38.728  -1.508  75.632 0.0000000000
66550  -38.007  -1.619  75.907 0.0000000000
66565  -38.548  -2.249  75.354 0.0000000000
67663  -38.133  -1.311  69.638 0.0000000000
67674  -38.330  -1.606  69.036 0.0000000000
67708  -40.839  -0.874  66.967 0.0000000000
67689  -39.959  -1.474  68.202 0.0000000000
66684  -38.817  -2.368  66.975 0.0000000000
67688  -39.335  -1.484  68.376 0.0000000000
66645  -39.527  -2.156  69.498 0.0000000000
66634  -39.335  -1.620  70.079 0.0000000000
66621  -39.465  -2.510  71.130 0.0000000000
65609  -39.496  -3.528  70.747 0.0000000000
57607  -35.566  -11.500  80.429 0.0000000000
57606  -35.145  -11.370  80.579 0.0000000000
121242  -34.673  -10.375  80.587 0.0000000000
59535  -33.939  -10.187  80.311 0.0000000000
134935  -31.055  -19.924  83.760 0.0000000000
48480  -31.635  -20.113  84.209 0.0000000000
129395  -31.635  -19.563  83.787 0.0000000000
50531  -32.310  -19.399  84.046 0.0000000000
55578  -33.711  -13.551  80.757 0.0000000000
120256  -34.199  -14.303  81.217 0.0000000000
122840  -35.663  -14.111  80.425 0.0000000000
55579  -35.263  -13.232  80.489 0.0000000000
66520  -32.355  -2.721  78.961 0.0000000000
67529  -32.998  -2.260  79.172 0.0000000000
121123  -32.630  -2.003  78.435 0.0000000000
133891  -33.061  -1.540  78.349 0.0000000000
67556  -33.367  -1.162  77.493 0.0000000000
68678  -38.400  -0.352  71.689 0.0000000000
68662  -38.944  0.033  72.069 0.0000000000
69776  -39.381  0.097  72.301 0.0000000000
67626  -41.070  -1.086  72.774 0.0000000000
117646  -41.776  -1.992  72.878 0.0000000000
118521  -41.221  -3.323  72.057 0.0000000000
66687  -42.230  -1.747  67.072 0.0000000000
66704  -41.895  -2.478  66.872 0.0000000000
68792  -44.003  -0.330  64.578 0.0000000000
68747  -43.915  -0.109  66.318 0.0000000000
68735  -44.735  -0.421  66.452 0.0000000000
66690  -44.762  -1.205  66.545 0.0000000000
66707  -44.904  -2.022  66.003 0.0000000000
66708  -45.542  -1.324  66.244 0.0000000000
66709  -46.352  -1.377  65.881 0.0000000000
66722  -46.766  -2.259  65.295 0.0000000000
68798  -48.863  -1.131  63.233 0.0000000000
66736  -48.646  -2.133  64.051 0.0000000000
65709  -49.138  -2.568  63.056 0.0000000000
65708  -48.767  -3.135  63.033 0.0000000000
64716  -47.260  -4.460  61.899 0.0000000000
57663  -39.063  -12.127  77.170 0.0000000000
57662  -38.659  -11.445  77.202 0.0000000000
58664  -38.647  -10.968  77.660 0.0000000000
58649  -38.605  -10.571  78.034 0.0000000000
135766  -34.900  -8.036  80.656 0.0000000000
60490  -36.073  -8.320  80.230 0.0000000000
61427  -34.842  -7.415  80.606 0.0000000000
62437  -34.760  -6.763  80.572 0.0000000000
63421  -33.343  -5.101  80.419 0.0000000000
62463  -32.946  -5.543  80.207 0.0000000000
117695  -32.415  -5.748  79.034 0.0000000000
119458  -32.129  -5.487  78.442 0.0000000000
47517  -13.058  -20.534  91.884 0.0000000000
118217  -14.038  -20.448  91.697 0.0000000000
122750  -14.863  -20.514  91.542 0.0000000000
47533  -18.608  -21.766  90.643 0.0000000000
48415  -20.589  -21.004  89.831 0.0000000000
120249  -21.804  -23.421  89.530 0.0000000000
45684  -22.502  -23.776  89.349 0.0000000000
45685  -23.186  -23.916  89.131 0.0000000000
44654  -25.591  -25.191  88.131 0.0000000000
114361  -26.811  -25.394  87.538 0.0000000000
44664  -27.491  -25.468  87.208 0.0000000000
126458  -29.278  -21.298  84.028 0.0000000000
46714  -29.098  -22.161  84.414 0.0000000000
125362  -29.384  -22.801  85.176 0.0000000000
45748  -29.066  -23.463  85.764 0.0000000000
126195  -29.099  -24.038  86.199 0.0000000000
44679  -29.991  -24.546  85.725 0.0000000000
44692  -31.042  -24.061  84.965 0.0000000000
44693  -31.577  -23.435  84.588 0.0000000000
46706  -33.093  -21.600  84.399 0.0000000000
46717  -33.667  -21.679  83.908 0.0000000000
130970  -33.888  -21.792  83.296 0.0000000000
46723  -34.884  -21.353  82.496 0.0000000000
121739  -35.497  -21.101  82.035 0.0000000000
51479  -33.674  -18.188  80.967 0.0000000000
52369  -35.607  -16.660  81.441 0.0000000000
118819  -36.031  -17.307  81.425 0.0000000000
51466  -36.165  -18.111  81.585 0.0000000000
50551  -36.565  -18.909  81.390 0.0000000000
123197  -36.766  -19.493  81.206 0.0000000000
121224  -37.143  -19.066  80.745 0.0000000000
49542  -37.587  -19.151  79.993 0.0000000000
125803  -38.118  -18.468  79.379 0.0000000000
50573  -38.550  -17.885  78.721 0.0000000000
113894  -38.885  -17.395  78.286 0.0000000000
54551  -38.344  -14.361  78.979 0.0000000000
54552  -39.157  -14.511  78.471 0.0000000000
54562  -39.589  -14.377  77.982 0.0000000000
54577  -39.562  -14.383  77.474 0.0000000000
55608  -39.449  -13.629  77.122 0.0000000000
56609  -39.373  -12.843  77.370 0.0000000000
48412  -11.245  -19.700  90.883 0.0000000000
49366  -11.130  -19.599  92.124 0.0000000000
64479  -34.748  -4.248  76.895 0.0000000000
68617  -34.253  -0.918  75.854 0.0000000000
68618  -34.861  -1.017  75.096 0.0000000000
68619  -35.648  -0.363  75.389 0.0000000000
69715  -36.816  0.102  75.727 0.0000000000
68622  -40.036  -0.617  74.807 0.0000000000
68621  -39.375  -0.119  75.129 0.0000000000
67690  -40.519  -1.551  67.964 0.0000000000
68794  -46.113  -0.427  64.626 0.0000000000
68795  -47.001  -0.645  64.454 0.0000000000
67760  -47.414  -0.955  63.554 0.0000000000
67761  -48.216  -1.020  63.356 0.0000000000
68810  -48.767  -0.959  63.033 0.0000000000
68811  -49.082  -0.974  62.710 0.0000000000
57632  -38.022  -11.278  78.878 0.0000000000
58621  -36.786  -10.660  79.821 0.0000000000
121070  -35.915  -10.003  80.366 0.0000000000
58605  -35.367  -10.615  80.570 0.0000000000
59537  -35.245  -9.762  80.653 0.0000000000
59531  -35.248  -9.034  80.659 0.0000000000
60477  -34.724  -8.213  80.594 0.0000000000
61447  -33.943  -7.747  80.316 0.0000000000
49379  -13.308  -19.355  91.358 0.0000000000
49369  -13.448  -19.441  92.230 0.0000000000
50479  -15.587  -19.358  90.763 0.0000000000
50472  -16.092  -19.607  91.249 0.0000000000
47586  -30.045  -21.475  84.424 0.0000000000
46703  -31.099  -22.065  85.154 0.0000000000
47573  -31.559  -21.486  84.902 0.0000000000
126768  -32.269  -20.890  84.707 0.0000000000
48462  -32.278  -20.527  84.574 0.0000000000
48463  -32.719  -20.619  84.567 0.0000000000
48464  -33.834  -20.586  84.109 0.0000000000
49473  -34.048  -20.150  83.911 0.0000000000
52390  -33.561  -15.833  80.831 0.0000000000
52367  -34.254  -16.438  81.611 0.0000000000
117727  -33.960  -15.682  81.393 0.0000000000
52368  -35.108  -16.146  81.555 0.0000000000
119902  -34.495  -15.021  81.366 0.0000000000
53449  -35.942  -16.161  81.010 0.0000000000
53469  -37.325  -16.328  79.872 0.0000000000
53487  -37.019  -15.509  79.847 0.0000000000
54544  -37.584  -14.762  79.443 0.0000000000
55587  -36.363  -14.082  80.019 0.0000000000
122155  -37.023  -14.137  79.673 0.0000000000
55588  -37.727  -13.731  79.275 0.0000000000
55596  -38.150  -12.915  78.865 0.0000000000
49378  -12.629  -19.203  91.009 0.0000000000
63453  -35.567  -6.360  79.635 0.0000000000
63470  -35.483  -6.147  79.000 0.0000000000
135361  -35.163  -5.564  79.486 0.0000000000
115476  -34.780  -4.737  79.105 0.0000000000
65493  -34.674  -3.560  78.655 0.0000000000
66510  -34.324  -2.745  79.254 0.0000000000
66521  -34.727  -2.537  78.633 0.0000000000
66536  -35.053  -2.547  77.808 0.0000000000
66537  -35.720  -1.713  77.594 0.0000000000
67569  -36.484  -1.463  76.979 0.0000000000
67614  -36.161  -1.081  73.349 0.0000000000
68648  -36.262  -0.598  74.068 0.0000000000
68649  -36.791  -0.482  73.565 0.0000000000
69747  -38.108  0.465  73.974 0.0000000000
69749  -39.254  0.672  73.885 0.0000000000
69760  -39.121  0.362  72.660 0.0000000000
125490  -39.769  0.600  73.322 0.0000000000
69736  -40.075  0.412  73.985 0.0000000000
68640  -41.126  -0.629  73.987 0.0000000000
68766  -41.051  -0.346  65.637 0.0000000000
68730  -41.290  -0.438  66.497 0.0000000000
67691  -41.138  -1.550  67.562 0.0000000000
66672  -41.800  -1.440  67.300 0.0000000000
56582  -33.824  -12.429  80.523 0.0000000000
57603  -33.818  -11.925  80.415 0.0000000000
57630  -33.487  -11.681  79.499 0.0000000000
121153  -33.422  -14.915  80.268 0.0000000000
54542  -33.507  -14.611  80.669 0.0000000000
54533  -33.554  -13.923  80.603 0.0000000000
55577  -33.654  -13.187  80.548 0.0000000000
56589  -33.496  -12.524  80.059 0.0000000000
65526  -31.919  -3.269  75.557 0.0000000000
66561  -32.340  -2.562  75.999 0.0000000000
66582  -33.192  -2.542  74.707 0.0000000000
67612  -34.656  -1.914  73.869 0.0000000000
67613  -35.342  -1.574  73.518 0.0000000000
67624  -35.662  -1.706  72.766 0.0000000000
67625  -36.487  -1.218  72.509 0.0000000000
67640  -36.860  -1.399  71.668 0.0000000000
67641  -37.717  -0.869  71.231 0.0000000000
68689  -38.559  -0.644  70.877 0.0000000000
67743  -41.197  -0.578  64.208 0.0000000000
68767  -41.602  -0.185  65.221 0.0000000000
68746  -42.406  -0.062  66.213 0.0000000000
68732  -42.696  -0.291  66.832 0.0000000000
68733  -43.277  -0.558  66.973 0.0000000000
67728  -47.213  -0.890  65.309 0.0000000000
65691  -47.199  -2.828  64.494 0.0000000000
66735  -47.995  -2.577  64.384 0.0000000000
58676  -38.251  -10.685  77.367 0.0000000000
59608  -37.800  -9.884  77.532 0.0000000000
59591  -37.223  -9.113  77.723 0.0000000000
61512  -36.739  -8.010  78.539 0.0000000000
62487  -36.286  -7.337  78.833 0.0000000000
125666  -37.632  -9.499  79.043 0.0000000000
60502  -37.176  -8.645  79.252 0.0000000000
61451  -36.069  -7.865  80.132 0.0000000000
61467  -36.317  -7.938  79.931 0.0000000000
61486  -37.008  -8.188  79.095 0.0000000000
61485  -36.506  -7.693  79.386 0.0000000000
62476  -36.197  -7.290  79.379 0.0000000000
64441  -35.099  -5.634  79.942 0.0000000000
64440  -34.615  -4.978  79.773 0.0000000000
65467  -33.455  -3.786  80.160 0.0000000000
117943  -32.878  -4.655  80.199 0.0000000000
65466  -32.870  -3.773  80.031 0.0000000000
65482  -32.337  -3.487  79.371 0.0000000000
64478  -31.478  -3.805  76.766 0.0000000000
131337  -33.877  -11.180  80.344 0.0000000000
59564  -33.687  -9.751  79.774 0.0000000000
59578  -33.491  -9.583  78.270 0.0000000000
115103  -33.562  -9.257  78.961 0.0000000000
130327  -33.480  -8.346  78.894 0.0000000000
122231  -33.267  -8.024  78.029 0.0000000000
61510  -32.841  -7.192  77.842 0.0000000000
62498  -32.402  -6.524  77.579 0.0000000000
65525  -31.444  -3.841  75.802 0.0000000000
45668  -11.446  -23.193  90.010 0.0000000000
46641  -12.371  -22.692  89.727 0.0000000000
49370  -13.922  -19.688  91.739 0.0000000000
49381  -18.360  -19.660  90.601 0.0000000000
47534  -19.392  -21.892  90.489 0.0000000000
47535  -20.147  -21.774  90.282 0.0000000000
44652  -23.604  -24.997  88.895 0.0000000000
43677  -24.073  -25.476  88.469 0.0000000000
43692  -25.878  -26.063  87.798 0.0000000000
132202  -26.490  -26.614  86.975 0.0000000000
47584  -27.447  -21.594  84.005 0.0000000000
46698  -26.492  -22.803  85.277 0.0000000000
45727  -26.319  -23.438  86.154 0.0000000000
44665  -28.196  -25.431  86.749 0.0000000000
44677  -28.678  -24.678  86.456 0.0000000000
43694  -28.442  -26.001  86.620 0.0000000000
45733  -31.470  -22.823  85.176 0.0000000000
45750  -31.915  -22.862  84.763 0.0000000000
45762  -32.175  -23.013  84.213 0.0000000000
45763  -32.761  -22.529  83.840 0.0000000000
45775  -32.244  -22.963  83.715 0.0000000000
50549  -32.424  -19.030  82.894 0.0000000000
50542  -32.789  -19.040  83.592 0.0000000000
125332  -33.548  -18.766  83.064 0.0000000000
118679  -33.240  -19.043  83.626 0.0000000000
49474  -34.763  -20.021  83.362 0.0000000000
51464  -34.425  -17.340  81.924 0.0000000000
51456  -34.646  -18.476  82.578 0.0000000000
51457  -35.073  -17.875  82.259 0.0000000000
50534  -34.863  -19.340  83.011 0.0000000000
48494  -35.330  -20.442  82.731 0.0000000000
47606  -35.655  -20.743  82.213 0.0000000000
47615  -35.728  -20.915  81.403 0.0000000000
48508  -36.540  -20.031  81.424 0.0000000000
52400  -38.131  -16.536  79.350 0.0000000000
52401  -38.744  -16.803  78.656 0.0000000000
52413  -39.216  -16.801  78.124 0.0000000000
53506  -39.110  -15.336  78.491 0.0000000000
53521  -39.318  -16.021  78.239 0.0000000000
51501  -39.162  -17.195  77.875 0.0000000000
54611  -38.381  -14.158  76.029 0.0000000000
46615  -10.988  -22.209  91.900 0.0000000000
63485  -35.373  -6.246  78.409 0.0000000000
67584  -32.857  -1.879  76.384 0.0000000000
67568  -33.328  -1.245  76.787 0.0000000000
117630  -33.822  -0.843  77.147 0.0000000000
132386  -34.549  -0.526  76.427 0.0000000000
113661  -34.519  -0.482  77.090 0.0000000000
118433  -34.830  -0.598  77.599 0.0000000000
68574  -35.733  -0.699  77.490 0.0000000000
118296  -37.075  -1.806  76.188 0.0000000000
69732  -36.973  0.173  75.126 0.0000000000
69716  -37.114  0.632  75.225 0.0000000000
69701  -37.369  0.135  75.903 0.0000000000
127293  -37.934  -0.093  75.986 0.0000000000
69688  -37.508  0.025  76.029 0.0000000000
67558  -37.707  -0.639  76.357 0.0000000000
67570  -37.465  -1.177  76.456 0.0000000000
67654  -38.800  -0.960  70.124 0.0000000000
119328  -40.512  -0.740  65.208 0.0000000000
67724  -40.031  -1.185  65.383 0.0000000000
66703  -39.484  -1.824  65.704 0.0000000000
66656  -38.524  -1.849  68.417 0.0000000000
67675  -39.112  -1.374  68.949 0.0000000000
121296  -39.131  -1.275  69.799 0.0000000000
114554  -39.262  -0.992  70.628 0.0000000000
65610  -40.015  -4.178  71.004 0.0000000000
64579  -40.970  -4.197  71.438 0.0000000000
44662  -25.562  -24.607  88.033 0.0000000000
46716  -33.076  -22.133  84.166 0.0000000000
48481  -34.334  -20.599  83.696 0.0000000000
48523  -36.622  -20.254  81.109 0.0000000000
49373  -17.980  -19.931  91.006 0.0000000000
49374  -18.515  -19.938  90.673 0.0000000000
50564  -38.358  -17.851  79.176 0.0000000000
52434  -39.459  -15.996  77.361 0.0000000000
54527  -33.842  -13.902  81.077 0.0000000000
56579  -34.580  -12.406  80.613 0.0000000000
57605  -34.368  -11.116  80.499 0.0000000000
57619  -33.593  -11.783  80.099 0.0000000000
57656  -38.922  -11.598  77.518 0.0000000000
58604  -34.348  -10.605  80.478 0.0000000000
59529  -34.950  -9.554  80.663 0.0000000000
59538  -35.751  -8.901  80.446 0.0000000000
59549  -33.900  -9.256  80.236 0.0000000000
60478  -34.888  -8.647  80.683 0.0000000000
60479  -35.248  -8.490  80.599 0.0000000000
60480  -35.510  -8.426  80.518 0.0000000000
60489  -34.247  -8.323  80.411 0.0000000000
60491  -36.350  -8.377  80.052 0.0000000000
60500  -33.724  -8.000  80.132 0.0000000000
60501  -36.757  -8.465  79.656 0.0000000000
61428  -35.064  -7.973  80.646 0.0000000000
61429  -35.413  -7.997  80.513 0.0000000000
61450  -35.815  -7.781  80.243 0.0000000000
61468  -36.761  -8.113  79.434 0.0000000000
61484  -33.346  -7.209  79.905 0.0000000000
62438  -34.921  -6.721  80.564 0.0000000000
62439  -34.982  -7.080  80.598 0.0000000000
62475  -35.734  -6.731  79.698 0.0000000000
63407  -34.714  -6.161  80.504 0.0000000000
63408  -34.881  -6.188  80.473 0.0000000000
63422  -33.927  -5.659  80.456 0.0000000000
63425  -35.178  -6.240  80.300 0.0000000000
63437  -34.985  -5.676  80.151 0.0000000000
63452  -32.551  -5.511  79.590 0.0000000000
64426  -33.717  -4.793  80.434 0.0000000000
64454  -32.165  -5.002  79.175 0.0000000000
65454  -33.291  -4.358  80.350 0.0000000000
66485  -33.916  -3.886  80.101 0.0000000000
66498  -33.675  -3.271  79.838 0.0000000000
66500  -34.358  -3.583  79.473 0.0000000000
66509  -32.799  -2.968  79.593 0.0000000000
66511  -34.482  -2.955  79.071 0.0000000000
66548  -35.664  -2.342  77.023 0.0000000000
66563  -36.596  -2.545  75.852 0.0000000000
66568  -41.151  -2.137  74.448 0.0000000000
66724  -48.059  -1.782  64.749 0.0000000000
66737  -49.128  -2.069  63.417 0.0000000000
67518  -33.407  -2.698  79.567 0.0000000000
67519  -33.937  -2.606  79.470 0.0000000000
67530  -33.695  -1.994  79.191 0.0000000000
67531  -34.280  -1.898  78.956 0.0000000000
67542  -33.566  -1.221  78.215 0.0000000000
67555  -32.881  -1.545  77.895 0.0000000000
67571  -38.250  -0.987  76.151 0.0000000000
67712  -45.157  -0.618  66.410 0.0000000000
67727  -46.593  -0.742  65.692 0.0000000000
67762  -48.796  -1.529  63.642 0.0000000000
68561  -34.472  -1.308  78.454 0.0000000000
68573  -35.026  -0.856  78.031 0.0000000000
68585  -34.071  -0.788  77.675 0.0000000000
68586  -35.348  -0.297  77.006 0.0000000000
68590  -37.861  -0.186  76.095 0.0000000000
68604  -38.354  -0.171  75.804 0.0000000000
68620  -36.332  -0.045  75.507 0.0000000000
68623  -41.284  -1.379  74.238 0.0000000000
68639  -40.446  -0.171  74.243 0.0000000000
68651  -40.663  0.056  73.153 0.0000000000
68665  -41.092  -0.538  72.984 0.0000000000
68691  -39.211  -0.576  71.310 0.0000000000
68769  -43.543  -0.027  65.460 0.0000000000
68796  -47.738  -0.885  64.145 0.0000000000
69686  -36.102  -0.318  77.032 0.0000000000
69687  -36.704  -0.140  76.423 0.0000000000
69702  -38.221  0.080  75.857 0.0000000000
69717  -39.004  0.315  75.129 0.0000000000
69718  -39.696  0.113  74.596 0.0000000000
69748  -38.853  0.658  73.777 0.0000000000
69750  -40.193  0.449  73.419 0.0000000000
69761  -39.677  0.466  72.846 0.0000000000
70702  -37.361  0.217  75.607 0.0000000000
70704  -38.450  0.353  75.289 0.0000000000
70717  -37.931  0.482  75.130 0.0000000000
70718  -38.530  0.554  74.717 0.0000000000
70728  -38.909  0.615  74.478 0.0000000000
113277  -39.313  0.606  73.287 0.0000000000
115668  -34.091  -9.914  80.347 0.0000000000
115878  -34.769  -4.533  77.902 0.0000000000
115916  -39.738  0.587  73.732 0.0000000000
118121  -38.325  -17.775  77.013 0.0000000000
118815  -35.692  -7.153  80.153 0.0000000000
119088  -34.235  -6.401  80.496 0.0000000000
122129  -33.803  -12.913  80.633 0.0000000000
123355  -35.381  -6.053  79.812 0.0000000000
123768  -33.669  -8.737  79.781 0.0000000000
123929  -34.242  -4.607  80.190 0.0000000000
124763  -35.083  -9.052  80.694 0.0000000000
126527  -33.331  -6.513  80.208 0.0000000000
128231  -47.582  -1.450  65.174 0.0000000000
128721  -34.459  -8.699  80.480 0.0000000000
130997  -39.102  -17.245  77.627 0.0000000000
131161  -38.580  -17.493  78.763 0.0000000000
131561  -32.215  -22.385  84.730 0.0000000000
132297  -33.615  -10.864  79.800 0.0000000000
132770  -40.779  -0.803  74.426 0.0000000000
133256  -48.856  -2.566  63.459 0.0000000000
135570  -35.162  -5.640  79.763 0.0000000000
