#!ascii label  , from subject sub-v2s3x28810_ses-1 vox2ras=TkReg
1548
58573  -28.470  -9.709  82.807 0.0000000000
72700  -39.617  3.946  63.347 0.0000000000
69744  -29.053  0.823  73.297 0.0000000000
45800  3.267  -22.819  79.960 0.0000000000
53415  -14.980  -14.571  83.937 0.0000000000
55581  3.556  -13.141  80.437 0.0000000000
56545  4.886  -12.759  86.596 0.0000000000
70785  -34.356  1.713  68.268 0.0000000000
53599  0.483  -15.078  73.811 0.0000000000
44640  3.001  -24.604  88.314 0.0000000000
60550  -25.882  -9.136  77.331 0.0000000000
52396  -24.093  -14.731  80.016 0.0000000000
53422  -22.148  -15.285  83.391 0.0000000000
71770  -42.857  2.940  61.099 0.0000000000
70766  -31.258  1.346  70.602 0.0000000000
51470  -10.066  -16.863  81.469 0.0000000000
58685  1.583  -10.431  74.510 0.0000000000
50547  1.209  -18.143  82.353 0.0000000000
50567  -1.510  -17.953  79.545 0.0000000000
47659  2.275  -22.437  77.232 0.0000000000
120680  -2.108  -17.459  89.796 0.0000000000
50466  1.265  -19.047  91.617 0.0000000000
121371  -26.482  -0.443  75.927 0.0000000000
114776  -19.795  -14.298  86.342 0.0000000000
113418  -16.880  -14.793  80.307 0.0000000000
128229  4.228  -12.556  83.482 0.0000000000
50523  2.605  -18.152  84.653 0.0000000000
71721  -37.104  2.729  66.264 0.0000000000
51431  -4.072  -15.930  86.759 0.0000000000
50529  -8.124  -17.632  84.055 0.0000000000
54566  2.203  -14.429  77.392 0.0000000000
51502  -3.689  -17.614  77.080 0.0000000000
129161  3.643  -11.482  90.648 0.0000000000
50495  3.625  -18.445  88.659 0.0000000000
44710  3.573  -23.787  84.126 0.0000000000
119076  -27.687  -6.934  82.221 0.0000000000
120881  -27.854  -11.603  80.063 0.0000000000
60514  -27.355  -9.119  79.138 0.0000000000
55575  -27.059  -13.165  81.081 0.0000000000
54548  -26.139  -13.917  79.225 0.0000000000
54521  -26.235  -13.909  83.301 0.0000000000
72724  -40.821  3.642  62.490 0.0000000000
71754  -36.762  2.707  63.218 0.0000000000
71765  -38.563  2.859  61.523 0.0000000000
70865  -39.998  1.815  60.010 0.0000000000
118126  -29.590  0.689  71.965 0.0000000000
67621  -26.477  -1.329  72.874 0.0000000000
68675  -27.806  -0.687  71.113 0.0000000000
114581  -28.720  -0.383  70.022 0.0000000000
48510  2.740  -20.290  81.471 0.0000000000
49566  1.753  -20.347  79.896 0.0000000000
47647  2.679  -22.371  78.814 0.0000000000
134471  2.426  -25.236  76.002 0.0000000000
43775  2.191  -24.660  78.716 0.0000000000
49410  -1.610  -19.038  87.578 0.0000000000
48419  -0.645  -20.167  89.576 0.0000000000
67541  -25.936  -0.730  78.142 0.0000000000
63467  -25.224  -5.944  78.945 0.0000000000
61506  -24.120  -7.477  77.257 0.0000000000
65490  -23.781  -3.776  77.927 0.0000000000
66544  -24.491  -2.651  75.809 0.0000000000
56555  -21.708  -13.020  85.302 0.0000000000
53480  -20.408  -15.307  80.419 0.0000000000
53459  -19.094  -15.393  81.687 0.0000000000
71801  -41.894  2.330  57.551 0.0000000000
72801  -43.068  3.833  55.832 0.0000000000
120859  4.504  -12.904  85.071 0.0000000000
53392  2.633  -15.026  85.111 0.0000000000
53374  3.514  -14.948  86.139 0.0000000000
71710  -35.757  2.268  67.698 0.0000000000
131024  -31.779  -0.325  67.758 0.0000000000
69815  -33.815  -0.276  66.705 0.0000000000
69824  -35.124  0.674  65.296 0.0000000000
53346  -5.618  -14.895  89.374 0.0000000000
52329  -6.730  -15.475  88.188 0.0000000000
132078  4.138  -11.084  78.940 0.0000000000
56605  3.724  -12.506  76.924 0.0000000000
54545  3.154  -13.886  78.745 0.0000000000
115030  -1.159  -20.719  77.259 0.0000000000
50583  -2.813  -18.317  78.021 0.0000000000
48579  -2.190  -20.669  76.424 0.0000000000
135605  1.325  -12.162  91.507 0.0000000000
47525  2.526  -21.938  90.569 0.0000000000
51419  3.309  -18.395  90.695 0.0000000000
47544  3.470  -21.617  88.640 0.0000000000
47559  3.576  -21.674  86.362 0.0000000000
44666  3.577  -24.261  86.109 0.0000000000
136624  -26.282  -7.049  79.115 0.0000000000
55556  -23.163  -13.616  84.441 0.0000000000
130994  -25.142  -13.800  83.949 0.0000000000
52377  -23.490  -14.956  81.680 0.0000000000
71787  -44.094  3.187  59.978 0.0000000000
118660  -41.677  2.010  59.006 0.0000000000
71690  -32.778  2.120  69.970 0.0000000000
115555  -30.528  -0.202  68.483 0.0000000000
53454  -13.631  -14.725  80.796 0.0000000000
118401  -12.419  -14.686  82.885 0.0000000000
55628  4.306  -13.769  73.422 0.0000000000
54524  0.975  -14.400  82.581 0.0000000000
117121  -0.317  -14.503  80.336 0.0000000000
51474  -0.606  -17.454  80.794 0.0000000000
48557  0.210  -20.331  78.747 0.0000000000
47669  1.424  -22.352  75.952 0.0000000000
53336  -2.134  -15.417  91.280 0.0000000000
53333  0.192  -15.836  91.489 0.0000000000
50468  -0.506  -18.941  91.331 0.0000000000
132448  0.740  -21.265  90.721 0.0000000000
69742  -27.543  0.154  74.123 0.0000000000
66581  -25.281  -2.167  74.605 0.0000000000
53384  -17.139  -14.619  85.126 0.0000000000
126592  -20.377  -15.132  84.993 0.0000000000
53418  -18.045  -14.969  83.902 0.0000000000
131300  -15.944  -14.782  82.232 0.0000000000
119316  4.495  -10.948  80.818 0.0000000000
59532  4.551  -9.609  82.131 0.0000000000
55563  4.079  -12.610  81.911 0.0000000000
53411  1.510  -15.241  84.007 0.0000000000
51459  2.098  -17.955  83.689 0.0000000000
49499  3.156  -20.386  82.405 0.0000000000
72676  -38.343  3.979  65.135 0.0000000000
70826  -35.495  1.443  63.947 0.0000000000
53340  -3.098  -15.366  90.550 0.0000000000
51426  -2.807  -16.742  88.325 0.0000000000
50516  -2.244  -18.491  86.016 0.0000000000
52355  -11.265  -15.176  83.881 0.0000000000
53376  -9.613  -15.302  85.780 0.0000000000
52337  -7.909  -15.685  87.167 0.0000000000
51442  -6.447  -16.757  85.785 0.0000000000
50525  -4.348  -17.945  84.435 0.0000000000
59609  0.824  -9.928  75.855 0.0000000000
56617  3.913  -12.895  75.277 0.0000000000
53577  1.788  -15.137  74.961 0.0000000000
54557  -0.661  -14.508  78.781 0.0000000000
53522  -1.838  -15.060  77.421 0.0000000000
53560  -1.635  -15.129  75.519 0.0000000000
56539  4.739  -12.065  88.739 0.0000000000
114775  2.660  -14.854  91.407 0.0000000000
53343  4.130  -15.710  89.719 0.0000000000
53356  4.146  -15.420  88.011 0.0000000000
126435  3.352  -18.133  86.521 0.0000000000
48465  3.445  -20.651  83.845 0.0000000000
45791  3.558  -22.992  81.479 0.0000000000
127605  3.638  -27.386  86.025 0.0000000000
41756  3.327  -28.001  83.760 0.0000000000
42738  2.083  -25.746  80.249 0.0000000000
60469  -28.193  -8.352  83.003 0.0000000000
61403  -27.836  -7.361  83.742 0.0000000000
58603  -28.327  -10.811  81.672 0.0000000000
122888  -28.099  -9.078  81.567 0.0000000000
115305  -28.195  -11.998  82.106 0.0000000000
121042  -27.813  -12.252  80.902 0.0000000000
58560  -28.437  -10.186  83.806 0.0000000000
115805  -27.778  -12.688  82.847 0.0000000000
72701  -40.448  3.964  63.192 0.0000000000
72698  -38.049  3.540  63.680 0.0000000000
71756  -37.981  3.126  62.260 0.0000000000
72722  -38.865  3.374  62.281 0.0000000000
72739  -39.464  3.159  61.714 0.0000000000
69757  -29.357  0.723  72.569 0.0000000000
120326  -30.532  1.622  73.011 0.0000000000
131876  -30.106  1.676  73.628 0.0000000000
67637  -26.599  -1.462  71.981 0.0000000000
68658  -27.765  -0.526  71.986 0.0000000000
68677  -28.772  -0.020  71.326 0.0000000000
47616  3.154  -21.862  80.172 0.0000000000
47625  2.852  -21.752  79.710 0.0000000000
46752  3.081  -22.422  79.686 0.0000000000
45826  2.679  -23.105  78.575 0.0000000000
45827  2.708  -23.389  78.919 0.0000000000
48443  -1.308  -19.911  86.196 0.0000000000
47553  -0.608  -21.079  87.473 0.0000000000
65480  -25.320  -3.809  79.891 0.0000000000
63466  -24.618  -5.523  78.700 0.0000000000
65479  -24.563  -3.081  79.241 0.0000000000
135827  -24.803  -1.883  78.246 0.0000000000
72783  -43.787  3.347  58.112 0.0000000000
71810  -43.061  3.266  56.984 0.0000000000
73804  -44.467  4.559  56.410 0.0000000000
56551  4.711  -12.273  85.335 0.0000000000
55546  4.243  -13.769  85.683 0.0000000000
55544  4.283  -14.175  86.590 0.0000000000
70786  -35.063  1.969  68.004 0.0000000000
71703  -36.247  2.880  68.158 0.0000000000
116848  -33.314  0.798  68.085 0.0000000000
68721  -33.244  -0.401  67.093 0.0000000000
69802  -34.009  1.099  67.832 0.0000000000
69810  -34.927  0.992  66.925 0.0000000000
54466  -6.968  -14.379  89.630 0.0000000000
54472  -7.704  -14.707  88.778 0.0000000000
53382  -15.356  -14.515  85.461 0.0000000000
53396  -13.645  -14.537  85.011 0.0000000000
54645  1.821  -14.145  72.851 0.0000000000
56592  4.203  -12.360  79.781 0.0000000000
55589  3.878  -12.965  79.107 0.0000000000
55591  2.978  -13.545  79.881 0.0000000000
47663  -0.748  -21.565  76.032 0.0000000000
48578  -1.366  -21.028  76.625 0.0000000000
47672  -1.027  -21.827  75.220 0.0000000000
58464  0.833  -10.806  90.888 0.0000000000
56515  -0.083  -12.074  91.659 0.0000000000
45671  2.734  -23.417  89.168 0.0000000000
47538  3.218  -22.075  89.426 0.0000000000
46665  3.300  -23.278  88.184 0.0000000000
45701  3.489  -23.394  87.254 0.0000000000
45716  3.514  -24.408  87.044 0.0000000000
62462  -27.381  -6.762  80.777 0.0000000000
61482  -26.954  -7.472  79.585 0.0000000000
63436  -27.062  -5.485  80.749 0.0000000000
63435  -26.611  -5.130  80.391 0.0000000000
113752  -25.142  -14.402  81.359 0.0000000000
53463  -24.128  -14.662  82.488 0.0000000000
133245  -23.684  -14.820  81.180 0.0000000000
52386  -22.895  -14.918  80.652 0.0000000000
72743  -43.879  3.277  61.207 0.0000000000
71784  -41.280  2.431  60.416 0.0000000000
71794  -40.810  1.975  59.829 0.0000000000
71785  -42.209  2.538  60.312 0.0000000000
71796  -42.412  2.406  59.370 0.0000000000
70767  -31.980  1.774  70.336 0.0000000000
71681  -33.307  2.677  70.500 0.0000000000
71666  -33.084  2.908  71.394 0.0000000000
122390  -29.997  0.343  70.074 0.0000000000
68700  -29.402  -0.180  69.572 0.0000000000
69785  -30.910  0.884  69.965 0.0000000000
69792  -31.529  0.886  69.334 0.0000000000
58694  2.172  -10.255  73.666 0.0000000000
57678  4.021  -12.026  72.763 0.0000000000
57671  3.477  -12.157  73.924 0.0000000000
52362  0.333  -16.177  82.404 0.0000000000
52371  -0.227  -16.300  81.681 0.0000000000
51467  0.539  -17.665  81.900 0.0000000000
48556  1.990  -21.276  78.528 0.0000000000
48541  1.394  -20.616  79.074 0.0000000000
48564  1.358  -21.379  77.782 0.0000000000
48565  0.582  -21.498  77.105 0.0000000000
47660  1.856  -22.172  76.714 0.0000000000
118709  2.397  -23.484  75.969 0.0000000000
52318  -1.970  -16.209  91.060 0.0000000000
52317  -1.297  -17.264  91.246 0.0000000000
51416  -1.450  -17.863  90.890 0.0000000000
126989  0.127  -21.465  89.521 0.0000000000
47527  0.444  -21.293  90.254 0.0000000000
45663  0.973  -22.601  89.544 0.0000000000
45662  1.385  -22.691  89.822 0.0000000000
68616  -26.884  0.023  75.423 0.0000000000
67582  -25.607  -1.520  75.930 0.0000000000
66560  -25.163  -2.107  75.461 0.0000000000
67583  -26.142  -1.057  75.545 0.0000000000
68635  -26.710  -0.697  74.261 0.0000000000
54492  -18.929  -13.782  87.352 0.0000000000
53372  -17.791  -14.510  86.633 0.0000000000
53373  -18.484  -14.639  86.258 0.0000000000
53390  -23.386  -14.380  84.109 0.0000000000
119352  -22.030  -14.294  85.038 0.0000000000
53421  -21.414  -15.350  84.028 0.0000000000
113422  -17.919  -15.132  80.818 0.0000000000
53438  -18.891  -15.364  82.485 0.0000000000
113425  -17.349  -14.968  81.793 0.0000000000
53436  -17.110  -14.801  82.718 0.0000000000
53457  -16.786  -14.863  81.365 0.0000000000
53475  -15.751  -14.830  80.708 0.0000000000
114744  4.546  -10.650  83.487 0.0000000000
57561  4.524  -11.229  82.540 0.0000000000
57585  4.540  -11.314  81.889 0.0000000000
129193  4.110  -12.529  82.738 0.0000000000
54523  2.570  -13.529  82.967 0.0000000000
54519  2.623  -13.870  83.896 0.0000000000
128694  2.553  -16.049  85.275 0.0000000000
52351  2.131  -16.702  84.696 0.0000000000
51451  2.288  -17.641  84.398 0.0000000000
49500  2.851  -19.730  82.753 0.0000000000
49477  2.826  -19.230  83.496 0.0000000000
72675  -37.689  3.456  65.350 0.0000000000
73666  -38.914  4.452  65.763 0.0000000000
72656  -38.052  3.790  66.877 0.0000000000
70809  -35.601  1.249  65.755 0.0000000000
70817  -35.604  1.280  64.858 0.0000000000
71737  -36.618  2.420  65.012 0.0000000000
71738  -37.151  3.042  64.734 0.0000000000
54454  -3.892  -14.162  91.171 0.0000000000
52327  -4.552  -15.467  88.153 0.0000000000
52325  -3.935  -15.420  89.094 0.0000000000
52332  -3.652  -15.948  87.727 0.0000000000
51429  -2.581  -17.594  87.263 0.0000000000
51433  -3.268  -16.942  86.655 0.0000000000
52364  -11.076  -15.450  82.451 0.0000000000
53412  -11.650  -14.940  83.195 0.0000000000
52358  -10.553  -15.907  82.733 0.0000000000
51452  -8.809  -16.967  83.964 0.0000000000
118925  -9.542  -15.882  84.757 0.0000000000
51445  -8.838  -16.136  85.253 0.0000000000
53364  -9.066  -15.128  86.504 0.0000000000
51444  -8.127  -16.506  85.897 0.0000000000
129699  -7.618  -15.973  87.036 0.0000000000
51443  -7.318  -16.798  85.953 0.0000000000
49481  -5.169  -18.759  82.930 0.0000000000
59593  1.086  -9.807  76.768 0.0000000000
55604  3.896  -13.585  76.526 0.0000000000
56611  3.760  -12.786  76.086 0.0000000000
133262  3.824  -14.254  75.876 0.0000000000
54598  3.705  -14.378  75.127 0.0000000000
53557  2.362  -14.930  75.723 0.0000000000
52383  -1.367  -16.292  80.157 0.0000000000
53489  -0.921  -14.750  79.653 0.0000000000
52391  -1.863  -16.355  79.352 0.0000000000
50584  -3.364  -18.300  77.382 0.0000000000
53523  -2.587  -15.818  77.798 0.0000000000
52424  -3.115  -16.079  77.071 0.0000000000
53540  -1.560  -14.964  76.420 0.0000000000
52425  -3.604  -16.435  76.522 0.0000000000
52435  -3.785  -16.145  75.774 0.0000000000
115975  4.117  -11.721  90.170 0.0000000000
114340  0.751  -16.723  91.490 0.0000000000
113429  1.716  -14.904  91.474 0.0000000000
51412  2.071  -16.956  91.442 0.0000000000
50484  3.557  -18.649  89.435 0.0000000000
51410  3.683  -16.918  90.449 0.0000000000
117393  3.969  -16.279  89.363 0.0000000000
53349  4.193  -15.599  88.916 0.0000000000
125705  3.755  -16.819  88.108 0.0000000000
52331  3.626  -16.791  87.367 0.0000000000
136575  3.519  -18.724  87.530 0.0000000000
46707  3.524  -22.546  84.786 0.0000000000
47568  3.524  -21.337  85.219 0.0000000000
46718  3.507  -22.347  83.903 0.0000000000
46724  3.524  -22.166  82.862 0.0000000000
44731  3.521  -23.752  82.988 0.0000000000
40775  3.612  -29.263  84.981 0.0000000000
130342  3.596  -27.164  85.191 0.0000000000
63420  -27.502  -5.663  81.829 0.0000000000
134424  -27.449  -12.038  78.958 0.0000000000
58647  -27.647  -10.623  78.738 0.0000000000
58632  -27.795  -10.405  79.508 0.0000000000
117694  -27.617  -7.937  80.995 0.0000000000
53483  -25.656  -14.226  80.706 0.0000000000
132708  -26.466  -13.672  80.195 0.0000000000
55593  -26.929  -12.939  79.164 0.0000000000
54526  -26.671  -13.692  82.465 0.0000000000
72742  -42.326  3.339  61.836 0.0000000000
70852  -37.134  2.188  60.960 0.0000000000
136306  -37.687  2.001  60.475 0.0000000000
70871  -38.560  1.629  59.646 0.0000000000
71781  -38.822  2.399  60.753 0.0000000000
71767  -40.001  2.773  61.163 0.0000000000
70754  -30.938  1.337  71.382 0.0000000000
71664  -31.726  2.190  72.226 0.0000000000
70744  -31.189  1.861  72.612 0.0000000000
71644  -31.475  2.597  73.846 0.0000000000
65571  -25.092  -3.082  72.355 0.0000000000
66602  -25.577  -2.543  71.987 0.0000000000
66630  -26.253  -2.122  70.788 0.0000000000
67660  -26.748  -1.653  70.413 0.0000000000
67671  -27.500  -1.295  69.243 0.0000000000
68687  -28.206  -0.553  70.528 0.0000000000
69783  -29.327  0.168  70.767 0.0000000000
113652  2.088  -19.502  81.576 0.0000000000
50559  1.472  -19.377  81.032 0.0000000000
49543  2.166  -20.107  80.730 0.0000000000
48555  2.537  -21.566  79.166 0.0000000000
47648  2.518  -22.335  78.178 0.0000000000
45852  2.429  -23.630  76.711 0.0000000000
123053  2.478  -23.362  77.529 0.0000000000
118383  2.220  -24.534  77.655 0.0000000000
50497  -1.722  -18.389  88.848 0.0000000000
49385  -0.962  -19.490  89.871 0.0000000000
48427  -0.792  -20.270  88.695 0.0000000000
117785  -26.475  -0.285  76.755 0.0000000000
62496  -25.488  -7.421  78.286 0.0000000000
61520  -25.188  -8.413  77.371 0.0000000000
129914  -25.052  -7.047  78.222 0.0000000000
63480  -23.946  -6.148  77.821 0.0000000000
113127  -23.214  -4.977  76.840 0.0000000000
65511  -23.683  -3.506  77.103 0.0000000000
67565  -25.509  -1.483  76.684 0.0000000000
113641  -20.963  -13.784  85.966 0.0000000000
53461  -21.683  -15.355  81.601 0.0000000000
53440  -20.983  -15.419  82.279 0.0000000000
115687  -19.724  -15.398  81.157 0.0000000000
53478  -18.592  -15.235  80.440 0.0000000000
71808  -41.666  2.554  56.730 0.0000000000
72800  -42.226  3.522  55.625 0.0000000000
72806  -42.025  3.949  54.811 0.0000000000
73823  -42.624  4.814  54.135 0.0000000000
55554  4.381  -12.670  84.249 0.0000000000
120663  3.980  -13.224  84.125 0.0000000000
55555  4.114  -13.471  84.893 0.0000000000
53375  3.085  -15.435  85.711 0.0000000000
52347  2.993  -16.375  85.817 0.0000000000
71720  -36.598  2.382  66.644 0.0000000000
72654  -36.989  3.298  67.853 0.0000000000
67704  -32.253  -1.587  66.326 0.0000000000
68743  -33.589  -0.993  65.621 0.0000000000
68764  -33.550  -0.936  64.798 0.0000000000
69816  -34.066  -0.458  66.073 0.0000000000
70802  -35.520  1.358  66.589 0.0000000000
54460  -5.566  -14.148  90.461 0.0000000000
54461  -6.508  -14.010  90.257 0.0000000000
53351  -6.196  -15.239  88.774 0.0000000000
52334  -5.730  -15.653  87.601 0.0000000000
49484  -8.524  -18.309  82.312 0.0000000000
50537  -6.769  -18.573  83.736 0.0000000000
58638  3.137  -10.274  78.287 0.0000000000
58651  2.687  -10.687  77.521 0.0000000000
57646  3.812  -12.118  77.769 0.0000000000
55599  3.834  -13.023  78.008 0.0000000000
136538  2.981  -14.284  77.934 0.0000000000
50574  -1.396  -18.832  79.039 0.0000000000
118760  -1.961  -18.056  79.002 0.0000000000
49612  -2.181  -19.633  77.652 0.0000000000
120424  -2.857  -19.028  77.510 0.0000000000
120596  -3.418  -19.056  76.857 0.0000000000
116110  1.230  -10.520  89.623 0.0000000000
58463  1.742  -10.712  90.657 0.0000000000
56512  2.568  -12.406  91.415 0.0000000000
131357  2.560  -20.355  91.208 0.0000000000
50464  2.945  -19.143  91.093 0.0000000000
124445  3.081  -20.043  90.732 0.0000000000
48416  3.415  -20.314  89.711 0.0000000000
115662  3.584  -20.129  88.241 0.0000000000
48434  3.561  -19.852  87.406 0.0000000000
47552  3.560  -21.836  87.622 0.0000000000
133932  3.576  -22.421  86.160 0.0000000000
44694  3.578  -24.090  85.192 0.0000000000
59605  -26.413  -9.428  77.394 0.0000000000
59577  -27.155  -9.402  78.359 0.0000000000
60538  -26.627  -9.049  78.073 0.0000000000
61508  -25.928  -7.872  78.355 0.0000000000
63468  -25.789  -6.255  79.149 0.0000000000
64453  -25.970  -4.763  80.041 0.0000000000
53406  -23.933  -14.550  83.553 0.0000000000
54518  -25.847  -13.968  83.779 0.0000000000
53425  -24.292  -14.589  83.197 0.0000000000
53442  -22.789  -15.237  82.705 0.0000000000
52375  -22.301  -15.180  81.090 0.0000000000
118493  -39.881  1.467  58.079 0.0000000000
71798  -42.008  2.203  58.432 0.0000000000
71800  -43.279  2.835  58.454 0.0000000000
70776  -33.964  2.091  68.931 0.0000000000
71692  -34.387  2.659  69.427 0.0000000000
71682  -34.066  2.996  70.191 0.0000000000
67672  -28.222  -0.982  68.872 0.0000000000
68709  -31.322  0.009  68.339 0.0000000000
69793  -32.153  0.835  68.752 0.0000000000
53433  -13.821  -14.671  82.510 0.0000000000
114525  -13.314  -14.623  83.356 0.0000000000
53432  -12.435  -14.723  82.074 0.0000000000
53452  -11.822  -14.920  81.605 0.0000000000
129823  3.591  -13.688  72.725 0.0000000000
54629  3.231  -14.387  73.739 0.0000000000
55583  1.947  -13.463  81.390 0.0000000000
54537  1.099  -13.765  80.658 0.0000000000
54538  0.342  -14.248  80.966 0.0000000000
52372  -0.821  -16.462  80.952 0.0000000000
51481  -1.056  -17.760  80.183 0.0000000000
50560  0.594  -18.881  80.816 0.0000000000
50565  0.100  -19.185  80.113 0.0000000000
49568  -0.409  -19.480  79.355 0.0000000000
48558  -0.491  -20.380  78.144 0.0000000000
55500  -0.346  -13.722  91.600 0.0000000000
53335  -1.079  -15.242  91.499 0.0000000000
52315  -0.264  -16.656  91.481 0.0000000000
50467  0.294  -19.027  91.539 0.0000000000
49376  -0.409  -19.891  90.770 0.0000000000
49364  -0.085  -20.135  91.024 0.0000000000
118301  1.179  -20.488  91.443 0.0000000000
46610  1.635  -22.016  90.652 0.0000000000
45660  2.094  -23.050  89.862 0.0000000000
44641  2.618  -24.833  88.530 0.0000000000
69743  -28.217  0.403  73.514 0.0000000000
70726  -29.210  1.782  74.505 0.0000000000
70725  -28.433  1.434  74.778 0.0000000000
60565  -24.393  -9.141  76.151 0.0000000000
66591  -25.017  -2.748  73.445 0.0000000000
67611  -26.974  -0.712  73.336 0.0000000000
123223  -16.841  -14.566  85.878 0.0000000000
53398  -15.641  -14.545  84.662 0.0000000000
56556  -22.501  -13.231  84.756 0.0000000000
54505  -21.767  -13.856  85.393 0.0000000000
129257  -20.087  -14.815  85.534 0.0000000000
131926  -19.573  -15.424  83.140 0.0000000000
130889  -19.415  -15.356  83.914 0.0000000000
53385  -18.652  -14.860  85.453 0.0000000000
53400  -17.347  -14.717  84.244 0.0000000000
53417  -16.818  -14.681  83.572 0.0000000000
53434  -15.360  -14.691  82.909 0.0000000000
53455  -14.392  -14.770  81.650 0.0000000000
74827  -42.780  5.467  53.559 0.0000000000
74835  -43.248  6.179  53.164 0.0000000000
75825  -43.710  6.804  52.685 0.0000000000
58636  4.335  -11.147  79.741 0.0000000000
56587  4.358  -12.265  80.668 0.0000000000
59540  4.457  -9.742  81.494 0.0000000000
56580  4.442  -12.115  81.491 0.0000000000
55572  3.468  -12.970  81.455 0.0000000000
55574  1.777  -13.717  82.369 0.0000000000
53429  1.005  -14.963  83.323 0.0000000000
52361  0.965  -16.028  83.343 0.0000000000
53410  2.193  -14.633  84.389 0.0000000000
52356  1.653  -16.329  84.144 0.0000000000
125013  1.689  -18.090  82.998 0.0000000000
50553  2.533  -19.617  82.230 0.0000000000
49523  3.088  -20.569  81.769 0.0000000000
126418  3.364  -21.792  80.850 0.0000000000
72685  -38.564  3.923  64.298 0.0000000000
68765  -34.010  -0.198  64.501 0.0000000000
69830  -34.461  0.392  64.078 0.0000000000
132345  -34.703  1.017  62.919 0.0000000000
70827  -36.035  2.123  63.504 0.0000000000
71746  -37.258  3.174  63.869 0.0000000000
53337  -2.750  -15.139  91.036 0.0000000000
52321  -2.720  -15.966  90.287 0.0000000000
53341  -3.976  -14.937  90.265 0.0000000000
52324  -2.980  -15.966  89.560 0.0000000000
51423  -2.587  -16.737  89.251 0.0000000000
49425  -1.669  -19.129  86.590 0.0000000000
53413  -12.524  -14.691  83.762 0.0000000000
53379  -12.226  -14.690  85.220 0.0000000000
53378  -11.526  -14.877  85.292 0.0000000000
52354  -10.499  -15.609  83.652 0.0000000000
53393  -10.845  -15.296  84.627 0.0000000000
53366  -11.311  -14.616  85.935 0.0000000000
53360  -9.723  -14.559  86.903 0.0000000000
54483  -9.360  -14.351  87.639 0.0000000000
54473  -8.337  -14.507  88.654 0.0000000000
53357  -7.622  -15.431  87.738 0.0000000000
52335  -6.763  -15.777  87.593 0.0000000000
51434  -5.013  -15.773  86.016 0.0000000000
50527  -6.369  -18.122  84.477 0.0000000000
50519  -4.909  -17.335  85.024 0.0000000000
51440  -4.464  -16.752  85.597 0.0000000000
50524  -3.355  -18.186  84.651 0.0000000000
58679  0.825  -9.914  74.954 0.0000000000
58665  2.309  -11.014  76.673 0.0000000000
58677  2.048  -11.153  75.713 0.0000000000
131519  3.523  -12.452  74.857 0.0000000000
56622  4.269  -13.384  74.063 0.0000000000
54613  3.437  -14.485  74.437 0.0000000000
53578  0.746  -15.197  74.573 0.0000000000
129543  1.369  -13.738  79.906 0.0000000000
119696  1.077  -13.971  79.085 0.0000000000
54555  1.213  -14.282  78.030 0.0000000000
120128  -2.283  -16.066  78.640 0.0000000000
54569  -1.152  -14.699  78.023 0.0000000000
54581  0.756  -14.660  76.648 0.0000000000
53539  0.166  -14.937  75.954 0.0000000000
120607  -0.774  -15.025  75.700 0.0000000000
117908  -0.902  -15.213  74.909 0.0000000000
53581  -2.704  -15.319  74.716 0.0000000000
113823  0.821  -13.870  91.517 0.0000000000
54448  2.052  -14.084  91.477 0.0000000000
55496  3.004  -13.292  91.354 0.0000000000
52314  3.550  -16.785  90.861 0.0000000000
53329  3.757  -15.691  90.747 0.0000000000
55509  4.084  -13.547  90.304 0.0000000000
55517  4.394  -13.543  89.578 0.0000000000
55528  4.536  -14.114  88.145 0.0000000000
55539  4.430  -14.236  87.390 0.0000000000
53361  3.855  -15.466  87.245 0.0000000000
124295  3.476  -16.881  86.798 0.0000000000
130328  3.200  -18.543  85.719 0.0000000000
49423  3.450  -19.505  86.258 0.0000000000
49439  3.372  -19.351  85.624 0.0000000000
134583  3.294  -19.648  84.438 0.0000000000
48482  3.352  -20.542  83.033 0.0000000000
47607  3.501  -21.666  82.101 0.0000000000
116132  3.455  -22.820  80.630 0.0000000000
42659  3.148  -26.122  87.967 0.0000000000
41718  3.397  -27.606  86.731 0.0000000000
43696  3.493  -26.093  87.171 0.0000000000
43706  3.633  -25.777  86.281 0.0000000000
43717  3.620  -25.725  85.152 0.0000000000
43730  3.544  -25.676  84.129 0.0000000000
116356  3.245  -27.308  83.413 0.0000000000
136424  3.250  -25.587  82.607 0.0000000000
131225  3.172  -24.934  81.623 0.0000000000
43764  3.001  -24.644  80.961 0.0000000000
44780  2.826  -24.290  80.157 0.0000000000
42743  1.813  -25.547  79.121 0.0000000000
42749  1.458  -26.516  78.406 0.0000000000
60470  -28.376  -8.893  83.588 0.0000000000
118518  -28.389  -9.846  82.054 0.0000000000
59527  -28.307  -9.057  82.477 0.0000000000
58586  -28.470  -10.469  82.514 0.0000000000
57602  -28.239  -11.615  81.717 0.0000000000
59521  -28.469  -9.590  83.427 0.0000000000
57583  -28.480  -10.864  82.926 0.0000000000
60456  -28.245  -8.788  84.152 0.0000000000
73720  -40.960  4.323  63.733 0.0000000000
73719  -40.244  4.339  63.933 0.0000000000
72699  -38.835  3.817  63.525 0.0000000000
72721  -38.387  3.487  62.925 0.0000000000
117290  -39.087  3.682  62.893 0.0000000000
72723  -39.793  3.602  62.504 0.0000000000
69756  -28.670  0.326  72.667 0.0000000000
69745  -29.761  1.214  73.114 0.0000000000
68647  -28.038  -0.113  72.708 0.0000000000
45811  2.983  -22.906  79.297 0.0000000000
48450  -0.884  -20.671  85.805 0.0000000000
56550  5.042  -12.123  86.008 0.0000000000
56546  4.628  -13.114  86.006 0.0000000000
71702  -35.484  2.567  68.439 0.0000000000
71701  -34.722  2.334  68.686 0.0000000000
70784  -33.615  1.466  68.490 0.0000000000
70793  -34.681  1.370  67.596 0.0000000000
55514  -8.357  -13.361  90.233 0.0000000000
54463  -8.037  -13.747  89.851 0.0000000000
54468  -8.101  -14.215  89.319 0.0000000000
53397  -14.656  -14.545  84.847 0.0000000000
53414  -13.993  -14.551  84.135 0.0000000000
54631  1.126  -14.680  73.374 0.0000000000
55580  4.036  -12.878  80.085 0.0000000000
55590  3.552  -13.339  79.428 0.0000000000
45686  3.006  -23.806  88.586 0.0000000000
124780  3.117  -23.018  88.960 0.0000000000
45702  3.294  -24.120  87.906 0.0000000000
44655  3.331  -25.012  87.769 0.0000000000
62450  -27.345  -5.969  81.149 0.0000000000
62461  -27.071  -6.309  80.382 0.0000000000
64439  -27.085  -4.528  81.209 0.0000000000
52379  -24.576  -14.566  81.134 0.0000000000
52388  -24.092  -14.728  80.794 0.0000000000
71769  -41.813  2.801  61.104 0.0000000000
71680  -32.506  2.361  70.844 0.0000000000
70755  -31.692  1.909  71.291 0.0000000000
69784  -30.520  0.885  70.748 0.0000000000
70773  -31.565  1.300  69.915 0.0000000000
59625  1.264  -9.591  74.146 0.0000000000
57679  3.516  -11.462  73.180 0.0000000000
57672  2.531  -11.187  74.039 0.0000000000
51461  0.871  -17.167  82.700 0.0000000000
131529  0.247  -16.858  82.024 0.0000000000
132912  2.344  -22.073  77.769 0.0000000000
47649  2.102  -21.738  77.784 0.0000000000
47650  1.619  -21.805  77.165 0.0000000000
132886  2.135  -22.011  77.309 0.0000000000
46783  2.076  -22.647  76.229 0.0000000000
46782  2.362  -22.998  76.665 0.0000000000
51420  -1.948  -17.265  90.447 0.0000000000
51417  -1.744  -16.951  90.890 0.0000000000
50476  -1.598  -18.026  90.249 0.0000000000
46637  0.449  -22.212  89.234 0.0000000000
69713  -27.262  0.672  75.695 0.0000000000
122429  -26.821  0.203  76.255 0.0000000000
59604  -25.927  -9.613  76.796 0.0000000000
68615  -26.566  -0.588  75.092 0.0000000000
54494  -20.244  -13.718  86.467 0.0000000000
54504  -19.098  -14.353  86.687 0.0000000000
129420  -19.358  -14.735  85.924 0.0000000000
53405  -23.193  -14.724  83.753 0.0000000000
53404  -22.215  -15.022  84.145 0.0000000000
113423  -17.206  -14.938  80.947 0.0000000000
135593  -17.614  -15.081  81.282 0.0000000000
53476  -16.525  -14.843  80.798 0.0000000000
113419  -16.207  -14.772  80.124 0.0000000000
56568  4.487  -11.856  83.660 0.0000000000
57538  4.518  -11.199  83.178 0.0000000000
132580  4.426  -11.834  82.965 0.0000000000
55559  3.732  -13.029  83.377 0.0000000000
127463  2.524  -17.162  85.239 0.0000000000
50536  2.529  -18.490  83.875 0.0000000000
130905  2.825  -18.814  84.123 0.0000000000
72666  -37.598  3.293  66.192 0.0000000000
71729  -36.630  2.294  65.859 0.0000000000
70810  -36.147  1.772  65.358 0.0000000000
71730  -37.167  2.833  65.580 0.0000000000
52333  -4.596  -15.557  87.327 0.0000000000
129538  -4.021  -16.411  86.120 0.0000000000
52363  -10.615  -16.206  81.943 0.0000000000
51449  -9.195  -16.397  84.380 0.0000000000
51448  -8.478  -16.767  84.804 0.0000000000
52348  -8.544  -15.900  86.017 0.0000000000
51447  -7.718  -17.274  85.125 0.0000000000
59582  1.540  -9.636  77.510 0.0000000000
54565  3.146  -14.363  77.109 0.0000000000
54564  3.704  -14.070  76.686 0.0000000000
129821  3.404  -14.428  76.347 0.0000000000
54579  3.266  -14.662  75.734 0.0000000000
54580  1.768  -14.695  76.538 0.0000000000
51482  -1.537  -17.095  79.822 0.0000000000
52414  -3.094  -16.557  77.669 0.0000000000
52415  -3.505  -16.863  77.197 0.0000000000
131633  -3.853  -17.102  76.709 0.0000000000
51503  -4.121  -17.651  76.482 0.0000000000
57453  3.171  -10.942  90.704 0.0000000000
56523  3.741  -12.476  90.662 0.0000000000
51413  1.134  -17.526  91.486 0.0000000000
120465  1.892  -18.135  91.471 0.0000000000
51421  3.670  -17.779  89.230 0.0000000000
123719  3.839  -16.936  88.929 0.0000000000
51424  3.683  -17.608  88.433 0.0000000000
51427  3.597  -17.525  87.667 0.0000000000
50505  3.593  -18.277  87.913 0.0000000000
118467  3.538  -22.982  84.236 0.0000000000
45764  3.549  -22.984  83.419 0.0000000000
38918  3.452  -30.612  84.740 0.0000000000
39792  3.514  -29.948  85.331 0.0000000000
39801  3.540  -29.779  84.436 0.0000000000
120821  -27.589  -6.197  82.255 0.0000000000
122417  -27.646  -11.916  79.528 0.0000000000
121432  -27.755  -11.183  79.438 0.0000000000
131395  -27.956  -10.195  80.342 0.0000000000
136000  -27.832  -8.308  81.498 0.0000000000
61446  -27.735  -7.561  81.774 0.0000000000
62451  -27.554  -6.611  81.619 0.0000000000
53484  -26.124  -13.944  81.206 0.0000000000
53503  -26.141  -13.961  80.442 0.0000000000
54540  -26.531  -13.598  80.811 0.0000000000
56588  -27.783  -12.108  80.286 0.0000000000
55594  -27.139  -12.864  79.819 0.0000000000
117291  -27.506  -12.403  79.900 0.0000000000
56593  -27.335  -12.437  79.360 0.0000000000
55565  -27.239  -13.197  81.868 0.0000000000
55566  -27.373  -13.171  82.609 0.0000000000
54532  -26.631  -13.623  81.588 0.0000000000
72725  -41.819  3.677  62.562 0.0000000000
72726  -42.913  3.728  62.732 0.0000000000
72703  -42.366  4.091  63.366 0.0000000000
70840  -36.206  2.252  62.414 0.0000000000
70850  -35.466  1.692  61.865 0.0000000000
71764  -37.600  2.656  61.598 0.0000000000
71780  -38.002  2.412  60.904 0.0000000000
70863  -38.335  1.983  60.317 0.0000000000
72740  -40.356  3.262  61.763 0.0000000000
72741  -41.302  3.283  61.788 0.0000000000
69775  -30.158  0.901  71.555 0.0000000000
124418  -31.268  1.697  71.940 0.0000000000
70743  -30.691  1.406  72.141 0.0000000000
71643  -30.730  2.191  73.898 0.0000000000
70736  -31.124  2.110  73.284 0.0000000000
66603  -25.954  -1.908  72.419 0.0000000000
67638  -27.234  -1.063  71.551 0.0000000000
67649  -26.694  -1.568  71.166 0.0000000000
67650  -27.271  -1.205  70.796 0.0000000000
67651  -27.700  -0.892  70.472 0.0000000000
69774  -29.439  0.430  71.400 0.0000000000
132961  -29.881  0.546  70.902 0.0000000000
48525  2.810  -20.826  80.671 0.0000000000
48540  2.709  -21.266  79.961 0.0000000000
47638  2.637  -21.923  79.011 0.0000000000
46774  2.619  -22.703  78.386 0.0000000000
45841  2.583  -23.053  78.034 0.0000000000
44822  2.445  -23.920  78.538 0.0000000000
116057  2.493  -23.528  78.063 0.0000000000
43781  2.157  -25.771  76.798 0.0000000000
42748  1.818  -25.562  77.908 0.0000000000
49397  -1.525  -19.004  88.502 0.0000000000
49396  -1.135  -19.631  89.042 0.0000000000
49409  -1.198  -19.692  88.135 0.0000000000
130738  -26.146  -0.621  77.213 0.0000000000
62483  -25.416  -6.695  78.634 0.0000000000
64466  -24.165  -4.590  78.546 0.0000000000
63481  -24.025  -5.449  78.196 0.0000000000
136110  -23.554  -5.396  77.537 0.0000000000
64477  -23.558  -4.514  77.576 0.0000000000
66532  -24.024  -3.013  77.655 0.0000000000
67540  -25.278  -1.437  78.187 0.0000000000
66533  -25.034  -1.800  77.429 0.0000000000
56549  -20.774  -12.785  86.096 0.0000000000
55547  -21.234  -13.276  85.790 0.0000000000
53460  -20.707  -15.390  81.368 0.0000000000
71807  -40.854  2.425  56.443 0.0000000000
72794  -42.711  3.352  56.395 0.0000000000
73811  -42.712  4.129  55.156 0.0000000000
73803  -43.771  4.213  56.092 0.0000000000
56561  4.597  -11.844  84.492 0.0000000000
54506  3.929  -14.438  86.152 0.0000000000
54507  3.788  -14.198  85.533 0.0000000000
52346  3.395  -15.808  86.299 0.0000000000
70795  -36.021  1.927  66.999 0.0000000000
71711  -36.485  2.602  67.393 0.0000000000
67687  -31.802  -0.904  67.088 0.0000000000
68728  -32.734  -0.978  66.722 0.0000000000
68729  -33.434  -0.819  66.365 0.0000000000
70794  -35.354  1.615  67.309 0.0000000000
55512  -6.923  -13.521  90.618 0.0000000000
53348  -7.184  -14.813  88.980 0.0000000000
53347  -6.543  -14.846  89.204 0.0000000000
53352  -6.857  -15.146  88.691 0.0000000000
52328  -5.863  -15.504  88.257 0.0000000000
49505  -7.879  -18.914  81.795 0.0000000000
58637  3.786  -10.711  78.665 0.0000000000
57634  3.800  -11.459  78.272 0.0000000000
55600  3.606  -13.555  78.401 0.0000000000
54553  3.472  -14.046  77.742 0.0000000000
54554  2.182  -14.096  78.427 0.0000000000
49611  -1.317  -20.148  77.845 0.0000000000
49590  -1.764  -19.328  78.310 0.0000000000
48567  -1.875  -20.387  77.168 0.0000000000
130718  -2.717  -19.853  76.892 0.0000000000
48580  -2.872  -20.363  76.180 0.0000000000
48590  -2.464  -20.976  75.654 0.0000000000
58448  1.027  -11.066  91.105 0.0000000000
58447  1.768  -11.061  91.053 0.0000000000
58446  2.370  -11.129  91.012 0.0000000000
57438  1.929  -11.721  91.376 0.0000000000
48393  2.332  -20.935  91.226 0.0000000000
48392  2.855  -20.537  90.978 0.0000000000
47509  2.707  -21.255  90.848 0.0000000000
131688  3.406  -21.419  89.202 0.0000000000
48417  3.312  -21.159  89.708 0.0000000000
47537  3.518  -20.810  88.971 0.0000000000
48426  3.558  -20.005  89.093 0.0000000000
120482  3.569  -21.034  88.133 0.0000000000
45715  3.540  -23.709  86.522 0.0000000000
118743  3.567  -22.510  86.914 0.0000000000
46677  3.574  -23.041  86.388 0.0000000000
45734  3.569  -23.508  85.798 0.0000000000
59620  -26.487  -9.985  76.750 0.0000000000
123703  -26.777  -9.771  77.226 0.0000000000
118565  -27.578  -9.856  78.840 0.0000000000
59589  -27.373  -10.119  78.010 0.0000000000
131815  -26.536  -7.370  79.175 0.0000000000
60513  -26.724  -7.942  78.979 0.0000000000
61509  -26.414  -8.314  78.449 0.0000000000
61497  -26.290  -7.588  78.770 0.0000000000
62484  -25.923  -7.045  78.789 0.0000000000
62472  -26.225  -6.468  79.367 0.0000000000
52421  -25.326  -14.418  78.821 0.0000000000
54511  -24.482  -13.913  84.006 0.0000000000
54516  -24.169  -14.248  83.871 0.0000000000
129807  -26.358  -13.663  83.846 0.0000000000
53409  -25.568  -14.180  83.435 0.0000000000
53444  -24.477  -14.594  82.827 0.0000000000
52366  -23.719  -14.841  82.345 0.0000000000
53443  -23.484  -14.942  82.803 0.0000000000
52365  -23.222  -15.143  82.155 0.0000000000
53462  -22.518  -15.311  81.880 0.0000000000
52376  -22.970  -15.130  81.416 0.0000000000
52385  -22.149  -15.006  80.321 0.0000000000
70864  -39.147  1.902  60.131 0.0000000000
70872  -39.415  1.568  59.329 0.0000000000
70874  -41.085  1.751  59.134 0.0000000000
70873  -40.319  1.636  59.290 0.0000000000
70880  -40.547  1.584  58.584 0.0000000000
70881  -41.266  1.784  58.481 0.0000000000
70889  -41.425  1.926  57.904 0.0000000000
71797  -43.318  2.745  59.297 0.0000000000
72771  -43.953  3.184  58.992 0.0000000000
70775  -33.183  1.783  69.201 0.0000000000
71691  -33.592  2.417  69.675 0.0000000000
72620  -33.803  3.295  71.033 0.0000000000
71653  -32.300  2.696  72.752 0.0000000000
71654  -32.933  3.102  72.376 0.0000000000
67662  -28.030  -0.813  69.800 0.0000000000
68699  -28.793  -0.571  69.233 0.0000000000
68701  -30.045  0.013  69.187 0.0000000000
68718  -30.269  -0.687  67.796 0.0000000000
70774  -32.275  1.438  69.438 0.0000000000
70783  -32.850  1.192  68.687 0.0000000000
114227  -13.310  -14.684  81.814 0.0000000000
53471  -11.735  -15.125  80.891 0.0000000000
58700  3.917  -10.865  72.069 0.0000000000
116156  4.187  -12.641  72.698 0.0000000000
55637  4.218  -13.294  72.791 0.0000000000
54644  3.005  -14.186  73.058 0.0000000000
55629  3.902  -14.030  73.194 0.0000000000
54529  1.068  -13.917  81.576 0.0000000000
54530  0.322  -14.696  81.859 0.0000000000
51468  -0.209  -17.124  81.471 0.0000000000
53451  -0.531  -15.749  81.283 0.0000000000
51475  -1.164  -16.992  80.417 0.0000000000
49544  1.144  -19.649  80.373 0.0000000000
120322  1.085  -20.897  78.378 0.0000000000
49567  0.699  -19.952  79.606 0.0000000000
49589  -0.913  -19.775  78.605 0.0000000000
121619  0.332  -20.867  77.840 0.0000000000
47661  1.071  -21.983  76.461 0.0000000000
129940  2.422  -24.576  76.226 0.0000000000
54451  -1.351  -14.739  91.541 0.0000000000
134801  -1.640  -15.206  91.454 0.0000000000
51415  -0.984  -18.104  91.341 0.0000000000
52316  -1.055  -16.613  91.417 0.0000000000
120024  -0.661  -17.395  91.440 0.0000000000
51414  0.219  -17.470  91.487 0.0000000000
125915  -0.202  -18.207  91.454 0.0000000000
126131  -0.862  -19.323  90.621 0.0000000000
48409  -0.497  -20.004  90.322 0.0000000000
47512  0.303  -20.852  90.560 0.0000000000
48396  0.379  -20.667  90.901 0.0000000000
124771  0.469  -20.360  91.252 0.0000000000
48395  0.879  -20.966  91.147 0.0000000000
48394  1.583  -21.072  91.291 0.0000000000
47511  1.298  -21.505  90.945 0.0000000000
44624  1.648  -23.281  89.481 0.0000000000
45661  1.731  -22.873  89.904 0.0000000000
44623  1.978  -23.514  89.480 0.0000000000
45672  2.337  -23.575  89.321 0.0000000000
69730  -27.985  0.776  74.416 0.0000000000
61519  -24.678  -8.132  77.196 0.0000000000
60548  -24.824  -8.744  76.800 0.0000000000
66559  -24.703  -2.643  74.919 0.0000000000
66580  -24.862  -2.694  74.099 0.0000000000
68636  -27.013  -0.162  74.625 0.0000000000
119471  -27.169  -0.338  73.949 0.0000000000
68646  -27.582  -0.191  73.388 0.0000000000
123222  -17.726  -14.669  85.813 0.0000000000
135244  -17.224  -14.545  86.359 0.0000000000
53383  -16.275  -14.530  85.303 0.0000000000
53399  -16.556  -14.589  84.464 0.0000000000
53388  -21.687  -14.686  84.849 0.0000000000
53387  -20.859  -14.764  85.257 0.0000000000
54508  -21.320  -14.291  85.448 0.0000000000
114963  -19.906  -15.450  82.152 0.0000000000
53439  -20.419  -15.446  83.034 0.0000000000
53437  -17.933  -15.121  82.779 0.0000000000
53419  -18.771  -15.266  83.468 0.0000000000
53401  -18.883  -15.137  84.520 0.0000000000
124013  -17.965  -14.802  84.870 0.0000000000
53435  -16.326  -14.717  82.855 0.0000000000
53416  -15.966  -14.604  83.739 0.0000000000
128859  -14.626  -14.750  82.441 0.0000000000
113427  -15.280  -14.842  81.986 0.0000000000
113420  -15.383  -14.800  79.978 0.0000000000
53474  -14.830  -14.793  80.707 0.0000000000
73817  -43.334  5.130  54.225 0.0000000000
75826  -44.593  7.120  52.926 0.0000000000
59553  4.157  -9.647  80.035 0.0000000000
58622  4.383  -10.410  80.438 0.0000000000
57621  4.427  -11.638  80.327 0.0000000000
123328  4.533  -10.154  82.499 0.0000000000
123352  4.526  -10.244  81.895 0.0000000000
56575  4.457  -11.948  82.252 0.0000000000
55573  2.653  -13.236  81.958 0.0000000000
54520  1.732  -14.257  83.454 0.0000000000
54515  2.911  -14.227  84.675 0.0000000000
131833  1.912  -17.194  84.150 0.0000000000
51460  1.514  -17.137  83.557 0.0000000000
125418  2.402  -18.910  83.066 0.0000000000
116205  2.820  -20.087  82.112 0.0000000000
48495  3.273  -20.893  81.741 0.0000000000
73679  -39.105  4.362  64.936 0.0000000000
70727  -30.007  2.016  74.268 0.0000000000
68744  -34.094  -0.431  65.279 0.0000000000
69823  -34.567  0.207  64.873 0.0000000000
69831  -35.066  0.779  64.427 0.0000000000
69845  -34.917  0.940  63.592 0.0000000000
70839  -35.316  1.590  62.916 0.0000000000
72684  -37.805  3.544  64.503 0.0000000000
54453  -3.063  -14.551  91.297 0.0000000000
53339  -2.454  -15.782  90.829 0.0000000000
53342  -5.042  -14.656  90.047 0.0000000000
54459  -4.463  -14.386  90.635 0.0000000000
53345  -4.510  -15.062  89.599 0.0000000000
52326  -3.302  -15.928  88.651 0.0000000000
51422  -2.188  -17.601  88.841 0.0000000000
51425  -2.526  -17.424  87.998 0.0000000000
50515  -2.734  -17.743  86.391 0.0000000000
50514  -2.128  -18.381  86.989 0.0000000000
49440  -1.770  -19.234  85.584 0.0000000000
130248  -13.205  -14.605  84.232 0.0000000000
114424  -11.937  -14.809  84.049 0.0000000000
53394  -11.737  -14.906  84.643 0.0000000000
52357  -10.023  -16.260  83.066 0.0000000000
134607  -10.120  -15.621  84.377 0.0000000000
52350  -9.975  -15.483  85.065 0.0000000000
53377  -10.600  -15.099  85.474 0.0000000000
53365  -10.204  -14.836  86.189 0.0000000000
53363  -8.386  -15.376  87.029 0.0000000000
53359  -8.775  -14.876  87.245 0.0000000000
53355  -8.527  -14.698  87.957 0.0000000000
53358  -8.127  -15.242  87.571 0.0000000000
53354  -7.897  -14.996  88.174 0.0000000000
51436  -6.846  -16.415  86.560 0.0000000000
52342  -7.126  -16.099  87.129 0.0000000000
52341  -6.199  -16.023  86.958 0.0000000000
51435  -6.062  -16.324  86.272 0.0000000000
49459  -5.799  -18.463  83.673 0.0000000000
124372  -4.780  -18.372  83.720 0.0000000000
50526  -5.367  -17.963  84.405 0.0000000000
50518  -3.889  -17.485  85.137 0.0000000000
59594  0.406  -9.272  76.349 0.0000000000
59610  0.309  -9.353  75.433 0.0000000000
58678  1.382  -10.507  75.384 0.0000000000
57647  3.616  -11.850  77.463 0.0000000000
57648  3.088  -11.476  77.116 0.0000000000
56616  4.016  -13.234  75.568 0.0000000000
57664  3.425  -12.338  75.672 0.0000000000
57665  2.728  -11.778  75.015 0.0000000000
56623  4.062  -12.878  74.420 0.0000000000
117802  4.154  -13.213  74.877 0.0000000000
53556  2.920  -14.847  75.056 0.0000000000
54612  3.974  -14.226  74.453 0.0000000000
54614  2.534  -14.744  74.332 0.0000000000
125331  0.519  -13.924  80.058 0.0000000000
54547  -0.080  -14.220  79.416 0.0000000000
54556  0.236  -14.261  78.488 0.0000000000
51488  -2.501  -17.603  78.560 0.0000000000
52402  -2.308  -16.793  78.836 0.0000000000
53507  -1.906  -15.332  78.329 0.0000000000
131844  -0.498  -14.531  77.507 0.0000000000
54583  -1.025  -14.689  77.086 0.0000000000
54582  -0.182  -14.609  76.835 0.0000000000
114130  -2.271  -15.243  76.085 0.0000000000
53559  -0.017  -15.203  75.111 0.0000000000
53580  -1.824  -15.224  74.616 0.0000000000
53561  -2.472  -15.303  75.397 0.0000000000
55527  4.763  -13.063  88.032 0.0000000000
54450  0.063  -14.280  91.514 0.0000000000
55499  0.350  -13.553  91.555 0.0000000000
113428  0.692  -14.845  91.492 0.0000000000
53331  2.382  -15.768  91.416 0.0000000000
55497  2.281  -13.295  91.487 0.0000000000
113505  2.831  -14.042  91.406 0.0000000000
116395  2.898  -18.208  91.180 0.0000000000
51411  3.396  -17.528  90.816 0.0000000000
52322  3.912  -16.327  90.085 0.0000000000
52319  3.778  -16.268  90.569 0.0000000000
53338  3.976  -15.752  90.325 0.0000000000
54456  3.934  -14.445  90.565 0.0000000000
113963  4.178  -15.156  90.094 0.0000000000
54464  4.325  -14.414  89.844 0.0000000000
54471  4.384  -14.930  88.532 0.0000000000
132831  4.351  -14.754  87.876 0.0000000000
54482  4.129  -14.844  87.326 0.0000000000
51428  3.480  -17.500  86.974 0.0000000000
51432  3.255  -17.513  86.273 0.0000000000
128722  3.579  -20.759  87.186 0.0000000000
48442  3.536  -20.019  86.581 0.0000000000
48449  3.474  -20.541  84.815 0.0000000000
114849  3.481  -20.011  85.674 0.0000000000
123971  3.391  -19.825  84.884 0.0000000000
49455  3.262  -19.259  84.891 0.0000000000
117460  3.344  -20.066  84.018 0.0000000000
118937  3.561  -22.942  82.441 0.0000000000
46733  3.553  -22.287  81.854 0.0000000000
130491  3.474  -21.837  81.418 0.0000000000
42660  3.119  -26.785  87.595 0.0000000000
115368  3.508  -28.173  86.250 0.0000000000
42679  3.550  -26.784  86.754 0.0000000000
42689  3.656  -26.574  85.676 0.0000000000
41746  3.496  -27.430  84.318 0.0000000000
42698  3.575  -26.525  84.675 0.0000000000
42708  3.412  -26.525  83.731 0.0000000000
42720  3.164  -26.373  82.857 0.0000000000
44732  3.397  -24.636  82.318 0.0000000000
117854  3.113  -25.609  82.169 0.0000000000
43755  2.860  -25.485  81.495 0.0000000000
43765  2.605  -25.148  80.673 0.0000000000
44779  3.208  -23.855  80.542 0.0000000000
43770  2.382  -24.838  79.726 0.0000000000
61426  -27.871  -7.565  82.553 0.0000000000
62436  -27.697  -6.767  82.706 0.0000000000
61413  -27.906  -7.448  83.180 0.0000000000
136302  -28.126  -10.726  80.861 0.0000000000
124058  -28.194  -10.005  81.194 0.0000000000
60476  -28.029  -8.315  82.174 0.0000000000
55576  -27.563  -12.653  81.341 0.0000000000
56581  -28.022  -12.157  81.506 0.0000000000
57618  -28.077  -11.581  80.894 0.0000000000
57537  -28.218  -10.917  84.181 0.0000000000
56577  -28.391  -11.413  83.092 0.0000000000
56576  -28.197  -12.099  82.778 0.0000000000
60455  -27.868  -8.790  84.722 0.0000000000
72702  -41.349  4.014  63.203 0.0000000000
71755  -37.556  3.185  63.034 0.0000000000
133139  -37.143  2.746  62.364 0.0000000000
69758  -30.013  1.095  72.379 0.0000000000
67622  -27.105  -0.910  72.397 0.0000000000
68676  -28.217  -0.346  71.483 0.0000000000
124340  -28.403  -0.071  72.007 0.0000000000
68659  -28.997  0.351  71.962 0.0000000000
48509  3.114  -20.896  81.162 0.0000000000
48524  3.004  -21.366  80.458 0.0000000000
47637  2.865  -22.174  79.406 0.0000000000
46764  2.792  -22.591  79.037 0.0000000000
49424  -1.246  -19.787  87.183 0.0000000000
121252  -0.884  -20.513  86.822 0.0000000000
47561  -0.613  -21.286  86.524 0.0000000000
64452  -25.282  -4.706  79.594 0.0000000000
64467  -24.895  -5.116  79.154 0.0000000000
64451  -24.622  -4.155  79.259 0.0000000000
65491  -24.174  -3.494  78.520 0.0000000000
123871  -24.425  -2.467  78.226 0.0000000000
56563  -22.219  -12.812  84.634 0.0000000000
53499  -19.669  -15.223  79.780 0.0000000000
71803  -43.145  3.026  57.642 0.0000000000
71809  -42.477  2.813  57.067 0.0000000000
72791  -43.629  3.507  57.297 0.0000000000
73796  -45.397  4.952  57.670 0.0000000000
72646  -35.938  3.190  68.897 0.0000000000
69807  -32.959  0.149  67.762 0.0000000000
68720  -32.473  -0.405  67.446 0.0000000000
69808  -33.766  0.313  67.364 0.0000000000
69809  -34.416  0.267  66.621 0.0000000000
131915  -34.386  0.786  67.277 0.0000000000
135578  -7.135  -13.880  90.109 0.0000000000
54462  -7.559  -14.025  89.740 0.0000000000
54467  -7.511  -14.456  89.286 0.0000000000
53353  -7.334  -15.191  88.332 0.0000000000
53371  -15.998  -14.493  85.998 0.0000000000
55638  2.779  -13.677  72.528 0.0000000000
129328  1.946  -13.559  72.349 0.0000000000
123565  4.274  -11.848  79.514 0.0000000000
56598  4.035  -12.402  78.871 0.0000000000
48577  -0.460  -21.245  76.905 0.0000000000
48589  -1.632  -21.328  75.844 0.0000000000
57440  0.461  -11.469  91.394 0.0000000000
56514  0.701  -12.136  91.542 0.0000000000
119519  2.849  -22.220  90.071 0.0000000000
47524  3.014  -21.587  90.252 0.0000000000
46636  2.815  -22.755  89.607 0.0000000000
46651  3.389  -22.454  88.448 0.0000000000
46664  3.474  -22.702  87.687 0.0000000000
61464  -27.349  -7.551  80.333 0.0000000000
61483  -27.199  -8.267  79.537 0.0000000000
61463  -27.137  -6.956  80.106 0.0000000000
62473  -26.677  -6.788  79.633 0.0000000000
63451  -26.619  -5.979  80.013 0.0000000000
54559  -26.103  -13.971  78.559 0.0000000000
53445  -25.660  -14.268  82.397 0.0000000000
124374  -25.098  -14.465  82.663 0.0000000000
53464  -24.627  -14.537  82.110 0.0000000000
52378  -24.014  -14.703  81.730 0.0000000000
135640  -23.310  -14.924  81.102 0.0000000000
136271  -43.917  3.164  60.549 0.0000000000
71783  -40.432  2.358  60.523 0.0000000000
71795  -41.588  2.184  59.642 0.0000000000
71786  -43.266  2.796  60.265 0.0000000000
69799  -30.811  0.366  69.168 0.0000000000
53472  -12.579  -14.840  80.408 0.0000000000
58692  3.860  -11.130  72.337 0.0000000000
58693  3.231  -10.666  73.009 0.0000000000
119401  4.228  -12.804  73.444 0.0000000000
53430  0.515  -15.281  82.618 0.0000000000
53450  -0.056  -15.535  81.882 0.0000000000
51473  0.164  -18.028  81.188 0.0000000000
117328  2.260  -20.929  79.418 0.0000000000
135292  2.286  -23.024  76.085 0.0000000000
114291  -1.498  -15.891  91.350 0.0000000000
135654  -1.548  -16.585  91.208 0.0000000000
50469  -1.019  -18.763  91.061 0.0000000000
48418  -0.107  -20.719  90.085 0.0000000000
46623  0.675  -21.881  89.891 0.0000000000
47526  0.829  -21.670  90.366 0.0000000000
46611  1.165  -21.819  90.538 0.0000000000
46622  1.088  -22.160  90.132 0.0000000000
45673  1.348  -23.099  89.396 0.0000000000
69729  -27.384  0.429  74.906 0.0000000000
69714  -27.769  1.072  75.152 0.0000000000
66545  -24.979  -2.088  76.444 0.0000000000
67600  -25.690  -1.583  75.081 0.0000000000
67609  -25.785  -1.679  74.231 0.0000000000
67601  -26.238  -1.159  74.696 0.0000000000
54503  -18.409  -14.307  87.010 0.0000000000
54510  -23.660  -14.012  84.247 0.0000000000
54509  -22.702  -14.053  84.714 0.0000000000
53389  -22.537  -14.544  84.439 0.0000000000
53403  -21.211  -15.090  84.679 0.0000000000
53458  -18.808  -15.338  81.018 0.0000000000
113424  -18.176  -15.249  81.684 0.0000000000
129673  -17.459  -14.841  83.435 0.0000000000
113426  -16.616  -14.798  82.039 0.0000000000
53456  -16.054  -14.836  81.466 0.0000000000
133532  -15.278  -14.847  81.296 0.0000000000
72798  -40.821  3.308  55.057 0.0000000000
120154  4.544  -10.710  82.205 0.0000000000
55564  3.417  -13.011  82.536 0.0000000000
55561  3.179  -13.371  83.383 0.0000000000
49476  3.139  -19.901  83.265 0.0000000000
72667  -38.237  3.888  66.012 0.0000000000
73655  -38.793  4.463  66.662 0.0000000000
70818  -36.092  1.916  64.462 0.0000000000
54458  -3.477  -14.750  90.817 0.0000000000
53350  -5.104  -15.205  88.852 0.0000000000
51430  -3.060  -16.774  87.451 0.0000000000
53431  -11.682  -14.948  82.274 0.0000000000
129350  -10.986  -15.379  83.155 0.0000000000
51453  -9.398  -16.703  83.401 0.0000000000
52349  -9.196  -15.677  85.483 0.0000000000
52345  -8.896  -15.511  86.059 0.0000000000
52343  -8.033  -16.032  86.629 0.0000000000
49480  -4.171  -18.749  83.114 0.0000000000
49458  -3.760  -18.480  83.855 0.0000000000
127196  3.840  -13.211  77.082 0.0000000000
56610  3.873  -13.104  76.423 0.0000000000
55609  4.058  -13.619  75.811 0.0000000000
54578  4.091  -14.035  75.464 0.0000000000
55615  4.159  -13.654  74.955 0.0000000000
53470  -0.940  -15.429  80.531 0.0000000000
53490  -1.460  -15.536  79.650 0.0000000000
54558  -1.391  -15.012  78.938 0.0000000000
52403  -2.733  -16.703  78.267 0.0000000000
51495  -3.178  -17.437  77.798 0.0000000000
53541  -2.457  -15.418  76.851 0.0000000000
53542  -3.068  -15.657  76.173 0.0000000000
53332  1.282  -15.833  91.484 0.0000000000
50474  3.390  -18.936  90.151 0.0000000000
51418  3.543  -17.582  90.378 0.0000000000
115094  3.532  -18.053  89.974 0.0000000000
120724  3.759  -17.103  89.806 0.0000000000
114802  4.341  -15.075  89.350 0.0000000000
117114  3.927  -16.154  88.518 0.0000000000
52338  3.805  -16.097  87.701 0.0000000000
50506  3.465  -18.307  87.160 0.0000000000
128625  3.545  -22.097  85.453 0.0000000000
47560  3.538  -20.731  85.965 0.0000000000
47577  3.505  -21.838  84.527 0.0000000000
47578  3.497  -21.155  84.205 0.0000000000
47590  3.496  -21.645  83.592 0.0000000000
127118  3.600  -28.735  85.612 0.0000000000
41732  3.599  -27.893  85.307 0.0000000000
40785  3.548  -28.459  84.483 0.0000000000
41774  2.825  -26.373  82.145 0.0000000000
56600  -27.433  -11.930  78.371 0.0000000000
57654  -27.498  -11.296  77.939 0.0000000000
57642  -27.577  -11.415  78.721 0.0000000000
59563  -27.691  -9.639  79.712 0.0000000000
59548  -27.857  -9.412  80.617 0.0000000000
60487  -27.734  -8.648  80.842 0.0000000000
133339  -27.484  -8.261  80.333 0.0000000000
133273  -27.557  -7.277  81.113 0.0000000000
53482  -25.102  -14.480  80.463 0.0000000000
53502  -25.505  -14.375  79.906 0.0000000000
131891  -25.799  -14.198  79.520 0.0000000000
55584  -26.886  -13.248  80.337 0.0000000000
54549  -26.599  -13.461  79.630 0.0000000000
54560  -26.503  -13.484  78.877 0.0000000000
56599  -27.227  -12.469  78.757 0.0000000000
54522  -26.885  -13.447  83.643 0.0000000000
56573  -27.862  -12.410  83.503 0.0000000000
128793  -26.962  -13.533  83.076 0.0000000000
54525  -26.072  -14.075  82.686 0.0000000000
53465  -25.680  -14.224  81.649 0.0000000000
115402  -43.424  3.461  61.992 0.0000000000
71763  -36.847  2.430  61.714 0.0000000000
70851  -36.265  2.017  61.389 0.0000000000
70861  -36.481  1.703  60.564 0.0000000000
127013  -37.842  1.677  59.942 0.0000000000
71782  -39.621  2.338  60.615 0.0000000000
71766  -39.290  2.713  61.168 0.0000000000
71768  -40.859  2.783  61.137 0.0000000000
71652  -31.663  2.387  73.058 0.0000000000
66617  -26.115  -2.033  71.558 0.0000000000
123516  -26.337  -2.159  70.149 0.0000000000
66642  -26.732  -1.773  69.553 0.0000000000
67661  -27.326  -1.273  70.075 0.0000000000
123726  -28.345  -0.373  71.029 0.0000000000
68688  -28.766  -0.220  70.670 0.0000000000
115118  1.123  -18.683  81.635 0.0000000000
49565  2.456  -20.723  80.142 0.0000000000
47639  2.427  -21.850  78.384 0.0000000000
46775  2.493  -22.903  77.568 0.0000000000
44836  2.423  -24.030  77.131 0.0000000000
120478  2.287  -24.991  76.603 0.0000000000
50486  -1.665  -18.186  89.534 0.0000000000
50485  -1.315  -18.775  90.076 0.0000000000
50496  -1.416  -18.935  89.331 0.0000000000
48435  -0.849  -20.366  87.773 0.0000000000
47546  -0.538  -20.919  88.364 0.0000000000
47539  -0.388  -20.831  89.215 0.0000000000
135538  -0.257  -21.379  88.841 0.0000000000
69698  -26.765  0.342  77.126 0.0000000000
116601  -25.534  -8.129  77.876 0.0000000000
60549  -25.398  -9.124  76.940 0.0000000000
61507  -24.973  -7.660  77.742 0.0000000000
62495  -24.483  -6.913  77.837 0.0000000000
62494  -23.811  -6.679  77.413 0.0000000000
63495  -23.313  -5.946  77.055 0.0000000000
125857  -22.919  -5.449  76.231 0.0000000000
121469  -23.390  -4.079  76.534 0.0000000000
133749  -24.207  -2.764  76.725 0.0000000000
136330  -24.520  -2.398  77.279 0.0000000000
55545  -20.579  -13.200  86.381 0.0000000000
53441  -21.907  -15.385  82.495 0.0000000000
119279  -21.266  -15.412  83.159 0.0000000000
53479  -19.351  -15.331  80.438 0.0000000000
53477  -17.425  -14.891  80.412 0.0000000000
71817  -41.390  3.005  55.846 0.0000000000
71818  -42.096  3.030  56.325 0.0000000000
72799  -41.526  3.523  55.126 0.0000000000
72805  -41.941  4.453  54.200 0.0000000000
73816  -42.476  4.391  54.598 0.0000000000
121165  -43.076  4.596  54.692 0.0000000000
54514  3.580  -13.846  84.822 0.0000000000
53391  3.235  -14.601  85.390 0.0000000000
51438  2.966  -17.118  85.850 0.0000000000
71712  -37.260  3.083  66.990 0.0000000000
118230  -34.592  0.121  65.727 0.0000000000
69817  -35.079  0.714  66.170 0.0000000000
70803  -36.123  1.770  66.228 0.0000000000
55511  -6.118  -13.579  90.823 0.0000000000
54465  -6.089  -14.493  89.832 0.0000000000
52340  -5.082  -15.543  86.781 0.0000000000
51469  -9.545  -17.395  81.727 0.0000000000
50548  -9.155  -17.577  82.354 0.0000000000
50539  -8.784  -17.474  83.136 0.0000000000
116614  -8.171  -18.159  83.156 0.0000000000
50528  -7.244  -18.088  84.443 0.0000000000
50538  -7.553  -18.406  83.550 0.0000000000
120385  -7.117  -18.778  82.999 0.0000000000
59581  2.325  -9.909  77.915 0.0000000000
58650  3.403  -11.083  77.912 0.0000000000
133012  3.891  -12.403  78.108 0.0000000000
56604  3.820  -12.724  77.326 0.0000000000
55605  3.729  -13.639  77.378 0.0000000000
50575  -2.174  -18.527  78.522 0.0000000000
49591  -2.394  -18.973  78.034 0.0000000000
50592  -3.861  -18.320  76.729 0.0000000000
130548  1.355  -10.632  90.400 0.0000000000
58481  2.147  -10.370  90.055 0.0000000000
58462  2.518  -10.627  90.566 0.0000000000
57437  3.197  -11.887  91.075 0.0000000000
49362  1.649  -19.821  91.533 0.0000000000
50465  2.257  -19.053  91.412 0.0000000000
49361  2.449  -19.818  91.311 0.0000000000
49360  2.912  -19.891  91.016 0.0000000000
49375  3.185  -19.361  90.711 0.0000000000
48407  3.142  -20.675  90.435 0.0000000000
48406  3.302  -19.788  90.273 0.0000000000
49384  3.486  -19.489  89.612 0.0000000000
49395  3.600  -19.304  88.856 0.0000000000
49407  3.589  -19.131  87.964 0.0000000000
46692  3.563  -22.800  85.603 0.0000000000
45752  3.552  -23.275  84.957 0.0000000000
59588  -26.951  -9.612  77.654 0.0000000000
60526  -26.930  -8.680  78.708 0.0000000000
60537  -26.048  -8.681  77.872 0.0000000000
63450  -26.163  -5.703  79.706 0.0000000000
63449  -25.606  -5.471  79.440 0.0000000000
55549  -24.084  -13.704  84.074 0.0000000000
53423  -23.026  -14.979  83.366 0.0000000000
118868  -25.514  -13.902  83.926 0.0000000000
53426  -24.981  -14.437  83.217 0.0000000000
53407  -24.596  -14.387  83.529 0.0000000000
53424  -23.728  -14.739  83.225 0.0000000000
53481  -21.463  -15.251  80.769 0.0000000000
53501  -21.311  -15.140  79.970 0.0000000000
132868  -39.898  1.491  58.745 0.0000000000
70886  -39.000  1.352  57.669 0.0000000000
71799  -42.739  2.525  58.699 0.0000000000
71802  -42.609  2.578  57.965 0.0000000000
72784  -44.484  3.726  58.580 0.0000000000
71665  -32.374  2.518  71.789 0.0000000000
69800  -31.572  0.480  68.729 0.0000000000
68710  -32.146  0.184  68.158 0.0000000000
69801  -32.688  0.622  68.297 0.0000000000
114336  -14.331  -14.623  83.220 0.0000000000
129591  -13.048  -14.647  82.547 0.0000000000
53453  -12.540  -14.752  81.272 0.0000000000
52374  -11.177  -15.582  81.560 0.0000000000
52373  -10.566  -16.451  81.138 0.0000000000
135270  -10.100  -17.065  80.862 0.0000000000
57685  4.024  -11.683  72.166 0.0000000000
54630  2.202  -14.518  73.606 0.0000000000
55582  2.807  -13.293  80.906 0.0000000000
55592  2.012  -13.538  80.430 0.0000000000
133524  1.503  -13.626  81.010 0.0000000000
54539  -0.300  -15.006  81.203 0.0000000000
50561  -0.310  -18.342  80.505 0.0000000000
50566  -0.797  -18.604  79.799 0.0000000000
48566  -0.525  -20.734  77.566 0.0000000000
134389  -0.019  -21.082  77.356 0.0000000000
47662  0.168  -21.751  76.241 0.0000000000
128740  -0.733  -14.531  91.538 0.0000000000
113303  -0.300  -15.109  91.497 0.0000000000
53334  -0.719  -15.892  91.473 0.0000000000
120585  0.755  -18.253  91.524 0.0000000000
50475  -1.272  -18.567  90.664 0.0000000000
49365  -0.520  -19.500  91.038 0.0000000000
48408  -0.079  -20.393  90.674 0.0000000000
117661  -0.011  -19.696  91.342 0.0000000000
49363  0.763  -19.801  91.537 0.0000000000
123629  1.973  -20.468  91.430 0.0000000000
47510  2.024  -21.655  91.043 0.0000000000
46620  2.063  -22.183  90.630 0.0000000000
46621  1.465  -22.330  90.255 0.0000000000
115314  1.869  -22.518  90.302 0.0000000000
45659  2.366  -22.557  90.147 0.0000000000
134980  2.455  -23.086  89.639 0.0000000000
44628  2.644  -24.103  88.798 0.0000000000
70735  -29.471  1.433  73.807 0.0000000000
69731  -28.716  1.110  74.050 0.0000000000
70715  -28.136  1.654  75.339 0.0000000000
60566  -24.941  -9.344  76.386 0.0000000000
65561  -24.940  -3.022  72.977 0.0000000000
66592  -25.398  -2.491  72.897 0.0000000000
66593  -25.854  -1.787  73.334 0.0000000000
67610  -26.362  -1.237  73.809 0.0000000000
132496  -17.173  -14.411  86.983 0.0000000000
54502  -16.579  -14.491  86.502 0.0000000000
55548  -22.268  -13.560  85.032 0.0000000000
135321  -21.730  -13.460  85.399 0.0000000000
131818  -20.476  -14.346  85.891 0.0000000000
133586  -19.922  -14.591  85.923 0.0000000000
128661  -20.765  -15.448  83.706 0.0000000000
120902  -20.638  -15.346  84.376 0.0000000000
53402  -19.833  -15.311  84.532 0.0000000000
53386  -19.535  -15.060  85.195 0.0000000000
74826  -42.032  4.987  53.631 0.0000000000
74834  -42.536  5.994  52.930 0.0000000000
76709  -44.128  7.488  52.271 0.0000000000
58623  4.152  -10.478  79.490 0.0000000000
58608  4.440  -10.355  81.274 0.0000000000
58589  4.532  -10.808  81.588 0.0000000000
57608  4.526  -11.464  81.165 0.0000000000
55571  4.091  -12.732  81.004 0.0000000000
55560  3.355  -13.556  84.078 0.0000000000
52352  2.088  -15.626  84.668 0.0000000000
50554  1.891  -18.879  82.347 0.0000000000
118183  3.232  -21.340  80.952 0.0000000000
46743  3.334  -22.301  80.341 0.0000000000
72686  -39.379  4.218  64.122 0.0000000000
73696  -40.073  4.623  64.863 0.0000000000
71693  -35.172  2.893  69.171 0.0000000000
116606  -33.540  -0.475  64.141 0.0000000000
68789  -33.876  0.065  63.777 0.0000000000
69844  -34.330  0.556  63.332 0.0000000000
71745  -36.609  2.605  64.126 0.0000000000
52320  -2.222  -16.504  90.626 0.0000000000
52323  -2.467  -16.713  90.086 0.0000000000
54455  -5.021  -13.732  91.113 0.0000000000
53344  -3.530  -15.479  89.951 0.0000000000
53395  -12.610  -14.663  84.679 0.0000000000
121681  -12.957  -14.517  85.562 0.0000000000
127545  -12.073  -14.335  86.377 0.0000000000
51454  -10.085  -16.585  82.231 0.0000000000
52353  -9.793  -15.994  83.913 0.0000000000
54496  -11.000  -14.251  86.709 0.0000000000
54484  -10.251  -14.172  87.368 0.0000000000
54474  -9.135  -14.173  88.397 0.0000000000
52336  -7.394  -15.765  87.421 0.0000000000
50521  -6.882  -17.494  85.177 0.0000000000
50520  -5.933  -17.402  85.075 0.0000000000
51439  -3.524  -17.197  85.903 0.0000000000
50517  -2.973  -17.898  85.475 0.0000000000
49457  -2.785  -18.802  84.137 0.0000000000
49441  -2.467  -18.630  85.048 0.0000000000
59626  0.493  -9.300  74.755 0.0000000000
58652  1.817  -10.313  77.144 0.0000000000
58666  1.514  -10.479  76.281 0.0000000000
57657  3.504  -12.173  76.604 0.0000000000
57658  2.847  -11.702  76.143 0.0000000000
57666  1.918  -11.081  74.911 0.0000000000
55627  4.346  -13.663  73.631 0.0000000000
54597  4.107  -14.075  74.829 0.0000000000
55621  4.294  -13.920  74.114 0.0000000000
54628  3.993  -14.201  73.838 0.0000000000
54615  1.497  -14.930  74.115 0.0000000000
54546  2.164  -13.740  79.393 0.0000000000
119509  1.243  -14.479  77.229 0.0000000000
51487  -1.979  -17.298  79.208 0.0000000000
120214  -1.821  -15.634  79.008 0.0000000000
54568  -0.370  -14.445  78.071 0.0000000000
54567  0.334  -14.427  77.538 0.0000000000
53538  1.286  -14.991  75.833 0.0000000000
126925  -0.693  -14.805  76.377 0.0000000000
53558  0.803  -15.159  75.267 0.0000000000
53579  -0.187  -15.253  74.322 0.0000000000
119698  -0.985  -15.277  74.196 0.0000000000
53562  -3.283  -15.578  75.270 0.0000000000
56542  4.886  -12.882  87.278 0.0000000000
113044  0.177  -12.890  91.631 0.0000000000
116404  0.973  -12.949  91.553 0.0000000000
54449  1.346  -14.199  91.497 0.0000000000
55498  1.535  -13.477  91.518 0.0000000000
56513  1.766  -12.644  91.528 0.0000000000
56511  3.237  -12.688  91.141 0.0000000000
135608  2.564  -17.693  91.347 0.0000000000
114283  3.072  -17.311  91.205 0.0000000000
116739  3.106  -16.447  91.233 0.0000000000
131735  3.648  -16.190  90.892 0.0000000000
53330  3.271  -15.641  91.185 0.0000000000
54447  3.489  -14.858  91.068 0.0000000000
55510  3.587  -13.429  90.868 0.0000000000
56522  4.166  -12.764  90.068 0.0000000000
114022  4.591  -13.344  88.787 0.0000000000
114792  4.476  -14.316  89.013 0.0000000000
55538  4.645  -13.627  87.534 0.0000000000
55543  4.648  -13.531  86.886 0.0000000000
54495  3.840  -14.895  86.730 0.0000000000
53362  3.644  -15.437  86.692 0.0000000000
52339  3.625  -16.137  86.922 0.0000000000
119235  3.308  -16.622  86.360 0.0000000000
51446  2.864  -17.874  85.458 0.0000000000
49408  3.476  -19.203  87.047 0.0000000000
50513  3.375  -18.851  86.394 0.0000000000
50522  2.978  -18.699  84.795 0.0000000000
50535  3.121  -19.387  84.103 0.0000000000
133672  3.313  -20.718  82.338 0.0000000000
47591  3.494  -21.058  83.284 0.0000000000
47601  3.441  -21.177  82.391 0.0000000000
47608  3.374  -21.390  81.519 0.0000000000
43668  3.063  -25.412  88.177 0.0000000000
40755  3.121  -28.142  86.806 0.0000000000
41704  3.230  -27.297  87.281 0.0000000000
43681  3.349  -25.862  87.794 0.0000000000
44667  3.538  -25.372  87.144 0.0000000000
133822  3.627  -24.962  86.458 0.0000000000
44681  3.608  -24.937  85.626 0.0000000000
44695  3.567  -24.814  84.614 0.0000000000
44711  3.524  -24.699  83.537 0.0000000000
43745  3.379  -25.608  83.177 0.0000000000
45778  3.467  -23.736  81.601 0.0000000000
44753  3.316  -24.202  81.304 0.0000000000
45792  3.441  -23.442  80.938 0.0000000000
125121  3.333  -23.241  80.324 0.0000000000
44804  3.053  -23.450  79.754 0.0000000000
44805  2.609  -24.017  79.301 0.0000000000
42755  2.011  -26.889  77.014 0.0000000000
42667  3.300  -26.547  87.595 0.0000000000
45777  3.525  -23.586  82.139 0.0000000000
46652  -0.002  -21.956  88.746 0.0000000000
46734  3.501  -22.303  81.041 0.0000000000
47600  3.497  -21.492  82.822 0.0000000000
51437  -7.563  -16.285  86.623 0.0000000000
52330  -7.211  -15.558  87.841 0.0000000000
52344  -8.411  -15.641  86.588 0.0000000000
52387  -23.562  -14.786  80.527 0.0000000000
53408  -25.240  -14.177  83.634 0.0000000000
53420  -20.100  -15.445  83.800 0.0000000000
53427  -25.611  -14.285  83.001 0.0000000000
54446  3.913  -15.243  90.555 0.0000000000
54457  3.409  -14.018  91.109 0.0000000000
54517  -24.876  -14.105  83.803 0.0000000000
54531  -26.155  -14.012  82.030 0.0000000000
54563  4.061  -13.978  76.043 0.0000000000
55562  -27.437  -13.075  83.283 0.0000000000
55585  -27.410  -12.657  80.525 0.0000000000
56567  -28.066  -11.742  83.983 0.0000000000
56574  -28.221  -11.835  83.400 0.0000000000
56606  -27.220  -12.467  78.098 0.0000000000
56630  4.339  -13.321  73.273 0.0000000000
57439  1.197  -11.542  91.338 0.0000000000
57560  -28.440  -10.831  83.472 0.0000000000
57582  -28.381  -11.347  82.402 0.0000000000
57633  4.076  -11.761  78.727 0.0000000000
58574  -28.502  -10.261  83.163 0.0000000000
58620  -27.920  -10.970  80.183 0.0000000000
59515  -28.396  -9.481  84.020 0.0000000000
59520  -28.402  -9.107  83.090 0.0000000000
60463  -28.163  -8.143  83.680 0.0000000000
60499  -27.530  -8.895  80.014 0.0000000000
60536  -25.612  -8.695  77.491 0.0000000000
113487  -27.791  -12.577  82.145 0.0000000000
114565  -23.987  -14.714  82.861 0.0000000000
114889  2.752  -14.646  76.451 0.0000000000
114977  -24.593  -14.632  80.230 0.0000000000
117321  -26.180  -13.953  79.819 0.0000000000
129312  -27.527  -10.817  78.155 0.0000000000
129411  2.621  -11.574  91.178 0.0000000000
130458  -25.250  -14.402  82.082 0.0000000000
130670  -26.790  -13.235  84.150 0.0000000000
133288  -24.690  -6.301  78.402 0.0000000000
133899  2.367  -10.455  90.318 0.0000000000
135731  -28.305  -11.363  83.638 0.0000000000
135735  -21.162  -12.869  85.741 0.0000000000
136132  -6.383  -15.651  87.908 0.0000000000
136509  -25.879  -14.188  80.033 0.0000000000
