#!ascii label  , from subject sub-v2s3x28810_ses-1 vox2ras=TkReg
1372
2182  32.736  -83.498  25.430 0.5000000000
7193  25.010  -74.025  16.946 0.6000000238
7203  24.694  -73.973  16.347 0.6000000238
6657  23.137  -74.547  15.702 0.6000000238
7213  23.648  -73.854  15.551 0.6999999881
6658  22.037  -74.291  15.638 0.6000000238
7855  23.179  -72.977  15.293 0.6999999881
126375  22.240  -73.030  15.260 0.6000000238
4838  27.633  -77.543  23.718 0.5000000000
4276  26.586  -79.272  26.733 0.6000000238
4283  26.455  -79.013  25.916 0.6000000238
4296  27.319  -78.200  24.290 0.5000000000
136668  27.204  -80.881  27.020 0.5000000000
3809  26.755  -79.920  26.881 0.4000000060
3821  26.737  -79.733  25.444 0.5000000000
4282  26.880  -78.881  24.950 0.6000000238
122399  22.783  -75.306  19.649 0.5000000000
2564  30.410  -82.294  27.244 0.4000000060
6590  22.482  -74.337  20.369 0.5000000000
7161  22.461  -73.893  19.708 0.6000000238
7797  23.586  -72.969  19.478 0.6000000238
7796  24.980  -72.782  19.087 0.6000000238
7814  26.049  -72.353  18.579 0.6999999881
7179  24.810  -73.860  17.666 0.6000000238
7192  25.450  -73.419  16.754 0.6999999881
8436  26.370  -71.732  18.608 0.6000000238
7827  25.975  -72.853  17.275 0.6999999881
9035  26.300  -70.980  18.749 0.6000000238
8455  25.550  -71.579  17.147 0.6000000238
7841  24.526  -72.536  15.896 0.6999999881
133680  25.040  -70.762  17.339 0.6999999881
7216  20.519  -73.025  15.650 0.6000000238
5989  27.407  -75.382  24.387 0.5000000000
4798  26.688  -77.056  25.370 0.6000000238
5388  27.298  -76.384  24.517 0.5000000000
3796  26.964  -79.389  27.251 0.6000000238
133917  26.720  -78.637  27.100 0.6999999881
123719  26.783  -77.993  25.053 0.6000000238
3375  28.374  -80.443  27.654 0.4000000060
7742  22.493  -72.784  22.689 0.5000000000
6572  22.424  -73.853  21.250 0.5000000000
2578  32.161  -82.342  26.271 0.5000000000
7128  22.424  -73.230  21.784 0.5000000000
8373  23.731  -71.210  22.220 0.6999999881
7756  22.714  -72.637  21.243 0.6000000238
8393  24.488  -71.407  21.270 0.6999999881
8413  23.688  -72.019  20.764 0.6000000238
7778  23.122  -72.682  20.306 0.6000000238
7777  24.267  -72.321  19.905 0.6999999881
7159  24.085  -73.395  18.577 0.6000000238
7776  25.649  -72.105  19.554 0.6999999881
8411  26.436  -71.192  19.857 0.6000000238
8412  26.078  -71.521  20.071 0.6000000238
9017  26.431  -70.818  19.685 0.6000000238
120631  26.418  -70.004  20.354 0.6000000238
9693  25.185  -69.758  18.401 0.6999999881
8495  21.248  -71.776  15.214 0.6999999881
7842  20.006  -72.898  16.115 0.5000000000
8472  24.700  -71.662  16.323 0.6999999881
8492  23.782  -71.651  15.689 0.6999999881
8496  20.616  -72.156  15.348 0.6000000238
5978  26.738  -75.350  26.313 0.5000000000
6518  27.063  -74.884  25.155 0.5000000000
6527  26.734  -74.325  24.862 0.5000000000
5347  26.828  -76.379  27.164 0.6999999881
5371  26.560  -76.447  26.199 0.6000000238
130357  27.594  -79.017  27.427 0.5000000000
4264  27.782  -78.312  27.468 0.6999999881
4774  26.853  -77.193  27.235 0.6999999881
117149  26.567  -77.815  26.867 0.6000000238
131703  26.454  -77.265  26.242 0.6000000238
3794  28.851  -79.448  27.571 0.4000000060
3795  27.808  -79.641  27.408 0.5000000000
7722  22.918  -72.834  24.028 0.5000000000
8356  22.821  -71.652  23.538 0.5000000000
7705  22.755  -72.180  24.028 0.5000000000
7741  22.607  -72.520  22.047 0.5000000000
8976  24.158  -70.500  22.898 0.6000000238
8374  22.785  -71.898  22.662 0.5000000000
8966  25.172  -69.851  23.334 0.6999999881
116868  26.186  -69.712  22.971 0.6000000238
8975  25.446  -70.342  22.443 0.6999999881
8994  24.883  -70.854  21.961 0.6999999881
117428  26.652  -69.065  23.294 0.6000000238
8974  26.287  -70.124  22.143 0.6000000238
135839  25.538  -71.078  21.288 0.6999999881
10949  27.677  -67.850  22.747 0.6999999881
9627  26.603  -69.503  22.445 0.6000000238
9006  26.251  -71.011  20.739 0.6000000238
10296  27.502  -67.570  21.197 0.6000000238
134883  26.664  -69.311  21.478 0.6999999881
119753  26.617  -69.995  21.028 0.6999999881
11003  26.305  -67.470  19.359 0.6000000238
10316  25.976  -68.027  20.065 0.6000000238
9656  26.449  -68.878  20.855 0.6999999881
9056  20.419  -70.545  16.268 0.6000000238
9674  25.925  -68.854  20.118 0.6999999881
124863  22.985  -71.232  15.329 0.6999999881
9091  20.524  -71.494  15.369 0.6000000238
11024  25.897  -67.468  18.412 0.6999999881
11004  25.685  -67.828  19.233 0.6000000238
122155  24.988  -68.723  18.664 0.8000000119
9709  24.592  -69.903  17.445 0.6999999881
9071  24.575  -70.746  16.822 0.6999999881
9089  23.309  -70.616  15.550 0.6999999881
6519  26.638  -74.410  25.942 0.6000000238
125719  27.832  -76.177  27.607 0.6999999881
5954  27.251  -75.868  27.391 0.6999999881
5357  26.659  -76.158  26.836 0.6000000238
4772  28.391  -77.718  27.368 0.5000000000
5345  28.112  -76.865  27.551 0.6999999881
4263  28.407  -78.961  27.392 0.5000000000
7703  23.821  -72.906  25.119 0.5000000000
7076  24.387  -73.439  24.708 0.5000000000
8340  23.069  -71.718  24.766 0.5000000000
8958  23.280  -70.728  24.660 0.6000000238
9609  25.215  -68.845  25.066 0.6000000238
8967  23.968  -70.064  23.963 0.6999999881
8977  23.283  -71.158  22.986 0.6999999881
9610  24.691  -69.448  24.464 0.6999999881
10247  26.592  -68.549  24.176 0.6000000238
128551  26.072  -68.432  24.962 0.6000000238
115728  28.811  -67.053  23.400 0.6999999881
117190  28.064  -67.540  23.479 0.6999999881
10246  27.275  -68.215  23.611 0.6999999881
9710  21.116  -69.086  17.056 0.6000000238
120678  28.799  -67.080  21.934 0.6000000238
10948  28.408  -67.265  22.693 0.6999999881
9626  27.065  -68.726  22.695 0.6999999881
10330  29.104  -68.294  18.494 0.6000000238
10315  28.549  -67.621  19.211 0.6000000238
11000  28.852  -67.531  19.958 0.6000000238
10968  28.415  -67.232  21.271 0.6000000238
116847  27.980  -67.398  21.964 0.6999999881
9055  20.781  -69.705  16.470 0.6000000238
11023  27.008  -67.305  18.468 0.6000000238
10985  27.372  -67.370  20.340 0.6000000238
134606  22.672  -69.096  15.431 0.6999999881
9738  22.030  -69.479  15.401 0.6000000238
114345  21.277  -69.906  15.496 0.6999999881
9073  20.363  -71.005  15.642 0.6000000238
135767  28.139  -67.948  17.325 0.5000000000
134506  26.744  -67.373  17.706 0.6000000238
11047  25.199  -67.770  17.715 0.8000000119
10352  24.834  -67.969  16.755 0.8000000119
10353  24.306  -68.782  16.840 0.8000000119
9725  24.010  -69.834  16.461 0.8000000119
9736  23.533  -69.841  15.810 0.6999999881
9090  22.264  -70.436  15.298 0.6999999881
11025  25.210  -67.993  18.623 0.8000000119
9694  24.602  -68.965  17.926 0.8000000119
5955  26.878  -75.478  27.086 0.6999999881
6511  26.759  -74.546  26.811 0.6999999881
121126  26.508  -73.937  26.552 0.6999999881
7062  26.095  -73.686  25.818 0.6000000238
118564  28.605  -76.261  27.551 0.6999999881
5356  29.477  -76.539  26.954 0.6000000238
7063  25.154  -73.141  25.891 0.5000000000
7692  24.306  -72.515  25.879 0.5000000000
13109  20.853  -64.512  23.521 0.6000000238
8321  23.932  -71.654  26.050 0.5000000000
13127  20.846  -64.875  22.718 0.5000000000
8309  23.839  -70.861  26.048 0.5000000000
12372  21.191  -64.915  21.074 0.6000000238
9585  24.791  -69.757  26.265 0.6999999881
8941  24.113  -70.109  25.785 0.6000000238
10225  25.759  -68.636  25.662 0.6999999881
9597  24.577  -69.435  25.377 0.6999999881
11716  22.089  -66.434  18.843 0.6000000238
10235  26.998  -67.925  24.831 0.6999999881
10224  26.575  -68.180  25.647 0.6000000238
11629  29.927  -66.772  24.221 0.6999999881
10919  29.689  -66.862  24.985 0.6999999881
10935  27.823  -67.612  24.322 0.6999999881
11027  21.718  -67.690  17.631 0.6000000238
11026  22.196  -67.425  18.727 0.6000000238
10947  29.266  -66.923  22.626 0.6000000238
10934  28.491  -67.274  24.166 0.6999999881
11048  21.470  -67.551  16.679 0.6000000238
131579  22.178  -68.225  18.625 0.6000000238
10294  30.469  -68.359  20.393 0.6000000238
128986  29.173  -67.216  21.306 0.6000000238
11083  21.681  -67.531  15.995 0.6999999881
10381  21.386  -68.211  15.968 0.6000000238
9726  20.994  -68.815  16.100 0.6000000238
10314  29.423  -68.189  19.345 0.6000000238
11758  24.884  -67.034  15.665 0.6000000238
11759  23.194  -66.946  15.713 0.6000000238
11081  23.066  -67.743  15.577 0.6999999881
10380  22.134  -67.955  15.694 0.6000000238
9072  20.775  -69.957  15.795 0.6000000238
11079  25.387  -67.153  15.819 0.6000000238
10378  23.653  -68.279  15.633 0.8000000119
115927  25.524  -67.553  16.605 0.6000000238
11080  24.440  -67.834  15.852 0.6999999881
123447  23.801  -68.884  15.938 0.8000000119
6499  27.723  -74.638  27.583 0.6999999881
116218  27.416  -73.872  27.492 0.6999999881
115514  26.764  -73.757  27.166 0.6999999881
5951  29.837  -75.337  27.224 0.6999999881
5953  28.012  -75.461  27.683 0.6999999881
7055  26.185  -73.415  26.888 0.6000000238
7056  25.593  -72.991  26.622 0.6000000238
13089  22.604  -64.317  23.944 0.6000000238
13801  21.274  -63.797  24.254 0.6000000238
127219  21.700  -64.412  23.552 0.6000000238
13090  21.615  -64.237  24.036 0.6000000238
7680  25.260  -72.259  27.061 0.6000000238
117371  21.317  -64.572  22.681 0.5000000000
8925  26.306  -70.452  27.252 0.6999999881
131250  24.858  -70.631  26.874 0.6999999881
13152  21.852  -64.067  20.970 0.4000000060
13153  21.187  -64.544  21.625 0.5000000000
9582  27.134  -69.012  26.562 0.6999999881
9583  26.344  -69.557  26.724 0.8000000119
117461  21.260  -64.123  19.682 0.5000000000
10210  27.297  -68.157  26.214 0.6000000238
9584  25.578  -69.188  26.287 0.6999999881
11698  21.746  -65.324  19.025 0.6000000238
10920  28.761  -67.136  25.068 0.6999999881
10905  27.802  -67.697  26.043 0.6999999881
12431  21.942  -65.544  17.615 0.6999999881
11717  21.851  -65.795  18.059 0.6000000238
10932  30.492  -66.829  23.687 0.6999999881
10918  30.610  -66.831  24.737 0.6999999881
12446  22.209  -65.202  17.046 0.5000000000
121989  21.576  -67.007  17.103 0.6000000238
10274  31.539  -68.022  21.589 0.6000000238
10966  30.823  -67.438  22.087 0.6000000238
10946  30.195  -66.964  22.727 0.6999999881
12447  21.838  -66.139  16.847 0.6999999881
10275  30.667  -67.872  21.217 0.6000000238
10967  29.831  -67.183  21.786 0.6000000238
12464  23.151  -65.987  16.121 0.5000000000
133722  22.191  -65.982  16.498 0.6000000238
10295  29.659  -68.005  20.136 0.6000000238
117477  25.099  -66.110  15.738 0.6000000238
125527  24.142  -66.584  15.748 0.5000000000
11082  22.315  -67.238  15.822 0.6999999881
11757  25.963  -66.577  15.673 0.6000000238
120421  28.240  -73.937  27.742 0.6999999881
7043  27.872  -73.150  27.692 0.6999999881
7044  26.921  -73.023  27.510 0.6000000238
128514  26.090  -72.679  27.311 0.6000000238
14480  22.719  -63.161  24.397 0.4000000060
14481  21.791  -63.152  24.391 0.5000000000
7672  25.765  -71.781  27.444 0.6000000238
13108  23.312  -64.558  23.382 0.5000000000
14482  20.863  -63.104  24.272 0.6000000238
8291  27.148  -71.488  27.531 0.6999999881
8307  27.612  -70.826  27.259 0.6999999881
7673  25.002  -71.456  27.137 0.6000000238
113692  22.624  -64.278  21.766 0.5000000000
9581  27.985  -69.364  26.606 0.6999999881
13178  21.684  -63.882  19.935 0.4000000060
10205  32.146  -68.174  25.974 0.6999999881
10206  31.117  -68.011  26.240 0.6999999881
10208  29.501  -68.392  26.427 0.6999999881
13195  21.636  -63.935  19.443 0.6000000238
117084  32.892  -67.439  24.448 0.6999999881
10901  32.617  -67.654  25.284 0.6999999881
10903  29.393  -67.303  25.808 0.6999999881
10890  29.023  -67.820  26.288 0.6999999881
13880  22.101  -63.985  18.842 0.5000000000
12416  21.698  -64.881  18.551 0.5000000000
113865  31.863  -67.240  23.214 0.6000000238
10916  32.055  -67.207  24.729 0.6999999881
10917  31.358  -67.000  24.944 0.6999999881
10902  30.280  -67.151  25.576 0.6999999881
13209  22.408  -64.103  18.126 0.5000000000
132829  32.255  -67.563  22.713 0.6000000238
118116  31.084  -67.101  22.996 0.6000000238
7042  28.870  -73.241  27.705 0.6999999881
117646  27.451  -72.323  27.610 0.6999999881
14493  23.213  -62.382  24.130 0.4000000060
131221  29.109  -72.451  27.385 0.6999999881
7671  26.583  -72.106  27.554 0.6999999881
15260  21.915  -61.630  23.617 0.4000000060
8290  27.989  -71.590  27.435 0.6999999881
127554  20.683  -62.443  23.911 0.6000000238
116569  28.485  -70.074  26.558 0.8000000119
8306  28.457  -70.838  26.833 0.6999999881
9595  30.584  -69.817  26.125 0.6000000238
9580  29.042  -69.420  26.463 0.6000000238
16051  19.558  -60.128  21.298 0.6000000238
9577  31.640  -68.734  26.228 0.6999999881
9578  30.882  -68.914  26.348 0.6999999881
10222  33.100  -68.435  25.649 0.6000000238
10914  34.250  -67.894  24.340 0.6000000238
118699  18.354  -59.969  20.669 0.5000000000
10944  32.897  -67.609  22.785 0.6000000238
126708  33.024  -67.423  23.654 0.6999999881
10257  33.325  -67.892  22.172 0.5000000000
8305  29.318  -71.122  26.290 0.6999999881
15277  22.450  -61.035  22.917 0.4000000060
15261  21.044  -61.711  23.503 0.5000000000
8939  30.393  -70.633  25.517 0.8000000119
16050  20.314  -59.862  21.461 0.4000000060
125009  21.508  -60.198  22.056 0.4000000060
8929  29.145  -70.432  26.340 0.6999999881
16790  19.814  -59.298  20.824 0.4000000060
16034  20.031  -60.584  22.042 0.5000000000
9608  34.714  -69.159  25.157 0.6000000238
9593  32.413  -69.264  26.079 0.6000000238
9594  31.414  -69.551  26.148 0.6999999881
122354  20.166  -58.515  20.465 0.4000000060
10234  34.445  -68.416  24.811 0.6000000238
10915  33.620  -67.883  24.918 0.6000000238
16807  17.916  -59.424  20.711 0.4000000060
16052  18.885  -60.496  21.107 0.6000000238
10929  33.722  -67.568  24.062 0.6000000238
131283  34.067  -67.720  22.319 0.5000000000
129644  33.756  -67.982  21.592 0.5000000000
16032  22.212  -60.382  22.202 0.4000000060
7690  30.189  -71.504  25.684 0.8000000119
16048  21.938  -59.736  21.531 0.4000000060
8319  30.634  -71.140  25.022 0.6999999881
16789  20.621  -59.151  20.834 0.4000000060
8954  33.136  -70.826  25.068 0.6000000238
122805  30.964  -70.277  25.701 0.6999999881
133387  34.192  -69.522  25.441 0.6000000238
8937  32.841  -70.173  25.680 0.6000000238
17543  20.340  -57.842  20.426 0.4000000060
17545  19.094  -58.281  20.511 0.4000000060
10245  34.792  -68.162  24.217 0.6000000238
18245  18.017  -57.909  21.259 0.4000000060
10927  35.183  -67.732  23.029 0.4000000060
16788  22.396  -59.203  20.907 0.4000000060
8338  31.468  -71.465  24.184 0.6999999881
16804  21.848  -58.402  20.524 0.4000000060
8336  33.365  -71.406  24.371 0.6999999881
8955  31.991  -70.834  24.918 0.6000000238
17542  21.037  -57.973  20.368 0.4000000060
8953  34.756  -70.108  25.222 0.6000000238
121493  34.128  -70.863  25.029 0.6000000238
18243  19.092  -57.573  21.185 0.4000000060
9618  35.894  -68.955  24.194 0.6000000238
18230  17.761  -57.695  21.779 0.3000000119
10244  35.412  -68.208  23.693 0.4000000060
10256  35.785  -67.891  22.870 0.4000000060
10255  36.293  -68.002  22.480 0.4000000060
18241  20.675  -57.503  20.877 0.4000000060
136817  20.191  -57.487  21.553 0.4000000060
8333  36.272  -70.370  24.189 0.6000000238
9617  36.543  -69.514  23.767 0.6000000238
8965  36.784  -70.321  23.645 0.6000000238
9624  37.296  -69.338  22.498 0.4000000060
120916  37.541  -70.249  22.471 0.5000000000
10271  36.712  -68.064  22.005 0.4000000060
15993  16.900  -61.057  24.232 0.3000000119
9640  37.634  -69.660  21.704 0.4000000060
18209  22.290  -57.668  22.584 0.4000000060
15992  17.990  -60.838  24.337 0.3000000119
15219  14.656  -61.515  26.308 0.4000000060
122227  23.258  -57.595  22.884 0.4000000060
17483  21.723  -58.749  23.760 0.4000000060
15990  19.888  -60.434  24.668 0.3000000119
16743  20.475  -59.720  24.305 0.3000000119
15228  16.812  -62.122  25.208 0.3000000119
15241  17.567  -61.648  24.844 0.3000000119
15229  15.748  -62.080  25.408 0.3000000119
17482  22.708  -58.720  24.112 0.4000000060
16741  22.200  -59.332  24.542 0.4000000060
16742  21.354  -59.458  24.346 0.4000000060
15227  18.437  -61.606  25.114 0.3000000119
123519  17.685  -62.191  25.458 0.3000000119
18166  14.757  -57.985  27.628 0.4000000060
16692  15.235  -58.301  28.450 0.3000000119
16683  16.092  -59.025  28.875 0.3000000119
14467  16.417  -62.419  25.945 0.3000000119
14459  15.497  -62.155  26.053 0.3000000119
16732  22.530  -59.887  25.308 0.4000000060
16734  21.185  -60.153  24.897 0.4000000060
15979  20.193  -61.097  25.361 0.3000000119
15226  19.710  -61.941  25.882 0.3000000119
14465  18.345  -62.405  25.949 0.3000000119
17469  14.449  -58.289  26.935 0.3000000119
14466  17.404  -62.516  25.988 0.3000000119
18165  15.427  -57.947  27.992 0.3000000119
15206  16.252  -62.125  26.590 0.3000000119
17443  16.391  -57.864  28.098 0.4000000060
17434  16.233  -58.159  28.511 0.3000000119
18155  17.475  -57.813  28.240 0.3000000119
17433  17.283  -58.081  28.820 0.3000000119
15977  21.881  -60.575  25.652 0.4000000060
15225  20.508  -61.802  26.188 0.4000000060
14455  19.873  -62.331  26.646 0.3000000119
17468  15.111  -58.199  27.201 0.4000000060
14456  18.707  -62.490  26.687 0.3000000119
17467  15.785  -58.491  27.054 0.3000000119
17456  15.858  -58.078  27.546 0.4000000060
18154  18.561  -57.632  28.829 0.3000000119
15217  21.473  -61.559  26.546 0.4000000060
15218  20.632  -62.253  27.148 0.4000000060
14444  19.850  -62.399  27.337 0.4000000060
15204  18.757  -62.144  27.791 0.4000000060
15205  17.391  -62.230  27.134 0.3000000119
16707  16.799  -60.111  27.310 0.3000000119
130914  16.527  -58.765  27.178 0.3000000119
122243  17.222  -58.626  27.451 0.3000000119
17455  17.485  -58.013  27.658 0.5000000000
121908  16.734  -58.120  27.491 0.4000000060
18174  17.418  -57.881  27.798 0.4000000060
17422  18.778  -57.895  30.081 0.3000000119
15202  20.559  -62.204  27.978 0.4000000060
15203  19.622  -62.236  27.886 0.4000000060
15196  19.251  -61.574  28.378 0.3000000119
16705  18.416  -59.601  28.169 0.3000000119
17442  18.563  -58.357  28.179 0.3000000119
17441  19.474  -58.352  28.579 0.3000000119
132268  18.025  -62.022  27.613 0.3000000119
15953  18.342  -61.132  28.088 0.3000000119
17454  17.894  -58.431  27.739 0.3000000119
122904  18.789  -57.856  28.430 0.3000000119
16706  17.682  -59.814  27.721 0.3000000119
18173  18.065  -57.816  27.963 0.3000000119
116931  18.012  -57.758  28.147 0.3000000119
18140  18.903  -57.207  30.537 0.3000000119
15963  23.568  -60.675  27.295 0.3000000119
15952  23.056  -61.196  27.760 0.3000000119
15194  21.542  -61.774  28.439 0.3000000119
15929  20.707  -60.979  29.238 0.3000000119
16690  19.881  -59.517  28.943 0.3000000119
124564  20.168  -57.979  28.800 0.3000000119
15195  20.659  -61.637  28.750 0.3000000119
15941  19.864  -60.797  28.956 0.3000000119
16691  19.183  -59.489  28.564 0.3000000119
18163  19.619  -57.528  28.830 0.3000000119
18164  18.830  -57.674  28.662 0.3000000119
18152  19.729  -57.130  29.326 0.3000000119
18153  19.292  -57.349  29.605 0.3000000119
15951  24.264  -60.353  27.668 0.3000000119
15192  23.005  -61.204  28.420 0.3000000119
15181  21.817  -61.405  29.036 0.3000000119
16689  20.653  -60.072  29.336 0.3000000119
17440  20.351  -58.853  29.030 0.3000000119
18929  20.267  -56.913  29.223 0.3000000119
18139  19.524  -56.775  30.221 0.3000000119
17439  21.026  -58.275  29.097 0.3000000119
18162  20.533  -57.423  28.957 0.3000000119
18914  20.114  -56.426  29.802 0.3000000119
18894  19.604  -56.035  30.457 0.3000000119
18161  21.410  -57.427  28.931 0.3000000119
18928  21.033  -56.771  29.067 0.3000000119
18927  21.767  -56.772  28.706 0.3000000119
19757  21.442  -56.009  28.959 0.3000000119
18913  20.679  -56.162  29.457 0.3000000119
19742  20.197  -55.609  30.055 0.3000000119
131236  19.563  -55.271  30.409 0.3000000119
2593  32.482  -82.982  25.894 0.5000000000
2594  31.651  -82.985  25.885 0.5000000000
2579  31.086  -82.556  26.472 0.4000000060
123807  24.851  -73.297  16.104 0.6999999881
7856  22.250  -72.321  15.207 0.6999999881
2985  28.490  -81.437  27.667 0.4000000060
8992  26.431  -70.403  21.238 0.6000000238
8322  23.457  -71.289  25.462 0.5000000000
130238  26.871  -69.081  22.019 0.6000000238
8931  27.178  -70.054  26.982 0.8000000119
8293  25.566  -70.951  27.360 0.6999999881
10209  28.561  -68.461  26.447 0.6000000238
10258  32.421  -68.006  22.017 0.5000000000
116677  30.828  -67.489  25.877 0.6999999881
16806  18.709  -59.115  20.564 0.4000000060
10273  33.000  -68.350  21.409 0.5000000000
9607  35.386  -69.483  24.790 0.6000000238
10272  34.582  -67.608  21.908 0.4000000060
8334  35.758  -71.151  24.277 0.6000000238
17518  18.500  -57.895  22.341 0.3000000119
10243  36.301  -68.563  23.277 0.4000000060
8964  37.146  -69.864  23.169 0.4000000060
17498  22.464  -58.180  23.351 0.4000000060
15201  21.474  -62.004  27.664 0.3000000119
128390  23.652  -60.829  28.103 0.3000000119
7719  32.878  -72.317  22.729 0.5000000000
7720  32.292  -72.340  22.895 0.5000000000
8355  31.449  -71.800  23.932 0.6999999881
131834  31.255  -72.001  24.178 0.6999999881
7678  29.599  -72.001  26.732 0.6000000238
8353  32.503  -71.860  23.354 0.5000000000
127946  30.810  -71.706  24.855 0.6000000238
6496  30.035  -74.479  27.328 0.6000000238
6497  29.390  -74.623  27.592 0.6000000238
7072  31.831  -72.544  23.912 0.6999999881
7060  31.483  -73.350  25.586 0.6000000238
7053  30.512  -73.720  26.902 0.6000000238
136423  31.557  -72.758  24.752 0.6999999881
7061  30.971  -72.990  26.089 0.6000000238
7041  29.622  -73.828  27.518 0.6000000238
7718  33.951  -72.334  23.098 0.5000000000
6525  32.436  -74.615  24.563 0.6999999881
6517  31.498  -74.529  25.800 0.6999999881
6510  30.476  -74.918  26.849 0.6000000238
7071  32.433  -73.396  23.789 0.6000000238
7059  32.119  -73.693  24.966 0.6999999881
6509  30.966  -74.469  26.464 0.6000000238
6548  33.047  -73.620  22.079 0.6000000238
7737  34.971  -72.637  22.935 0.5000000000
8352  33.628  -71.888  23.662 0.5000000000
119355  33.137  -74.238  22.979 0.6999999881
6516  32.007  -74.901  25.214 0.6000000238
5966  30.143  -76.156  26.410 0.6000000238
7105  35.699  -73.219  22.299 0.5000000000
8351  34.837  -71.851  23.930 0.5000000000
7124  37.351  -73.366  21.558 0.5000000000
136167  36.322  -72.505  22.905 0.5000000000
7775  38.127  -72.777  21.198 0.4000000060
6644  21.418  -74.792  16.066 0.4000000060
6641  24.279  -74.553  16.579 0.4000000060
6122  22.492  -75.087  16.029 0.4000000060
6642  23.743  -74.983  16.438 0.5000000000
6620  24.241  -74.573  17.140 0.5000000000
6108  23.370  -75.542  16.675 0.5000000000
6621  23.338  -75.118  17.446 0.5000000000
4907  22.253  -77.358  19.314 0.6000000238
7736  37.275  -72.160  22.550 0.4000000060
7146  22.765  -73.288  19.872 0.5000000000
6082  22.668  -74.843  18.404 0.5000000000
127930  23.036  -76.605  18.568 0.5000000000
6111  20.800  -75.309  16.463 0.5000000000
6109  22.849  -75.764  16.515 0.5000000000
5511  21.274  -76.146  16.841 0.5000000000
5510  22.303  -76.323  16.901 0.5000000000
5496  20.828  -76.521  17.368 0.5000000000
6098  23.219  -75.812  17.147 0.5000000000
5494  22.498  -76.647  17.554 0.5000000000
5479  22.157  -77.169  17.987 0.5000000000
8372  36.888  -71.659  23.189 0.5000000000
5493  22.850  -76.351  17.755 0.5000000000
7774  38.466  -72.796  20.427 0.4000000060
8391  37.889  -71.673  21.905 0.4000000060
7752  38.228  -71.979  21.353 0.4000000060
118787  20.243  -71.970  17.230 0.5000000000
135777  19.332  -76.285  18.283 0.5000000000
137000  36.533  -71.066  23.749 0.5000000000
8371  37.560  -71.225  22.518 0.4000000060
116267  20.971  -70.419  17.487 0.5000000000
8437  21.217  -71.032  18.563 0.5000000000
9007  21.433  -70.861  20.362 0.5000000000
8456  20.649  -71.175  17.385 0.5000000000
8991  37.999  -70.740  21.527 0.4000000060
9036  21.530  -70.190  18.495 0.5000000000
9658  21.926  -70.113  20.288 0.5000000000
9676  22.180  -68.956  19.031 0.5000000000
127064  22.103  -69.734  21.060 0.5000000000
8995  21.599  -70.318  21.259 0.5000000000
8996  20.933  -71.009  21.311 0.4000000060
10298  22.566  -68.410  20.805 0.5000000000
9643  21.769  -69.619  21.815 0.6000000238
8978  21.051  -70.214  22.166 0.6000000238
10318  22.485  -68.170  19.674 0.5000000000
129636  22.483  -67.775  21.341 0.5000000000
9642  22.320  -69.077  21.348 0.5000000000
114736  21.204  -68.855  22.420 0.6000000238
9629  20.728  -69.528  22.436 0.6000000238
9630  18.811  -69.827  22.446 0.6000000238
8980  18.374  -70.424  22.679 0.5000000000
135032  16.867  -70.324  21.806 0.5000000000
9009  16.660  -70.485  20.940 0.5000000000
137199  22.434  -66.767  20.437 0.5000000000
11681  21.938  -65.898  20.694 0.5000000000
131156  22.251  -67.228  21.860 0.5000000000
10259  21.754  -67.783  22.306 0.5000000000
119132  21.119  -67.193  22.631 0.6000000238
10261  19.939  -68.640  22.312 0.6000000238
9644  19.303  -69.091  22.139 0.6000000238
9645  18.393  -69.359  21.959 0.6000000238
135923  17.086  -69.887  20.762 0.5000000000
11030  16.775  -67.478  18.544 0.5000000000
8439  16.594  -71.356  18.689 0.5000000000
11697  22.097  -66.075  19.804 0.5000000000
11669  21.789  -66.157  21.618 0.5000000000
11655  20.672  -66.243  22.699 0.6000000238
11656  20.380  -66.793  22.696 0.6000000238
11657  19.638  -66.520  22.674 0.6000000238
10952  19.805  -68.021  22.118 0.6000000238
11671  19.157  -67.061  21.856 0.6000000238
10280  18.764  -68.627  21.179 0.6000000238
10299  18.927  -68.083  20.921 0.6000000238
131516  18.115  -69.131  21.063 0.6000000238
9679  17.828  -69.329  19.288 0.5000000000
126123  16.676  -70.732  19.775 0.5000000000
9019  17.604  -69.923  18.541 0.5000000000
10333  17.561  -69.114  17.855 0.5000000000
9057  17.163  -70.655  17.055 0.5000000000
9711  17.154  -69.980  17.227 0.5000000000
128555  20.501  -65.448  22.972 0.6000000238
12360  19.989  -65.908  23.126 0.6000000238
12361  19.189  -65.728  23.158 0.6000000238
12373  18.034  -65.584  21.734 0.6000000238
11658  18.710  -66.209  22.391 0.6000000238
10971  18.810  -67.450  20.885 0.6000000238
121656  18.348  -66.458  21.116 0.6000000238
10319  18.256  -68.276  19.340 0.5000000000
11006  18.140  -67.419  19.280 0.5000000000
9678  18.007  -68.874  19.066 0.5000000000
11007  17.623  -67.023  18.895 0.5000000000
11700  17.257  -66.234  18.913 0.6000000238
119014  17.410  -68.400  18.185 0.5000000000
11029  17.251  -67.320  18.609 0.5000000000
11718  17.018  -66.483  18.767 0.5000000000
11683  15.764  -66.404  20.150 0.5000000000
13112  18.751  -64.311  23.572 0.6000000238
12363  17.873  -64.903  22.114 0.6000000238
121249  17.889  -65.574  20.459 0.6000000238
12392  17.905  -66.049  19.807 0.6000000238
13196  17.088  -64.971  19.302 0.6000000238
11701  16.712  -66.098  19.225 0.5000000000
13811  18.444  -63.724  23.305 0.6000000238
12393  17.510  -65.144  19.429 0.6000000238
13181  16.916  -64.570  19.573 0.6000000238
13182  16.326  -64.950  20.434 0.5000000000
15280  19.708  -61.397  22.551 0.6000000238
14512  19.315  -62.225  23.105 0.6000000238
120680  18.388  -61.994  21.492 0.6000000238
13824  17.824  -63.152  20.947 0.6000000238
13154  17.469  -63.700  20.249 0.6000000238
136125  16.996  -62.974  20.202 0.5000000000
15297  18.643  -61.196  21.286 0.6000000238
14532  17.970  -62.449  20.755 0.6000000238
15308  18.322  -60.740  20.753 0.6000000238
13846  17.396  -62.915  20.360 0.6000000238
133885  17.173  -61.554  20.606 0.6000000238
15298  16.364  -61.191  21.241 0.5000000000
16065  16.792  -60.515  21.013 0.4000000060
7054  29.749  -72.931  27.265 0.6000000238
7689  30.643  -72.208  25.588 0.6999999881
133656  34.246  -71.441  24.435 0.5000000000
7717  35.947  -71.902  23.603 0.5000000000
7144  36.778  -74.181  21.072 0.5000000000
7754  36.840  -73.004  22.249 0.5000000000
5480  20.468  -77.127  18.694 0.6000000238
10950  21.055  -68.084  22.507 0.6000000238
120370  19.914  -67.401  22.351 0.6000000238
9659  18.238  -68.782  20.018 0.6000000238
9696  17.813  -68.655  18.535 0.5000000000
13823  17.959  -63.562  22.415 0.6000000238
13130  17.744  -64.062  21.515 0.6000000238
14541  17.647  -62.170  20.535 0.6000000238
13847  16.641  -62.944  20.469 0.6000000238
2181  33.069  -83.731  25.397 0.4000000060
2156  32.587  -83.261  28.680 0.5000000000
2541  32.759  -82.539  28.983 0.5000000000
115748  32.814  -83.219  27.493 0.4000000060
2162  32.910  -82.474  26.540 0.4000000060
2171  32.892  -83.169  25.911 0.4000000060
2960  34.037  -81.361  29.415 0.5000000000
136431  33.631  -82.585  29.907 0.5000000000
125550  33.101  -81.229  27.115 0.5000000000
2563  32.970  -81.679  26.748 0.5000000000
2577  32.710  -82.395  26.418 0.4000000060
2971  34.671  -80.865  29.079 0.5000000000
3355  34.032  -80.538  28.885 0.5000000000
2972  33.128  -80.745  27.654 0.5000000000
118666  32.917  -81.071  27.154 0.5000000000
2999  32.585  -81.737  26.700 0.4000000060
3354  35.340  -80.341  28.701 0.5000000000
118148  34.543  -80.053  28.678 0.5000000000
3777  35.107  -79.538  28.475 0.5000000000
124804  33.908  -79.772  28.358 0.5000000000
3357  32.915  -80.228  27.756 0.5000000000
3000  31.599  -81.880  26.815 0.4000000060
4783  29.574  -77.917  26.351 0.5000000000
4771  29.209  -78.173  26.882 0.4000000060
4275  29.727  -78.306  26.606 0.4000000060
4770  30.226  -78.304  26.739 0.4000000060
3793  29.816  -79.142  28.126 0.4000000060
3782  29.471  -79.939  28.201 0.4000000060
3778  34.339  -79.255  28.286 0.5000000000
3781  30.395  -79.588  28.379 0.4000000060
3359  30.202  -80.489  28.335 0.4000000060
2983  30.782  -81.553  27.607 0.4000000060
4242  34.060  -78.422  28.099 0.4000000060
3779  33.444  -78.960  28.110 0.5000000000
2982  31.953  -81.072  27.314 0.4000000060
3372  32.372  -80.258  27.777 0.4000000060
4782  30.032  -78.160  26.017 0.4000000060
4769  31.432  -77.675  27.590 0.4000000060
4260  30.996  -78.157  28.116 0.4000000060
4256  35.470  -78.151  27.769 0.4000000060
4244  31.645  -78.471  28.293 0.4000000060
3373  31.227  -80.295  28.163 0.4000000060
4257  34.590  -77.780  27.894 0.4000000060
128345  33.331  -78.144  28.143 0.4000000060
4243  32.603  -78.290  28.213 0.4000000060
3780  32.637  -79.317  28.101 0.4000000060
5977  30.367  -76.901  25.470 0.5000000000
5355  29.944  -77.501  25.897 0.4000000060
4797  30.487  -77.763  25.499 0.4000000060
4781  30.768  -78.066  26.020 0.4000000060
131358  31.917  -77.102  27.190 0.4000000060
4768  32.326  -77.151  27.737 0.4000000060
4767  33.139  -76.834  27.744 0.4000000060
4757  31.917  -77.758  28.142 0.4000000060
5340  34.786  -76.309  27.114 0.4000000060
4766  34.113  -76.715  27.591 0.4000000060
4259  32.811  -77.535  28.068 0.4000000060
5965  30.844  -75.477  26.118 0.5000000000
5976  31.102  -76.105  25.217 0.6000000238
5369  30.711  -77.399  24.914 0.5000000000
4795  31.619  -77.938  25.563 0.4000000060
118921  32.969  -76.468  26.548 0.4000000060
5354  33.999  -75.958  26.338 0.4000000060
5353  34.885  -75.950  26.377 0.4000000060
5386  31.607  -77.741  24.272 0.4000000060
114233  32.394  -75.616  24.185 0.5000000000
4818  32.215  -78.278  24.312 0.4000000060
4794  32.405  -77.843  25.214 0.4000000060
5399  32.216  -77.712  23.702 0.5000000000
4835  33.182  -78.513  23.313 0.4000000060
128523  32.874  -78.255  24.490 0.4000000060
4816  33.818  -78.043  24.311 0.4000000060
5998  33.042  -76.380  23.216 0.6000000238
5999  33.010  -75.363  23.545 0.6000000238
4848  33.203  -78.238  22.904 0.5000000000
4324  33.797  -78.651  22.663 0.4000000060
7721  31.778  -72.060  23.493 0.5000000000
13110  20.176  -64.498  23.798 0.5000000000
13810  19.257  -63.723  23.806 0.5000000000
14511  20.190  -61.966  23.363 0.5000000000
13809  20.236  -63.836  24.138 0.5000000000
116833  19.878  -62.907  23.909 0.5000000000
13111  19.465  -64.425  23.758 0.5000000000
2553  33.161  -81.512  28.321 0.5000000000
126337  33.022  -82.061  27.479 0.5000000000
4258  33.690  -77.539  27.978 0.4000000060
4819  31.558  -78.188  24.789 0.4000000060
5343  32.631  -76.636  27.257 0.4000000060
5341  34.004  -75.925  26.920 0.4000000060
5988  31.063  -76.886  24.634 0.5000000000
4793  33.598  -77.185  25.124 0.4000000060
113413  32.113  -76.767  23.816 0.5000000000
4849  32.963  -77.577  22.975 0.6000000238
4308  33.639  -78.670  23.253 0.5000000000
6012  33.735  -75.996  22.262 0.5000000000
5488  39.299  -76.643  16.903 0.3000000119
5472  37.834  -76.997  17.760 0.3000000119
117360  38.092  -76.267  18.318 0.3000000119
6096  38.798  -76.510  17.542 0.3000000119
6107  39.700  -75.898  16.090 0.3000000119
5519  40.653  -76.235  15.730 0.3000000119
6121  40.263  -75.544  15.487 0.3000000119
115329  37.844  -77.560  17.568 0.3000000119
5473  36.221  -77.106  18.190 0.4000000060
6076  36.131  -76.524  18.538 0.4000000060
4942  39.266  -77.380  17.064 0.3000000119
6055  35.962  -75.846  19.088 0.4000000060
6075  36.999  -76.209  18.786 0.4000000060
7126  34.996  -73.712  21.441 0.4000000060
7106  34.338  -73.216  21.888 0.4000000060
5505  40.291  -76.900  16.167 0.3000000119
6053  37.796  -75.591  19.027 0.3000000119
6582  37.174  -74.633  20.361 0.4000000060
6632  39.494  -74.936  17.208 0.3000000119
6600  38.327  -74.803  19.306 0.3000000119
4899  35.292  -77.227  19.117 0.4000000060
5459  34.962  -76.731  19.693 0.4000000060
6022  34.090  -75.281  21.070 0.4000000060
6565  33.611  -74.237  21.457 0.4000000060
4931  37.560  -78.014  17.593 0.4000000060
5474  35.649  -76.866  18.590 0.4000000060
5458  35.214  -76.371  19.159 0.4000000060
6586  34.067  -74.577  20.727 0.4000000060
6564  33.859  -74.156  20.987 0.4000000060
4930  38.475  -78.074  17.469 0.3000000119
6056  35.155  -75.764  19.367 0.4000000060
6585  34.258  -74.677  20.465 0.4000000060
7739  32.690  -72.792  22.276 0.4000000060
4941  39.933  -77.574  16.752 0.3000000119
6563  35.519  -74.267  20.957 0.4000000060
7755  33.473  -73.296  21.640 0.4000000060
4940  40.786  -77.704  16.756 0.3000000119
7143  37.848  -73.692  20.745 0.4000000060
127331  34.605  -78.552  20.656 0.4000000060
4863  34.139  -77.382  21.562 0.4000000060
127955  35.513  -79.400  19.247 0.4000000060
4363  35.327  -78.293  19.221 0.4000000060
4881  34.562  -77.352  20.611 0.4000000060
4382  39.635  -78.806  17.988 0.3000000119
4385  36.990  -78.357  17.897 0.4000000060
4927  41.874  -77.850  17.565 0.3000000119
4928  41.178  -78.127  17.450 0.3000000119
129239  33.134  -73.357  21.747 0.4000000060
4939  41.715  -77.750  16.876 0.3000000119
125101  33.623  -77.382  22.282 0.4000000060
7142  38.452  -73.477  20.066 0.3000000119
6581  38.083  -74.299  19.993 0.3000000119
7740  32.565  -72.732  22.483 0.4000000060
6533  33.462  -74.942  22.692 0.4000000060
4862  34.241  -78.529  21.608 0.4000000060
117286  37.010  -76.846  18.251 0.3000000119
6095  39.464  -75.880  17.013 0.3000000119
118652  39.960  -75.269  15.495 0.3000000119
4916  36.211  -77.849  18.182 0.4000000060
6602  36.466  -75.290  19.768 0.4000000060
6603  35.340  -75.275  19.691 0.4000000060
6583  36.007  -74.791  20.382 0.4000000060
7127  33.909  -73.689  21.294 0.4000000060
6601  37.499  -75.063  19.655 0.4000000060
4374  35.752  -78.609  18.634 0.4000000060
5420  34.433  -76.255  20.890 0.4000000060
6038  34.393  -75.242  20.269 0.4000000060
4384  37.799  -78.673  17.854 0.3000000119
6037  34.665  -75.187  19.886 0.4000000060
4929  39.450  -78.159  17.353 0.3000000119
4373  36.393  -78.987  18.343 0.4000000060
3915  38.021  -79.390  18.415 0.3000000119
136856  40.851  -78.367  17.841 0.3000000119
1245  33.467  -87.018  30.205 0.3000000119
114486  33.643  -87.705  29.303 0.3000000119
1235  33.609  -86.714  31.196 0.3000000119
1027  33.518  -88.019  30.012 0.3000000119
117132  33.455  -86.849  29.301 0.3000000119
1782  34.228  -85.545  31.714 0.3000000119
1484  34.094  -86.369  31.901 0.3000000119
1013  33.429  -87.583  30.883 0.3000000119
1794  34.405  -84.713  31.455 0.3000000119
124330  33.198  -85.672  30.550 0.3000000119
1497  32.968  -85.873  29.664 0.3000000119
134469  32.887  -84.146  27.420 0.3000000119
133231  35.128  -85.425  32.702 0.3000000119
1483  34.604  -85.870  32.425 0.3000000119
119050  34.981  -85.208  32.094 0.3000000119
1224  33.638  -87.073  31.788 0.3000000119
1498  32.675  -84.955  29.822 0.3000000119
2144  33.154  -82.952  29.826 0.3000000119
1812  32.593  -84.204  28.370 0.3000000119
1795  33.511  -84.917  31.018 0.3000000119
124319  33.870  -84.141  30.892 0.3000000119
2143  35.283  -83.313  30.370 0.3000000119
2539  33.981  -83.180  30.405 0.3000000119
137472  32.702  -84.293  29.906 0.3000000119
2970  35.669  -81.288  28.839 0.4000000060
1236  31.038  -86.671  31.017 0.3000000119
1017  28.697  -87.046  30.183 0.3000000119
1002  33.209  -87.733  31.329 0.3000000119
739  33.182  -88.164  30.614 0.3000000119
1469  33.519  -85.612  33.528 0.3000000119
1211  32.879  -86.183  33.294 0.3000000119
1225  31.714  -86.939  31.781 0.3000000119
1016  30.025  -86.530  30.234 0.3000000119
135981  35.141  -84.565  33.608 0.3000000119
1210  33.569  -86.415  33.227 0.3000000119
996  32.387  -86.993  32.444 0.3000000119
1015  31.138  -87.179  30.209 0.3000000119
1209  34.163  -86.434  33.062 0.3000000119
994  33.249  -87.407  31.952 0.3000000119
734  32.270  -88.144  30.952 0.3000000119
741  31.933  -88.203  30.375 0.3000000119
733  32.797  -88.117  31.148 0.3000000119
740  32.562  -88.401  30.462 0.3000000119
1505  32.636  -85.101  29.030 0.3000000119
1477  34.754  -85.882  33.068 0.3000000119
2132  33.143  -83.933  30.372 0.3000000119
128744  30.245  -85.792  31.393 0.3000000119
752  32.206  -88.545  29.710 0.3000000119
1468  34.215  -85.824  33.423 0.3000000119
137083  32.436  -86.484  32.936 0.3000000119
995  32.907  -87.380  32.317 0.3000000119
1014  31.765  -87.550  31.032 0.3000000119
122256  31.372  -87.808  29.469 0.3000000119
2959  34.994  -81.884  29.528 0.3000000119
4830  38.432  -77.044  23.424 0.3000000119
4294  38.958  -78.272  24.408 0.3000000119
124178  38.547  -78.573  25.202 0.3000000119
4281  37.860  -78.298  25.870 0.4000000060
4273  37.144  -78.549  26.746 0.4000000060
4274  36.388  -78.616  27.446 0.3000000119
4241  34.886  -78.712  28.153 0.3000000119
4812  38.438  -77.480  23.950 0.3000000119
4813  37.627  -77.034  24.335 0.4000000060
4791  37.409  -77.070  25.266 0.4000000060
4792  36.626  -76.594  25.670 0.4000000060
4765  35.128  -77.139  27.489 0.3000000119
5384  35.782  -76.357  24.819 0.4000000060
5352  35.893  -76.171  26.069 0.4000000060
5385  34.769  -76.543  24.977 0.3000000119
4829  40.253  -77.714  23.527 0.3000000119
117471  39.986  -78.064  23.480 0.3000000119
3808  36.990  -79.423  27.163 0.3000000119
3791  36.490  -79.864  27.767 0.3000000119
5397  39.203  -77.170  23.476 0.3000000119
5398  38.351  -76.593  23.056 0.3000000119
4831  37.689  -77.076  23.388 0.3000000119
5365  36.710  -76.556  24.757 0.4000000060
5408  37.451  -77.133  21.984 0.3000000119
131122  37.129  -77.544  22.603 0.3000000119
114350  36.970  -76.929  23.809 0.4000000060
129654  36.127  -76.261  25.415 0.4000000060
4847  36.328  -78.210  22.317 0.3000000119
136899  35.981  -78.134  22.705 0.4000000060
4815  35.093  -77.144  24.282 0.4000000060
3846  35.064  -79.543  21.739 0.3000000119
4322  34.712  -79.131  22.375 0.4000000060
4306  35.254  -78.514  22.903 0.4000000060
4834  34.339  -78.259  23.833 0.4000000060
3877  35.214  -79.752  20.754 0.3000000119
4323  34.244  -78.946  22.573 0.4000000060
4341  34.429  -79.153  21.994 0.3000000119
3818  42.092  -80.162  25.234 0.3000000119
3396  42.258  -80.279  24.246 0.3000000119
3397  41.579  -80.953  24.731 0.3000000119
3022  40.244  -82.021  24.071 0.3000000119
116946  41.191  -78.130  23.560 0.3000000119
4302  41.588  -78.935  23.327 0.3000000119
127614  41.272  -80.306  23.200 0.3000000119
3023  39.816  -81.838  24.023 0.3000000119
5986  39.652  -75.596  23.920 0.3000000119
133510  40.747  -77.374  23.744 0.3000000119
122890  41.090  -79.497  23.281 0.3000000119
3837  40.672  -80.267  23.388 0.3000000119
3414  39.354  -80.669  24.509 0.3000000119
3398  38.818  -80.672  25.120 0.3000000119
3399  38.266  -80.828  25.839 0.3000000119
3790  37.180  -80.337  27.123 0.3000000119
3371  36.967  -81.183  27.495 0.3000000119
2969  36.597  -81.745  28.192 0.3000000119
119391  39.037  -76.171  23.413 0.3000000119
4340  36.114  -79.084  21.585 0.3000000119
4321  35.489  -79.070  22.123 0.3000000119
4352  36.246  -79.784  20.715 0.3000000119
3845  35.644  -79.678  21.272 0.3000000119
3451  36.258  -80.277  20.109 0.3000000119
3894  35.533  -79.949  19.943 0.3000000119
4353  34.665  -79.277  21.158 0.3000000119
3805  42.613  -79.259  25.787 0.3000000119
3827  43.400  -79.035  24.597 0.3000000119
3828  42.805  -79.480  23.925 0.3000000119
3412  41.536  -80.959  23.820 0.3000000119
4811  41.548  -77.567  23.972 0.3000000119
117934  41.771  -80.184  23.267 0.3000000119
4272  42.560  -78.517  26.594 0.3000000119
3816  43.464  -78.870  25.331 0.3000000119
4809  43.654  -78.271  24.598 0.3000000119
4810  43.135  -78.393  24.129 0.3000000119
4292  42.834  -79.015  23.600 0.3000000119
5383  40.924  -76.761  24.141 0.3000000119
4271  44.113  -78.362  25.841 0.3000000119
4279  44.339  -78.109  25.496 0.3000000119
129382  43.207  -77.348  25.024 0.3000000119
5381  42.570  -77.627  24.385 0.3000000119
3353  36.172  -80.669  28.298 0.3000000119
3776  35.803  -79.879  28.338 0.3000000119
3792  35.708  -79.122  28.040 0.3000000119
128607  36.621  -77.787  26.889 0.3000000119
4779  35.555  -76.559  26.822 0.4000000060
4307  34.307  -78.713  23.167 0.4000000060
3905  35.917  -80.146  19.280 0.3000000119
4305  39.374  -77.865  23.703 0.3000000119
4293  39.628  -78.933  24.184 0.3000000119
4790  38.173  -77.660  24.860 0.4000000060
4777  37.070  -77.438  26.207 0.4000000060
4778  36.345  -76.915  26.513 0.4000000060
4814  36.101  -76.838  24.108 0.4000000060
5396  39.980  -76.665  23.755 0.3000000119
4304  40.326  -79.040  23.627 0.3000000119
3819  39.143  -79.468  24.823 0.3000000119
3820  38.420  -79.584  25.637 0.4000000060
3807  37.698  -79.798  26.489 0.3000000119
4846  37.789  -77.012  22.800 0.3000000119
127197  36.789  -77.609  23.032 0.4000000060
3859  36.001  -80.099  20.601 0.3000000119
3423  41.281  -80.844  23.330 0.3000000119
3425  40.256  -81.123  23.576 0.3000000119
3024  39.214  -81.612  24.610 0.3000000119
3875  36.523  -80.142  20.043 0.3000000119
6063  22.792  -75.549  18.830 0.4000000060
751  33.032  -88.436  29.755 0.3000000119
1003  32.920  -87.735  31.704 0.3000000119
1004  32.394  -87.633  31.665 0.3000000119
1217  34.197  -86.477  32.539 0.3000000119
1218  33.555  -86.937  32.618 0.3000000119
1219  32.944  -86.889  32.968 0.3000000119
1467  34.747  -85.157  33.577 0.3000000119
1478  32.215  -85.808  33.076 0.3000000119
1492  32.923  -84.727  30.352 0.3000000119
2145  32.692  -83.551  29.527 0.3000000119
2540  33.362  -81.986  29.409 0.5000000000
2961  33.524  -80.948  28.752 0.5000000000
2994  40.997  -81.492  25.123 0.3000000119
3009  40.951  -81.590  24.305 0.3000000119
3021  40.910  -81.463  23.700 0.3000000119
3037  40.533  -81.413  23.570 0.3000000119
3356  33.463  -80.173  28.214 0.5000000000
3358  31.477  -79.398  28.305 0.4000000060
3374  30.867  -80.959  28.054 0.4000000060
3376  27.258  -80.332  27.176 0.5000000000
3411  42.039  -80.263  23.521 0.3000000119
3413  39.723  -81.271  24.026 0.3000000119
3424  40.812  -80.903  23.252 0.3000000119
3450  36.701  -80.209  19.771 0.3000000119
3466  36.402  -80.295  19.571 0.3000000119
3467  35.947  -80.338  19.866 0.3000000119
3817  42.877  -79.545  24.810 0.3000000119
3822  26.578  -79.890  26.269 0.6000000238
3836  42.283  -79.619  23.414 0.3000000119
3838  39.926  -80.106  24.016 0.3000000119
3847  34.638  -79.304  22.039 0.3000000119
3860  35.473  -79.780  21.067 0.3000000119
3861  34.881  -79.554  21.522 0.3000000119
3876  35.797  -80.124  20.426 0.3000000119
3895  35.035  -79.145  20.109 0.4000000060
3904  36.619  -80.110  18.845 0.3000000119
4245  30.660  -78.768  28.286 0.4000000060
4261  30.112  -78.644  27.762 0.4000000060
4262  29.246  -78.754  27.199 0.4000000060
4265  26.953  -78.015  27.334 0.6999999881
4280  43.886  -78.447  24.967 0.3000000119
4291  43.354  -78.768  24.230 0.3000000119
4295  33.727  -78.600  23.673 0.4000000060
4303  40.746  -78.579  23.466 0.3000000119
4351  37.031  -79.507  19.881 0.3000000119
4372  37.266  -79.364  18.326 0.4000000060
4381  40.358  -78.283  17.468 0.3000000119
4383  38.708  -79.000  18.019 0.3000000119
4764  35.968  -77.514  27.229 0.3000000119
4773  27.526  -77.433  27.468 0.6999999881
4780  32.033  -77.077  26.787 0.4000000060
4784  26.596  -76.900  26.844 0.6999999881
4787  44.507  -77.841  25.767 0.3000000119
4788  44.150  -77.985  25.055 0.3000000119
4789  43.642  -77.915  24.663 0.3000000119
4796  30.984  -78.074  25.023 0.4000000060
4799  26.432  -78.029  25.910 0.6000000238
4817  33.028  -78.541  23.851 0.4000000060
4820  27.229  -77.345  24.464 0.5000000000
4828  42.248  -78.469  23.659 0.3000000119
4832  36.157  -77.557  23.366 0.4000000060
4833  35.215  -77.874  23.617 0.4000000060
4836  32.715  -78.271  23.556 0.4000000060
4900  34.946  -77.880  19.857 0.4000000060
4917  35.653  -77.618  18.590 0.4000000060
4921  22.589  -77.218  18.699 0.6000000238
4922  21.638  -77.344  18.639 0.5000000000
4932  37.040  -77.497  17.876 0.4000000060
4938  42.587  -77.618  17.041 0.3000000119
5342  33.361  -76.309  27.272 0.4000000060
5344  28.951  -77.237  27.158 0.6000000238
5346  27.326  -76.616  27.440 0.6999999881
5366  35.408  -76.041  25.610 0.4000000060
5367  34.414  -76.072  25.762 0.4000000060
5368  33.530  -76.415  25.915 0.4000000060
5370  26.957  -75.859  25.323 0.5000000000
5387  31.113  -77.667  24.596 0.5000000000
5407  38.017  -76.395  22.370 0.3000000119
5421  34.089  -76.420  21.636 0.4000000060
5438  34.658  -76.189  20.139 0.4000000060
5478  22.740  -76.845  18.281 0.5000000000
5489  38.567  -77.227  17.358 0.3000000119
5495  21.765  -76.777  17.368 0.5000000000
5497  19.993  -76.531  17.924 0.5000000000
5506  39.750  -76.727  16.408 0.3000000119
5509  22.948  -76.142  17.059 0.5000000000
5952  29.047  -75.475  27.597 0.6999999881
5975  31.771  -75.838  24.705 0.6000000238
5987  31.460  -76.877  24.284 0.5000000000
6054  36.959  -75.666  19.293 0.4000000060
6057  34.829  -75.793  19.667 0.4000000060
6077  35.540  -76.265  18.904 0.4000000060
6081  22.948  -75.933  17.932 0.5000000000
6110  21.868  -75.666  16.378 0.5000000000
6120  40.856  -75.438  15.414 0.3000000119
6498  28.557  -74.685  27.732 0.6000000238
6500  27.095  -74.589  27.212 0.6999999881
6534  32.868  -74.384  23.733 0.6999999881
6555  22.514  -73.839  21.948 0.5000000000
6584  34.806  -74.713  20.217 0.4000000060
6605  22.510  -74.593  19.318 0.4000000060
6633  23.737  -75.144  16.797 0.5000000000
6643  23.352  -75.139  16.192 0.4000000060
6656  23.985  -74.514  15.988 0.4000000060
7052  31.176  -73.786  26.265 0.6000000238
7064  24.595  -73.143  25.366 0.5000000000
7075  25.369  -73.509  25.082 0.5000000000
7107  33.015  -73.147  21.773 0.4000000060
7108  32.766  -73.073  22.045 0.4000000060
7111  22.509  -73.366  22.432 0.5000000000
7125  36.261  -73.681  21.663 0.5000000000
7145  34.366  -74.234  20.812 0.4000000060
7158  38.759  -73.796  19.325 0.3000000119
7160  22.855  -73.572  19.068 0.5000000000
7178  25.633  -73.405  17.391 0.6000000238
7180  23.251  -74.094  18.124 0.5000000000
7181  22.551  -74.109  18.910 0.5000000000
7212  24.329  -73.840  15.843 0.6000000238
7214  22.661  -73.715  15.412 0.6999999881
7215  21.599  -73.452  15.450 0.6000000238
7670  28.354  -72.418  27.581 0.6999999881
7677  30.318  -72.535  26.432 0.6000000238
7679  28.833  -71.703  27.150 0.6999999881
7681  24.584  -71.942  26.593 0.6000000238
7688  31.121  -72.467  25.172 0.6999999881
7691  24.947  -72.587  26.446 0.6000000238
7693  23.551  -72.139  25.366 0.5000000000
7704  23.209  -72.515  24.632 0.5000000000
7723  22.659  -72.803  23.453 0.5000000000
7738  33.446  -72.790  22.137 0.5000000000
7753  37.678  -72.510  21.854 0.4000000060
7779  22.484  -73.489  20.701 0.5000000000
7815  25.485  -73.168  18.174 0.6000000238
7840  25.509  -72.580  16.620 0.6999999881
7854  24.123  -73.210  15.589 0.6999999881
7857  21.370  -72.629  15.284 0.6000000238
8292  26.344  -71.272  27.525 0.6999999881
8308  24.360  -71.183  26.581 0.6000000238
8320  29.900  -70.849  25.727 0.6999999881
8335  34.952  -71.004  24.735 0.6000000238
8337  32.239  -71.388  24.127 0.6999999881
8339  31.102  -71.499  24.380 0.6000000238
8350  37.177  -70.740  23.196 0.6000000238
8354  31.803  -71.874  23.527 0.6999999881
8357  22.642  -72.286  23.310 0.5000000000
8392  25.561  -71.374  20.755 0.6999999881
8394  23.208  -71.883  21.689 0.6999999881
8424  26.349  -71.665  19.268 0.6000000238
8425  21.287  -71.212  19.555 0.5000000000
8435  26.467  -71.339  19.216 0.6000000238
8454  26.021  -72.301  17.376 0.6999999881
8457  20.101  -71.393  16.249 0.5000000000
8473  20.164  -71.972  15.649 0.6000000238
8493  23.088  -72.039  15.287 0.6999999881
8494  22.179  -71.425  15.196 0.6999999881
8930  27.938  -70.244  26.844 0.8000000119
8936  33.820  -70.165  25.466 0.6000000238
8938  31.784  -70.236  25.728 0.6999999881
8940  29.806  -70.162  26.125 0.6000000238
8942  23.640  -70.539  25.423 0.6000000238
8952  35.549  -70.316  24.674 0.6000000238
8956  31.008  -70.883  24.831 0.6000000238
8957  23.900  -69.907  24.949 0.6999999881
8968  23.294  -70.834  23.679 0.6999999881
8979  20.083  -70.178  22.461 0.6000000238
8982  17.211  -70.450  22.460 0.5000000000
8993  25.967  -70.658  21.622 0.6999999881
9005  26.433  -70.637  20.458 0.6000000238
9008  17.159  -70.011  19.828 0.5000000000
9018  21.634  -70.530  19.423 0.5000000000
9020  17.050  -70.510  18.948 0.5000000000
9037  17.523  -69.850  17.657 0.5000000000
9038  17.301  -70.574  17.855 0.5000000000
9054  25.613  -70.868  17.880 0.6999999881
9088  23.908  -70.754  16.141 0.6999999881
9579  30.022  -69.165  26.398 0.6000000238
9592  33.452  -69.402  25.719 0.6000000238
9596  25.135  -69.085  25.733 0.6999999881
9606  35.984  -69.723  24.405 0.6000000238
9619  25.815  -69.126  24.052 0.6999999881
9625  36.918  -69.139  23.101 0.4000000060
9628  21.354  -69.433  22.254 0.6000000238
9631  17.935  -69.987  22.471 0.5000000000
9641  26.871  -68.441  21.437 0.6999999881
9657  22.378  -69.227  20.232 0.5000000000
9660  17.367  -69.779  21.595 0.5000000000
9675  25.777  -69.683  19.441 0.6999999881
9677  21.993  -69.768  19.299 0.5000000000
9695  21.690  -69.453  18.294 0.5000000000
9697  17.748  -69.296  18.420 0.5000000000
9737  23.341  -69.077  15.587 0.8000000119
9739  21.215  -69.119  15.760 0.6000000238
10207  30.329  -68.346  26.389 0.6999999881
10211  26.384  -68.667  26.260 0.6999999881
10221  34.001  -68.758  25.411 0.6000000238
10223  27.273  -67.802  25.680 0.6000000238
10233  35.151  -68.708  24.542 0.6000000238
10254  36.847  -68.591  22.546 0.4000000060
10260  20.562  -68.784  22.436 0.6000000238
10270  37.258  -68.666  21.756 0.4000000060
10276  29.825  -67.641  20.904 0.6000000238
10277  27.319  -68.123  22.028 0.6999999881
10278  21.896  -68.743  22.092 0.5000000000
10279  19.345  -68.341  21.773 0.6000000238
10291  33.428  -68.393  20.850 0.5000000000
10297  26.711  -67.900  20.722 0.6000000238
10300  18.558  -68.299  20.276 0.6000000238
10317  25.503  -68.419  19.406 0.6000000238
10331  24.768  -68.335  17.861 0.8000000119
10332  21.732  -68.641  17.937 0.6000000238
10334  16.504  -68.274  18.203 0.5000000000
10351  27.498  -67.562  17.545 0.6000000238
10354  21.266  -68.254  16.804 0.6000000238
10355  17.201  -69.086  17.594 0.5000000000
10369  21.316  -68.050  16.269 0.6000000238
10379  22.851  -68.484  15.500 0.6999999881
10889  30.084  -67.739  26.231 0.6999999881
10891  28.143  -67.918  26.289 0.6000000238
10904  28.497  -67.490  25.951 0.6999999881
10921  27.887  -67.502  25.284 0.6999999881
10928  34.565  -67.763  23.610 0.6000000238
10930  32.297  -67.201  23.921 0.6000000238
10931  31.418  -66.938  24.050 0.6999999881
10933  29.210  -66.925  24.202 0.6999999881
10942  35.398  -67.592  22.301 0.4000000060
10943  34.655  -67.636  22.737 0.4000000060
10945  31.656  -67.583  22.407 0.6000000238
10951  20.335  -68.051  22.376 0.6000000238
10969  22.220  -67.997  21.869 0.5000000000
10970  19.340  -67.769  21.633 0.6000000238
10983  29.050  -67.358  20.662 0.6000000238
10984  28.203  -67.253  20.552 0.6000000238
10986  26.611  -67.540  20.072 0.6000000238
10987  22.450  -66.931  21.201 0.5000000000
10988  18.584  -67.822  20.060 0.5000000000
11001  28.078  -67.297  19.893 0.6000000238
11002  27.422  -67.297  19.387 0.6000000238
11005  22.457  -67.099  19.707 0.5000000000
11022  28.141  -67.643  18.278 0.6000000238
11028  17.824  -67.820  18.698 0.5000000000
11046  26.092  -67.429  17.210 0.8000000119
11064  25.143  -67.534  16.049 0.6000000238
11065  21.842  -66.862  16.313 0.6999999881
11066  21.542  -67.538  16.253 0.6999999881
11654  21.557  -66.679  22.327 0.5000000000
11670  20.945  -65.333  22.192 0.6000000238
11682  18.338  -66.971  20.004 0.5000000000
11699  17.805  -66.527  19.222 0.6000000238
11729  21.727  -66.343  17.241 0.6000000238
11741  22.446  -66.575  16.038 0.6999999881
11742  21.660  -66.920  16.675 0.6999999881
12347  19.610  -65.091  23.461 0.5000000000
12348  18.832  -64.967  23.435 0.6000000238
12362  18.354  -65.367  22.811 0.6000000238
12374  17.690  -64.665  20.458 0.6000000238
12391  21.352  -64.795  19.939 0.5000000000
12394  16.562  -65.439  19.695 0.5000000000
12407  17.518  -65.774  19.159 0.6000000238
12408  17.178  -65.470  19.096 0.6000000238
12409  16.989  -65.307  19.175 0.6000000238
12417  17.061  -65.815  18.978 0.5000000000
13091  20.831  -64.197  24.006 0.6000000238
13126  21.827  -64.288  22.034 0.5000000000
13128  20.219  -65.012  23.327 0.5000000000
13129  18.097  -64.482  22.955 0.6000000238
13179  21.224  -64.260  20.442 0.4000000060
13180  17.170  -64.396  19.639 0.6000000238
13194  22.835  -63.846  20.221 0.4000000060
13210  21.933  -64.406  18.580 0.5000000000
13224  22.141  -64.772  17.932 0.5000000000
13800  22.210  -63.871  24.299 0.6000000238
13860  17.006  -63.601  20.059 0.5000000000
13879  22.915  -63.683  18.336 0.5000000000
14445  19.092  -62.436  27.303 0.4000000060
14446  18.224  -62.427  27.134 0.3000000119
14457  17.611  -62.459  26.630 0.3000000119
14458  16.979  -62.415  26.513 0.3000000119
14464  19.166  -62.349  26.299 0.3000000119
14494  22.309  -62.355  24.184 0.4000000060
14495  21.427  -62.385  24.108 0.5000000000
14496  18.898  -63.013  23.409 0.6000000238
14513  18.590  -62.447  22.593 0.6000000238
14514  18.087  -62.771  21.934 0.6000000238
14531  18.151  -61.702  20.732 0.6000000238
14533  16.580  -62.090  20.863 0.5000000000
14540  17.841  -61.430  20.573 0.6000000238
14542  17.062  -62.484  20.388 0.6000000238
15182  21.237  -61.430  29.034 0.3000000119
15193  22.371  -61.401  28.711 0.3000000119
15200  22.362  -61.622  28.012 0.3000000119
15216  22.210  -61.516  27.234 0.3000000119
15220  13.811  -61.099  26.341 0.4000000060
15242  16.086  -61.612  24.678 0.3000000119
15278  21.503  -60.898  22.754 0.5000000000
15279  20.555  -61.139  22.737 0.5000000000
15281  18.922  -61.656  22.225 0.6000000238
15296  19.284  -60.880  21.767 0.6000000238
15928  21.375  -60.825  29.369 0.3000000119
15954  17.487  -61.260  27.557 0.3000000119
15978  20.979  -60.912  25.541 0.4000000060
15980  19.380  -61.278  25.182 0.3000000119
15989  20.556  -60.425  24.913 0.3000000119
15991  18.988  -60.502  24.406 0.3000000119
16033  20.819  -60.362  22.138 0.4000000060
16049  21.096  -59.713  21.522 0.4000000060
16063  18.963  -59.757  20.725 0.6000000238
16064  17.672  -60.536  20.648 0.5000000000
16680  21.600  -59.983  29.540 0.3000000119
16682  17.092  -59.253  29.396 0.3000000119
16733  21.824  -59.871  24.920 0.4000000060
16805  20.912  -58.433  20.467 0.4000000060
17444  14.545  -58.061  28.037 0.4000000060
17519  17.557  -57.779  22.229 0.3000000119
17531  17.520  -58.072  21.392 0.4000000060
17544  19.835  -58.096  20.332 0.4000000060
17546  18.208  -58.445  20.808 0.4000000060
18175  16.584  -57.884  27.798 0.4000000060
18176  15.159  -58.015  27.511 0.4000000060
18177  14.589  -58.061  27.307 0.4000000060
18184  14.660  -58.122  27.194 0.4000000060
18228  19.351  -57.572  21.854 0.4000000060
18229  18.442  -57.625  21.815 0.3000000119
18242  19.811  -57.500  20.887 0.4000000060
18244  18.548  -57.721  21.184 0.4000000060
18255  19.378  -57.827  20.616 0.4000000060
18256  18.683  -57.973  20.766 0.4000000060
113320  19.143  -70.245  22.511 0.6000000238
113390  15.861  -57.899  27.769 0.4000000060
113449  30.962  -67.122  25.394 0.6999999881
114383  26.162  -71.722  17.961 0.6000000238
114409  19.841  -69.505  22.433 0.6000000238
114853  43.709  -78.227  26.535 0.3000000119
114913  22.269  -64.488  23.082 0.6000000238
115129  29.645  -66.839  23.445 0.6999999881
116204  27.806  -68.509  26.443 0.6000000238
116217  38.632  -75.270  18.602 0.3000000119
116640  26.569  -69.830  21.711 0.6000000238
116658  21.515  -64.259  19.184 0.6000000238
116958  26.180  -72.311  17.892 0.6999999881
117089  19.984  -72.225  16.324 0.5000000000
117099  19.013  -62.018  25.697 0.3000000119
117151  19.444  -58.751  20.528 0.4000000060
117171  21.231  -69.806  17.622 0.6000000238
117243  35.895  -77.286  18.315 0.4000000060
117390  23.960  -67.475  15.639 0.6000000238
117441  21.947  -68.697  15.581 0.6000000238
117597  24.974  -71.771  20.381 0.6999999881
118034  32.223  -68.425  21.157 0.5000000000
118309  21.806  -66.746  17.815 0.6000000238
118465  25.541  -70.065  26.838 0.6999999881
119075  21.017  -70.786  15.358 0.6999999881
119222  33.428  -73.593  21.495 0.4000000060
119928  21.154  -77.049  17.925 0.6000000238
120508  25.739  -67.274  15.993 0.6000000238
120821  33.795  -67.578  23.085 0.5000000000
121835  22.362  -68.433  21.536 0.5000000000
122240  32.626  -73.263  22.665 0.6000000238
122824  22.964  -69.756  15.435 0.6999999881
122891  34.063  -82.224  29.899 0.3000000119
123103  27.573  -76.799  23.889 0.5000000000
123345  21.480  -59.125  20.840 0.4000000060
125406  22.584  -67.558  20.545 0.5000000000
126325  27.324  -75.213  27.387 0.6999999881
126371  18.314  -63.109  22.845 0.6000000238
126860  26.022  -72.824  17.787 0.6999999881
126884  23.780  -72.527  15.499 0.6999999881
127730  33.666  -85.859  31.336 0.3000000119
127759  28.963  -74.038  27.773 0.6000000238
127948  33.291  -79.649  28.041 0.5000000000
127997  22.914  -71.435  24.188 0.5000000000
128220  17.649  -69.423  20.427 0.5000000000
128409  28.626  -78.386  27.248 0.5000000000
128478  41.778  -79.662  23.199 0.3000000119
128543  32.271  -72.540  23.049 0.4000000060
128681  26.494  -78.572  26.550 0.6000000238
129413  42.254  -79.189  23.353 0.3000000119
130491  43.401  -78.660  25.999 0.3000000119
131243  26.855  -66.649  15.546 0.6000000238
131480  39.601  -75.200  16.381 0.3000000119
131746  14.961  -58.518  26.867 0.3000000119
132375  39.076  -78.559  17.663 0.3000000119
132806  20.619  -67.499  22.575 0.6000000238
132859  21.379  -64.511  19.273 0.6000000238
133077  15.500  -61.713  26.523 0.3000000119
133582  35.952  -79.613  18.764 0.4000000060
133648  31.616  -67.452  25.578 0.6999999881
133737  18.052  -62.497  26.470 0.3000000119
134185  28.236  -67.355  24.701 0.6999999881
134438  25.885  -70.038  22.715 0.6999999881
134610  38.169  -71.428  21.391 0.4000000060
135058  26.474  -73.201  27.271 0.6999999881
135094  27.108  -78.683  27.366 0.6000000238
135104  20.440  -58.053  20.303 0.4000000060
135132  26.605  -78.465  25.452 0.6000000238
135268  24.351  -70.493  26.355 0.6000000238
135596  35.924  -67.680  22.363 0.4000000060
135633  22.641  -61.361  27.507 0.3000000119
135847  17.385  -69.466  17.550 0.5000000000
135876  21.500  -68.399  22.356 0.5000000000
136446  16.837  -62.201  26.869 0.3000000119
136975  38.435  -72.155  20.766 0.4000000060
137027  33.722  -78.171  22.265 0.4000000060
137143  32.473  -67.376  23.287 0.6000000238
137357  26.917  -70.811  27.410 0.6999999881
137407  19.346  -62.482  26.868 0.3000000119
