#!ascii label  , from subject sub-v2s3x28794_ses-1 vox2ras=TkReg
1856
68591  -28.341  -63.663  4.396 0.8999999762
652  -27.954  -65.109  4.890 0.8000000119
773  -28.506  -64.471  4.507 0.8000000119
925  -28.997  -63.072  4.899 0.8000000119
60157  -28.114  -60.533  4.507 0.8000000119
70151  -28.591  -61.359  5.083 0.8000000119
68944  -28.137  -60.322  2.285 0.8000000119
69605  -27.450  -62.456  2.735 0.8000000119
59953  -27.799  -60.270  2.755 0.8000000119
68943  -28.016  -59.698  4.088 0.8000000119
61105  -25.322  -69.747  2.530 0.6999999881
56576  -25.094  -68.911  4.028 0.8000000119
60014  -25.416  -68.458  5.748 0.6000000238
56674  -29.101  -60.378  5.013 0.5000000000
69390  -28.003  -59.716  2.838 0.6999999881
68937  -28.292  -60.169  1.937 0.6000000238
68798  -28.335  -62.629  1.638 0.8000000119
69159  -28.057  -61.153  2.159 0.8000000119
68892  -28.621  -64.432  1.253 0.8000000119
62240  -24.460  -68.763  3.275 0.8000000119
69672  -23.621  -67.977  3.251 0.8000000119
69137  -24.976  -66.642  5.673 1.0000000000
69407  -25.602  -65.403  5.629 0.8999999762
60142  -25.361  -65.961  6.180 0.8999999762
61690  -26.398  -65.295  5.342 0.8999999762
69138  -26.098  -65.632  6.062 0.8999999762
61712  -27.807  -64.550  4.270 0.8999999762
1221  -29.102  -60.882  5.235 0.5000000000
60036  -28.463  -61.171  1.331 0.6999999881
60203  -28.866  -61.637  0.621 0.6000000238
70617  -28.954  -62.806  0.477 0.6999999881
60306  -27.887  -62.857  4.526 0.8999999762
56660  -27.413  -60.916  2.890 0.8999999762
70276  -28.310  -65.466  0.810 0.8000000119
56634  -28.945  -64.933  -0.190 0.6999999881
68795  -27.443  -65.765  0.569 1.0000000000
69135  -28.220  -65.675  -0.404 0.8000000119
56615  -20.205  -66.580  -0.545 0.6999999881
56550  -24.553  -69.921  1.034 0.6999999881
56570  -23.156  -67.188  4.081 0.8999999762
73439  -27.937  -64.102  4.111 0.8999999762
69160  -29.355  -63.115  -0.564 0.6000000238
1076  -29.550  -62.244  -0.768 0.6000000238
60458  -27.783  -64.091  2.725 0.8000000119
70246  -27.732  -65.350  1.998 1.0000000000
62872  -29.489  -63.810  -1.530 0.6000000238
660  -27.435  -65.540  -3.528 0.6999999881
56551  -23.981  -68.906  2.258 0.8000000119
69202  -22.214  -66.536  -1.647 0.8000000119
61082  -25.667  -69.924  3.610 0.6000000238
69521  -24.639  -67.386  4.891 0.8999999762
69131  -24.018  -66.738  4.714 0.8999999762
73407  -24.994  -65.788  5.787 1.0000000000
69795  -27.759  -63.683  4.174 1.0000000000
70184  -26.754  -64.299  2.292 1.0000000000
69970  -28.310  -65.320  -2.335 0.6999999881
60799  -28.788  -65.156  -1.572 0.8000000119
56737  -22.399  -63.436  -15.848 0.8000000119
60141  -28.029  -65.682  -1.597 1.0000000000
780  -28.384  -65.125  -3.419 0.6999999881
784  -28.929  -64.912  -4.194 0.6000000238
68757  -26.364  -65.154  1.333 1.0000000000
280  -28.884  -68.986  -4.657 0.8000000119
381  -27.257  -68.446  -5.738 0.8999999762
73122  -28.314  -68.513  -4.687 0.8000000119
287  -27.929  -68.917  -7.097 0.8999999762
284  -28.489  -69.672  -5.257 0.8000000119
61426  -23.640  -69.645  -0.739 0.6000000238
61205  -24.166  -67.862  4.083 1.0000000000
60401  -24.526  -66.119  5.426 1.0000000000
69823  -21.284  -65.650  1.031 0.8999999762
62816  -22.045  -66.324  4.352 0.8999999762
69520  -25.001  -65.202  5.251 0.8999999762
56578  -25.514  -64.598  4.264 1.0000000000
56600  -25.449  -63.826  3.459 1.0000000000
62589  -26.033  -64.512  3.804 1.0000000000
62762  -26.404  -64.280  3.919 1.0000000000
60447  -26.813  -62.776  4.191 1.0000000000
70068  -26.127  -64.932  4.638 1.0000000000
68745  -27.161  -60.299  4.047 1.0000000000
62757  -23.300  -66.306  5.032 0.8999999762
69598  -27.263  -61.774  4.449 1.0000000000
56588  -27.469  -64.273  4.007 1.0000000000
60598  -27.416  -62.744  4.348 1.0000000000
69840  -25.774  -61.196  3.180 1.0000000000
56667  -27.679  -61.428  4.518 1.0000000000
56659  -27.488  -60.217  3.277 1.0000000000
2252  -22.690  -56.945  -16.427 0.5000000000
1992  -24.070  -58.345  -15.477 0.6999999881
62290  -26.831  -63.232  2.908 1.0000000000
1504  -23.959  -60.250  -15.656 0.8000000119
68796  -27.422  -65.693  -0.837 1.0000000000
779  -28.836  -64.774  -2.743 0.6000000238
1509  -23.633  -60.976  -16.101 0.8000000119
1284  -22.600  -62.347  -15.564 0.8000000119
560  -28.940  -66.063  -4.789 0.6999999881
72277  -22.227  -65.458  -16.791 0.8000000119
56617  -26.569  -65.874  -3.810 1.0000000000
661  -27.349  -66.134  -4.013 0.8000000119
470  -29.750  -67.672  -4.791 0.8000000119
68863  -30.784  -68.176  -5.217 0.6999999881
70391  -29.925  -68.590  -4.719 0.8000000119
69756  -31.877  -68.950  -5.791 0.6999999881
286  -27.671  -69.426  -6.183 0.8999999762
71050  -28.329  -69.492  -7.348 0.8999999762
217  -29.842  -70.311  -7.012 0.8000000119
63621  -30.910  -69.879  -8.287 0.8000000119
294  -29.349  -68.748  -9.287 0.8000000119
556  -19.651  -65.716  2.912 0.6000000238
56572  -21.354  -65.278  3.405 0.8999999762
60532  -24.193  -65.580  5.176 0.8999999762
770  -22.397  -65.275  5.816 0.8999999762
73572  -22.869  -67.660  3.311 0.8999999762
69060  -27.178  -59.872  3.558 1.0000000000
60913  -21.292  -66.621  2.833 0.8999999762
69699  -21.937  -67.351  3.218 0.8999999762
74096  -27.375  -60.946  4.506 1.0000000000
56573  -22.745  -65.638  5.415 0.8999999762
56589  -26.890  -63.662  3.969 1.0000000000
2251  -21.246  -56.411  -16.270 0.5000000000
60900  -26.010  -62.529  3.136 1.0000000000
1983  -23.351  -57.682  -15.368 0.5000000000
60314  -26.523  -61.885  3.502 1.0000000000
56646  -26.088  -63.251  2.455 1.0000000000
2260  -22.838  -56.846  -16.945 0.5000000000
61052  -25.621  -64.110  1.468 1.0000000000
74888  -25.550  -64.526  0.518 1.0000000000
59922  -26.516  -64.410  -1.546 0.8999999762
59940  -26.825  -64.646  -2.534 1.0000000000
70072  -26.846  -64.111  -3.395 0.8999999762
70298  -26.899  -65.173  -1.422 1.0000000000
1991  -23.514  -57.710  -16.222 0.5000000000
2271  -22.226  -57.432  -18.072 0.5000000000
73218  -24.299  -59.536  -16.105 0.8000000119
69136  -27.731  -65.360  -2.672 1.0000000000
1997  -23.376  -57.965  -17.095 0.5000000000
68902  -22.764  -62.836  -16.521 0.8000000119
69782  -26.966  -65.306  -3.211 1.0000000000
60837  -27.909  -66.673  -4.520 0.8000000119
471  -30.558  -67.255  -5.210 0.6000000238
1738  -24.775  -59.356  -16.971 0.4000000060
1510  -24.275  -60.422  -16.728 0.8000000119
835  -21.706  -65.229  -15.236 0.8000000119
563  -26.862  -67.086  -5.061 0.8999999762
285  -27.485  -68.699  -6.386 0.8999999762
283  -27.664  -69.459  -5.474 0.8999999762
214  -30.096  -69.967  -5.899 0.8000000119
289  -29.177  -70.202  -7.701 0.8999999762
70639  -30.647  -70.018  -6.585 0.6999999881
69242  -32.067  -69.265  -6.360 0.6000000238
56575  -31.575  -69.711  -7.605 0.6999999881
62503  -32.273  -69.360  -7.776 0.6000000238
291  -28.763  -68.393  -8.060 0.8999999762
306  -29.912  -69.329  -11.171 0.8000000119
300  -29.941  -69.159  -10.308 0.8000000119
56583  -31.118  -69.633  -9.153 0.6999999881
74814  -32.390  -69.601  -10.913 0.5000000000
650  -19.933  -65.271  3.959 0.6000000238
768  -20.850  -64.641  4.084 0.8000000119
769  -21.368  -64.872  4.774 0.8999999762
70108  -22.856  -66.863  -0.252 0.8000000119
56577  -24.822  -64.681  4.795 0.8999999762
56614  -24.978  -63.803  2.542 1.0000000000
60281  -26.146  -59.993  2.942 1.0000000000
56571  -24.026  -64.833  5.080 0.8999999762
69591  -26.875  -59.823  2.881 1.0000000000
56632  -25.432  -61.212  2.237 1.0000000000
60002  -26.810  -60.765  3.510 1.0000000000
65132  -25.521  -62.051  2.432 1.0000000000
71932  -22.567  -57.374  -14.865 0.5000000000
56647  -25.473  -62.954  1.338 1.0000000000
68780  -25.838  -63.983  -0.739 0.8999999762
60884  -26.794  -63.668  -2.530 0.8999999762
70183  -26.386  -65.214  -0.263 1.0000000000
73292  -24.824  -64.803  -5.180 0.8999999762
60380  -25.592  -65.525  -4.670 0.8999999762
70185  -25.306  -64.889  -5.401 0.8999999762
59950  -26.798  -64.994  -3.177 0.8999999762
978  -22.139  -64.608  -15.664 0.8000000119
69487  -26.090  -65.981  -4.104 0.8999999762
565  -26.643  -67.025  -6.602 0.8999999762
73396  -30.261  -67.967  -4.907 0.6999999881
60114  -31.640  -68.383  -5.534 0.6000000238
61013  -24.412  -61.414  -17.948 0.4000000060
68931  -23.291  -62.472  -17.028 0.8000000119
60273  -23.966  -62.683  -18.164 0.5000000000
60266  -23.501  -63.790  -17.860 0.5000000000
69048  -22.331  -66.854  -18.048 0.6999999881
695  -20.986  -67.228  -15.510 0.8999999762
212  -28.465  -70.176  -6.540 0.8999999762
68144  -29.129  -68.820  -8.585 0.8000000119
56593  -31.902  -69.542  -8.572 0.6999999881
61828  -32.755  -69.343  -8.713 0.5000000000
390  -29.406  -68.825  -10.055 0.8000000119
56591  -32.953  -70.882  -10.676 0.6000000238
60851  -32.423  -68.885  -12.189 0.5000000000
657  -19.898  -65.816  1.763 0.6999999881
74543  -22.004  -67.919  -2.302 0.6000000238
69698  -21.976  -65.644  -0.326 0.8999999762
935  -25.112  -63.872  3.095 1.0000000000
776  -24.881  -64.063  2.006 1.0000000000
60655  -26.682  -61.852  4.317 1.0000000000
69851  -27.113  -61.048  4.484 1.0000000000
73224  -23.260  -64.897  5.685 0.8999999762
772  -24.954  -64.084  4.115 1.0000000000
59926  -27.127  -59.881  3.871 1.0000000000
65269  -25.627  -61.752  1.213 1.0000000000
56691  -25.484  -63.238  0.255 0.8999999762
64440  -23.337  -58.057  -14.293 0.8000000119
1725  -24.240  -59.503  -14.250 0.8000000119
1286  -23.861  -60.927  -14.310 0.8000000119
65187  -22.311  -63.491  -14.456 0.8000000119
61338  -25.344  -65.967  -5.463 0.8999999762
68284  -27.229  -67.828  -6.551 0.8999999762
383  -27.683  -67.888  -7.281 0.8999999762
60102  -22.591  -65.102  -17.197 0.6999999881
384  -28.362  -67.694  -7.866 0.8999999762
69305  -24.157  -65.478  -19.859 0.5000000000
68961  -22.859  -67.056  -19.345 0.6000000238
56690  -22.841  -68.649  -18.796 0.6999999881
61694  -22.240  -68.527  -17.245 0.6999999881
72702  -28.904  -67.384  -9.697 0.8000000119
292  -29.487  -69.690  -8.571 0.8000000119
73876  -22.949  -69.373  -17.318 0.6000000238
61510  -23.557  -69.004  -16.045 0.6999999881
295  -29.862  -69.393  -9.448 0.8000000119
69304  -23.856  -66.701  -19.989 0.5000000000
68903  -23.612  -67.641  -19.450 0.6000000238
293  -30.233  -69.933  -8.930 0.8000000119
74322  -31.220  -69.320  -11.513 0.6999999881
61431  -33.206  -69.952  -11.297 0.4000000060
68929  -25.174  -61.418  4.832 1.0000000000
69141  -27.168  -59.657  4.168 1.0000000000
56612  -27.096  -59.422  3.007 1.0000000000
61299  -26.069  -60.059  1.582 1.0000000000
69864  -25.703  -60.443  2.294 1.0000000000
69845  -25.804  -60.881  1.407 1.0000000000
71765  -25.668  -62.149  0.509 1.0000000000
56616  -26.136  -62.748  -1.185 0.8999999762
68845  -26.430  -63.438  -1.732 0.8999999762
1984  -24.053  -58.563  -14.658 0.8000000119
60995  -26.141  -64.559  -4.244 0.8999999762
1497  -24.021  -60.227  -14.759 0.8000000119
1285  -23.050  -61.601  -14.717 0.8000000119
1111  -22.578  -62.541  -14.613 0.8000000119
1496  -23.567  -60.964  -15.254 0.8000000119
567  -25.653  -66.038  -7.433 0.8999999762
568  -26.293  -66.579  -7.242 0.8999999762
476  -27.236  -66.724  -8.582 0.8999999762
385  -28.072  -66.952  -8.203 0.8999999762
761  -22.207  -64.990  6.517 0.8000000119
760  -21.087  -64.725  6.012 0.6999999881
765  -21.909  -64.980  5.773 0.8000000119
63266  -25.259  -58.782  2.676 1.0000000000
67053  -22.905  -64.705  6.213 0.8999999762
1672  -24.814  -59.529  2.481 1.0000000000
766  -23.213  -63.556  5.595 0.8999999762
71221  -23.100  -64.491  5.823 0.8999999762
929  -23.373  -62.923  4.488 1.0000000000
69121  -26.936  -60.310  4.219 1.0000000000
60479  -26.383  -58.770  2.755 1.0000000000
69634  -26.560  -58.997  2.942 1.0000000000
771  -23.809  -63.865  5.281 0.8999999762
1072  -23.754  -62.956  2.850 1.0000000000
1073  -23.974  -62.856  2.283 1.0000000000
1241  -24.595  -62.054  1.637 1.0000000000
69610  -24.724  -61.687  3.494 1.0000000000
68890  -26.189  -59.187  2.096 1.0000000000
930  -24.243  -63.425  4.314 1.0000000000
933  -24.465  -63.404  3.465 1.0000000000
56613  -26.375  -59.061  1.140 1.0000000000
61296  -26.254  -60.239  0.718 1.0000000000
60239  -26.618  -60.511  -0.382 1.0000000000
69881  -19.669  -57.624  -11.543 0.6999999881
2227  -21.848  -57.409  -11.614 0.6999999881
62013  -26.791  -61.003  -1.296 1.0000000000
57039  -16.925  -54.959  -13.420 0.6999999881
63610  -17.394  -56.814  -13.254 0.6999999881
56624  -25.977  -61.236  0.503 1.0000000000
57050  -20.683  -53.469  -13.869 0.4000000060
62127  -19.231  -54.142  -14.788 0.6000000238
57047  -20.479  -54.382  -16.297 0.5000000000
57044  -20.140  -56.020  -15.813 0.6000000238
57040  -19.097  -57.098  -14.397 0.6000000238
62242  -18.743  -57.941  -12.862 0.6999999881
69309  -20.744  -57.662  -12.581 0.8000000119
2235  -22.331  -57.748  -12.902 0.8999999762
1965  -24.579  -59.025  -12.745 0.8999999762
1479  -25.820  -60.178  -10.998 0.8999999762
64570  -25.565  -61.095  -10.482 0.8999999762
61818  -26.076  -61.780  -0.489 0.8999999762
56626  -26.975  -62.608  -2.420 0.8999999762
2243  -21.093  -57.028  -15.048 0.6000000238
2244  -22.276  -57.595  -14.020 0.6999999881
63356  -23.709  -58.377  -12.803 0.8999999762
69212  -21.644  -53.677  -12.485 0.6000000238
1973  -23.233  -58.126  -13.505 0.8000000119
1269  -25.361  -60.374  -11.951 0.8999999762
62009  -27.218  -63.161  -3.363 0.8999999762
1974  -24.083  -58.792  -13.660 0.8000000119
1719  -24.533  -59.663  -13.309 0.8000000119
1482  -24.743  -60.501  -12.886 0.8999999762
64759  -24.905  -61.198  -12.148 0.8999999762
1489  -24.316  -60.303  -13.848 0.8000000119
1268  -24.379  -61.328  -12.942 0.8999999762
1100  -23.464  -62.423  -12.320 0.8999999762
1101  -24.150  -61.858  -12.189 0.8999999762
782  -26.506  -64.232  -4.794 0.8999999762
1275  -23.763  -61.434  -13.692 0.8000000119
968  -23.248  -63.070  -11.911 0.8999999762
959  -24.479  -63.337  -10.617 0.8999999762
812  -25.611  -63.681  -9.525 0.8999999762
792  -24.744  -64.900  -5.617 0.8999999762
787  -25.124  -64.746  -5.045 0.8999999762
1106  -23.037  -61.996  -13.703 0.8000000119
1099  -22.855  -62.908  -12.636 0.8999999762
967  -22.468  -63.644  -12.175 0.8999999762
808  -22.613  -64.639  -11.274 0.8999999762
566  -25.378  -65.498  -6.834 0.8999999762
1105  -22.706  -62.756  -13.561 0.8999999762
973  -22.320  -63.532  -13.211 0.8999999762
672  -22.487  -65.421  -11.075 0.8999999762
670  -25.055  -65.580  -8.716 0.8999999762
669  -25.282  -65.389  -7.654 0.8999999762
828  -21.820  -64.453  -14.120 0.8999999762
827  -21.384  -65.211  -13.434 0.8999999762
815  -21.480  -64.994  -11.745 0.8999999762
674  -24.130  -66.137  -10.300 0.8999999762
571  -26.245  -66.556  -8.018 0.8999999762
834  -21.345  -65.593  -14.449 0.8999999762
819  -21.341  -65.537  -12.569 0.8999999762
576  -21.469  -66.513  -11.985 0.8999999762
572  -24.637  -66.468  -9.778 0.8999999762
682  -20.957  -66.366  -13.715 0.8999999762
679  -21.189  -66.510  -12.663 0.8999999762
578  -22.628  -66.645  -11.453 0.8999999762
475  -26.203  -66.592  -8.868 0.8999999762
480  -27.183  -66.789  -9.323 0.8000000119
585  -20.853  -67.304  -14.688 0.8999999762
577  -21.755  -66.862  -11.912 0.8999999762
579  -23.720  -67.219  -11.358 0.8000000119
477  -28.119  -66.571  -9.034 0.8999999762
56718  -24.609  -65.986  -19.996 0.5000000000
62267  -21.064  -67.570  -14.565 0.8000000119
56700  -21.901  -67.869  -15.381 0.8000000119
61295  -23.012  -67.911  -14.964 0.8000000119
392  -25.820  -68.772  -11.124 0.8000000119
394  -28.323  -68.167  -10.219 0.8000000119
68932  -24.896  -64.996  -20.444 0.5000000000
61243  -24.226  -67.857  -18.416 0.5000000000
399  -25.543  -68.573  -12.508 0.6999999881
297  -27.321  -69.257  -10.697 0.8000000119
56628  -31.459  -69.193  -12.706 0.6999999881
69392  -23.749  -68.711  -17.092 0.5000000000
62956  -24.921  -67.773  -13.681 0.6999999881
304  -28.284  -69.844  -11.540 0.8000000119
299  -29.084  -69.291  -10.900 0.8000000119
401  -25.835  -68.271  -13.059 0.6999999881
56675  -26.979  -68.542  -12.710 0.8000000119
70522  -30.022  -69.438  -11.970 0.8000000119
60907  -24.632  -67.559  -14.849 0.6000000238
56678  -26.841  -66.663  -13.356 0.5000000000
56670  -27.555  -67.562  -12.908 0.5000000000
70610  -27.725  -68.424  -12.743 0.6999999881
56650  -28.878  -69.225  -12.737 0.6999999881
56627  -29.340  -69.445  -12.498 0.6000000238
71453  -30.133  -69.370  -12.796 0.6000000238
64439  -30.959  -69.490  -13.705 0.6000000238
61482  -29.949  -69.195  -14.103 0.6000000238
60374  -31.983  -68.948  -13.380 0.4000000060
583  -28.643  -67.082  -12.724 0.4000000060
56652  -29.808  -68.778  -15.760 0.4000000060
56639  -29.919  -69.402  -15.243 0.4000000060
919  -22.368  -63.239  7.346 0.6000000238
762  -22.823  -64.523  6.754 0.8000000119
1664  -24.952  -59.249  3.334 1.0000000000
924  -22.853  -63.318  5.788 0.8999999762
1663  -24.189  -59.769  3.805 1.0000000000
1454  -23.882  -60.418  3.408 1.0000000000
60836  -26.494  -56.938  3.628 1.0000000000
1226  -22.872  -61.452  4.132 1.0000000000
1453  -23.422  -61.110  3.462 1.0000000000
1677  -24.881  -59.433  2.565 1.0000000000
66272  -22.608  -62.100  4.540 1.0000000000
1064  -22.734  -62.356  4.063 1.0000000000
1070  -23.080  -62.522  3.625 1.0000000000
1458  -23.975  -60.873  2.700 1.0000000000
1462  -24.359  -61.040  2.133 1.0000000000
1071  -23.250  -62.388  2.985 1.0000000000
1237  -23.743  -61.922  2.447 1.0000000000
60460  -24.635  -60.547  3.812 1.0000000000
69994  -25.372  -60.538  4.174 1.0000000000
69371  -27.274  -59.129  3.959 1.0000000000
70180  -27.299  -58.206  3.363 1.0000000000
61339  -26.647  -59.411  0.028 1.0000000000
932  -23.651  -62.959  3.541 1.0000000000
1958  -22.924  -57.875  -10.706 1.0000000000
57053  -23.972  -55.691  -7.892 0.8999999762
60957  -20.097  -54.372  -12.216 0.6999999881
57038  -17.920  -54.894  -11.815 0.6999999881
57046  -17.199  -54.632  -12.509 0.6999999881
57043  -18.693  -55.534  -14.747 0.6000000238
1964  -23.249  -57.956  -11.873 0.8999999762
1966  -25.167  -58.918  -12.016 1.0000000000
1258  -26.897  -60.800  -8.926 0.8999999762
70989  -26.793  -61.725  -1.758 0.8999999762
1710  -25.070  -59.644  -12.435 0.8999999762
1077  -27.452  -62.309  -3.408 0.8999999762
783  -27.201  -63.504  -5.075 0.8999999762
1092  -26.071  -62.083  -9.226 0.8999999762
941  -26.940  -63.736  -4.141 0.8999999762
1276  -24.310  -60.934  -13.564 0.8000000119
74679  -24.764  -62.734  -10.319 0.8999999762
1267  -23.672  -61.907  -12.969 0.8999999762
1094  -24.492  -62.500  -10.774 0.8999999762
71572  -26.013  -63.791  -8.995 0.8999999762
68645  -26.076  -64.419  -6.796 0.8999999762
70515  -25.095  -64.855  -6.346 0.8999999762
964  -23.814  -63.154  -11.312 0.8999999762
811  -25.022  -64.168  -10.026 0.8999999762
805  -25.621  -64.408  -9.219 0.8999999762
962  -22.024  -64.405  -11.623 0.8999999762
810  -24.350  -65.215  -10.332 0.8999999762
569  -24.899  -66.086  -9.143 0.8999999762
573  -25.285  -66.555  -9.321 0.8999999762
575  -24.235  -66.936  -10.485 0.8999999762
478  -24.981  -67.206  -10.039 0.8999999762
488  -21.074  -67.334  -13.558 0.8999999762
483  -26.767  -67.632  -9.955 0.8000000119
487  -22.910  -67.541  -13.304 0.8000000119
64463  -23.810  -67.693  -12.346 0.8000000119
485  -24.452  -67.910  -11.615 0.8000000119
482  -25.569  -68.077  -10.434 0.8000000119
393  -27.341  -68.226  -10.277 0.8000000119
62314  -23.987  -67.872  -13.487 0.8000000119
396  -24.841  -68.334  -12.330 0.8000000119
67907  -26.466  -68.713  -10.606 0.8000000119
397  -25.665  -68.842  -11.832 0.8000000119
302  -26.557  -69.311  -11.425 0.8000000119
60354  -27.924  -69.258  -12.476 0.8000000119
62538  -29.787  -68.532  -14.218 0.5000000000
56638  -30.329  -69.572  -14.635 0.5000000000
61585  -31.087  -69.578  -14.619 0.5000000000
73548  -31.986  -68.866  -14.409 0.4000000060
56640  -30.309  -68.409  -16.745 0.4000000060
922  -22.701  -63.527  6.619 0.8000000119
56708  -27.751  -57.099  4.824 1.0000000000
1058  -22.347  -62.446  5.969 0.8999999762
74820  -25.323  -58.467  3.106 1.0000000000
61861  -26.985  -56.026  3.816 1.0000000000
69993  -26.895  -57.269  4.045 1.0000000000
69312  -27.710  -57.754  4.605 1.0000000000
69176  -28.395  -57.463  4.862 1.0000000000
68928  -26.888  -57.818  4.064 1.0000000000
60080  -27.945  -58.284  4.395 1.0000000000
68768  -28.206  -57.113  3.798 1.0000000000
59910  -28.168  -55.914  3.917 1.0000000000
1459  -24.488  -60.211  2.525 1.0000000000
69753  -25.481  -59.216  4.070 1.0000000000
60269  -27.398  -57.921  4.394 1.0000000000
68887  -27.620  -57.956  3.367 1.0000000000
70179  -26.460  -57.519  2.958 1.0000000000
1232  -22.951  -61.975  3.432 1.0000000000
60026  -26.079  -59.978  4.161 1.0000000000
69313  -27.363  -59.134  4.167 1.0000000000
70317  -27.393  -58.795  3.874 1.0000000000
70198  -26.695  -57.855  3.163 1.0000000000
70199  -26.258  -58.158  2.268 1.0000000000
1948  -25.015  -58.495  -10.408 1.0000000000
56661  -27.110  -60.156  -1.551 1.0000000000
61060  -21.810  -54.565  -11.134 0.6999999881
57036  -17.384  -55.914  -10.939 0.6999999881
67319  -24.318  -58.535  -12.040 1.0000000000
1960  -25.503  -58.856  -11.189 1.0000000000
1242  -27.422  -61.511  -2.975 0.8999999762
1701  -25.543  -59.507  -11.638 0.8999999762
1260  -25.107  -61.807  -10.594 0.8999999762
955  -25.817  -62.949  -9.094 0.8999999762
946  -26.570  -63.832  -6.321 0.8999999762
942  -27.010  -63.167  -5.873 0.8999999762
1263  -24.628  -61.835  -11.362 0.8999999762
952  -26.409  -63.476  -8.293 0.8999999762
796  -26.238  -64.207  -7.633 0.8999999762
801  -25.910  -64.374  -8.342 0.8999999762
1097  -23.929  -62.474  -11.587 0.8999999762
795  -25.486  -64.924  -7.358 0.8999999762
958  -23.699  -64.032  -11.268 0.8999999762
800  -25.235  -65.045  -8.349 0.8999999762
799  -24.911  -65.134  -9.318 0.8999999762
671  -24.634  -65.800  -9.559 0.8999999762
816  -21.771  -65.194  -11.247 0.8999999762
673  -23.500  -65.712  -10.863 0.8999999762
574  -23.514  -66.473  -10.967 0.8999999762
675  -21.444  -65.810  -11.754 0.8999999762
391  -25.124  -68.387  -11.346 0.8000000119
67612  -27.738  -66.411  -12.887 0.4000000060
56636  -29.423  -68.826  -13.255 0.6000000238
587  -30.212  -66.569  -14.331 0.4000000060
1056  -22.078  -62.453  6.797 0.8000000119
61698  -28.450  -56.952  5.066 1.0000000000
63730  -25.381  -57.671  2.373 1.0000000000
2478  -25.591  -55.996  3.137 1.0000000000
56668  -28.632  -56.610  4.942 1.0000000000
1217  -22.405  -61.547  5.554 0.8999999762
69022  -28.518  -57.526  5.019 1.0000000000
70205  -28.232  -55.349  3.911 1.0000000000
1220  -22.666  -61.472  4.880 1.0000000000
70426  -22.965  -60.822  4.674 1.0000000000
1449  -23.466  -60.434  4.173 1.0000000000
68865  -28.127  -55.849  4.067 1.0000000000
70330  -27.766  -55.936  3.472 1.0000000000
69609  -26.366  -58.377  3.952 1.0000000000
68765  -27.640  -56.901  2.501 1.0000000000
68764  -26.307  -56.943  2.084 1.0000000000
70331  -27.528  -56.949  2.930 1.0000000000
73051  -26.945  -59.550  -0.886 1.0000000000
57037  -17.846  -57.255  -11.333 0.6999999881
1947  -23.678  -58.387  -10.253 1.0000000000
1936  -25.567  -58.102  -9.601 1.0000000000
1937  -26.720  -58.043  -9.530 1.0000000000
57042  -21.794  -57.092  -10.409 0.8999999762
63659  -22.794  -57.876  -9.837 1.0000000000
1938  -27.499  -58.283  -9.349 1.0000000000
56635  -27.183  -60.814  -2.267 1.0000000000
57035  -21.365  -55.441  -9.895 0.6999999881
61480  -19.539  -55.655  -10.720 0.6999999881
60845  -18.683  -56.628  -10.150 0.6999999881
74222  -16.398  -56.132  -11.993 0.6999999881
1959  -24.657  -58.619  -11.238 1.0000000000
1702  -25.964  -59.264  -10.990 1.0000000000
1694  -26.500  -59.365  -10.329 1.0000000000
1261  -26.002  -60.546  -9.950 0.8999999762
63363  -27.683  -60.974  -3.907 0.8999999762
1243  -27.672  -61.701  -4.021 0.8999999762
61874  -22.582  -54.309  -9.815 0.6999999881
1476  -26.708  -59.910  -9.769 1.0000000000
1257  -26.291  -61.236  -9.394 0.8999999762
1087  -27.108  -61.982  -7.933 0.8999999762
1080  -27.471  -62.530  -5.404 0.8999999762
69798  -22.940  -53.672  -10.483 0.4000000060
1091  -25.470  -62.413  -9.642 0.8999999762
950  -27.125  -62.631  -7.336 0.8999999762
949  -26.779  -63.506  -7.295 0.8999999762
1213  -21.811  -61.555  7.219 0.6999999881
2170  -25.317  -56.972  3.392 1.0000000000
61683  -27.009  -55.399  3.043 1.0000000000
62669  -27.558  -56.790  4.776 1.0000000000
1909  -25.262  -58.063  3.742 1.0000000000
2173  -25.570  -56.439  2.797 1.0000000000
62109  -28.992  -54.768  5.006 1.0000000000
1908  -24.898  -58.997  4.365 1.0000000000
69085  -28.274  -54.969  4.477 1.0000000000
1443  -22.752  -60.785  5.281 1.0000000000
70167  -28.090  -55.315  3.144 1.0000000000
70961  -26.477  -55.881  1.881 1.0000000000
70544  -26.440  -57.687  1.143 1.0000000000
62732  -26.648  -58.326  0.176 1.0000000000
2880  -24.681  -55.652  -7.285 1.0000000000
71437  -23.462  -58.021  -9.510 1.0000000000
69905  -21.253  -56.708  -9.978 0.8999999762
57045  -22.373  -57.065  -9.667 0.8999999762
1935  -24.316  -58.126  -9.570 1.0000000000
2216  -26.984  -57.776  -8.771 1.0000000000
1929  -27.246  -58.637  -7.297 1.0000000000
62197  -27.336  -59.059  -1.783 1.0000000000
56662  -26.884  -58.659  -0.755 1.0000000000
1688  -27.469  -59.130  -7.923 1.0000000000
56649  -27.485  -59.971  -2.583 1.0000000000
1464  -27.560  -60.595  -3.232 1.0000000000
61128  -22.656  -55.268  -9.387 0.6999999881
69433  -20.299  -56.390  -9.918 0.8000000119
1949  -26.116  -58.621  -10.357 1.0000000000
1692  -27.403  -59.047  -9.733 1.0000000000
1477  -27.104  -59.887  -9.190 1.0000000000
3683  -23.376  -53.337  -9.707 0.6999999881
1254  -27.123  -61.144  -8.312 0.8999999762
71610  -26.572  -60.518  -9.453 1.0000000000
1083  -27.389  -61.927  -6.868 0.8999999762
63211  -27.743  -61.757  -4.928 0.8999999762
67153  -27.275  -62.386  -6.103 0.8999999762
1086  -26.833  -62.820  -7.903 0.8999999762
947  -27.134  -62.911  -6.619 0.8999999762
2470  -25.519  -55.745  2.656 1.0000000000
1214  -22.106  -61.595  6.342 0.8999999762
1906  -25.129  -57.995  4.762 1.0000000000
1439  -22.438  -60.770  6.022 0.8999999762
1659  -23.979  -59.549  4.810 1.0000000000
1905  -24.652  -58.704  5.208 1.0000000000
70363  -28.513  -54.412  3.973 1.0000000000
1447  -23.195  -60.169  5.003 1.0000000000
70404  -26.429  -56.423  1.125 1.0000000000
68919  -26.633  -57.207  0.187 1.0000000000
2848  -28.410  -55.595  -4.552 1.0000000000
2509  -25.588  -56.092  -6.736 1.0000000000
2492  -28.126  -56.227  -5.142 1.0000000000
71696  -27.895  -56.710  -5.354 1.0000000000
64201  -24.749  -57.856  -8.709 1.0000000000
2519  -25.918  -58.215  -8.007 1.0000000000
1926  -27.301  -58.506  -6.392 1.0000000000
69677  -26.770  -56.939  -0.797 1.0000000000
56648  -26.769  -57.791  -0.556 1.0000000000
2871  -26.920  -55.385  -6.902 1.0000000000
2202  -23.509  -57.268  -8.247 0.8999999762
2204  -24.740  -58.154  -7.540 1.0000000000
1921  -28.024  -58.477  -4.703 1.0000000000
61152  -23.186  -57.417  -9.200 0.8999999762
1685  -27.363  -59.212  -6.887 1.0000000000
2203  -23.847  -57.823  -7.668 1.0000000000
68616  -27.739  -60.416  -3.988 1.0000000000
64668  -22.987  -56.225  -8.998 0.8000000119
57034  -22.000  -56.342  -9.635 0.8000000119
1469  -27.363  -60.019  -6.305 1.0000000000
64090  -27.419  -60.700  -5.851 1.0000000000
1245  -27.575  -60.962  -5.197 1.0000000000
74762  -23.950  -54.620  -8.361 0.8000000119
65495  -27.406  -60.894  -6.616 1.0000000000
71364  -27.692  -61.163  -4.551 0.8999999762
3299  -25.196  -54.137  -7.821 0.8000000119
1250  -27.311  -61.037  -7.543 0.8999999762
3298  -24.400  -53.582  -8.402 0.6999999881
3684  -24.780  -52.753  -9.057 0.5000000000
1435  -21.680  -60.666  7.709 0.5000000000
1438  -22.086  -60.710  6.855 0.6000000238
2168  -25.052  -57.067  4.223 1.0000000000
60346  -28.667  -56.453  5.179 1.0000000000
67089  -22.489  -59.946  6.557 0.8000000119
56698  -26.488  -55.118  2.498 1.0000000000
1655  -24.115  -59.034  5.584 1.0000000000
2472  -25.863  -55.287  2.419 1.0000000000
56715  -28.553  -56.662  5.024 1.0000000000
61305  -29.145  -55.637  5.257 1.0000000000
1650  -22.852  -60.071  5.754 1.0000000000
1654  -23.521  -59.545  5.627 1.0000000000
56733  -29.148  -54.594  4.361 1.0000000000
59921  -28.928  -54.217  2.771 1.0000000000
70178  -27.906  -54.616  1.956 1.0000000000
73032  -26.589  -55.527  0.877 1.0000000000
69297  -27.061  -54.827  0.918 1.0000000000
60150  -26.653  -56.137  0.104 1.0000000000
69151  -26.914  -55.333  -0.064 1.0000000000
68522  -28.147  -56.015  -2.769 1.0000000000
62485  -27.350  -55.906  -1.076 1.0000000000
60536  -26.976  -56.179  -0.912 1.0000000000
2867  -28.229  -55.328  -6.180 1.0000000000
2488  -28.171  -56.392  -4.178 1.0000000000
2205  -25.654  -58.198  -7.294 1.0000000000
2206  -26.752  -58.224  -7.342 1.0000000000
56699  -27.243  -57.004  -1.879 1.0000000000
56669  -26.997  -57.865  -1.409 1.0000000000
67026  -27.843  -59.154  -2.981 1.0000000000
2190  -25.558  -57.230  -6.604 1.0000000000
2197  -24.835  -57.821  -6.938 1.0000000000
2198  -25.931  -57.907  -6.795 1.0000000000
1920  -28.033  -58.368  -3.565 1.0000000000
1679  -27.726  -59.932  -3.589 1.0000000000
61228  -23.771  -56.882  -7.137 0.8999999762
67222  -27.784  -59.268  -5.096 1.0000000000
57049  -23.456  -56.694  -8.065 0.8999999762
61326  -22.985  -56.869  -8.977 0.8999999762
1467  -27.528  -60.097  -5.366 1.0000000000
70775  -24.431  -54.691  -7.919 0.8000000119
3678  -25.487  -52.823  -8.217 0.6000000238
3301  -27.555  -53.856  -7.989 0.5000000000
3300  -26.254  -53.519  -7.719 0.6999999881
67186  -21.603  -59.970  8.135 0.5000000000
71096  -22.017  -59.765  7.402 0.6000000238
56717  -26.514  -55.111  2.635 1.0000000000
1902  -24.382  -58.329  5.876 1.0000000000
1651  -23.159  -59.360  6.391 1.0000000000
63328  -29.684  -54.902  4.721 1.0000000000
68767  -29.627  -54.166  3.592 1.0000000000
70405  -28.178  -54.557  1.042 1.0000000000
68918  -28.094  -55.006  0.071 1.0000000000
2858  -28.370  -55.436  -5.420 1.0000000000
2484  -27.604  -56.402  -2.001 1.0000000000
2192  -27.356  -57.677  -6.031 1.0000000000
2487  -27.921  -56.977  -3.689 1.0000000000
2185  -28.046  -57.679  -4.195 1.0000000000
2184  -27.805  -57.463  -3.050 1.0000000000
1919  -27.622  -58.106  -2.396 1.0000000000
2866  -27.498  -55.917  -6.274 1.0000000000
2499  -27.214  -56.845  -6.115 1.0000000000
2191  -26.553  -57.421  -6.444 1.0000000000
2187  -27.840  -57.717  -5.221 1.0000000000
2498  -26.528  -56.492  -6.413 1.0000000000
66638  -28.024  -59.264  -4.101 1.0000000000
2872  -27.972  -55.122  -6.848 1.0000000000
3289  -25.899  -54.807  -7.262 0.8999999762
3291  -27.737  -54.680  -7.431 0.8000000119
3292  -28.294  -54.440  -7.349 0.8000000119
1640  -21.217  -59.718  8.851 0.5000000000
1879  -20.466  -58.246  9.349 0.5000000000
1886  -21.356  -58.581  8.873 0.5000000000
2468  -25.260  -56.155  3.994 1.0000000000
2167  -24.720  -57.193  5.002 1.0000000000
3205  -26.619  -55.215  3.028 1.0000000000
62181  -27.463  -55.904  5.056 1.0000000000
60833  -29.229  -55.777  5.150 1.0000000000
1898  -22.717  -59.142  7.085 0.8999999762
1901  -23.796  -58.818  6.192 1.0000000000
2802  -25.970  -55.145  2.352 1.0000000000
56716  -26.957  -55.406  3.065 1.0000000000
3255  -28.695  -54.886  -3.915 1.0000000000
56728  -28.115  -55.509  -0.871 1.0000000000
72137  -28.041  -55.888  -5.785 1.0000000000
2486  -28.008  -56.484  -3.159 1.0000000000
2485  -27.708  -56.868  -2.711 1.0000000000
2857  -27.742  -56.455  -5.746 1.0000000000
2491  -27.969  -56.981  -4.794 1.0000000000
3283  -28.453  -54.649  -6.631 1.0000000000
3302  -28.154  -54.112  -8.037 0.6000000238
3680  -28.717  -53.739  -7.918 0.5000000000
1642  -21.765  -59.204  8.181 0.6000000238
1643  -22.293  -58.948  7.684 0.6000000238
73649  -25.852  -55.119  3.144 1.0000000000
3201  -26.655  -55.060  4.108 1.0000000000
2792  -27.897  -55.628  5.618 1.0000000000
62988  -29.004  -55.300  5.619 1.0000000000
1899  -23.353  -58.560  6.833 1.0000000000
72907  -26.509  -55.195  2.905 1.0000000000
56721  -29.716  -54.908  4.847 1.0000000000
61268  -30.271  -54.244  3.967 1.0000000000
73334  -29.812  -53.848  2.898 1.0000000000
69633  -28.738  -53.795  1.472 1.0000000000
56727  -28.758  -55.251  -1.504 1.0000000000
56731  -28.983  -54.098  0.259 1.0000000000
64104  -28.540  -55.379  -2.916 1.0000000000
2825  -28.359  -55.767  -1.927 1.0000000000
64116  -28.876  -54.674  -3.130 1.0000000000
2837  -28.316  -55.825  -3.602 1.0000000000
3265  -28.694  -54.754  -4.896 1.0000000000
3274  -28.611  -54.666  -5.781 1.0000000000
3671  -28.938  -54.026  -6.144 1.0000000000
3675  -29.307  -53.281  -7.342 0.8000000119
3674  -28.804  -53.924  -7.008 0.8000000119
1887  -22.222  -58.438  8.238 0.6000000238
2467  -24.832  -56.584  4.639 1.0000000000
2799  -25.895  -55.278  3.581 1.0000000000
2164  -24.536  -57.487  5.801 1.0000000000
2463  -24.500  -56.675  5.428 1.0000000000
2464  -24.857  -56.073  4.762 1.0000000000
2796  -25.508  -55.818  4.140 1.0000000000
62379  -30.033  -54.469  4.462 1.0000000000
63444  -24.356  -57.189  6.211 1.0000000000
2797  -26.019  -55.327  4.823 1.0000000000
2791  -27.173  -55.232  5.192 1.0000000000
2789  -24.560  -55.868  5.647 1.0000000000
70204  -30.510  -53.779  2.714 1.0000000000
68744  -29.763  -53.671  1.814 1.0000000000
3245  -28.828  -54.956  -2.291 1.0000000000
70203  -30.756  -53.967  1.503 1.0000000000
70197  -29.446  -53.514  0.826 1.0000000000
70381  -30.333  -53.558  0.663 1.0000000000
60264  -29.621  -54.130  -0.845 1.0000000000
71992  -29.024  -54.063  -5.384 1.0000000000
69749  -29.256  -54.562  -1.625 1.0000000000
68766  -30.044  -53.530  -0.005 1.0000000000
70482  -31.039  -53.638  0.000 1.0000000000
3256  -29.217  -54.053  -3.579 1.0000000000
3661  -29.343  -54.058  -2.572 1.0000000000
3266  -29.095  -54.078  -4.466 1.0000000000
3663  -29.485  -53.390  -3.239 1.0000000000
60929  -30.294  -53.480  -0.855 1.0000000000
3669  -29.348  -53.412  -5.801 1.0000000000
68116  -29.572  -52.801  -6.175 1.0000000000
66867  -29.304  -53.211  -8.070 0.6000000238
2146  -20.267  -57.478  9.412 0.5000000000
1894  -22.892  -58.328  7.524 0.8000000119
2793  -29.701  -54.741  5.206 1.0000000000
3619  -30.489  -53.369  4.397 1.0000000000
2460  -24.302  -56.531  6.271 1.0000000000
2790  -25.183  -55.476  5.233 1.0000000000
3193  -26.969  -54.443  5.765 1.0000000000
3202  -30.017  -54.003  4.946 1.0000000000
56726  -30.352  -53.942  3.971 1.0000000000
3613  -30.222  -53.549  5.062 1.0000000000
60185  -30.721  -53.768  2.818 1.0000000000
60044  -31.182  -53.938  1.849 1.0000000000
70169  -31.321  -53.491  0.996 1.0000000000
3666  -29.507  -53.395  -4.111 1.0000000000
70168  -31.261  -53.163  0.171 1.0000000000
72433  -29.444  -53.428  -4.959 1.0000000000
3655  -29.713  -53.603  -1.623 1.0000000000
60260  -31.034  -53.565  -0.381 1.0000000000
4076  -29.621  -52.662  -6.775 0.8999999762
3672  -29.303  -53.396  -6.556 1.0000000000
4079  -29.689  -52.432  -7.695 0.6000000238
2147  -21.145  -57.643  9.177 0.5000000000
2154  -21.987  -57.781  8.739 0.6000000238
2155  -22.760  -57.793  8.231 0.8000000119
3601  -28.815  -53.527  6.711 1.0000000000
3602  -29.461  -52.864  6.375 1.0000000000
1895  -23.579  -57.980  7.125 1.0000000000
3612  -30.193  -53.116  5.646 1.0000000000
3607  -29.723  -53.496  6.125 1.0000000000
2459  -24.059  -57.316  6.987 1.0000000000
3194  -28.145  -54.794  6.317 1.0000000000
3196  -29.930  -53.830  5.422 1.0000000000
56725  -30.206  -54.006  4.606 1.0000000000
67440  -30.910  -48.848  -3.260 1.0000000000
3625  -30.713  -53.389  3.186 1.0000000000
5269  -30.721  -49.511  -3.746 1.0000000000
69201  -31.258  -53.571  2.141 1.0000000000
69082  -31.349  -53.408  1.276 1.0000000000
4467  -30.431  -51.134  -3.796 1.0000000000
4466  -30.020  -51.932  -4.211 1.0000000000
4064  -29.695  -53.133  -2.477 1.0000000000
4073  -29.578  -52.699  -5.366 1.0000000000
4476  -29.924  -51.906  -6.954 0.8999999762
4473  -29.880  -52.065  -6.003 1.0000000000
67435  -20.381  -56.159  9.562 0.5000000000
74706  -20.096  -56.842  9.510 0.5000000000
2443  -21.576  -56.201  9.025 0.6999999881
2442  -20.880  -56.761  9.274 0.6000000238
2450  -22.407  -56.459  8.585 0.8000000119
67346  -22.421  -57.229  8.581 0.8000000119
3604  -25.992  -53.421  6.507 1.0000000000
4018  -27.954  -52.942  6.825 1.0000000000
2454  -22.985  -57.097  8.160 0.8000000119
63985  -26.858  -53.590  6.288 1.0000000000
3187  -27.541  -53.677  6.674 1.0000000000
2158  -23.371  -57.620  7.626 0.8999999762
3200  -26.666  -55.223  4.128 1.0000000000
3192  -26.487  -54.337  5.932 1.0000000000
67227  -30.485  -53.051  5.101 1.0000000000
4033  -30.704  -52.620  3.591 1.0000000000
4029  -30.550  -52.571  4.526 1.0000000000
3195  -29.383  -54.327  5.960 1.0000000000
4039  -31.087  -52.676  2.606 1.0000000000
5266  -30.810  -49.752  -2.820 1.0000000000
5262  -30.907  -49.860  -1.945 1.0000000000
4857  -30.620  -50.378  -3.297 1.0000000000
4855  -30.700  -50.641  -2.390 1.0000000000
72007  -30.855  -50.619  -1.488 1.0000000000
4859  -30.579  -50.253  -4.278 1.0000000000
4040  -31.388  -52.637  1.719 1.0000000000
72606  -30.543  -51.122  -2.991 1.0000000000
4047  -31.464  -52.559  0.870 1.0000000000
4067  -30.212  -51.832  -3.176 1.0000000000
4463  -30.427  -51.575  -2.341 1.0000000000
70181  -31.199  -52.957  -0.233 1.0000000000
64360  -30.740  -52.779  -0.798 1.0000000000
4070  -29.718  -52.619  -4.537 1.0000000000
71263  -29.788  -52.600  -3.001 1.0000000000
4065  -30.056  -52.333  -2.421 1.0000000000
67968  -29.949  -52.781  -1.849 1.0000000000
4058  -30.132  -52.948  -1.314 1.0000000000
4469  -29.972  -51.914  -5.063 1.0000000000
4477  -30.264  -51.261  -6.611 0.8999999762
4482  -30.166  -51.388  -7.616 0.5000000000
70489  -20.982  -55.992  9.325 0.5000000000
2449  -21.733  -57.001  8.904 0.6000000238
3598  -24.841  -53.717  7.100 1.0000000000
3605  -26.583  -53.062  6.383 1.0000000000
3606  -27.140  -52.888  6.370 1.0000000000
2455  -23.633  -56.866  7.693 0.8999999762
3186  -25.100  -54.342  6.520 1.0000000000
4019  -28.571  -52.747  6.606 1.0000000000
3191  -25.574  -54.533  6.002 1.0000000000
4028  -30.373  -52.502  5.079 1.0000000000
2786  -24.886  -55.087  6.081 1.0000000000
62777  -30.672  -47.729  -4.728 1.0000000000
4447  -30.558  -51.843  3.731 1.0000000000
5267  -31.152  -49.107  -2.371 1.0000000000
4450  -30.922  -51.837  2.958 1.0000000000
4451  -31.344  -51.767  2.168 1.0000000000
4853  -31.309  -50.127  -1.072 1.0000000000
4455  -31.514  -51.672  0.475 1.0000000000
4460  -30.675  -51.259  -1.575 1.0000000000
65672  -31.461  -51.176  -0.123 1.0000000000
4054  -31.396  -52.526  0.193 1.0000000000
4458  -31.136  -51.981  -0.324 1.0000000000
4457  -30.706  -51.803  -1.010 1.0000000000
4061  -30.369  -52.198  -1.633 1.0000000000
4470  -30.383  -51.090  -4.743 1.0000000000
4474  -30.318  -51.174  -5.672 1.0000000000
64067  -30.444  -50.403  -7.205 0.8000000119
3181  -24.426  -54.368  7.444 1.0000000000
2451  -23.159  -56.436  8.176 0.8000000119
3185  -24.679  -54.747  6.803 1.0000000000
4026  -29.682  -52.308  5.533 1.0000000000
2456  -24.111  -56.318  7.108 1.0000000000
4443  -30.294  -51.795  4.376 1.0000000000
2785  -24.417  -55.636  6.495 1.0000000000
65738  -30.855  -47.879  -3.748 1.0000000000
5263  -31.439  -49.306  -1.452 1.0000000000
5643  -30.794  -48.591  -4.264 1.0000000000
5272  -30.732  -49.303  -4.785 1.0000000000
4841  -31.492  -50.833  1.712 1.0000000000
4850  -31.604  -50.435  -0.274 1.0000000000
4453  -31.511  -51.732  1.343 1.0000000000
68548  -31.603  -51.041  0.999 1.0000000000
4849  -30.969  -51.013  -0.813 1.0000000000
67077  -30.486  -50.555  -6.270 1.0000000000
2774  -21.401  -55.439  9.302 0.6000000238
3176  -24.238  -54.894  8.006 0.8999999762
2775  -22.137  -55.518  8.941 0.6000000238
2779  -22.940  -55.623  8.490 0.8000000119
2780  -23.813  -55.810  7.970 0.8999999762
4024  -27.557  -52.204  6.098 1.0000000000
4025  -28.634  -52.165  5.905 1.0000000000
2782  -24.342  -55.329  7.357 1.0000000000
4435  -28.781  -51.469  5.354 1.0000000000
4442  -29.784  -51.636  4.880 1.0000000000
4830  -29.883  -50.876  4.349 1.0000000000
6043  -30.556  -47.097  -4.314 1.0000000000
5638  -31.163  -48.162  -2.797 1.0000000000
5639  -31.541  -48.392  -1.799 1.0000000000
4838  -30.750  -51.175  3.216 1.0000000000
4831  -30.372  -51.004  3.761 1.0000000000
66223  -30.291  -50.062  4.020 1.0000000000
57138  -30.342  -47.206  -5.187 1.0000000000
71938  -31.776  -48.823  -0.996 1.0000000000
68279  -30.841  -50.270  3.188 1.0000000000
5647  -30.762  -48.362  -5.217 1.0000000000
4840  -31.137  -50.980  2.571 1.0000000000
67963  -31.671  -50.015  1.554 1.0000000000
5253  -31.999  -49.457  0.943 1.0000000000
4846  -31.674  -50.759  0.398 1.0000000000
4863  -30.587  -50.141  -5.391 1.0000000000
4865  -30.662  -49.645  -6.501 0.8999999762
3175  -23.580  -54.799  8.414 0.8000000119
3600  -25.439  -53.618  6.725 1.0000000000
4017  -25.716  -52.873  6.702 1.0000000000
4022  -26.269  -52.495  6.451 1.0000000000
4023  -26.783  -52.094  5.860 1.0000000000
64512  -26.969  -51.674  5.015 1.0000000000
4434  -27.674  -51.562  5.433 1.0000000000
4823  -29.231  -50.724  4.944 1.0000000000
5627  -32.410  -48.676  0.426 1.0000000000
68250  -31.364  -50.130  2.287 1.0000000000
5243  -30.705  -49.288  3.623 1.0000000000
64417  -30.584  -47.677  -5.642 1.0000000000
5259  -31.815  -49.526  -0.463 1.0000000000
5249  -31.683  -49.356  1.903 1.0000000000
5248  -31.206  -49.368  2.779 1.0000000000
65318  -32.190  -49.300  0.210 1.0000000000
4843  -31.753  -50.328  0.990 1.0000000000
5616  -31.620  -48.629  2.451 1.0000000000
5276  -30.847  -49.000  -5.834 1.0000000000
5289  -30.525  -49.220  -7.476 0.8999999762
57166  -30.015  -49.170  -8.186 0.6000000238
3172  -21.744  -54.712  9.205 0.6000000238
3174  -22.614  -54.658  8.797 0.8000000119
4016  -25.202  -52.830  7.016 1.0000000000
67727  -24.223  -53.530  7.484 1.0000000000
65873  -25.822  -52.215  6.724 1.0000000000
71410  -27.716  -51.028  5.220 1.0000000000
4431  -26.464  -51.724  5.979 1.0000000000
5236  -29.627  -49.900  4.703 1.0000000000
6039  -30.945  -47.177  -3.269 1.0000000000
6040  -31.425  -47.511  -2.407 1.0000000000
66264  -32.682  -47.986  -0.239 1.0000000000
5635  -31.990  -48.123  -0.957 1.0000000000
5622  -32.104  -48.499  1.442 1.0000000000
5631  -32.240  -48.763  -0.291 1.0000000000
5257  -31.952  -49.981  0.315 1.0000000000
70586  -32.389  -47.602  1.563 1.0000000000
6019  -31.904  -47.824  2.259 1.0000000000
57148  -30.808  -48.086  -6.186 1.0000000000
5279  -30.836  -48.526  -6.881 1.0000000000
64376  -30.341  -48.267  -7.639 0.8000000119
3180  -23.908  -54.027  7.932 0.8000000119
3597  -23.639  -53.122  7.745 0.8000000119
4432  -26.817  -51.276  4.792 1.0000000000
4433  -27.028  -51.196  4.589 1.0000000000
4822  -28.305  -50.552  5.311 1.0000000000
5229  -28.839  -49.781  5.276 1.0000000000
4821  -27.243  -50.529  4.584 1.0000000000
6037  -31.789  -47.650  -1.548 1.0000000000
6024  -32.708  -47.826  0.696 1.0000000000
5237  -30.108  -49.118  4.384 1.0000000000
57134  -29.288  -47.238  -5.368 1.0000000000
5615  -31.085  -48.570  3.209 1.0000000000
6018  -31.494  -48.009  2.910 1.0000000000
57137  -30.144  -47.313  -5.970 1.0000000000
61007  -28.412  -47.240  -5.481 0.6999999881
57149  -30.634  -47.673  -6.991 1.0000000000
3586  -21.922  -53.699  8.815 0.6000000238
3594  -23.069  -53.664  8.372 0.6999999881
4013  -24.315  -52.694  7.348 0.8999999762
4422  -25.045  -52.016  7.151 1.0000000000
65091  -22.398  -52.814  8.366 0.6000000238
70669  -23.086  -52.750  8.049 0.6999999881
4426  -26.024  -51.389  6.657 1.0000000000
4012  -23.486  -52.253  7.686 0.6999999881
4427  -26.417  -51.116  5.405 1.0000000000
70433  -29.821  -46.683  -4.770 0.8999999762
5228  -27.817  -49.759  5.263 1.0000000000
57129  -28.641  -47.216  -4.840 0.8999999762
73488  -31.352  -46.819  -2.628 1.0000000000
6032  -32.566  -47.210  -1.053 1.0000000000
5598  -29.378  -48.978  5.077 1.0000000000
6028  -32.991  -47.093  -0.043 1.0000000000
5601  -29.935  -48.194  4.689 1.0000000000
6007  -29.774  -47.321  5.053 1.0000000000
70510  -27.970  -47.433  -4.865 0.8999999762
6008  -30.559  -47.365  4.363 1.0000000000
57123  -27.564  -47.603  -4.806 0.8999999762
72131  -31.592  -46.631  3.333 1.0000000000
6408  -32.866  -46.844  1.149 1.0000000000
65732  -32.147  -46.955  2.082 1.0000000000
6396  -30.879  -46.500  4.263 1.0000000000
6397  -31.449  -46.054  3.727 1.0000000000
72019  -30.975  -44.952  4.704 1.0000000000
73610  -26.927  -47.265  -5.211 0.6000000238
6400  -31.929  -46.189  2.787 1.0000000000
6791  -31.861  -45.108  3.147 1.0000000000
7222  -31.219  -44.164  4.305 1.0000000000
6052  -29.227  -47.415  -6.149 1.0000000000
6054  -27.707  -47.002  -5.797 0.6999999881
6404  -32.611  -46.060  1.888 1.0000000000
6795  -32.465  -45.123  2.312 1.0000000000
7223  -31.772  -44.088  3.465 1.0000000000
61466  -30.004  -47.449  -6.763 1.0000000000
7229  -32.896  -44.022  1.695 1.0000000000
7663  -32.831  -42.748  1.794 1.0000000000
7227  -32.334  -44.012  2.575 1.0000000000
60648  -29.784  -47.824  -7.316 1.0000000000
3593  -21.609  -52.733  8.740 0.6000000238
4421  -24.070  -51.719  7.423 0.8000000119
4441  -27.171  -50.308  4.403 1.0000000000
5597  -28.313  -48.903  5.367 1.0000000000
66517  -31.748  -46.903  -1.843 1.0000000000
6393  -30.289  -46.373  4.996 1.0000000000
6415  -32.256  -46.117  -1.434 1.0000000000
6412  -32.950  -46.214  -0.699 1.0000000000
66629  -31.162  -46.940  3.695 1.0000000000
6785  -30.929  -45.728  4.504 1.0000000000
6781  -30.513  -45.364  5.294 1.0000000000
6805  -32.826  -45.271  -1.111 1.0000000000
6409  -33.203  -46.120  0.304 1.0000000000
7650  -30.950  -43.264  4.614 1.0000000000
6801  -33.231  -45.218  -0.295 1.0000000000
6405  -33.068  -45.897  1.135 1.0000000000
7653  -31.505  -43.105  3.737 1.0000000000
67231  -31.692  -42.193  3.208 1.0000000000
6799  -33.468  -45.170  0.631 1.0000000000
7658  -31.984  -42.982  2.814 1.0000000000
8107  -31.709  -42.228  3.099 1.0000000000
60657  -28.887  -47.735  -6.988 0.6000000238
7664  -33.464  -43.185  1.042 1.0000000000
4009  -22.796  -52.079  8.056 0.6000000238
65061  -24.956  -51.225  7.309 0.8000000119
5227  -26.971  -49.853  3.857 1.0000000000
64583  -30.342  -46.408  -3.958 1.0000000000
4419  -23.277  -51.413  7.789 0.6999999881
4812  -26.329  -50.493  6.048 0.8999999762
72924  -27.490  -49.222  4.861 1.0000000000
61080  -27.541  -47.631  -4.532 0.8999999762
73797  -29.032  -47.445  5.543 1.0000000000
57125  -26.991  -48.608  -4.613 0.8999999762
6004  -29.146  -48.124  5.360 1.0000000000
6388  -29.452  -46.663  5.629 1.0000000000
6421  -31.583  -45.892  -2.326 1.0000000000
6780  -29.777  -45.733  5.911 1.0000000000
7213  -30.078  -44.936  6.082 1.0000000000
7218  -30.623  -44.318  5.315 1.0000000000
65110  -30.723  -42.530  5.122 1.0000000000
7233  -33.647  -44.249  0.053 1.0000000000
8102  -31.144  -42.226  3.983 1.0000000000
8101  -31.093  -42.306  4.088 1.0000000000
7657  -32.096  -41.922  2.405 1.0000000000
7672  -34.062  -43.313  0.396 1.0000000000
7671  -33.736  -42.457  0.751 1.0000000000
8111  -32.067  -41.589  2.135 1.0000000000
4813  -26.668  -50.357  4.689 1.0000000000
5235  -26.940  -49.603  3.741 1.0000000000
5600  -27.007  -48.992  3.758 1.0000000000
5596  -27.425  -48.603  4.208 1.0000000000
60437  -28.556  -46.806  -4.439 0.8999999762
68539  -29.463  -46.106  -4.174 1.0000000000
6420  -30.855  -46.203  -3.148 1.0000000000
6003  -27.995  -47.981  5.221 1.0000000000
57122  -26.422  -49.806  -4.646 0.8999999762
6387  -28.380  -47.093  5.721 1.0000000000
61695  -23.249  -49.173  -5.877 0.8000000119
6811  -30.870  -45.259  -3.005 1.0000000000
6774  -29.312  -45.057  6.949 1.0000000000
57116  -22.706  -48.251  -5.001 0.8000000119
6808  -32.034  -45.083  -1.656 1.0000000000
7642  -29.403  -43.624  7.117 1.0000000000
7641  -28.588  -43.247  7.317 1.0000000000
7646  -30.456  -43.270  5.602 1.0000000000
7645  -29.950  -43.168  6.385 1.0000000000
8493  -29.729  -42.074  5.984 1.0000000000
70837  -32.565  -44.467  -1.340 1.0000000000
8096  -30.717  -41.963  4.800 1.0000000000
8503  -30.641  -41.807  4.854 1.0000000000
7236  -32.992  -44.348  -0.702 1.0000000000
7243  -32.649  -43.649  -1.233 1.0000000000
7678  -33.425  -43.503  -0.371 1.0000000000
72882  -30.096  -42.759  2.634 1.0000000000
60812  -23.680  -43.291  -5.886 0.4000000060
7677  -32.838  -42.798  -0.937 1.0000000000
72034  -33.969  -42.793  -0.142 1.0000000000
68617  -32.943  -41.605  0.524 1.0000000000
7662  -32.692  -41.723  1.518 1.0000000000
8106  -31.112  -43.135  2.512 1.0000000000
8909  -29.630  -42.382  3.689 1.0000000000
8520  -29.218  -41.753  0.108 1.0000000000
65268  -28.340  -41.215  -0.185 1.0000000000
4803  -23.978  -50.881  7.629 0.6999999881
4805  -25.805  -50.506  7.092 0.8000000119
5218  -26.438  -49.669  5.468 1.0000000000
5226  -26.687  -49.518  4.339 1.0000000000
68401  -26.917  -48.855  3.811 1.0000000000
5593  -25.565  -48.867  6.647 0.8999999762
6002  -27.088  -48.281  3.799 1.0000000000
6386  -27.322  -47.256  4.093 1.0000000000
6379  -27.841  -46.425  5.918 1.0000000000
61132  -25.980  -49.548  -3.430 0.8999999762
6427  -27.512  -47.203  -3.866 0.8999999762
6428  -30.198  -45.610  -3.699 1.0000000000
71411  -27.544  -45.655  6.248 1.0000000000
62646  -22.622  -48.047  -4.122 0.8999999762
6442  -23.905  -48.677  -6.315 0.6000000238
6816  -28.421  -46.099  -4.052 1.0000000000
6380  -28.805  -46.041  6.333 1.0000000000
6773  -28.187  -45.435  7.005 1.0000000000
7207  -27.477  -43.827  7.530 1.0000000000
73423  -28.665  -42.654  6.882 0.8999999762
6833  -24.023  -45.607  -5.940 0.6000000238
6812  -31.602  -44.792  -2.403 1.0000000000
6377  -24.545  -46.099  5.790 0.8000000119
6384  -26.219  -46.591  4.407 0.8999999762
8091  -28.772  -42.270  6.549 1.0000000000
8492  -28.809  -41.991  6.228 0.8999999762
8499  -29.844  -41.696  5.847 0.8999999762
7242  -32.037  -44.005  -1.815 1.0000000000
8500  -30.247  -41.573  5.428 1.0000000000
8896  -30.057  -41.805  5.599 1.0000000000
72066  -29.250  -42.107  5.539 0.8999999762
8904  -29.939  -42.262  4.796 1.0000000000
8903  -29.489  -41.696  4.847 1.0000000000
7688  -32.054  -43.038  -1.939 1.0000000000
8908  -28.767  -42.453  3.314 1.0000000000
7676  -32.685  -41.694  -1.267 1.0000000000
7669  -32.748  -40.711  -0.405 1.0000000000
7661  -32.413  -40.837  1.088 1.0000000000
8110  -31.680  -42.573  0.969 1.0000000000
8510  -30.152  -43.292  1.448 1.0000000000
8915  -29.353  -43.341  2.334 1.0000000000
8928  -27.725  -41.104  0.677 1.0000000000
4804  -25.031  -50.384  7.749 0.6999999881
5211  -25.574  -49.632  7.445 0.6999999881
5225  -26.457  -48.822  4.816 1.0000000000
57113  -24.759  -49.231  -3.331 0.8999999762
6001  -26.684  -48.078  3.974 1.0000000000
6385  -27.055  -47.295  3.783 1.0000000000
65412  -26.266  -47.311  4.673 1.0000000000
70970  -26.924  -46.575  3.614 1.0000000000
5996  -24.915  -47.053  6.183 0.8999999762
6817  -29.293  -45.273  -3.756 1.0000000000
65527  -24.252  -46.383  6.746 0.8999999762
7212  -26.997  -44.054  6.340 0.8999999762
67179  -27.203  -43.750  3.614 0.8000000119
8491  -27.847  -42.353  6.394 0.8999999762
74007  -23.145  -47.021  -3.470 0.8999999762
6827  -23.309  -46.747  -5.631 0.6000000238
73405  -27.739  -46.174  -3.786 1.0000000000
74150  -24.443  -45.512  6.043 0.8000000119
71880  -26.826  -46.441  3.570 1.0000000000
73899  -27.943  -41.917  6.161 0.8999999762
57117  -22.295  -47.006  -3.923 0.8999999762
57132  -22.284  -47.262  -4.350 0.8999999762
67571  -31.048  -44.392  -2.886 1.0000000000
7250  -31.611  -43.684  -2.560 1.0000000000
6778  -25.557  -45.130  4.553 0.8000000119
8895  -29.204  -41.840  6.038 0.8999999762
8894  -28.579  -41.898  5.965 0.8999999762
7249  -30.834  -43.435  -2.930 1.0000000000
7204  -24.155  -44.910  7.101 0.6999999881
73584  -28.765  -41.775  5.260 0.8999999762
7692  -31.457  -42.762  -2.730 1.0000000000
7687  -31.841  -41.988  -2.471 1.0000000000
7686  -31.222  -41.409  -3.083 1.0000000000
7675  -32.192  -40.598  -2.011 1.0000000000
7668  -31.563  -40.357  -1.398 1.0000000000
7660  -31.824  -41.640  -0.394 1.0000000000
8109  -30.247  -42.083  0.500 1.0000000000
8509  -29.163  -42.946  0.899 1.0000000000
8914  -28.345  -43.386  1.511 1.0000000000
4795  -24.257  -50.085  8.128 0.6000000238
5217  -26.075  -49.715  6.587 0.8000000119
73518  -26.034  -49.013  5.873 1.0000000000
6000  -25.753  -47.958  5.471 1.0000000000
57114  -25.264  -47.766  -3.249 0.8999999762
6378  -25.442  -46.779  5.288 0.8999999762
6426  -27.004  -46.211  -3.434 0.8999999762
71443  -25.160  -47.964  6.617 0.8000000119
6391  -26.309  -45.713  3.820 0.8000000119
6788  -26.591  -44.809  3.232 0.8000000119
6784  -27.242  -45.176  3.508 0.8000000119
8498  -26.951  -42.217  6.177 0.8000000119
64598  -28.082  -45.206  -3.760 1.0000000000
6818  -30.238  -44.530  -3.330 1.0000000000
5995  -24.659  -47.346  7.103 0.8000000119
66624  -24.600  -44.956  6.352 0.8000000119
7649  -27.152  -43.136  5.338 0.8000000119
8497  -26.719  -41.942  5.570 0.8000000119
64674  -22.367  -46.758  -5.235 0.6999999881
7257  -29.077  -44.240  -3.239 1.0000000000
71708  -23.869  -45.892  7.323 0.6000000238
6770  -24.126  -45.587  6.689 0.6999999881
66386  -24.840  -44.246  6.873 0.6000000238
7211  -25.225  -44.464  5.035 0.8000000119
9297  -27.707  -41.942  5.945 0.8999999762
69816  -21.445  -46.294  -4.680 0.8000000119
74922  -20.224  -45.384  -5.221 0.8000000119
6826  -22.112  -45.619  -5.570 0.6000000238
9301  -27.896  -42.485  5.483 0.8999999762
9305  -27.072  -42.423  4.996 0.8000000119
7248  -30.147  -43.448  -3.111 1.0000000000
8116  -30.434  -41.389  -0.981 1.0000000000
8086  -25.561  -42.530  7.367 0.5000000000
8907  -28.215  -43.016  3.118 0.8999999762
7691  -31.101  -42.488  -2.990 1.0000000000
7690  -30.215  -42.610  -3.017 1.0000000000
7674  -30.984  -40.420  -2.174 1.0000000000
8508  -28.375  -42.035  0.741 1.0000000000
68489  -27.572  -42.819  2.134 1.0000000000
62950  -26.621  -42.382  2.213 1.0000000000
8931  -29.013  -40.644  -1.510 1.0000000000
8115  -29.405  -40.947  -0.956 1.0000000000
61488  -26.502  -48.047  -3.379 0.8999999762
67744  -25.139  -48.542  7.531 0.8000000119
57115  -25.961  -46.570  -3.259 0.8999999762
7220  -25.839  -43.998  3.169 0.8000000119
8098  -26.000  -43.168  3.736 0.8000000119
6815  -26.033  -45.281  -3.250 0.8999999762
7644  -25.511  -43.657  5.142 0.8000000119
8090  -25.897  -42.767  5.474 0.8000000119
8502  -26.673  -42.596  5.320 0.8000000119
8892  -26.144  -41.885  5.236 0.8000000119
62552  -22.218  -46.103  -3.412 0.8999999762
7639  -25.303  -43.312  6.712 0.6999999881
8095  -26.789  -42.683  4.111 0.8000000119
8893  -27.099  -41.973  5.640 0.8000000119
62389  -20.821  -44.962  -5.438 0.6999999881
63891  -27.040  -44.741  -3.492 1.0000000000
7203  -23.895  -44.823  7.696 0.5000000000
64454  -21.657  -43.515  -5.221 0.6000000238
7256  -28.028  -44.045  -3.543 1.0000000000
7247  -29.114  -43.192  -2.739 1.0000000000
65753  -26.160  -41.870  3.734 0.8999999762
8125  -30.286  -40.200  -1.504 1.0000000000
7685  -29.288  -42.222  -2.443 1.0000000000
8528  -28.595  -41.046  -1.049 1.0000000000
8913  -27.502  -41.993  1.344 1.0000000000
8912  -26.845  -40.963  1.339 1.0000000000
8929  -27.844  -40.443  -0.026 1.0000000000
72998  -28.217  -40.696  -0.550 1.0000000000
5210  -25.078  -49.541  8.132 0.6999999881
57120  -23.145  -45.770  -2.898 0.8999999762
72256  -24.133  -46.481  -2.956 0.8999999762
6814  -24.951  -45.727  -3.047 0.8999999762
6374  -24.183  -46.592  7.559 0.6000000238
8089  -25.745  -42.509  6.608 0.6999999881
8488  -25.873  -41.829  6.288 0.6999999881
8496  -26.343  -41.495  5.654 0.8000000119
8891  -25.589  -40.685  4.877 0.8000000119
8900  -25.909  -41.296  4.236 0.8000000119
66289  -22.311  -45.082  -3.454 0.8999999762
57131  -20.199  -44.350  -4.925 0.8999999762
8486  -25.593  -41.653  6.768 0.6000000238
8901  -26.548  -41.721  5.162 0.8000000119
62901  -21.216  -44.895  -4.173 0.8999999762
7699  -28.577  -43.401  -3.195 1.0000000000
8530  -28.689  -42.011  -2.329 1.0000000000
71963  -25.904  -40.977  3.286 0.8999999762
61547  -22.898  -42.779  -6.050 0.5000000000
8131  -28.931  -42.910  -2.105 1.0000000000
8933  -28.575  -41.130  -2.247 1.0000000000
8906  -26.081  -40.864  2.279 0.8999999762
8130  -29.210  -41.509  -1.955 1.0000000000
8124  -29.282  -40.029  -1.424 1.0000000000
9334  -28.167  -39.381  -1.289 1.0000000000
8927  -27.131  -40.080  0.656 1.0000000000
9332  -28.018  -39.865  -0.558 1.0000000000
9330  -26.917  -38.960  0.909 1.0000000000
57118  -23.927  -45.372  -2.771 0.8999999762
57121  -23.301  -44.897  -2.899 0.8999999762
8495  -25.710  -41.283  5.692 0.8000000119
8887  -24.846  -40.439  5.299 0.8000000119
8899  -25.621  -40.313  3.733 0.8000000119
7695  -22.980  -44.308  -3.501 0.8999999762
7254  -25.236  -44.705  -3.176 0.8999999762
7637  -24.942  -43.635  7.586 0.6000000238
62284  -21.157  -43.772  -4.865 0.8999999762
9310  -26.029  -39.934  2.800 0.8999999762
62562  -21.695  -44.306  -4.220 0.8999999762
57144  -22.630  -43.046  -5.297 0.5000000000
8134  -28.455  -42.511  -3.203 1.0000000000
8529  -28.658  -41.376  -1.455 1.0000000000
8911  -26.251  -39.907  1.436 0.8999999762
9331  -27.314  -39.472  -0.025 1.0000000000
9333  -27.487  -39.025  -0.776 1.0000000000
8885  -24.582  -40.457  5.931 0.6999999881
7253  -24.148  -44.572  -2.964 0.8999999762
63418  -27.037  -43.769  -3.645 1.0000000000
71554  -24.916  -39.954  4.590 0.8000000119
7698  -27.896  -43.095  -3.619 1.0000000000
68537  -24.852  -40.817  6.639 0.6000000238
57142  -22.186  -43.311  -4.841 0.8999999762
63106  -22.162  -43.795  -4.307 0.8999999762
57162  -22.109  -42.880  -5.051 0.8000000119
61636  -21.338  -42.388  -5.602 0.6000000238
8932  -28.391  -40.117  -2.022 1.0000000000
8930  -28.455  -40.289  -1.040 1.0000000000
7255  -26.066  -44.321  -3.344 0.8999999762
9293  -24.182  -39.979  6.356 0.6000000238
9296  -24.156  -39.783  5.555 0.6000000238
9300  -24.431  -39.521  4.882 0.6000000238
7696  -24.981  -44.088  -3.529 0.8999999762
8133  -27.811  -42.219  -3.754 1.0000000000
9714  -24.760  -39.286  4.279 0.6000000238
73200  -23.851  -44.042  -3.449 0.8999999762
65937  -26.094  -43.614  -3.832 0.8999999762
7697  -27.004  -42.935  -3.960 1.0000000000
8533  -28.322  -41.520  -3.253 1.0000000000
9719  -25.030  -39.037  3.601 0.6000000238
9304  -25.289  -39.721  4.026 0.6999999881
57135  -23.082  -43.744  -4.152 0.8999999762
60719  -24.126  -43.605  -4.056 0.8999999762
9309  -25.549  -39.379  3.159 0.8000000119
9318  -26.060  -38.930  2.404 0.8000000119
7702  -25.154  -43.367  -4.244 0.8999999762
72161  -28.315  -40.658  -2.912 1.0000000000
9335  -27.778  -39.270  -2.243 1.0000000000
9319  -25.632  -39.739  1.914 0.8999999762
7703  -26.062  -42.778  -4.385 0.8999999762
8532  -27.662  -41.450  -3.830 1.0000000000
8936  -27.918  -40.700  -3.576 1.0000000000
64362  -28.003  -39.932  -3.054 1.0000000000
9743  -27.544  -38.682  -1.569 1.0000000000
9329  -26.287  -38.858  1.628 0.8999999762
9749  -27.326  -38.251  -3.458 1.0000000000
10138  -27.060  -37.575  -3.150 1.0000000000
9744  -27.409  -38.307  -2.495 1.0000000000
9742  -27.170  -38.040  -1.725 1.0000000000
66686  -26.898  -38.338  -1.125 1.0000000000
9740  -26.581  -38.631  -0.192 1.0000000000
9739  -25.761  -38.667  0.702 0.8999999762
10133  -26.908  -37.521  -2.217 1.0000000000
9741  -25.737  -37.970  0.027 1.0000000000
10129  -26.311  -37.742  -0.715 1.0000000000
9295  -23.542  -39.286  5.983 0.3000000119
9709  -23.708  -38.926  5.240 0.4000000060
9702  -23.104  -38.802  6.516 0.3000000119
9710  -24.299  -38.770  4.592 0.5000000000
9715  -24.806  -38.642  4.152 0.6000000238
8132  -26.929  -42.011  -4.191 1.0000000000
8537  -27.000  -40.937  -4.228 1.0000000000
9723  -25.368  -38.631  2.728 0.6000000238
63265  -23.101  -43.244  -4.689 0.8999999762
8536  -25.863  -41.697  -4.631 1.0000000000
8943  -27.517  -39.971  -3.857 1.0000000000
9730  -25.067  -38.713  1.535 0.8999999762
61781  -21.482  -42.374  -5.204 0.8000000119
8135  -24.982  -42.630  -4.678 0.8999999762
8958  -20.853  -40.785  -6.297 0.6000000238
9363  -23.430  -39.253  -7.222 0.6000000238
9344  -26.575  -39.107  -4.736 1.0000000000
9738  -25.162  -38.134  0.707 0.8999999762
67233  -26.724  -36.937  -3.803 1.0000000000
10131  -26.651  -37.538  -1.419 1.0000000000
10103  -23.989  -38.035  5.002 0.4000000060
57141  -24.272  -43.181  -4.555 0.8999999762
63924  -23.691  -42.672  -4.815 0.8999999762
8535  -24.418  -41.782  -4.675 0.8999999762
8942  -26.739  -40.005  -4.477 1.0000000000
9345  -27.234  -39.355  -4.180 1.0000000000
62723  -20.080  -41.869  -5.527 0.6999999881
57171  -19.794  -40.831  -5.880 0.6000000238
9748  -27.040  -37.741  -4.117 1.0000000000
10590  -26.593  -36.843  -2.816 1.0000000000
10130  -25.965  -36.872  -1.120 1.0000000000
10128  -25.717  -37.244  -0.444 0.8999999762
10127  -25.053  -37.340  0.213 0.8000000119
68309  -26.148  -40.703  -4.694 1.0000000000
10110  -24.638  -38.178  1.943 0.6999999881
8941  -25.155  -40.886  -4.780 0.8999999762
10118  -24.678  -37.824  1.105 0.6999999881
57161  -20.510  -41.003  -4.994 0.8000000119
8946  -23.396  -40.125  -5.062 0.8999999762
9349  -24.512  -39.367  -5.334 0.8999999762
57172  -20.425  -40.274  -5.411 0.6999999881
9362  -22.190  -39.690  -6.590 0.6000000238
10157  -24.283  -37.531  -7.745 0.6000000238
10614  -23.875  -36.872  -6.967 0.5000000000
10148  -26.561  -37.806  -4.857 1.0000000000
10595  -26.301  -36.170  -3.510 0.8999999762
10601  -26.295  -36.366  -4.418 0.8000000119
11085  -25.987  -35.636  -4.284 0.8000000119
57151  -22.735  -42.002  -4.788 0.8999999762
71870  -21.203  -41.838  -4.987 0.8999999762
8948  -25.729  -39.957  -5.087 1.0000000000
8947  -24.620  -40.270  -5.048 0.8999999762
9754  -27.221  -38.603  -4.102 1.0000000000
9350  -25.661  -39.085  -5.240 0.8999999762
10580  -25.342  -36.538  -0.495 0.6999999881
57174  -21.365  -39.555  -5.831 0.6000000238
57164  -21.719  -40.034  -5.101 0.8999999762
9760  -26.151  -38.394  -5.134 0.8999999762
10142  -26.524  -37.112  -4.711 0.8999999762
10585  -25.930  -36.238  -1.608 0.8999999762
9769  -21.971  -39.194  -6.042 0.6000000238
10147  -25.764  -37.538  -5.471 0.8000000119
11089  -25.646  -35.301  -5.105 0.8000000119
10589  -26.069  -36.021  -2.453 1.0000000000
10603  -24.040  -36.085  -6.150 0.6999999881
10604  -25.090  -35.895  -5.611 0.6999999881
11078  -25.624  -35.261  -2.423 0.8999999762
57152  -22.269  -41.006  -4.836 0.8999999762
64918  -22.101  -39.187  -5.915 0.8000000119
9348  -22.920  -39.282  -5.487 0.8000000119
9759  -25.146  -38.470  -5.650 0.8999999762
66775  -25.775  -36.606  -5.211 0.8000000119
11565  -25.531  -34.243  -3.668 0.8000000119
11081  -25.801  -35.253  -3.344 0.8999999762
11562  -25.396  -34.531  -2.732 0.8999999762
10584  -25.478  -35.983  -1.074 0.8999999762
64612  -24.785  -35.744  -0.547 0.6999999881
9757  -22.733  -38.739  -5.916 0.8000000119
10145  -23.795  -38.076  -6.244 0.8000000119
10600  -25.817  -35.962  -4.947 0.8000000119
67366  -24.196  -37.025  -6.275 0.6999999881
11077  -25.172  -34.873  -1.906 0.8000000119
11072  -24.977  -35.256  -1.217 0.8999999762
9758  -23.867  -38.522  -5.775 0.8000000119
10146  -24.864  -36.777  -5.816 0.8000000119
11568  -25.584  -34.015  -4.592 0.8000000119
67953  -24.719  -37.596  -5.780 0.8000000119
11073  -25.594  -35.580  -1.727 0.8000000119
11564  -24.998  -33.573  -3.014 0.5000000000
12050  -25.401  -33.360  -4.035 0.6999999881
72075  -25.581  -33.291  -4.875 0.6000000238
12511  -24.919  -32.690  -3.582 0.6000000238
12045  -24.363  -33.251  -2.059 0.6000000238
12508  -24.528  -32.775  -2.821 0.5000000000
12959  -24.717  -31.781  -3.957 0.5000000000
12513  -25.300  -32.444  -4.575 0.6000000238
12958  -23.960  -31.345  -3.417 0.4000000060
13452  -23.915  -30.188  -4.365 0.3000000119
69329  -25.108  -68.015  5.184 0.6999999881
69544  -25.632  -62.992  4.326 1.0000000000
56586  -32.656  -68.999  -6.982 0.5000000000
934  -24.393  -63.390  2.994 1.0000000000
56625  -24.326  -62.164  2.436 1.0000000000
570  -25.370  -66.076  -8.416 0.8999999762
62868  -27.161  -69.533  -12.127 0.8000000119
963  -22.941  -63.821  -11.598 0.8999999762
481  -24.635  -67.699  -10.828 0.8000000119
73174  -26.908  -56.373  3.495 1.0000000000
56707  -28.447  -56.024  5.606 1.0000000000
63132  -28.887  -54.901  -0.780 1.0000000000
66720  -29.747  -52.573  -3.721 1.0000000000
61967  -30.329  -49.953  -8.122 0.6000000238
5602  -30.593  -48.383  4.014 1.0000000000
6013  -31.052  -47.753  3.537 1.0000000000
6055  -30.511  -47.586  -6.349 1.0000000000
5651  -26.882  -49.016  -5.064 0.8999999762
6392  -27.073  -45.614  3.294 0.8000000119
7656  -27.102  -44.137  2.919 0.8000000119
65867  -24.413  -44.429  7.479 0.6000000238
57163  -19.919  -41.558  -6.129 0.6000000238
9340  -27.563  -39.081  -3.356 1.0000000000
63312  -19.438  -41.133  -5.746 0.6000000238
10586  -26.396  -36.820  -1.890 1.0000000000
8940  -23.847  -40.998  -4.802 0.8999999762
11572  -25.571  -34.597  -5.154 0.6999999881
10576  -24.656  -36.501  0.097 0.8000000119
72834  -24.540  -37.054  0.769 0.6000000238
71670  -23.926  -36.558  -6.533 0.6999999881
11552  -24.339  -34.871  -0.727 0.6999999881
11561  -24.791  -34.119  -2.106 0.6000000238
11557  -24.676  -34.490  -1.358 0.6999999881
69269  -25.566  -69.482  4.733 0.6999999881
70106  -25.327  -67.050  6.150 0.8000000119
546  -25.840  -66.224  6.602 0.8000000119
60981  -27.078  -65.107  4.700 0.8999999762
645  -27.156  -65.616  5.600 0.8000000119
1065  -28.381  -62.435  4.864 0.8000000119
60999  -28.752  -60.613  4.945 0.6000000238
61356  -20.531  -65.611  0.449 0.8000000119
60130  -28.687  -48.673  -7.831 0.6999999881
5650  -26.233  -49.428  -5.949 0.8000000119
57119  -23.656  -49.399  -6.184 0.8000000119
6441  -23.032  -48.503  -5.632 0.8000000119
4794  -23.190  -50.519  8.190 0.6999999881
60781  -22.110  -46.920  -4.887 0.8000000119
57143  -22.037  -44.367  -5.610 0.6000000238
70032  -23.561  -44.106  -5.857 0.5000000000
66126  -22.777  -43.604  -5.487 0.6000000238
6383  -25.361  -45.983  4.861 0.8000000119
66245  -25.190  -44.116  5.962 0.6999999881
72802  -23.343  -39.978  -7.376 0.6000000238
10111  -25.033  -38.069  2.838 0.4000000060
10156  -23.843  -38.053  -6.937 0.6000000238
11088  -24.805  -34.951  -5.786 0.6999999881
61632  -23.094  -38.538  -6.151 0.6000000238
10606  -24.085  -37.494  -6.466 0.6999999881
12955  -23.611  -31.670  -2.671 0.5000000000
931  -29.063  -63.982  4.660 0.8000000119
68799  -28.641  -60.052  4.637 0.6000000238
61523  -22.878  -67.821  2.163 0.8000000119
73727  -28.952  -62.194  5.233 0.6000000238
62736  -21.054  -65.472  0.016 0.8000000119
61450  -20.349  -65.786  -0.286 0.6000000238
61093  -20.976  -67.248  -1.725 0.6999999881
56602  -20.912  -65.689  -1.135 0.8999999762
61634  -26.930  -64.734  4.036 1.0000000000
68938  -29.366  -61.896  -0.331 0.6000000238
62060  -29.497  -64.024  -2.565 0.6000000238
662  -28.264  -65.609  -4.227 0.6999999881
281  -29.598  -69.448  -5.091 0.8000000119
469  -28.888  -67.153  -4.735 0.6999999881
62419  -26.851  -66.542  -4.391 0.8999999762
468  -27.404  -67.423  -4.809 0.8999999762
382  -27.383  -68.891  -5.184 0.8999999762
378  -27.641  -68.369  -4.853 0.8999999762
213  -29.215  -70.296  -6.304 0.8000000119
56601  -20.957  -65.443  1.043 0.8999999762
60523  -21.701  -67.013  1.838 0.8999999762
774  -25.533  -64.329  3.514 1.0000000000
63116  -22.155  -56.914  -15.894 0.5000000000
1731  -24.299  -59.290  -15.235 0.8000000119
1291  -22.981  -61.711  -16.047 0.8000000119
74279  -22.795  -63.959  -17.070 0.6999999881
69129  -30.815  -69.121  -5.453 0.6999999881
72095  -32.351  -68.413  -5.716 0.6000000238
56581  -31.405  -69.722  -6.676 0.6999999881
56582  -30.769  -70.068  -7.379 0.8000000119
290  -30.007  -70.160  -8.041 0.8000000119
387  -29.139  -67.929  -9.051 0.8000000119
658  -20.410  -65.457  2.210 0.6999999881
74934  -21.028  -65.036  2.847 0.8999999762
651  -21.752  -65.246  4.615 0.8999999762
656  -21.192  -64.781  3.703 0.8999999762
73241  -24.428  -63.891  4.744 0.8999999762
70182  -26.350  -64.855  -3.695 0.8999999762
1998  -24.347  -58.624  -16.216 0.6000000238
69488  -27.379  -65.221  -2.192 1.0000000000
2007  -24.587  -58.663  -17.422 0.5000000000
69157  -23.700  -61.597  -16.955 0.6000000238
840  -21.826  -66.111  -16.536 0.8000000119
688  -21.339  -66.276  -15.521 0.8999999762
56603  -26.175  -66.317  -4.823 0.8999999762
305  -29.152  -69.602  -11.757 0.8000000119
296  -30.491  -69.524  -9.708 0.8000000119
56587  -32.071  -69.546  -9.529 0.6999999881
65015  -32.263  -69.596  -10.352 0.6999999881
62687  -31.304  -69.517  -10.017 0.6999999881
56592  -31.853  -69.195  -11.645 0.6000000238
67790  -20.915  -64.702  5.063 0.8000000119
655  -20.759  -64.942  3.047 0.8000000119
562  -26.392  -66.652  -5.746 0.8999999762
474  -27.022  -67.187  -7.556 0.8999999762
60027  -24.275  -64.134  -19.107 0.5000000000
60012  -23.355  -65.327  -18.391 0.6000000238
61199  -22.072  -67.693  -17.601 0.6999999881
60975  -21.534  -67.424  -16.436 0.6999999881
61191  -21.577  -67.784  -15.787 0.6999999881
62100  -33.137  -69.964  -9.895 0.5000000000
389  -29.079  -68.134  -9.857 0.8000000119
778  -24.693  -63.900  1.482 1.0000000000
62519  -24.807  -62.900  3.213 1.0000000000
56599  -27.152  -60.301  4.192 1.0000000000
69500  -22.538  -68.803  -16.372 0.6999999881
388  -28.160  -67.006  -9.827 0.8999999762
62353  -30.882  -69.331  -12.153 0.6999999881
69311  -26.467  -60.980  4.309 1.0000000000
70382  -27.133  -59.502  3.413 1.0000000000
73263  -22.981  -64.066  6.353 0.8000000119
1918  -25.609  -57.251  3.048 1.0000000000
69995  -25.769  -57.665  3.834 1.0000000000
1671  -24.308  -60.143  2.969 1.0000000000
1240  -24.230  -61.644  2.212 1.0000000000
60717  -19.837  -56.973  -10.359 0.6999999881
2234  -20.436  -57.622  -13.734 0.6999999881
65568  -23.146  -62.384  -13.007 0.8999999762
820  -21.693  -64.430  -12.571 0.8999999762
809  -23.543  -64.911  -11.031 0.8999999762
676  -21.866  -66.091  -11.345 0.8999999762
484  -22.712  -67.243  -12.099 0.8000000119
479  -25.926  -67.205  -9.569 0.8999999762
489  -21.885  -67.551  -14.122 0.8000000119
56689  -24.109  -67.915  -14.325 0.6999999881
400  -26.256  -68.978  -12.333 0.8000000119
298  -28.137  -69.493  -10.767 0.8000000119
303  -27.522  -69.792  -11.418 0.8000000119
69428  -25.233  -66.874  -15.814 0.5000000000
56676  -25.533  -67.496  -13.713 0.6000000238
60676  -27.844  -69.917  -12.027 0.8000000119
69452  -28.514  -69.726  -12.222 0.6999999881
60762  -25.816  -66.846  -14.104 0.5000000000
56677  -26.428  -67.534  -13.219 0.6999999881
56651  -28.475  -68.354  -12.805 0.6000000238
62227  -29.624  -69.223  -13.233 0.6000000238
490  -29.273  -67.950  -13.112 0.5000000000
56618  -29.978  -68.702  -15.309 0.4000000060
1059  -22.515  -62.313  5.173 0.8999999762
928  -22.770  -62.763  4.851 0.8999999762
1236  -23.426  -61.666  2.951 1.0000000000
1463  -24.453  -60.327  2.531 1.0000000000
1089  -26.565  -62.519  -8.577 0.8999999762
1253  -26.762  -61.664  -8.787 0.8999999762
1055  -21.806  -62.432  7.668 0.6000000238
2179  -25.498  -57.151  2.546 1.0000000000
69850  -26.940  -59.035  4.144 1.0000000000
1950  -27.035  -58.573  -9.944 1.0000000000
3303  -23.431  -54.090  -9.011 0.6999999881
1923  -27.615  -58.450  -5.612 1.0000000000
1472  -27.333  -60.060  -7.258 1.0000000000
2195  -23.680  -57.404  -7.382 1.0000000000
1465  -27.699  -60.586  -4.612 1.0000000000
74597  -24.857  -57.918  5.460 1.0000000000
2161  -24.088  -57.959  6.542 1.0000000000
2773  -20.723  -55.432  9.603 0.5000000000
6014  -31.635  -47.205  2.975 1.0000000000
6790  -31.448  -45.051  4.035 1.0000000000
6798  -32.994  -45.087  1.466 1.0000000000
7230  -33.515  -44.157  0.908 1.0000000000
4418  -22.580  -51.339  8.294 0.6000000238
74818  -25.620  -50.295  -5.748 0.8000000119
73750  -29.968  -44.110  6.540 1.0000000000
63018  -25.331  -50.168  -4.295 0.8999999762
69989  -24.221  -49.896  -5.926 0.8000000119
61505  -24.109  -48.307  -4.820 0.8999999762
7208  -28.559  -44.410  7.567 1.0000000000
73726  -29.376  -44.307  7.222 1.0000000000
8087  -29.393  -42.712  6.576 1.0000000000
7640  -27.708  -42.934  6.762 0.8999999762
8092  -30.224  -42.363  5.677 1.0000000000
8506  -30.306  -42.786  3.780 1.0000000000
7670  -33.456  -41.996  -0.161 1.0000000000
57124  -26.765  -48.837  -3.931 0.8999999762
64552  -27.385  -46.171  4.124 1.0000000000
6779  -27.135  -45.133  5.554 1.0000000000
6772  -27.402  -44.871  7.119 1.0000000000
61267  -24.254  -47.668  -3.478 0.8999999762
6828  -24.490  -46.770  -5.725 0.6000000238
6832  -23.182  -45.164  -6.013 0.6000000238
8888  -28.217  -41.852  6.017 0.8999999762
8902  -28.791  -41.833  4.688 0.8999999762
7217  -27.253  -44.252  4.286 0.8999999762
6794  -27.018  -44.518  2.890 0.8000000119
8100  -27.026  -43.053  3.189 0.8000000119
8490  -27.347  -41.935  6.046 0.8000000119
61725  -20.378  -45.260  -4.451 0.8999999762
6777  -24.882  -45.230  5.463 0.8000000119
9306  -28.501  -42.334  5.851 0.8999999762
6783  -25.825  -44.753  3.952 0.8000000119
73613  -26.932  -44.836  2.993 0.8000000119
6825  -21.222  -45.912  -5.168 0.8000000119
6769  -23.795  -45.317  7.553 0.6000000238
7216  -25.561  -44.204  4.199 0.8000000119
61960  -20.680  -44.148  -5.115 0.8000000119
9311  -27.713  -42.949  4.861 0.8999999762
8484  -25.421  -41.362  7.301 0.5000000000
7652  -25.861  -43.011  3.033 0.8000000119
7648  -25.884  -43.199  4.106 0.8000000119
8099  -26.626  -42.682  4.015 0.8000000119
8094  -26.012  -42.556  5.166 0.8000000119
68446  -25.612  -43.100  6.084 0.8000000119
8489  -25.939  -41.968  6.025 0.8000000119
73938  -25.912  -42.431  6.154 0.6999999881
68096  -25.136  -41.145  6.065 0.6999999881
8084  -25.352  -41.968  8.008 0.4000000060
73343  -24.907  -40.820  7.223 0.5000000000
9708  -23.096  -38.514  5.846 0.3000000119
9720  -25.031  -38.513  3.485 0.5000000000
63875  -22.555  -42.721  -4.989 0.8999999762
8959  -22.557  -40.765  -7.052 0.6000000238
9753  -26.815  -38.311  -4.622 1.0000000000
10102  -23.220  -38.022  5.424 0.3000000119
10106  -24.976  -38.049  4.066 0.3000000119
9353  -20.729  -39.977  -5.926 0.6000000238
62890  -21.543  -39.459  -5.662 0.8000000119
9770  -23.083  -38.790  -6.593 0.6000000238
65147  -25.717  -34.838  -4.354 0.8000000119
74603  -24.309  -35.531  -5.973 0.6999999881
12510  -24.300  -32.106  -3.143 0.5000000000
13448  -23.603  -30.546  -3.650 0.4000000060
11556  -24.120  -34.118  -1.003 0.6000000238
69697  -23.232  -67.841  -1.713 0.6999999881
6051  -24.675  -49.591  -6.426 0.6999999881
11063  -24.194  -35.978  0.036 0.5000000000
11560  -24.459  -33.837  -1.508 0.5000000000
12037  -23.658  -33.657  -0.675 0.5000000000
12042  -23.899  -33.443  -1.294 0.5000000000
12507  -23.942  -32.406  -2.373 0.4000000060
60263  -23.458  -68.594  0.582 0.6999999881
10575  -24.055  -36.453  0.847 0.5000000000
12503  -23.646  -32.687  -1.597 0.5000000000
60378  -25.682  -68.842  6.226 0.5000000000
451  -25.991  -67.498  7.410 0.5000000000
542  -26.466  -66.873  7.310 0.6000000238
544  -27.982  -66.801  6.312 0.5000000000
541  -25.864  -66.866  7.022 0.6000000238
70703  -27.045  -66.573  6.894 0.6000000238
550  -28.713  -66.386  5.426 0.5000000000
547  -26.460  -66.390  6.793 0.6000000238
74301  -27.864  -66.165  5.744 0.6000000238
56686  -28.907  -64.945  4.896 0.5000000000
70817  -27.183  -66.199  6.320 0.6000000238
646  -28.268  -65.686  5.237 0.6999999881
69523  -28.312  -47.180  -6.487 0.5000000000
72805  -20.699  -42.179  -6.097 0.5000000000
9779  -24.726  -38.783  -8.262 0.5000000000
12962  -24.338  -30.929  -4.192 0.4000000060
60617  -28.023  -48.103  -7.426 0.5000000000
8154  -22.220  -42.285  -6.359 0.4000000060
6443  -25.065  -48.451  -6.296 0.4000000060
8544  -21.653  -41.749  -6.591 0.5000000000
9771  -24.052  -38.603  -7.410 0.5000000000
68260  -25.583  -67.694  6.686 0.5000000000
641  -26.521  -65.946  6.325 0.6999999881
11091  -23.900  -35.279  -6.445 0.5000000000
11571  -25.261  -33.980  -5.676 0.5000000000
12053  -25.438  -32.966  -5.740 0.4000000060
74564  -25.340  -32.127  -5.319 0.4000000060
12966  -25.068  -31.348  -4.978 0.3000000119
13453  -24.487  -30.553  -4.827 0.3000000119
11574  -24.304  -34.492  -6.686 0.5000000000
64642  -24.968  -33.771  -6.471 0.5000000000
65720  -24.803  -37.881  -8.940 0.4000000060
10163  -24.319  -36.956  -8.557 0.4000000060
10615  -23.834  -36.391  -7.727 0.4000000060
67892  -23.827  -35.485  -7.611 0.4000000060
10628  -24.368  -36.060  -8.763 0.4000000060
10607  -23.573  -35.859  -6.870 0.4000000060
11096  -23.580  -34.936  -7.035 0.4000000060
63821  -24.671  -33.962  -6.862 0.3000000119
12056  -25.312  -33.164  -6.452 0.3000000119
12515  -25.306  -32.111  -5.932 0.3000000119
12970  -25.114  -31.246  -5.940 0.3000000119
11577  -24.079  -34.443  -7.136 0.3000000119
209  -27.966  -69.908  -5.995 0.8999999762
210  -29.215  -69.999  -5.595 0.8000000119
211  -28.027  -69.750  -6.717 0.8999999762
215  -28.488  -70.070  -7.261 0.8999999762
216  -28.996  -70.364  -6.993 0.8999999762
279  -27.943  -69.051  -4.913 0.8999999762
282  -27.411  -69.114  -5.741 0.8999999762
288  -28.811  -69.605  -7.914 0.8999999762
301  -30.638  -69.366  -10.567 0.8000000119
379  -28.153  -67.754  -4.677 0.8000000119
380  -29.014  -68.157  -4.568 0.8000000119
386  -28.984  -66.944  -8.835 0.8999999762
395  -28.824  -68.735  -10.324 0.8000000119
398  -24.888  -68.118  -13.133 0.6999999881
467  -19.987  -66.231  0.207 0.6000000238
472  -26.955  -67.538  -5.822 0.8999999762
473  -27.169  -68.066  -5.099 0.8999999762
486  -21.768  -67.289  -12.851 0.8000000119
559  -20.100  -65.845  0.378 0.6000000238
561  -29.703  -66.581  -5.142 0.6999999881
564  -25.775  -66.144  -6.502 0.8999999762
580  -21.187  -67.054  -12.689 0.8999999762
582  -20.833  -67.225  -13.634 0.8999999762
659  -20.110  -65.746  0.909 0.6999999881
666  -24.860  -65.341  -6.004 0.8999999762
667  -25.128  -65.080  -6.496 0.8999999762
687  -20.956  -66.583  -14.791 0.8999999762
775  -25.301  -63.957  3.278 1.0000000000
777  -24.721  -64.038  1.474 1.0000000000
788  -26.395  -64.108  -5.560 0.8999999762
793  -25.357  -64.565  -5.877 0.8999999762
936  -24.565  -63.542  1.767 1.0000000000
937  -24.913  -64.085  2.127 1.0000000000
938  -24.338  -62.749  1.761 1.0000000000
939  -24.552  -63.200  1.738 1.0000000000
954  -25.126  -63.009  -9.878 0.8999999762
1074  -24.503  -62.301  1.448 1.0000000000
1075  -24.477  -62.646  1.433 1.0000000000
1078  -27.575  -62.708  -4.345 0.8999999762
1095  -25.030  -62.351  -10.123 0.8999999762
1239  -24.163  -61.981  2.028 1.0000000000
1256  -25.575  -61.666  -9.876 0.8999999762
1264  -25.331  -61.109  -11.288 0.8999999762
1474  -27.224  -60.127  -8.290 1.0000000000
1678  -24.994  -59.481  2.984 1.0000000000
1680  -27.760  -59.962  -4.499 1.0000000000
1682  -27.433  -59.228  -5.948 1.0000000000
1690  -27.651  -59.003  -8.934 1.0000000000
1917  -25.403  -58.540  2.703 1.0000000000
1932  -27.349  -58.434  -8.366 1.0000000000
2196  -23.903  -57.755  -6.954 1.0000000000
2199  -27.007  -58.015  -6.702 1.0000000000
2214  -23.821  -57.642  -8.808 0.8999999762
2215  -25.928  -57.834  -8.793 1.0000000000
2473  -26.249  -54.952  2.240 1.0000000000
2508  -24.497  -57.041  -6.802 1.0000000000
2520  -26.600  -58.227  -7.942 1.0000000000
2803  -26.427  -54.960  2.354 1.0000000000
3290  -26.900  -54.477  -7.429 0.8000000119
6439  -20.345  -45.549  -5.174 0.8000000119
6440  -20.691  -45.898  -5.003 0.8000000119
6789  -27.115  -44.893  3.063 0.8000000119
7221  -27.201  -44.440  3.099 0.8000000119
7226  -26.640  -44.125  2.843 0.8000000119
7264  -20.050  -44.729  -5.246 0.8000000119
7654  -26.261  -43.427  2.821 0.8000000119
7655  -26.579  -43.515  2.861 0.8000000119
8105  -26.328  -43.124  3.043 0.8000000119
9716  -28.053  -42.617  5.186 0.8000000119
56590  -20.859  -65.342  2.081 0.8999999762
56604  -30.700  -69.364  -11.370 0.8000000119
56633  -24.554  -62.637  1.368 1.0000000000
56637  -30.233  -69.393  -13.653 0.6000000238
56705  -27.816  -56.454  5.190 1.0000000000
57041  -16.675  -55.009  -11.953 0.6999999881
57052  -23.441  -55.440  -8.628 0.8000000119
57126  -20.039  -44.922  -5.216 0.8000000119
57127  -21.516  -46.161  -4.248 0.8999999762
57130  -19.945  -44.971  -5.359 0.8000000119
57170  -19.685  -40.942  -5.483 0.6000000238
57173  -19.967  -40.640  -5.641 0.6000000238
59991  -28.244  -58.220  4.367 1.0000000000
60214  -30.937  -69.718  -6.040 0.6999999881
60433  -24.474  -63.109  2.172 1.0000000000
61497  -20.374  -45.746  -5.000 0.8000000119
61741  -26.159  -56.303  3.951 1.0000000000
62119  -23.681  -48.154  -3.713 0.8999999762
62133  -32.050  -69.483  -7.048 0.6000000238
62245  -32.839  -69.485  -9.185 0.5000000000
62460  -21.001  -65.439  2.143 0.8999999762
62491  -20.505  -65.541  1.326 0.8000000119
62678  -21.576  -45.499  -3.965 0.8999999762
63617  -18.638  -54.436  -13.172 0.6999999881
64235  -20.729  -40.009  -5.694 0.6000000238
64534  -24.662  -64.061  1.584 1.0000000000
64650  -30.745  -69.364  -13.005 0.6000000238
64765  -24.285  -64.322  -10.706 0.8999999762
66814  -25.436  -57.870  2.565 1.0000000000
67870  -27.644  -57.061  -5.583 1.0000000000
68207  -27.431  -61.567  -5.847 0.8999999762
68758  -25.520  -64.834  -4.684 0.8999999762
69134  -26.125  -65.453  -3.893 0.8999999762
69490  -24.879  -62.530  4.489 1.0000000000
69579  -24.794  -64.007  1.558 1.0000000000
70380  -27.183  -58.930  3.460 1.0000000000
70533  -29.869  -68.908  -15.972 0.4000000060
71384  -20.140  -64.924  4.730 0.6000000238
71407  -28.609  -70.143  -5.886 0.8000000119
71754  -22.749  -66.056  -11.161 0.8999999762
72371  -31.466  -69.403  -10.903 0.6999999881
72951  -31.472  -69.422  -5.974 0.6999999881
73519  -24.436  -62.002  1.700 1.0000000000
73914  -23.945  -53.163  -9.120 0.6000000238
73992  -20.982  -57.116  -10.960 0.8999999762
74405  -25.584  -66.891  6.644 0.8000000119
74783  -32.339  -42.482  -1.762 1.0000000000
74796  -23.746  -58.387  -11.161 1.0000000000
