#!ascii label  , from subject sub-v2s3x28811_ses-1 vox2ras=TkReg
1549
21868  26.439  -48.315  24.254 0.8999999762
20902  26.283  -49.142  24.049 0.8000000119
21883  26.637  -48.566  23.650 0.8000000119
20945  26.181  -49.794  22.608 0.6999999881
21910  26.139  -49.460  21.665 0.8000000119
142719  25.960  -48.147  24.712 0.8999999762
22849  27.028  -47.928  23.394 1.0000000000
22866  27.334  -47.384  22.900 1.0000000000
22867  27.037  -47.925  22.452 0.8999999762
20960  26.456  -49.140  22.450 0.8000000119
21920  26.098  -48.773  20.909 0.8000000119
21919  26.440  -48.133  20.993 0.8999999762
20969  25.689  -49.510  20.727 0.8000000119
20970  25.193  -49.608  19.894 0.6999999881
19999  24.702  -50.487  19.750 0.6999999881
22837  26.047  -46.916  24.859 0.8000000119
138338  26.579  -47.056  24.466 0.8999999762
23802  26.529  -46.380  24.554 0.8999999762
23803  25.825  -46.139  24.891 0.8999999762
23804  24.367  -46.087  24.980 0.8999999762
22848  27.273  -47.094  23.581 0.8999999762
23827  27.630  -46.591  22.815 1.0000000000
22879  26.855  -47.722  21.517 0.8999999762
23836  27.122  -46.993  21.118 1.0000000000
22888  26.491  -47.458  20.647 0.8999999762
21928  25.875  -48.061  20.272 0.8000000119
20975  24.385  -49.584  19.215 0.6999999881
23801  27.124  -45.906  24.297 0.8999999762
24706  26.407  -45.466  24.630 0.8999999762
122246  25.514  -45.372  24.863 0.8999999762
24707  24.627  -45.325  24.768 0.8999999762
24708  23.711  -45.490  24.532 0.8999999762
22835  27.027  -46.728  24.184 0.8999999762
23813  27.486  -46.257  23.731 0.8999999762
23835  27.640  -46.471  21.709 1.0000000000
22895  25.923  -47.215  19.867 0.8000000119
139443  25.427  -48.356  19.803 0.8000000119
124812  24.416  -48.055  18.853 0.8000000119
138510  23.881  -47.441  18.529 0.8000000119
139923  23.663  -48.098  18.574 0.8000000119
22908  22.967  -47.499  18.381 0.8000000119
25607  25.869  -44.793  24.782 0.8999999762
25609  24.008  -44.525  24.356 0.8999999762
25610  23.057  -44.985  24.037 0.8999999762
24705  27.198  -45.057  24.339 0.8999999762
25617  23.137  -44.074  23.915 0.8000000119
128795  22.347  -45.306  23.834 0.8000000119
24714  27.667  -45.443  23.875 0.8999999762
26550  23.284  -43.193  23.683 0.6999999881
25618  22.369  -44.553  23.743 0.6999999881
135326  21.747  -44.181  23.612 0.6999999881
24728  28.399  -45.227  22.643 0.8999999762
26552  21.413  -43.426  23.519 0.6999999881
26553  20.506  -43.426  23.486 0.6999999881
25643  28.715  -44.765  22.207 1.0000000000
27472  20.930  -42.524  23.341 0.6000000238
126452  28.041  -45.866  22.259 1.0000000000
24748  28.379  -45.173  20.926 1.0000000000
24738  27.962  -45.782  21.270 1.0000000000
24750  27.111  -45.947  20.017 1.0000000000
23847  26.634  -46.602  20.190 0.8999999762
24749  27.742  -45.496  20.291 1.0000000000
24762  27.217  -45.417  19.446 0.8999999762
24763  26.570  -45.944  19.460 0.8000000119
23855  25.987  -46.494  19.400 0.8000000119
22897  24.638  -47.263  18.804 0.8000000119
24773  24.460  -45.735  18.031 0.8000000119
23864  23.902  -46.204  18.157 0.8000000119
24774  23.616  -45.537  17.722 0.8000000119
24786  24.160  -45.228  17.573 0.8000000119
25673  22.761  -45.301  17.440 0.8000000119
25606  26.528  -44.548  24.583 0.8999999762
25608  25.074  -44.597  24.702 0.8999999762
26537  26.520  -43.678  24.542 0.8999999762
26538  25.740  -44.038  24.694 0.8999999762
26539  24.757  -43.618  24.382 0.8999999762
26540  23.830  -43.658  24.047 0.8999999762
25615  28.409  -44.267  23.477 0.8999999762
26551  22.371  -43.531  23.607 0.6999999881
25631  28.697  -44.553  22.838 0.8999999762
27471  22.750  -42.597  23.418 0.6000000238
119089  21.900  -42.640  23.379 0.6000000238
25630  29.193  -44.113  22.167 1.0000000000
27480  20.240  -41.951  23.070 0.5000000000
122136  28.792  -44.665  21.489 1.0000000000
28579  19.653  -41.385  22.568 0.5000000000
25648  28.694  -44.553  20.622 1.0000000000
25649  28.243  -44.930  20.226 1.0000000000
25657  27.856  -44.886  19.567 1.0000000000
24771  26.618  -45.382  18.779 0.8999999762
23862  25.479  -46.333  18.862 0.8000000119
25671  26.588  -44.843  18.091 0.8999999762
24772  25.932  -45.375  18.202 0.8000000119
120614  25.270  -45.831  18.378 0.8000000119
25688  26.484  -44.422  17.498 0.8999999762
25672  25.910  -44.832  17.578 0.8000000119
26629  26.392  -43.630  16.452 0.8999999762
124222  24.983  -44.296  16.552 0.8000000119
25702  24.075  -44.448  16.419 0.8000000119
26631  24.580  -43.778  15.746 0.8000000119
26632  23.784  -44.241  15.728 0.8000000119
26548  27.928  -43.871  24.003 0.8999999762
127837  27.984  -43.113  24.009 0.8999999762
26549  24.107  -42.891  23.827 0.6999999881
27470  23.521  -42.349  23.440 0.8000000119
26562  29.020  -43.860  23.010 0.8999999762
138371  28.496  -42.885  23.619 0.8999999762
28566  22.377  -41.949  23.124 0.6999999881
28567  21.607  -41.899  23.064 0.6000000238
142349  20.954  -41.777  22.982 0.6000000238
28576  22.898  -41.417  22.773 0.6999999881
130422  22.142  -41.347  22.666 0.6000000238
28577  21.382  -41.288  22.624 0.5000000000
25642  29.239  -44.069  21.158 1.0000000000
29654  21.066  -40.662  22.262 0.5000000000
29655  20.213  -40.673  22.210 0.5000000000
26575  29.489  -43.512  20.678 1.0000000000
25656  28.465  -44.430  19.816 1.0000000000
26595  28.447  -43.557  18.637 1.0000000000
25669  28.138  -44.266  19.018 1.0000000000
25687  27.127  -44.271  17.806 0.8999999762
26594  28.964  -43.256  19.049 1.0000000000
26596  27.804  -43.943  18.219 0.8999999762
26613  27.512  -43.555  17.408 0.8999999762
26628  27.143  -43.201  16.478 0.8999999762
26630  25.641  -43.696  16.101 0.8999999762
27556  26.431  -43.069  15.726 0.8999999762
27573  26.132  -42.419  14.969 0.8999999762
27452  27.354  -42.572  24.254 0.8999999762
27454  25.714  -43.144  24.485 0.8999999762
27469  24.976  -42.620  24.008 0.8999999762
27468  25.817  -42.283  24.177 0.8999999762
124107  25.207  -41.900  23.675 1.0000000000
118883  24.370  -41.921  23.447 0.8000000119
137386  28.157  -41.804  23.838 0.8999999762
28565  23.595  -41.569  23.042 0.6999999881
26561  29.456  -43.263  22.518 0.8999999762
26546  29.043  -43.060  23.193 0.8999999762
29652  22.674  -40.723  22.407 0.6999999881
29653  21.866  -40.676  22.317 0.5000000000
26569  29.671  -43.301  21.581 1.0000000000
29663  20.703  -40.081  21.817 0.5000000000
27495  29.929  -42.801  20.605 1.0000000000
27501  30.291  -42.167  19.992 1.0000000000
27502  29.792  -42.650  19.730 1.0000000000
27515  28.842  -42.804  18.399 1.0000000000
27532  29.370  -42.227  18.520 1.0000000000
28594  29.866  -42.150  19.203 1.0000000000
27533  28.616  -42.351  17.608 0.8999999762
27534  27.900  -42.783  17.018 0.8999999762
27555  27.516  -42.307  16.129 0.8999999762
28686  26.158  -41.464  12.398 0.6999999881
29768  25.183  -40.966  12.516 0.8000000119
28687  24.021  -41.502  12.789 0.8000000119
28688  23.330  -41.039  12.947 0.8000000119
27465  28.777  -42.244  23.477 0.8999999762
28561  27.744  -41.203  23.826 1.0000000000
28562  26.868  -41.239  23.860 1.0000000000
29638  26.315  -40.652  23.392 1.0000000000
28564  25.043  -41.225  23.225 0.6999999881
28574  24.277  -41.033  22.813 0.6999999881
28575  23.475  -40.842  22.556 0.6999999881
29662  21.527  -40.061  21.931 0.6000000238
27494  30.436  -42.049  20.843 1.0000000000
27487  30.148  -42.477  21.532 0.8999999762
27479  29.522  -42.361  22.806 0.8999999762
30757  20.327  -39.430  21.459 0.4000000060
28606  29.813  -41.469  18.572 1.0000000000
28622  28.791  -41.492  17.323 1.0000000000
29707  29.402  -41.059  17.794 1.0000000000
133452  23.148  -41.187  14.114 0.8999999762
28700  28.277  -41.280  11.487 0.6000000238
28701  26.924  -40.932  11.954 0.6000000238
29767  26.193  -40.683  12.290 0.8000000119
29769  24.156  -40.621  12.643 0.8000000119
27611  23.361  -41.814  13.278 0.8999999762
28667  23.039  -41.552  13.936 0.8999999762
28573  29.247  -41.665  23.233 0.8999999762
28560  28.581  -41.384  23.595 0.8999999762
29640  25.021  -40.380  22.671 0.8000000119
128920  23.196  -40.074  22.199 0.6999999881
30747  22.728  -39.176  22.062 0.6000000238
128527  20.791  -38.811  21.457 0.4000000060
27486  30.409  -41.813  21.580 1.0000000000
27478  30.124  -42.023  22.197 0.8999999762
28589  30.669  -41.468  20.261 1.0000000000
28593  30.369  -41.530  19.425 1.0000000000
131188  30.407  -40.978  18.951 1.0000000000
29694  30.034  -40.524  18.342 1.0000000000
126425  29.420  -40.237  17.636 1.0000000000
29736  23.924  -40.652  14.334 0.8999999762
129780  24.409  -39.767  14.433 0.8999999762
29755  23.050  -40.495  13.330 0.8999999762
29744  22.929  -40.712  13.873 0.8999999762
29777  29.661  -41.343  11.680 0.6000000238
29778  28.915  -41.141  11.502 0.6000000238
29780  27.548  -40.682  11.777 0.6000000238
30872  26.749  -40.192  12.086 0.8000000119
127179  25.696  -40.066  12.340 0.8000000119
29636  28.160  -40.555  23.666 0.8999999762
29637  27.194  -40.527  23.583 0.8999999762
29650  25.865  -40.151  22.878 0.6999999881
30729  27.561  -39.694  23.428 0.8999999762
30730  26.626  -39.960  23.123 0.8999999762
29651  24.090  -40.233  22.397 0.6000000238
28572  29.787  -41.438  22.725 1.0000000000
29648  30.008  -40.596  22.716 1.0000000000
29649  29.224  -40.794  23.342 1.0000000000
127992  23.754  -39.380  22.287 0.6000000238
31817  22.502  -38.148  22.159 0.5000000000
29660  30.926  -40.590  21.441 1.0000000000
28571  30.438  -41.169  22.039 1.0000000000
28583  30.710  -41.330  21.149 1.0000000000
29669  31.056  -40.795  20.593 1.0000000000
29678  30.855  -40.790  19.663 1.0000000000
29693  30.668  -40.432  18.952 1.0000000000
30790  30.586  -39.800  18.576 1.0000000000
30791  29.895  -39.655  17.978 1.0000000000
30804  29.254  -39.443  17.436 1.0000000000
29723  28.460  -40.236  16.610 1.0000000000
30820  27.942  -39.664  16.103 1.0000000000
30828  27.478  -39.949  15.519 1.0000000000
31909  27.328  -39.190  15.706 1.0000000000
30829  26.922  -39.720  15.135 0.8999999762
29733  27.158  -40.600  15.155 0.8999999762
29735  25.055  -40.360  14.431 0.8999999762
30837  22.915  -39.837  14.003 0.8999999762
30862  23.070  -39.538  13.239 0.8999999762
28685  31.145  -41.683  12.331 0.6000000238
28697  30.306  -41.757  11.601 0.6000000238
124770  29.405  -40.801  12.191 0.6000000238
29779  28.106  -40.594  11.704 0.6000000238
137312  26.279  -39.595  12.258 0.8000000119
129220  24.611  -39.641  12.490 0.8000000119
30728  28.662  -39.879  23.542 0.8999999762
31798  26.768  -39.198  22.950 0.6999999881
30745  25.507  -39.567  22.596 0.6000000238
31814  25.230  -38.765  22.530 0.6000000238
132592  30.201  -39.891  22.719 0.8999999762
31815  24.334  -38.652  22.444 0.6000000238
31816  23.396  -38.434  22.351 0.5000000000
29647  30.599  -40.267  22.169 1.0000000000
30754  31.116  -39.802  21.652 0.8999999762
29659  31.372  -40.101  20.879 1.0000000000
29677  31.308  -40.279  20.155 1.0000000000
30771  31.195  -39.928  19.377 1.0000000000
30789  31.136  -39.177  18.793 1.0000000000
31867  30.375  -38.930  18.194 1.0000000000
31881  29.876  -38.264  17.711 1.0000000000
129128  29.683  -38.961  17.714 1.0000000000
30805  28.534  -39.282  16.822 1.0000000000
31900  27.798  -38.772  16.310 1.0000000000
31910  26.633  -38.880  15.391 1.0000000000
31912  25.027  -38.287  14.998 0.8999999762
122404  24.282  -38.900  14.576 0.8999999762
30832  23.446  -39.615  14.289 0.8999999762
30850  22.758  -39.139  13.854 0.8999999762
126499  30.874  -40.973  12.854 0.6000000238
29765  30.239  -41.185  12.283 0.6000000238
29766  28.570  -40.457  12.069 0.6000000238
30859  27.565  -39.638  12.354 0.6999999881
31939  26.243  -38.956  12.346 0.6999999881
30861  25.666  -39.365  12.310 0.6999999881
120639  23.625  -39.341  12.726 0.8000000119
31942  23.314  -38.756  12.934 0.8999999762
28684  32.214  -41.738  12.541 0.6000000238
33030  25.816  -38.355  12.511 0.6999999881
31940  25.310  -38.791  12.384 0.8000000119
31941  24.232  -38.618  12.557 0.8999999762
31813  26.057  -38.897  22.664 0.6999999881
128662  24.872  -37.920  22.625 0.6000000238
30743  29.112  -39.168  23.472 0.8999999762
121738  28.244  -39.138  23.490 0.8000000119
31797  27.533  -38.729  23.264 0.6999999881
30741  30.666  -39.465  22.352 0.8999999762
30742  30.008  -39.133  23.054 0.8000000119
31828  31.195  -38.969  21.857 0.8000000119
30753  31.533  -39.281  21.072 0.8999999762
30762  31.568  -39.594  20.236 1.0000000000
124941  31.603  -39.107  19.517 1.0000000000
31865  31.585  -38.578  18.995 1.0000000000
31866  31.068  -38.466  18.492 1.0000000000
31880  30.531  -38.172  18.086 1.0000000000
32966  28.575  -37.810  17.053 1.0000000000
131306  27.654  -38.050  16.457 1.0000000000
31901  27.077  -38.240  15.952 1.0000000000
32997  25.678  -37.800  15.519 0.8999999762
138700  24.020  -37.899  14.827 0.8999999762
31919  22.676  -38.406  14.064 0.8999999762
30857  29.094  -40.135  12.809 0.6000000238
31938  27.087  -38.993  12.562 0.6999999881
31943  23.061  -38.115  13.325 0.8999999762
29763  32.661  -40.907  13.008 0.6000000238
29764  31.699  -41.063  13.046 0.6000000238
31931  26.568  -38.253  12.805 0.6999999881
33031  25.102  -38.063  12.528 0.6999999881
132831  26.767  -38.301  22.917 0.6999999881
32889  25.868  -37.900  22.733 0.6000000238
138654  29.408  -38.523  23.405 0.8000000119
31796  28.480  -38.331  23.475 0.8000000119
131110  27.553  -37.823  23.274 0.6999999881
32874  26.797  -37.307  23.120 0.6999999881
125974  30.620  -37.791  22.640 0.6999999881
31811  30.039  -38.206  23.154 0.8000000119
32904  31.201  -38.133  22.046 0.6999999881
31827  31.639  -38.405  21.284 0.6999999881
32933  32.229  -37.990  19.882 0.8000000119
32948  32.323  -37.408  19.399 0.8000000119
32934  31.972  -38.012  19.179 0.8000000119
32949  31.910  -37.422  18.637 0.8000000119
124651  31.557  -38.060  18.702 0.8999999762
32950  31.122  -37.764  18.265 0.8999999762
32964  30.364  -37.422  17.714 1.0000000000
32965  29.291  -37.551  17.339 1.0000000000
32981  27.235  -37.411  16.406 1.0000000000
119326  26.665  -36.925  16.320 1.0000000000
33998  28.442  -37.113  17.003 1.0000000000
32980  27.963  -37.601  16.750 1.0000000000
32996  26.328  -38.158  15.607 1.0000000000
32983  25.593  -37.060  15.789 1.0000000000
32998  24.894  -37.440  15.385 0.8999999762
32999  24.140  -37.033  15.300 0.8999999762
33000  22.772  -37.017  14.510 0.8999999762
29753  31.169  -40.381  13.394 0.6000000238
29754  30.128  -40.453  13.037 0.6000000238
30848  28.712  -39.402  13.263 0.6000000238
31937  27.874  -39.173  12.921 0.6999999881
33008  22.496  -37.582  14.061 0.8999999762
136393  23.612  -38.138  12.838 0.8999999762
131287  26.452  -37.514  13.326 0.6999999881
33019  25.816  -37.791  12.798 0.6999999881
33032  24.245  -37.759  12.739 0.8999999762
141222  23.364  -37.076  13.294 0.8999999762
31812  29.283  -37.788  23.437 0.6999999881
32872  28.390  -37.264  23.456 0.6000000238
33909  25.227  -37.128  22.870 0.6000000238
32887  31.133  -37.459  22.221 0.6999999881
32903  31.647  -37.472  21.555 0.6999999881
33946  32.192  -36.957  20.916 0.6999999881
33976  32.438  -36.798  18.975 0.8000000119
33978  31.312  -37.012  18.002 0.8000000119
33997  29.676  -36.775  17.272 1.0000000000
33999  27.929  -36.511  16.723 1.0000000000
34008  27.216  -36.696  16.533 1.0000000000
135503  26.131  -36.798  16.111 1.0000000000
135355  27.339  -36.006  16.530 1.0000000000
34009  26.500  -36.272  16.329 1.0000000000
34010  25.577  -36.317  15.974 1.0000000000
34011  24.752  -36.072  15.752 1.0000000000
32985  24.249  -36.433  15.527 1.0000000000
34019  23.440  -36.520  15.187 0.8999999762
30847  29.651  -39.603  13.533 0.6000000238
29752  32.128  -40.263  13.483 0.6000000238
30846  30.643  -39.672  13.727 0.6000000238
31928  29.227  -38.798  13.917 0.6999999881
34043  22.447  -36.951  13.874 0.8999999762
33017  27.938  -37.899  13.843 0.6999999881
122501  25.841  -37.264  13.270 0.6999999881
33021  24.040  -37.025  13.139 0.8999999762
140823  26.643  -36.593  23.273 0.5000000000
33907  29.785  -36.577  23.267 0.6000000238
33890  27.947  -36.385  23.451 0.5000000000
33906  30.648  -36.906  22.680 0.6999999881
32886  31.317  -36.927  22.097 0.6999999881
34997  32.246  -36.076  21.031 0.6999999881
33927  31.733  -36.537  21.603 0.6999999881
121546  32.497  -36.466  20.291 0.6999999881
35015  32.665  -36.069  19.460 0.6999999881
33977  32.076  -36.642  18.299 0.8000000119
35048  31.537  -35.790  17.346 0.8000000119
33996  30.720  -36.426  17.411 0.8000000119
140136  31.470  -35.223  16.832 0.8000000119
35061  30.723  -35.629  16.864 0.8000000119
35050  29.054  -35.433  16.497 0.8999999762
125666  28.847  -36.364  16.894 1.0000000000
35062  30.004  -35.357  16.519 0.8000000119
35051  28.156  -35.789  16.574 1.0000000000
35052  26.757  -35.492  16.297 1.0000000000
35063  25.929  -35.652  16.148 1.0000000000
35066  23.580  -35.314  15.452 1.0000000000
34013  23.248  -35.838  15.270 0.8999999762
34020  22.688  -36.083  14.645 0.8999999762
125896  22.327  -35.934  14.107 0.8999999762
131700  22.354  -36.201  13.976 0.8999999762
30845  31.598  -39.607  13.822 0.6000000238
31927  30.195  -38.894  14.126 0.6000000238
33018  27.176  -37.738  13.495 0.6999999881
133603  24.807  -36.667  13.347 0.8000000119
34042  23.204  -36.498  13.453 0.8999999762
30844  32.463  -39.408  13.718 0.6000000238
33007  28.407  -37.184  14.278 0.6999999881
34039  26.323  -36.800  13.695 0.6999999881
34041  24.185  -36.200  13.437 0.8000000119
35098  22.530  -35.701  13.785 0.8999999762
35094  26.079  -36.012  13.985 0.6999999881
35097  23.472  -35.602  13.539 0.8999999762
34939  29.395  -35.763  23.309 0.5000000000
136089  27.838  -35.693  23.449 0.5000000000
131452  30.341  -35.947  22.941 0.6999999881
34940  28.955  -34.990  23.279 0.5000000000
134798  31.176  -36.197  22.325 0.6999999881
34969  32.271  -35.296  21.059 0.6999999881
34970  31.685  -35.527  21.749 0.6999999881
34996  32.556  -35.587  20.352 0.6999999881
35978  33.033  -34.754  18.659 0.6999999881
35032  32.756  -35.536  18.725 0.6999999881
35047  32.283  -35.093  17.361 0.8000000119
36003  30.748  -34.863  16.311 0.8000000119
36004  29.645  -34.758  16.133 0.8000000119
36006  27.901  -34.679  16.025 0.8999999762
35992  27.578  -35.309  16.331 1.0000000000
128767  26.198  -34.947  16.070 1.0000000000
35064  25.247  -35.723  15.911 1.0000000000
36016  30.247  -34.166  15.714 0.8000000119
36005  28.727  -34.692  16.047 0.8000000119
36007  27.058  -34.773  16.058 0.8999999762
36008  25.635  -34.464  15.769 1.0000000000
35065  24.543  -35.378  15.728 1.0000000000
36994  25.791  -33.819  15.600 0.8999999762
36010  23.972  -34.684  15.547 1.0000000000
36011  23.103  -34.655  15.205 1.0000000000
36017  22.482  -34.628  14.571 1.0000000000
36048  22.240  -34.624  13.933 0.8999999762
33016  28.799  -37.991  14.187 0.6999999881
36026  22.193  -34.620  14.041 0.8999999762
121640  31.175  -38.903  14.190 0.6000000238
31918  29.769  -38.054  14.391 0.6000000238
132038  22.874  -34.810  13.639 0.8999999762
34027  29.345  -37.204  14.458 0.6999999881
34038  27.053  -36.989  13.869 0.6999999881
35093  26.908  -36.159  14.149 0.6999999881
35095  25.141  -35.888  13.690 0.6999999881
129340  23.948  -34.810  13.575 0.8000000119
132605  25.847  -35.137  14.034 0.6999999881
36046  23.398  -33.994  13.547 0.8000000119
36047  22.503  -34.009  13.708 0.8999999762
129525  24.972  -34.913  13.767 0.6999999881
34938  29.894  -35.077  22.963 0.5000000000
34971  30.821  -35.277  22.501 0.5000000000
35947  32.531  -34.607  20.593 0.6999999881
123421  32.833  -35.002  19.570 0.6999999881
35964  33.183  -34.198  19.190 0.6999999881
35977  33.335  -34.037  18.416 0.6999999881
134163  32.724  -35.180  18.087 0.6999999881
35989  33.322  -33.825  17.765 0.6999999881
35990  33.011  -34.504  17.848 0.6999999881
36001  32.675  -34.312  17.160 0.8000000119
36002  31.870  -34.504  16.545 0.8000000119
36015  31.179  -34.137  15.865 0.8000000119
133542  29.246  -34.087  15.630 0.8000000119
37005  31.380  -33.532  15.623 0.8000000119
133554  29.845  -33.266  15.207 0.8000000119
36992  28.325  -34.061  15.676 0.8000000119
37996  27.036  -33.374  15.440 0.8999999762
37998  25.445  -33.275  15.415 0.8999999762
36996  24.342  -34.019  15.512 1.0000000000
38011  29.003  -32.869  14.924 0.8000000119
127710  28.748  -33.410  15.315 0.8000000119
36998  22.787  -33.929  14.846 1.0000000000
38000  23.927  -33.515  15.266 1.0000000000
33005  31.193  -37.430  14.412 0.6000000238
37009  22.368  -33.350  14.340 1.0000000000
34028  27.887  -36.313  14.350 0.6999999881
137917  27.443  -35.518  14.303 0.6999999881
37021  22.118  -33.351  13.936 1.0000000000
130958  26.717  -35.179  14.215 0.6999999881
140495  26.327  -34.627  14.041 0.8000000119
36045  24.601  -34.012  13.592 0.8000000119
35965  32.901  -34.223  19.897 0.6999999881
36941  32.660  -33.666  20.448 0.6999999881
36958  33.363  -33.464  18.883 0.6999999881
36972  33.516  -33.321  18.145 0.6999999881
36980  33.432  -33.157  17.480 0.6999999881
141912  32.865  -33.438  16.722 0.6999999881
36990  33.179  -33.064  16.836 0.6999999881
36991  32.609  -33.143  16.251 0.8000000119
36014  31.934  -33.741  16.030 0.8000000119
38010  31.043  -32.963  15.245 0.8000000119
38009  31.761  -32.495  15.290 0.8000000119
137727  30.377  -32.459  14.779 0.8000000119
37997  26.213  -33.299  15.446 0.8999999762
38013  27.481  -32.766  15.045 0.8000000119
38014  26.641  -32.685  15.113 0.8999999762
37999  24.649  -33.361  15.353 0.8999999762
33006  30.368  -37.181  14.510 0.6000000238
39044  26.145  -32.019  14.669 0.8999999762
39046  24.564  -32.131  14.693 0.8999999762
37008  23.178  -33.395  14.874 1.0000000000
34025  31.139  -36.693  14.394 0.6000000238
38034  22.118  -32.664  13.997 0.8999999762
36043  27.575  -34.665  14.149 0.6999999881
38044  22.145  -32.620  13.700 0.8999999762
37037  22.679  -33.150  13.463 0.8000000119
36959  33.070  -33.551  19.660 0.6999999881
37987  33.657  -32.562  17.825 0.6999999881
37995  33.149  -32.413  16.388 0.6999999881
38008  32.524  -32.355  15.677 0.6999999881
38031  28.727  -32.290  14.606 0.8000000119
38033  27.105  -32.112  14.670 0.8000000119
38032  27.938  -32.207  14.609 0.8000000119
39064  27.616  -31.583  14.267 0.8000000119
38017  23.957  -32.825  14.930 0.8999999762
129809  28.943  -36.406  14.464 0.6000000238
120365  26.787  -31.504  14.263 0.8000000119
39080  25.940  -31.340  14.138 0.8999999762
126627  24.105  -31.395  14.257 0.8999999762
39047  23.474  -32.084  14.485 0.8999999762
123772  30.303  -35.752  14.346 0.6000000238
35082  28.716  -35.691  14.423 0.6999999881
39067  22.175  -31.875  13.603 0.8999999762
125095  26.880  -34.072  13.889 0.6999999881
38060  21.936  -31.886  13.080 0.8000000119
37035  25.255  -33.168  13.415 0.6999999881
38043  23.278  -32.609  13.089 0.8000000119
37976  33.502  -32.700  18.596 0.6999999881
39025  33.768  -31.765  17.440 0.6999999881
39032  33.576  -31.623  16.594 0.6999999881
38030  29.514  -32.445  14.689 0.8000000119
39062  29.279  -31.730  14.330 0.8000000119
39063  28.455  -31.613  14.247 0.8000000119
133537  26.528  -31.096  13.798 0.8000000119
39065  25.226  -31.659  14.469 0.8999999762
39082  24.173  -30.858  13.769 0.8999999762
35081  29.498  -35.663  14.398 0.6000000238
39066  23.107  -31.518  14.113 0.8999999762
36042  28.481  -34.236  13.849 0.6999999881
137664  27.746  -33.873  13.737 0.6999999881
40267  22.228  -31.151  13.377 0.8999999762
38041  25.832  -32.463  12.885 0.6999999881
38042  24.525  -32.447  12.985 0.8000000119
39097  21.882  -31.020  12.802 0.8000000119
141324  25.171  -32.156  12.623 0.6999999881
38058  23.341  -31.966  12.661 0.8000000119
38059  22.495  -32.178  12.999 0.8000000119
131269  24.526  -31.833  12.389 0.8000000119
39015  33.660  -31.879  18.317 0.6999999881
40227  33.802  -30.916  17.987 0.6000000238
35092  30.092  -34.935  14.000 0.6000000238
40280  25.805  -30.741  13.550 0.8000000119
40281  24.703  -30.551  13.444 0.8999999762
40282  23.570  -30.411  13.332 0.8999999762
36041  29.483  -34.214  13.595 0.6000000238
40283  22.423  -30.455  13.120 0.8999999762
132203  27.411  -33.231  13.341 0.8000000119
40284  21.929  -30.733  12.853 0.8999999762
39096  22.280  -31.344  12.600 0.8000000119
39095  23.459  -31.342  12.092 0.8000000119
39110  22.492  -30.629  11.850 0.8000000119
36063  29.002  -33.610  13.264 0.6999999881
40295  25.265  -30.223  12.964 0.8000000119
37046  28.775  -33.186  12.518 0.5000000000
37047  27.926  -32.789  12.591 0.6000000238
37048  26.972  -32.574  12.796 0.6999999881
41443  22.119  -30.061  12.499 0.8000000119
38056  26.514  -32.148  12.278 0.6000000238
38057  25.631  -31.844  12.155 0.6000000238
39109  23.602  -30.898  11.509 0.6999999881
40309  23.123  -30.343  11.151 0.8000000119
39111  22.051  -30.621  12.358 0.8000000119
39094  24.693  -31.343  11.574 0.6000000238
41458  24.799  -29.640  12.437 0.8000000119
41459  23.454  -29.440  12.295 0.8000000119
41442  22.821  -29.902  12.746 0.8999999762
37063  28.295  -32.815  11.644 0.6000000238
142318  22.374  -30.101  11.472 0.8000000119
40310  22.045  -30.093  11.866 0.8000000119
127741  22.433  -28.977  11.476 0.8000000119
39126  24.275  -30.720  10.951 0.6000000238
41476  25.681  -29.298  11.932 0.8000000119
42653  22.876  -28.875  11.611 0.8000000119
38055  27.365  -32.348  11.764 0.6000000238
38072  26.504  -31.956  11.429 0.6000000238
41477  22.386  -28.958  11.208 0.8000000119
39108  25.823  -31.565  11.096 0.6000000238
41492  22.536  -28.923  10.770 0.6999999881
42672  22.678  -28.560  11.042 0.8000000119
140241  25.370  -30.293  9.766 0.6000000238
41491  23.205  -29.157  10.310 0.6000000238
41507  23.072  -28.339  10.227 0.6999999881
131453  26.477  -31.859  10.576 0.6000000238
39140  25.734  -30.903  9.940 0.6000000238
42669  26.157  -28.616  11.331 0.8000000119
42652  24.232  -29.060  11.745 0.8000000119
38071  27.753  -32.680  10.660 0.6000000238
37074  28.408  -33.239  10.455 0.5000000000
43915  23.218  -28.017  10.349 0.8000000119
42671  23.567  -28.326  11.028 0.8000000119
38085  27.507  -32.524  9.716 0.6000000238
128530  27.050  -32.258  10.619 0.6000000238
43925  23.508  -27.675  9.874 0.6000000238
38097  28.119  -32.800  9.167 0.5000000000
38086  26.884  -31.905  9.724 0.6000000238
39139  26.493  -31.186  9.557 0.6000000238
40337  24.446  -29.622  9.890 0.6000000238
39138  27.274  -31.368  9.179 0.6000000238
40335  26.083  -30.494  9.447 0.6000000238
118297  25.504  -29.718  9.404 0.6000000238
41505  24.641  -28.729  9.342 0.6000000238
43897  26.597  -28.047  10.732 0.8000000119
42670  24.931  -28.565  11.289 0.8000000119
43896  27.553  -28.066  10.845 0.8000000119
43911  27.189  -27.369  10.307 0.6999999881
43898  25.258  -27.981  10.657 0.6999999881
38098  27.563  -32.149  9.240 0.6000000238
42699  23.636  -28.135  9.639 0.6000000238
130516  24.070  -27.267  9.407 0.6000000238
43914  23.875  -27.420  9.792 0.6999999881
39137  27.950  -32.027  8.951 0.5000000000
42712  24.260  -27.632  9.105 0.6000000238
40333  27.880  -30.976  8.971 0.5000000000
41504  26.459  -29.859  9.063 0.6000000238
41515  25.744  -29.077  9.090 0.6000000238
43912  25.848  -27.319  10.115 0.6000000238
45130  24.314  -26.838  9.297 0.6000000238
43913  24.784  -27.308  10.048 0.6000000238
45144  24.435  -26.638  8.900 0.6000000238
45129  25.121  -26.617  9.441 0.6000000238
119273  27.673  -29.901  9.020 0.5000000000
41503  27.098  -29.472  8.828 0.6000000238
140687  26.351  -28.135  8.523 0.6000000238
42711  25.386  -28.127  8.757 0.6000000238
43924  24.118  -26.934  8.987 0.6000000238
45143  24.896  -26.238  8.837 0.6000000238
42698  27.717  -28.954  8.946 0.6000000238
42709  27.039  -28.560  8.578 0.6000000238
127996  28.301  -29.986  9.378 0.5000000000
41502  28.634  -28.941  9.455 0.5000000000
137707  28.783  -27.985  9.154 0.5000000000
45127  27.446  -26.628  9.747 0.6000000238
46414  26.722  -26.017  9.119 0.6000000238
43939  25.787  -27.369  8.304 0.6000000238
45158  24.797  -26.446  8.630 0.6000000238
46431  26.110  -25.441  8.484 0.6000000238
43938  26.836  -27.606  8.253 0.6000000238
43950  27.048  -26.801  7.745 0.6000000238
42697  28.206  -28.295  8.903 0.5000000000
137408  27.582  -27.381  8.196 0.6000000238
43936  28.349  -27.519  8.520 0.5000000000
43923  29.553  -28.162  9.520 0.4000000060
43935  29.396  -27.297  8.872 0.4000000060
118949  25.576  -25.661  7.831 0.6000000238
47662  25.833  -25.079  8.046 0.5000000000
46430  27.165  -25.357  8.722 0.5000000000
46413  27.814  -25.981  9.375 0.5000000000
131225  25.371  -26.366  8.141 0.6000000238
46464  25.878  -25.234  7.720 0.5000000000
43949  27.983  -26.868  7.888 0.6000000238
45156  28.821  -26.733  8.148 0.5000000000
45155  29.673  -26.537  8.317 0.4000000060
46429  28.231  -25.315  9.000 0.4000000060
45173  26.163  -26.193  7.613 0.6000000238
46463  26.359  -25.429  7.431 0.5000000000
45171  28.402  -26.222  7.465 0.4000000060
138349  27.621  -26.366  7.474 0.6000000238
140078  27.066  -25.513  7.166 0.6000000238
47697  26.554  -24.697  7.440 0.4000000060
45170  29.217  -26.173  7.649 0.4000000060
140728  28.903  -25.859  7.341 0.4000000060
47696  27.067  -24.187  7.195 0.4000000060
126762  28.526  -25.515  7.068 0.4000000060
46475  27.081  -24.926  6.924 0.4000000060
46474  27.924  -24.886  6.713 0.4000000060
47658  29.477  -24.470  8.886 0.4000000060
47677  28.076  -24.151  7.925 0.4000000060
135803  27.307  -23.901  6.898 0.4000000060
46461  29.402  -25.519  7.166 0.4000000060
46473  28.850  -24.934  6.578 0.4000000060
47709  29.068  -24.351  6.042 0.4000000060
47710  27.550  -24.160  6.612 0.4000000060
48807  28.950  -24.036  8.223 0.4000000060
48824  28.530  -23.607  7.637 0.4000000060
48836  27.693  -23.779  7.299 0.4000000060
123200  29.823  -24.808  6.450 0.3000000119
48859  28.392  -23.460  6.444 0.4000000060
48848  27.618  -23.620  6.954 0.4000000060
48823  29.822  -23.097  8.165 0.4000000060
48835  28.255  -23.321  7.123 0.4000000060
131548  23.117  -41.845  13.725 0.8999999762
137814  23.215  -41.878  14.140 0.8999999762
27576  23.537  -42.468  14.410 0.8999999762
28638  28.391  -41.095  16.623 1.0000000000
29708  28.901  -40.685  17.198 1.0000000000
27557  25.450  -43.102  15.344 0.8999999762
140595  27.023  -42.754  15.894 0.8999999762
28651  27.349  -41.486  15.505 0.8999999762
27574  25.212  -42.388  14.749 0.8999999762
27572  26.881  -42.293  15.422 0.8999999762
28652  26.584  -41.453  14.817 0.8999999762
29724  27.840  -40.646  15.892 1.0000000000
28654  24.862  -41.453  14.455 0.8999999762
29734  26.465  -40.365  14.700 0.8999999762
47661  26.551  -24.746  8.168 0.4000000060
47679  26.406  -24.682  7.801 0.4000000060
47660  27.576  -24.654  8.371 0.4000000060
46428  29.205  -25.167  9.319 0.4000000060
22878  27.365  -47.225  22.093 1.0000000000
21929  24.898  -48.733  19.419 0.8000000119
124568  25.137  -45.926  25.041 0.8999999762
24729  27.962  -45.752  23.167 1.0000000000
22896  25.236  -47.802  19.450 0.8000000119
26547  28.505  -43.525  23.551 0.8999999762
25670  27.351  -44.731  18.688 0.8999999762
24764  25.977  -45.897  18.846 0.8000000119
24785  25.065  -45.247  17.692 0.8000000119
25689  24.307  -44.739  17.127 0.8000000119
26576  29.040  -43.981  20.227 1.0000000000
139679  25.250  -44.664  17.174 0.8999999762
27558  24.501  -42.997  15.129 0.8999999762
27559  23.764  -43.220  15.076 0.8000000119
26612  28.220  -43.202  17.844 0.8999999762
28653  25.794  -41.756  14.608 0.8999999762
27467  26.651  -41.986  24.197 0.8999999762
28563  25.906  -41.420  23.685 1.0000000000
29661  22.338  -40.025  22.050 0.6000000238
30756  21.128  -39.462  21.651 0.4000000060
30755  21.882  -39.390  21.795 0.4000000060
28621  29.205  -41.835  17.943 1.0000000000
27554  28.224  -41.939  16.773 0.8999999762
136143  23.949  -42.180  12.992 0.6999999881
139283  23.481  -40.146  12.816 0.8000000119
28655  23.699  -41.692  14.331 0.8999999762
27620  27.044  -41.764  12.096 0.6000000238
28676  23.036  -41.277  13.510 0.8999999762
30744  26.157  -39.564  22.779 0.6999999881
133433  21.429  -38.921  21.622 0.4000000060
30863  22.928  -38.791  13.467 0.8999999762
30871  27.457  -40.143  11.994 0.6999999881
30860  26.884  -39.586  12.241 0.6999999881
120727  29.580  -39.926  23.195 0.8999999762
31882  29.049  -38.529  17.300 1.0000000000
30830  26.207  -39.462  14.821 0.8999999762
30831  25.284  -39.319  14.618 0.8999999762
133377  25.823  -40.921  14.475 0.8999999762
30833  22.880  -38.943  14.152 0.8999999762
31810  30.648  -38.628  22.532 0.8000000119
129801  24.524  -37.243  22.743 0.5000000000
31913  22.945  -37.966  14.380 0.8999999762
32916  32.106  -37.830  20.688 0.8000000119
31836  31.891  -38.700  20.336 0.8999999762
31851  31.900  -38.491  19.572 0.8999999762
31930  27.465  -38.463  13.202 0.6999999881
33034  23.000  -37.602  13.422 0.8999999762
33020  25.063  -37.337  12.964 0.8000000119
33908  26.039  -36.902  23.055 0.6000000238
32888  29.980  -37.386  23.205 0.8000000119
32873  27.552  -37.063  23.351 0.6000000238
33945  32.405  -37.268  20.149 0.6999999881
139657  32.518  -36.811  19.653 0.6999999881
141765  29.047  -36.950  17.182 1.0000000000
32984  24.884  -36.699  15.634 1.0000000000
134703  22.570  -36.528  13.732 0.8999999762
35049  29.830  -35.995  16.924 0.8999999762
136756  27.434  -35.996  23.448 0.5000000000
35033  32.306  -35.886  17.961 0.8000000119
35073  22.387  -35.316  14.314 0.8999999762
35920  29.394  -34.281  22.814 0.5000000000
35938  31.958  -34.614  21.478 0.6999999881
36993  27.454  -34.076  15.713 0.8999999762
37038  22.171  -33.455  13.850 0.8999999762
35919  30.342  -34.413  22.552 0.5000000000
142636  33.073  -34.098  17.495 0.6999999881
37004  31.921  -33.080  15.610 0.8000000119
37007  27.888  -33.401  15.393 0.8999999762
38015  25.815  -32.672  15.159 0.8999999762
37034  26.402  -33.203  13.419 0.8000000119
37036  23.974  -33.228  13.349 0.8000000119
37994  33.536  -32.441  17.080 0.6999999881
39061  30.641  -31.753  14.504 0.8000000119
39083  21.955  -31.453  13.141 0.8999999762
39081  25.028  -31.090  13.952 0.8999999762
39002  33.381  -32.058  19.154 0.6000000238
137676  24.105  -30.031  12.887 0.8999999762
40322  23.772  -30.020  10.551 0.6999999881
39125  25.309  -31.082  10.675 0.6000000238
42685  22.870  -28.500  10.657 0.8000000119
41506  23.664  -28.750  9.816 0.6000000238
43899  23.994  -27.745  10.416 0.6999999881
141036  26.745  -30.702  9.207 0.6000000238
43940  24.755  -27.118  8.607 0.6000000238
40334  27.212  -30.421  9.013 0.6000000238
45157  25.085  -26.176  8.487 0.6000000238
47659  28.596  -24.629  8.613 0.4000000060
47678  27.209  -24.293  7.746 0.4000000060
48806  29.697  -23.832  8.476 0.4000000060
47718  29.222  -23.868  5.845 0.4000000060
27575  24.243  -42.373  14.613 0.8999999762
16450  21.830  -54.737  25.438 0.4000000060
16428  21.537  -54.654  26.476 0.4000000060
16409  21.308  -54.260  27.162 0.4000000060
16473  22.489  -54.263  24.114 0.4000000060
127860  21.765  -53.938  26.634 0.4000000060
17184  21.378  -53.581  27.177 0.4000000060
17257  23.151  -53.658  23.532 0.3000000119
17218  22.659  -53.631  25.514 0.4000000060
17274  23.470  -53.392  22.680 0.4000000060
18126  23.700  -53.008  21.194 0.4000000060
19050  23.961  -52.446  20.434 0.4000000060
18153  23.409  -52.281  19.500 0.4000000060
17202  21.750  -53.152  26.818 0.5000000000
18031  21.020  -52.832  27.420 0.4000000060
17234  23.633  -53.096  24.283 0.4000000060
121350  22.721  -53.065  25.903 0.4000000060
18096  23.909  -52.953  23.252 0.5000000000
18125  24.301  -52.461  21.479 0.4000000060
123751  24.590  -51.780  20.727 0.4000000060
19065  24.089  -51.760  19.754 0.5000000000
20006  23.486  -50.801  18.880 0.5000000000
127727  23.076  -50.198  18.651 0.6000000238
20007  22.800  -50.923  18.645 0.5000000000
128869  22.175  -50.174  18.503 0.6000000238
20978  21.514  -49.338  18.456 0.4000000060
18042  22.289  -52.733  26.421 0.5000000000
18043  21.608  -52.303  26.882 0.5000000000
141357  20.413  -52.234  27.567 0.5000000000
18033  19.717  -52.152  27.738 0.5000000000
18078  23.896  -52.416  24.751 0.6000000238
18058  22.876  -52.377  25.998 0.6000000238
128578  24.137  -52.607  24.023 0.5000000000
18077  24.451  -51.970  24.251 0.6000000238
19032  24.840  -51.952  22.822 0.5000000000
124020  24.882  -51.801  21.862 0.5000000000
139664  25.004  -51.418  21.187 0.4000000060
19064  24.544  -51.261  19.971 0.6000000238
20005  24.067  -51.038  19.358 0.6000000238
125984  23.895  -50.281  19.023 0.6000000238
20976  23.486  -49.491  18.691 0.6000000238
21931  22.976  -48.550  18.482 0.6000000238
22898  22.155  -47.771  18.335 0.6000000238
20977  22.537  -49.413  18.514 0.6000000238
125596  21.900  -48.576  18.415 0.6000000238
22899  21.256  -47.775  18.273 0.6000000238
23858  20.895  -47.203  18.059 0.6000000238
18958  22.245  -51.866  26.502 0.5000000000
18959  21.428  -51.352  26.839 0.5000000000
18951  20.069  -51.577  27.427 0.5000000000
18952  19.181  -51.509  27.437 0.5000000000
18994  24.152  -51.597  25.062 0.6000000238
18057  23.479  -52.020  25.512 0.6000000238
19014  24.933  -51.627  23.555 0.6000000238
122613  24.853  -51.063  24.484 0.6000000238
19013  25.453  -50.868  23.576 0.6000000238
19049  25.412  -50.895  21.584 0.6000000238
19984  24.986  -51.062  20.606 0.6000000238
21930  24.007  -48.790  18.759 0.6000000238
23857  21.558  -46.997  18.092 0.6000000238
24776  21.677  -45.771  17.386 0.6999999881
121835  22.137  -50.840  26.468 0.6000000238
19895  21.068  -50.293  26.604 0.5000000000
18961  19.606  -50.884  27.051 0.5000000000
18970  23.540  -51.134  25.673 0.6000000238
18971  22.867  -50.649  26.105 0.6000000238
19908  20.412  -49.698  26.178 0.5000000000
19909  19.599  -49.735  25.710 0.5000000000
19905  24.237  -50.713  25.308 0.6000000238
141631  25.692  -50.088  21.285 0.6000000238
24775  22.198  -45.799  17.623 0.6999999881
141390  22.387  -50.325  26.275 0.6000000238
19894  21.903  -49.941  26.327 0.6000000238
19896  20.034  -50.267  26.566 0.6000000238
19906  23.447  -50.191  25.738 0.6000000238
20884  21.997  -49.113  25.867 0.6000000238
20885  21.140  -49.436  26.079 0.6000000238
20886  20.396  -49.217  25.458 0.6000000238
19910  18.699  -50.172  25.475 0.6000000238
134854  23.706  -49.539  25.585 0.6000000238
20905  18.973  -49.647  24.749 0.5000000000
18993  25.442  -50.354  24.280 0.6000000238
20919  19.116  -49.158  24.032 0.6000000238
25674  22.062  -45.337  17.219 0.6999999881
20883  22.974  -49.317  25.745 0.6000000238
21851  21.118  -48.765  25.415 0.6000000238
21847  24.606  -48.523  25.371 0.6000000238
21848  23.622  -48.722  25.523 0.6000000238
21849  22.605  -48.520  25.514 0.6000000238
20904  19.711  -49.186  24.720 0.6000000238
20881  25.212  -49.141  25.096 0.6000000238
21872  19.700  -48.646  24.071 0.6000000238
20903  25.664  -49.603  24.487 0.6000000238
20944  26.438  -49.233  23.252 0.6000000238
25703  23.284  -44.722  16.536 0.6999999881
26646  23.595  -43.761  15.133 0.6999999881
22820  22.314  -47.797  25.121 0.6999999881
21870  21.114  -48.233  24.786 0.6999999881
21869  25.875  -48.807  24.633 0.6000000238
131303  23.525  -42.997  14.634 0.6999999881
22818  23.936  -47.853  25.406 0.6999999881
135354  25.632  -47.572  24.979 0.6999999881
22817  24.811  -47.651  25.301 0.6999999881
140593  22.770  -47.396  25.058 0.6999999881
22840  21.557  -47.622  24.544 0.6999999881
21871  20.416  -48.585  24.631 0.6000000238
22841  20.743  -47.867  24.185 0.6999999881
22850  21.017  -47.003  23.757 0.6000000238
22851  20.190  -47.563  23.726 0.5000000000
27600  23.272  -42.240  13.748 0.8000000119
137701  25.156  -46.737  25.146 0.6999999881
22838  23.352  -47.374  25.220 0.6999999881
23805  22.964  -46.776  24.795 0.6999999881
23806  22.182  -46.521  24.259 0.6999999881
22852  19.411  -47.340  23.553 0.5000000000
24715  21.965  -45.919  23.840 0.6999999881
23814  21.266  -46.102  23.643 0.6000000238
131194  20.629  -46.300  23.552 0.6000000238
39079  27.329  -31.067  13.743 0.6999999881
39043  32.007  -31.870  15.090 0.6999999881
38029  31.229  -32.186  14.884 0.6999999881
40265  30.007  -31.372  14.128 0.6999999881
39033  33.150  -31.824  15.953 0.6000000238
39042  32.732  -31.504  15.435 0.6000000238
39077  29.128  -30.862  13.661 0.6999999881
40278  28.083  -30.707  13.415 0.6999999881
135409  27.430  -30.585  13.276 0.6999999881
40294  26.228  -30.275  12.960 0.6999999881
39059  32.233  -31.127  14.817 0.6000000238
39060  31.442  -31.462  14.611 0.6999999881
134900  30.221  -30.775  13.774 0.6999999881
40244  33.784  -30.702  16.481 0.6000000238
40292  27.881  -30.240  12.871 0.6999999881
40293  27.077  -30.238  12.869 0.6999999881
39041  33.385  -31.127  15.874 0.6000000238
40254  32.937  -30.713  15.236 0.6000000238
41429  31.785  -30.007  13.993 0.6000000238
40277  30.990  -30.315  13.775 0.6999999881
41455  28.511  -29.644  12.476 0.6999999881
41456  27.497  -29.697  12.403 0.6999999881
41475  26.890  -29.232  11.843 0.6999999881
40253  33.595  -30.306  15.735 0.6000000238
41437  32.526  -29.463  14.234 0.5000000000
42635  30.191  -29.311  12.741 0.5000000000
41454  29.347  -29.299  12.419 0.6999999881
43883  29.285  -28.223  11.532 0.6999999881
42668  27.271  -28.576  11.336 0.6999999881
46445  32.439  -25.494  8.512 0.3000000119
46446  31.664  -25.652  8.227 0.3000000119
45169  30.007  -25.979  7.767 0.3000000119
139975  21.305  -55.130  26.529 0.4000000060
15660  21.041  -55.098  27.169 0.3000000119
16393  20.519  -54.968  28.051 0.4000000060
16474  21.869  -54.787  24.555 0.3000000119
17173  20.340  -54.103  28.134 0.4000000060
17275  22.937  -53.831  22.521 0.4000000060
131679  20.219  -53.331  27.989 0.4000000060
18127  23.192  -53.455  21.084 0.4000000060
18141  23.243  -53.080  20.216 0.4000000060
18154  22.668  -52.741  19.299 0.4000000060
130543  21.106  -50.079  18.477 0.4000000060
17186  19.531  -52.799  28.093 0.4000000060
22900  20.392  -47.748  18.149 0.5000000000
18035  17.805  -52.323  27.785 0.5000000000
23873  20.747  -46.592  17.359 0.6000000238
18953  18.185  -51.568  27.244 0.5000000000
19897  19.157  -50.406  26.344 0.5000000000
19899  17.813  -50.899  26.106 0.5000000000
24788  21.531  -45.612  17.092 0.6000000238
19911  17.873  -50.591  25.318 0.5000000000
19929  17.598  -50.481  24.298 0.4000000060
25704  22.580  -45.036  16.763 0.6999999881
140328  19.146  -48.589  23.739 0.5000000000
26659  23.537  -43.221  14.595 0.6999999881
22853  18.764  -48.005  23.553 0.5000000000
26672  23.411  -42.839  14.028 0.8000000119
27599  23.617  -42.493  13.513 0.6999999881
128661  18.535  -47.106  23.494 0.5000000000
23816  19.128  -46.372  23.490 0.6000000238
124026  33.893  -31.076  17.099 0.6000000238
41419  33.743  -29.491  15.598 0.5000000000
41428  33.372  -29.113  14.810 0.5000000000
139982  32.298  -28.964  13.738 0.5000000000
42634  31.174  -28.939  12.936 0.5000000000
42648  30.646  -28.471  12.405 0.5000000000
43882  30.226  -27.884  11.746 0.5000000000
45114  28.889  -27.301  10.704 0.5000000000
47675  33.377  -24.507  8.683 0.3000000119
46458  32.059  -25.067  7.816 0.3000000119
46460  30.361  -25.369  7.259 0.3000000119
19944  25.986  -49.987  23.611 0.6000000238
19963  25.739  -50.548  22.674 0.6000000238
24709  22.797  -45.877  24.302 0.8000000119
23865  22.410  -46.613  18.060 0.6999999881
25691  22.669  -44.911  17.056 0.6999999881
121745  25.755  -29.838  12.576 0.6999999881
121776  28.194  -27.703  10.730 0.6000000238
46447  30.832  -25.778  8.003 0.3000000119
27587  23.317  -42.365  14.120 0.8000000119
26671  23.921  -43.261  13.756 0.6999999881
122602  30.813  -31.053  14.208 0.6999999881
127893  21.744  -54.696  25.969 0.4000000060
17235  23.001  -53.685  24.656 0.4000000060
18032  20.266  -52.751  27.765 0.5000000000
19075  22.587  -51.826  18.770 0.3000000119
20979  20.358  -49.167  18.418 0.4000000060
17187  18.525  -53.008  28.334 0.5000000000
23815  20.081  -46.775  23.550 0.6000000238
41441  28.595  -30.300  13.038 0.6999999881
41457  26.559  -29.751  12.460 0.6999999881
40263  32.404  -30.331  14.571 0.6000000238
40264  31.618  -30.711  14.327 0.6999999881
120078  30.118  -30.130  13.344 0.6999999881
41420  33.159  -29.920  14.991 0.6000000238
41439  30.917  -29.618  13.325 0.6000000238
41440  29.324  -29.943  12.906 0.6999999881
42650  28.879  -28.901  11.931 0.6999999881
42651  27.921  -29.111  11.842 0.6999999881
42625  32.906  -28.584  14.044 0.5000000000
41438  31.727  -29.322  13.562 0.5000000000
42649  29.768  -28.673  12.134 0.5000000000
43894  29.510  -27.515  11.208 0.5000000000
42667  28.310  -28.362  11.314 0.6999999881
120209  34.056  -29.127  16.144 0.5000000000
42633  32.039  -28.504  13.276 0.5000000000
42647  31.415  -28.286  12.663 0.5000000000
43893  30.233  -27.085  11.263 0.5000000000
25732  23.535  -44.243  15.145 0.6000000238
25747  23.686  -43.620  14.412 0.6000000238
26669  26.170  -43.765  12.906 0.5000000000
25746  24.291  -44.085  14.038 0.6000000238
27598  24.492  -42.786  13.215 0.6000000238
120865  28.178  -42.854  11.624 0.5000000000
136671  27.270  -42.779  12.210 0.5000000000
26683  25.582  -42.991  12.863 0.6000000238
26554  19.585  -43.503  23.447 0.5000000000
27610  25.049  -42.070  12.728 0.6000000238
27631  28.955  -42.899  11.116 0.5000000000
27619  27.812  -41.985  11.652 0.5000000000
27630  29.668  -42.978  10.719 0.5000000000
27473  19.956  -42.706  23.365 0.4000000060
27474  19.175  -42.842  23.304 0.4000000060
27482  18.436  -42.494  22.886 0.4000000060
27618  28.605  -42.134  11.259 0.5000000000
126275  30.202  -42.807  10.677 0.5000000000
28698  29.635  -41.766  11.194 0.5000000000
136103  18.853  -41.772  22.621 0.4000000060
141581  30.965  -42.270  11.655 0.5000000000
127036  19.449  -40.733  22.098 0.4000000060
32890  24.020  -37.762  22.566 0.4000000060
32905  21.721  -37.846  21.849 0.3000000119
35905  28.095  -35.041  23.390 0.4000000060
34909  27.306  -35.323  23.440 0.4000000060
35906  27.554  -34.312  23.299 0.4000000060
121030  24.616  -36.509  22.962 0.4000000060
32891  23.088  -37.390  22.483 0.4000000060
34941  24.796  -35.547  23.196 0.4000000060
34942  23.884  -35.993  22.970 0.4000000060
32892  22.163  -37.284  22.223 0.4000000060
135655  26.234  -36.147  23.326 0.4000000060
35908  26.140  -34.938  23.412 0.4000000060
33892  25.442  -36.301  23.155 0.4000000060
35921  28.479  -34.266  23.124 0.4000000060
35907  26.765  -34.695  23.399 0.4000000060
34911  25.775  -35.542  23.351 0.4000000060
35923  25.443  -34.800  23.334 0.4000000060
126583  23.886  -35.077  23.080 0.4000000060
33911  23.171  -36.439  22.669 0.4000000060
35925  23.799  -34.145  23.040 0.4000000060
35926  22.506  -34.781  22.737 0.4000000060
33912  22.556  -36.740  22.462 0.4000000060
35922  28.026  -33.544  22.890 0.4000000060
36915  27.265  -33.447  22.967 0.4000000060
36906  26.085  -34.149  23.323 0.4000000060
35939  31.228  -34.571  22.163 0.5000000000
128738  30.750  -33.870  22.257 0.4000000060
36914  28.873  -33.521  22.640 0.4000000060
36916  26.408  -33.268  22.946 0.4000000060
134327  25.642  -33.490  23.081 0.4000000060
36917  25.202  -34.026  23.241 0.4000000060
129217  24.523  -33.892  23.127 0.4000000060
36918  24.129  -33.381  22.927 0.4000000060
126102  23.236  -34.704  22.927 0.4000000060
35948  32.161  -33.792  21.227 0.5000000000
125646  31.430  -33.842  21.818 0.5000000000
36930  30.720  -33.202  21.918 0.5000000000
36913  29.909  -33.478  22.406 0.4000000060
37919  29.169  -32.716  22.261 0.4000000060
138896  28.323  -32.816  22.460 0.4000000060
37920  27.661  -32.926  22.619 0.4000000060
126691  24.928  -33.368  22.983 0.4000000060
36929  31.501  -33.089  21.491 0.5000000000
37937  27.670  -32.209  22.185 0.4000000060
37921  27.026  -32.710  22.565 0.4000000060
37934  30.780  -32.447  21.517 0.4000000060
122989  29.292  -31.996  21.733 0.4000000060
37936  28.545  -32.129  22.003 0.4000000060
38986  30.663  -31.180  20.838 0.4000000060
38987  29.826  -30.890  20.872 0.4000000060
38966  29.252  -31.284  21.276 0.4000000060
40173  28.515  -31.030  21.215 0.4000000060
40192  28.218  -30.364  20.647 0.4000000060
37964  32.760  -32.780  20.211 0.5000000000
38985  31.609  -31.590  20.741 0.5000000000
122676  29.575  -30.211  20.458 0.4000000060
137101  29.045  -30.632  20.803 0.4000000060
37963  33.229  -32.813  19.377 0.5000000000
38964  30.935  -31.819  21.182 0.5000000000
38965  30.108  -31.700  21.387 0.4000000060
135487  28.733  -31.593  21.575 0.4000000060
38968  27.275  -31.498  21.651 0.4000000060
40189  32.257  -31.029  20.284 0.5000000000
40190  31.303  -30.695  20.470 0.5000000000
40191  30.387  -30.417  20.499 0.4000000060
41349  28.426  -29.628  20.085 0.3000000119
40213  33.419  -31.197  18.989 0.5000000000
41346  31.023  -29.883  20.200 0.4000000060
41347  30.114  -29.707  20.137 0.4000000060
41348  29.265  -29.590  20.050 0.4000000060
140485  28.903  -30.075  20.409 0.3000000119
129047  27.555  -29.786  20.217 0.3000000119
40214  32.865  -30.605  19.688 0.5000000000
41371  31.680  -29.435  19.715 0.3000000119
41374  28.807  -28.876  19.558 0.3000000119
124572  27.780  -29.094  19.642 0.3000000119
41350  26.869  -29.308  19.789 0.3000000119
41370  32.664  -29.744  19.530 0.3000000119
40228  33.448  -30.239  18.962 0.4000000060
41392  33.808  -29.875  18.057 0.4000000060
40238  34.015  -30.322  17.180 0.4000000060
41410  34.030  -29.805  16.415 0.4000000060
41372  30.716  -29.227  19.734 0.3000000119
41373  29.806  -29.066  19.669 0.3000000119
41376  26.139  -28.834  19.518 0.3000000119
42564  27.991  -28.305  19.168 0.3000000119
41375  26.983  -28.468  19.276 0.3000000119
42565  26.161  -28.252  19.145 0.3000000119
41393  33.331  -29.294  18.945 0.3000000119
42599  33.977  -28.678  17.271 0.3000000119
124566  34.109  -29.137  16.683 0.4000000060
42615  33.934  -28.630  15.588 0.4000000060
42624  33.578  -28.417  14.782 0.4000000060
42566  25.462  -28.380  19.271 0.3000000119
42584  32.100  -28.113  19.027 0.3000000119
42561  31.408  -28.681  19.437 0.3000000119
42560  32.424  -28.916  19.324 0.3000000119
42583  33.086  -28.449  18.745 0.3000000119
43813  33.617  -28.084  18.006 0.3000000119
42606  34.094  -28.527  16.501 0.3000000119
43849  33.974  -27.172  15.386 0.3000000119
132631  33.926  -27.936  15.258 0.4000000060
43859  33.537  -27.721  14.431 0.4000000060
127547  32.774  -27.781  13.518 0.4000000060
43880  32.005  -27.647  12.704 0.4000000060
43881  31.135  -27.776  12.193 0.4000000060
141795  30.863  -27.319  11.675 0.4000000060
43858  33.734  -26.800  14.592 0.3000000119
45091  32.745  -26.955  13.084 0.4000000060
137916  32.181  -27.031  12.508 0.4000000060
45104  31.611  -27.026  12.038 0.4000000060
46399  31.180  -25.959  10.926 0.4000000060
122546  30.991  -26.670  11.355 0.4000000060
45113  29.569  -26.878  10.737 0.4000000060
43910  28.174  -27.046  10.288 0.5000000000
45079  33.761  -26.047  14.614 0.3000000119
43868  33.441  -26.446  13.830 0.3000000119
46374  33.083  -26.074  13.067 0.4000000060
45103  32.338  -26.409  12.348 0.4000000060
138126  32.278  -25.799  11.848 0.4000000060
45112  31.727  -26.252  11.606 0.4000000060
46398  31.876  -25.534  11.265 0.3000000119
46411  29.813  -25.749  9.943 0.3000000119
45126  28.894  -26.665  10.297 0.3000000119
126809  28.280  -26.505  9.862 0.4000000060
46412  28.868  -26.009  9.686 0.3000000119
46363  33.779  -25.339  15.054 0.3000000119
119441  33.609  -25.514  13.951 0.3000000119
46387  32.765  -25.601  12.452 0.3000000119
46397  32.545  -25.033  11.800 0.3000000119
47634  32.066  -24.797  10.955 0.3000000119
46409  31.390  -25.225  10.606 0.3000000119
46410  30.637  -25.522  10.295 0.3000000119
46427  30.177  -24.911  9.570 0.3000000119
47644  30.934  -24.892  10.047 0.3000000119
46373  33.263  -25.365  13.089 0.3000000119
46386  33.151  -24.864  12.635 0.3000000119
47633  32.614  -24.250  11.394 0.3000000119
47643  31.536  -24.504  10.261 0.3000000119
47657  30.908  -24.242  9.474 0.3000000119
138475  30.160  -24.237  9.020 0.3000000119
48805  30.430  -23.649  8.775 0.3000000119
36942  32.241  -32.969  21.004 0.5000000000
25716  23.375  -44.791  15.975 0.6000000238
24822  23.520  -45.164  15.248 0.5000000000
25731  23.843  -44.544  14.665 0.5000000000
25744  25.980  -44.563  13.368 0.5000000000
24836  24.628  -44.944  14.237 0.5000000000
26694  29.315  -43.534  10.988 0.5000000000
25758  27.580  -44.372  12.486 0.5000000000
26682  27.040  -43.693  12.530 0.5000000000
127969  21.531  -45.115  23.612 0.6000000238
24716  20.700  -45.588  23.527 0.6000000238
25619  21.016  -44.222  23.534 0.6000000238
25620  20.166  -44.267  23.490 0.5000000000
24719  18.424  -44.974  23.476 0.5000000000
26555  18.556  -43.481  23.337 0.5000000000
26556  17.809  -43.921  23.257 0.5000000000
26563  17.552  -43.218  22.812 0.4000000060
122837  17.625  -42.452  22.414 0.4000000060
27488  18.052  -41.742  22.232 0.4000000060
28585  18.228  -41.122  21.732 0.4000000060
31830  21.248  -38.314  21.598 0.3000000119
33913  21.417  -37.050  21.859 0.4000000060
34944  22.131  -35.562  22.538 0.4000000060
124001  21.843  -36.405  22.283 0.4000000060
133249  26.343  -32.538  22.490 0.4000000060
36919  23.330  -33.398  22.861 0.4000000060
36920  22.532  -33.335  22.803 0.4000000060
37922  25.546  -32.757  22.673 0.4000000060
37923  24.545  -32.719  22.671 0.4000000060
37938  26.770  -32.029  22.113 0.4000000060
38955  24.061  -32.096  22.335 0.4000000060
40174  27.745  -30.931  21.219 0.4000000060
135551  27.292  -30.444  20.720 0.4000000060
141790  27.032  -30.929  21.226 0.4000000060
40193  26.680  -29.966  20.335 0.3000000119
41351  26.010  -29.504  19.975 0.3000000119
26709  30.364  -43.453  10.519 0.5000000000
30758  19.545  -39.407  21.110 0.4000000060
129101  21.644  -34.824  22.477 0.4000000060
35927  22.036  -34.038  22.740 0.4000000060
38953  25.903  -32.008  22.153 0.4000000060
38954  24.980  -32.086  22.252 0.4000000060
29664  19.747  -40.104  21.633 0.4000000060
27609  26.296  -42.381  12.507 0.5000000000
132847  33.039  -32.211  19.788 0.5000000000
26670  25.049  -43.715  13.397 0.6000000238
26695  28.654  -43.747  11.552 0.5000000000
34943  23.053  -35.524  22.801 0.4000000060
37924  23.676  -32.744  22.692 0.4000000060
136479  22.910  -34.043  22.865 0.4000000060
37935  29.989  -32.574  21.895 0.4000000060
37933  31.547  -32.334  21.183 0.5000000000
38967  28.080  -31.555  21.650 0.4000000060
38984  32.535  -31.875  20.337 0.5000000000
37949  32.177  -32.279  20.771 0.5000000000
39003  32.995  -31.482  19.768 0.5000000000
40215  31.980  -30.162  20.103 0.4000000060
42582  33.723  -28.967  18.064 0.3000000119
41403  34.056  -29.482  17.240 0.4000000060
43814  32.811  -27.638  18.429 0.3000000119
135043  33.316  -27.164  13.851 0.3000000119
45124  30.303  -26.343  10.657 0.4000000060
124146  33.654  -24.655  14.489 0.3000000119
47620  33.428  -24.080  13.028 0.3000000119
48804  31.162  -23.438  9.152 0.3000000119
135010  17.938  -50.050  23.969 0.4000000060
21885  18.434  -48.903  23.650 0.4000000060
21886  17.406  -48.805  23.520 0.4000000060
141413  17.210  -47.752  23.502 0.3000000119
129520  17.985  -48.221  23.521 0.4000000060
23817  17.663  -46.978  23.486 0.3000000119
22915  20.359  -47.111  17.368 0.5000000000
129287  18.116  -46.301  23.487 0.5000000000
23818  17.189  -46.244  23.460 0.3000000119
24800  21.126  -46.036  16.923 0.5000000000
24810  22.115  -45.702  16.473 0.5000000000
131350  20.878  -46.518  16.796 0.5000000000
24718  19.204  -45.421  23.488 0.5000000000
141846  18.506  -45.699  23.486 0.4000000060
25705  21.953  -45.355  16.830 0.5000000000
23895  22.315  -46.320  16.218 0.5000000000
126016  23.268  -45.075  15.770 0.5000000000
24809  23.008  -45.771  15.836 0.4000000060
23894  23.777  -46.603  15.421 0.3000000119
137952  23.383  -46.236  15.506 0.3000000119
24820  24.971  -45.870  14.359 0.3000000119
23908  24.289  -46.232  14.879 0.3000000119
24835  26.307  -45.384  13.556 0.3000000119
23919  25.899  -45.947  13.967 0.3000000119
135626  25.493  -45.220  13.841 0.4000000060
24821  24.101  -45.470  14.717 0.4000000060
26564  16.663  -43.495  22.284 0.3000000119
25757  28.126  -45.116  12.375 0.4000000060
24850  27.354  -45.060  12.878 0.4000000060
27489  17.251  -42.147  21.779 0.3000000119
29670  19.079  -39.927  21.202 0.3000000119
34972  21.043  -36.293  21.790 0.3000000119
34945  21.296  -35.606  22.155 0.3000000119
34973  20.527  -35.545  21.544 0.3000000119
34946  20.821  -34.848  22.054 0.3000000119
36921  21.603  -33.196  22.668 0.3000000119
38956  23.086  -32.124  22.406 0.3000000119
37925  22.346  -32.614  22.649 0.3000000119
37926  21.678  -32.406  22.533 0.3000000119
37939  20.228  -32.349  22.150 0.3000000119
38969  26.340  -31.317  21.543 0.3000000119
38970  25.352  -31.459  21.686 0.3000000119
38972  23.635  -31.444  21.893 0.3000000119
40176  25.519  -30.725  21.088 0.3000000119
38971  24.496  -31.511  21.814 0.3000000119
129248  24.620  -30.493  20.960 0.3000000119
40177  24.114  -30.917  21.396 0.3000000119
40178  23.285  -30.776  21.435 0.3000000119
40175  26.461  -30.592  20.880 0.3000000119
22909  20.453  -47.217  17.812 0.5000000000
25759  26.811  -44.413  12.866 0.4000000060
28586  17.530  -41.462  21.314 0.3000000119
37927  21.045  -32.606  22.461 0.3000000119
141971  24.828  -31.025  21.373 0.3000000119
24720  17.652  -45.448  23.448 0.3000000119
25623  17.695  -44.589  23.370 0.3000000119
25632  17.023  -44.135  22.935 0.3000000119
17176  17.724  -53.587  28.628 0.4000000060
17188  17.516  -52.962  28.173 0.4000000060
17190  15.369  -53.583  27.255 0.4000000060
18046  15.666  -52.658  26.237 0.3000000119
18044  17.184  -51.863  27.115 0.4000000060
18045  16.397  -52.287  26.721 0.4000000060
18964  16.823  -51.628  26.266 0.4000000060
20008  21.853  -50.949  18.515 0.3000000119
18963  17.571  -51.361  26.540 0.4000000060
18973  16.613  -51.486  25.313 0.3000000119
18996  16.477  -51.414  24.348 0.3000000119
18972  17.291  -51.127  25.728 0.4000000060
19946  16.597  -50.668  23.684 0.3000000119
18997  15.827  -51.913  24.020 0.3000000119
20922  16.453  -49.930  23.482 0.3000000119
18995  17.133  -50.972  24.769 0.4000000060
19930  16.961  -50.903  23.972 0.3000000119
20921  17.168  -49.573  23.571 0.3000000119
16410  16.250  -53.845  28.261 0.4000000060
18036  16.778  -52.684  27.598 0.4000000060
125983  16.678  -49.158  23.473 0.3000000119
17174  19.532  -53.595  28.426 0.3000000119
20923  15.604  -49.829  23.242 0.3000000119
15644  20.065  -55.616  28.513 0.4000000060
15707  21.460  -55.165  25.953 0.4000000060
16427  22.107  -54.249  25.929 0.4000000060
17177  16.849  -53.407  28.226 0.4000000060
17185  20.833  -53.674  27.614 0.4000000060
17189  16.111  -53.401  27.727 0.4000000060
17201  22.280  -53.511  26.223 0.4000000060
17203  15.869  -52.920  27.061 0.4000000060
17217  23.298  -52.970  25.293 0.4000000060
17281  23.357  -53.448  21.874 0.4000000060
17282  22.767  -53.848  21.602 0.4000000060
18034  18.817  -52.177  27.854 0.5000000000
18079  15.953  -51.950  24.866 0.3000000119
18095  24.478  -52.303  23.423 0.5000000000
18113  24.417  -52.450  22.514 0.5000000000
18114  23.892  -52.983  22.175 0.4000000060
18950  20.897  -51.861  27.295 0.5000000000
18960  20.529  -50.992  27.056 0.5000000000
18962  18.747  -50.963  26.869 0.5000000000
19015  16.240  -51.262  23.772 0.3000000119
19031  25.298  -51.343  22.697 0.6000000238
19074  23.449  -51.464  19.074 0.5000000000
19898  18.373  -50.639  26.149 0.5000000000
19907  22.616  -49.889  26.077 0.6000000238
19927  24.920  -50.061  25.018 0.6000000238
19928  18.266  -50.101  24.582 0.5000000000
19945  17.286  -50.227  23.747 0.3000000119
19964  14.962  -50.219  22.876 0.3000000119
19983  25.840  -50.174  21.946 0.8000000119
19998  25.348  -50.314  20.583 0.6000000238
20882  24.415  -49.356  25.415 0.6000000238
20920  18.470  -49.623  24.010 0.6000000238
21850  21.763  -48.314  25.262 0.6000000238
21884  19.588  -48.081  23.694 0.5000000000
21900  26.750  -48.584  22.860 0.8999999762
21909  26.576  -48.548  21.824 0.8000000119
21921  25.548  -48.833  20.157 0.8000000119
21932  20.857  -48.486  18.364 0.5000000000
22819  23.093  -47.933  25.369 0.6999999881
22836  26.837  -47.577  24.101 0.8999999762
22839  22.232  -47.179  24.624 0.6999999881
22854  18.043  -47.611  23.502 0.5000000000
22901  19.897  -47.886  18.008 0.5000000000
22906  24.121  -46.832  18.459 0.8000000119
22907  23.382  -46.750  18.289 0.8000000119
23807  21.701  -46.954  24.179 0.6999999881
23846  27.408  -46.253  20.726 1.0000000000
23856  25.337  -46.927  19.180 0.8000000119
23863  24.750  -46.452  18.542 0.8000000119
23866  21.600  -46.273  17.696 0.6999999881
23867  20.965  -46.670  17.728 0.6000000238
23881  20.624  -46.586  17.035 0.5000000000
23896  21.487  -46.099  16.607 0.5000000000
23909  23.649  -45.950  15.192 0.3000000119
24713  28.226  -45.010  23.378 0.8999999762
24717  19.995  -45.095  23.495 0.5000000000
24737  28.432  -45.277  21.800 1.0000000000
24777  21.227  -46.122  17.351 0.6000000238
24787  23.417  -44.954  17.305 0.8000000119
24789  21.106  -46.048  17.063 0.5000000000
24799  21.479  -45.612  16.971 0.6000000238
24811  21.527  -45.696  16.820 0.5000000000
24834  27.011  -45.597  13.321 0.4000000060
24851  26.725  -44.990  13.210 0.4000000060
25605  27.271  -44.216  24.340 0.8999999762
25616  27.819  -44.653  23.953 0.8999999762
25621  19.183  -44.434  23.483 0.5000000000
25622  18.329  -44.280  23.418 0.5000000000
25690  23.458  -44.682  16.956 0.8000000119
25692  21.959  -45.247  17.004 0.6000000238
25701  25.935  -44.232  16.899 0.8999999762
25745  25.055  -44.520  13.732 0.5000000000
25773  28.199  -44.312  12.081 0.5000000000
26536  27.301  -43.381  24.330 0.8999999762
26581  29.386  -43.297  19.796 1.0000000000
26582  28.723  -43.796  19.414 1.0000000000
26614  26.773  -43.880  17.106 0.8999999762
26696  27.831  -43.629  12.111 0.5000000000
26710  29.858  -43.865  10.609 0.5000000000
27453  26.546  -42.810  24.423 0.8999999762
27466  28.074  -42.408  23.936 0.8999999762
27481  19.385  -42.169  23.033 0.4000000060
27483  16.950  -42.776  22.135 0.3000000119
27514  29.383  -42.747  19.095 1.0000000000
27617  30.397  -42.392  11.044 0.5000000000
28578  20.598  -41.294  22.612 0.5000000000
28584  18.819  -41.176  22.205 0.4000000060
28639  27.877  -41.501  16.146 0.8999999762
28699  29.080  -41.765  11.097 0.5000000000
28708  29.691  -42.303  10.874 0.5000000000
28709  29.239  -42.346  10.941 0.5000000000
29639  25.602  -40.750  23.173 0.6999999881
29665  18.808  -40.538  21.597 0.4000000060
29737  23.127  -40.436  14.117 0.8999999762
30746  24.674  -39.527  22.425 0.6000000238
30849  22.918  -39.960  13.698 0.8999999762
30858  28.276  -39.808  12.522 0.6000000238
30870  27.965  -40.122  12.054 0.6999999881
31829  21.946  -38.642  21.805 0.4000000060
31899  28.254  -38.328  16.784 1.0000000000
31911  25.878  -38.601  15.121 0.8999999762
31917  30.753  -38.102  14.409 0.6000000238
31929  28.315  -38.635  13.577 0.6999999881
31932  22.694  -38.306  13.834 0.8999999762
32871  29.277  -37.083  23.421 0.6000000238
32982  26.387  -37.448  15.963 1.0000000000
33022  22.860  -37.135  13.500 0.8999999762
33023  22.696  -37.620  13.735 0.8999999762
33033  23.453  -37.550  13.149 0.8999999762
33889  28.874  -36.451  23.449 0.6000000238
33891  26.901  -36.020  23.419 0.4000000060
33910  23.877  -36.881  22.740 0.4000000060
33995  31.634  -36.378  17.761 0.8000000119
34007  27.726  -37.055  16.728 1.0000000000
34012  23.961  -35.932  15.574 1.0000000000
34026  30.540  -36.377  14.450 0.6000000238
34029  22.376  -36.648  14.119 0.8999999762
34037  27.660  -37.245  14.011 0.6999999881
34040  25.553  -36.691  13.513 0.6999999881
34908  28.493  -35.711  23.422 0.5000000000
34910  26.537  -35.455  23.429 0.4000000060
35067  22.797  -35.308  15.007 0.8999999762
35083  22.253  -35.394  14.006 0.8999999762
35096  24.367  -35.494  13.582 0.8000000119
35924  24.602  -34.574  23.204 0.4000000060
35991  28.277  -35.163  16.316 0.8999999762
36009  24.841  -34.630  15.697 1.0000000000
36024  29.083  -34.933  14.236 0.6000000238
36025  28.180  -35.214  14.316 0.6999999881
36044  25.792  -34.126  13.788 0.8000000119
36905  26.838  -33.958  23.274 0.4000000060
36981  33.072  -33.693  17.160 0.6999999881
36995  25.129  -33.929  15.576 0.8999999762
36997  23.507  -34.030  15.295 1.0000000000
37006  30.744  -33.637  15.505 0.8000000119
37033  28.270  -33.386  13.278 0.6000000238
37049  22.234  -32.586  13.571 0.8000000119
37084  28.509  -33.464  9.479 0.5000000000
38012  28.284  -32.834  14.968 0.8000000119
38016  24.984  -32.711  15.132 0.8999999762
38018  22.835  -32.719  14.487 1.0000000000
38084  27.964  -33.067  9.768 0.6000000238
39045  25.373  -32.240  14.812 0.8999999762
39048  22.522  -32.146  14.152 0.8999999762
39078  28.118  -31.191  13.847 0.8000000119
39124  26.151  -31.456  10.208 0.6000000238
40266  23.215  -30.925  13.696 0.8999999762
40279  26.747  -30.659  13.391 0.6999999881
40296  22.043  -30.378  12.383 0.8000000119
40323  22.676  -29.637  10.883 0.8000000119
40336  24.880  -30.469  10.303 0.6000000238
41460  22.420  -29.435  12.059 0.8000000119
41478  22.204  -29.633  11.809 0.8000000119
42700  23.300  -27.861  9.895 0.6000000238
42710  26.421  -28.890  8.800 0.6000000238
42713  23.807  -27.477  9.620 0.6000000238
43895  28.852  -27.824  11.101 0.6999999881
43937  27.620  -28.062  8.557 0.6000000238
43951  26.203  -26.867  7.929 0.6000000238
45125  29.508  -26.336  10.274 0.3000000119
45128  26.315  -26.661  9.612 0.6000000238
45172  27.006  -26.072  7.356 0.6000000238
45174  25.194  -25.968  8.166 0.6000000238
46415  25.669  -26.080  9.012 0.6000000238
46432  25.398  -25.763  8.361 0.5000000000
46448  25.489  -25.519  8.035 0.6000000238
46462  27.619  -25.639  7.138 0.6000000238
46476  26.361  -24.959  7.364 0.4000000060
47676  32.762  -24.830  8.251 0.3000000119
47680  25.970  -25.005  7.808 0.5000000000
47719  28.381  -23.863  6.095 0.4000000060
47720  27.803  -23.651  6.683 0.4000000060
48822  30.693  -22.944  8.582 0.3000000119
48847  28.198  -23.298  6.850 0.4000000060
118831  23.031  -46.005  17.856 0.8000000119
119740  22.905  -51.489  26.114 0.5000000000
120879  26.930  -24.414  7.064 0.4000000060
121720  20.693  -44.869  23.516 0.6000000238
122090  17.826  -49.576  23.705 0.3000000119
122408  27.485  -41.839  24.086 1.0000000000
122429  32.529  -33.830  16.624 0.6999999881
123345  19.969  -45.934  23.496 0.6000000238
123935  23.404  -37.259  14.849 0.8999999762
124501  29.194  -23.454  8.003 0.4000000060
125514  32.503  -36.206  18.649 0.6999999881
125750  22.546  -36.142  22.566 0.4000000060
126765  22.412  -54.273  25.078 0.4000000060
127801  23.557  -46.219  24.773 0.8999999762
127993  18.138  -51.094  26.601 0.5000000000
128083  26.291  -47.615  24.585 0.8999999762
128168  26.488  -34.124  15.720 0.8999999762
128762  15.922  -49.121  23.335 0.3000000119
129329  22.117  -32.087  13.475 0.8999999762
129714  25.394  -35.152  15.931 1.0000000000
130251  24.175  -50.004  25.445 0.6000000238
130524  26.487  -43.140  12.594 0.5000000000
130857  27.206  -36.563  23.371 0.5000000000
131222  22.188  -33.985  14.187 1.0000000000
131693  22.095  -33.992  13.987 0.8999999762
131923  28.927  -39.981  17.146 1.0000000000
132092  22.700  -45.275  16.377 0.5000000000
132450  19.853  -49.902  18.435 0.4000000060
133062  29.833  -36.415  14.498 0.6000000238
133069  29.858  -42.710  22.162 0.8999999762
133545  20.837  -54.441  27.629 0.4000000060
133756  29.965  -31.963  14.464 0.8000000119
133864  23.151  -28.052  10.140 0.6000000238
134309  27.545  -41.252  11.692 0.6000000238
134416  22.308  -29.500  11.385 0.8000000119
134456  22.264  -47.205  18.253 0.6000000238
134768  31.357  -29.818  13.654 0.6000000238
135295  23.405  -38.648  14.444 0.8999999762
135317  30.765  -35.359  14.028 0.6000000238
135859  25.386  -48.324  25.071 0.6999999881
136086  24.027  -46.932  25.224 0.6999999881
137747  20.150  -48.175  23.971 0.6000000238
138941  22.987  -32.830  22.731 0.4000000060
139361  28.065  -29.453  9.163 0.5000000000
139365  24.928  -40.307  12.498 0.8000000119
139452  23.033  -41.965  23.182 0.6999999881
140363  24.438  -28.168  10.828 0.8000000119
140550  20.588  -53.154  27.684 0.4000000060
140960  28.336  -24.387  6.352 0.4000000060
141299  29.016  -42.307  18.094 1.0000000000
141337  20.482  -46.847  16.908 0.5000000000
142212  26.773  -48.113  23.892 0.8999999762
142815  21.607  -46.496  23.897 0.6000000238
142832  25.812  -40.077  14.527 0.8999999762
