#!ascii label  , from subject sub-v2s3x28811_ses-1 vox2ras=TkReg
633
49891  22.675  -22.324  13.650 0.1428571492
49877  21.127  -22.832  13.944 0.1428571492
51040  21.580  -21.523  12.475 0.1428571492
49875  23.181  -22.750  14.183 0.1428571492
51025  23.092  -21.738  13.197 0.2857142985
129210  21.851  -22.457  13.619 0.1428571492
52094  23.025  -20.722  12.116 0.5714285970
51038  23.579  -21.155  12.674 0.1428571492
52092  25.137  -20.450  12.371 0.2857142985
52093  24.103  -20.453  12.126 0.2857142985
53173  25.363  -19.385  11.484 0.1428571492
52104  24.867  -19.911  11.798 0.2857142985
55422  25.769  -17.811  10.278 0.2857142985
54294  25.366  -18.417  10.592 0.2857142985
56498  26.586  -16.147  9.015 0.2857142985
56485  26.458  -16.648  9.494 0.2857142985
57699  26.637  -15.278  7.569 0.2857142985
57689  26.330  -15.766  8.295 0.2857142985
58856  27.424  -14.373  6.241 0.2857142985
60065  28.404  -14.065  3.484 0.8571428657
58866  27.301  -14.642  5.070 0.4285714328
58844  26.975  -14.774  6.928 0.2857142985
61207  29.058  -13.121  2.738 0.7142857313
61197  28.847  -13.685  3.009 0.7142857313
60056  27.879  -14.384  4.249 0.7142857313
138646  29.729  -12.216  2.436 0.8571428657
62311  29.356  -12.495  2.627 0.5714285970
62312  28.902  -13.149  2.709 0.8571428657
61208  28.769  -13.642  2.935 0.7142857313
60080  28.433  -14.134  2.892 0.7142857313
64398  30.327  -11.576  2.002 0.4285714328
63340  29.858  -12.186  2.318 0.7142857313
65551  30.980  -8.304  3.071 0.2857142985
64386  29.979  -9.995  3.023 0.8571428657
65562  30.565  -9.695  2.646 0.7142857313
64387  29.451  -10.862  2.958 0.8571428657
67667  31.701  -6.782  2.935 0.1428571492
66632  31.542  -7.807  2.732 0.1428571492
65552  30.368  -8.621  3.240 0.5714285970
126424  29.171  -9.510  3.383 0.8571428657
128580  31.532  -4.993  3.073 0.1428571492
125922  32.206  -6.254  2.390 0.1428571492
68664  31.700  -5.913  3.061 0.1428571492
137755  31.285  -6.413  3.345 0.4285714328
65553  29.644  -8.622  3.425 0.8571428657
70760  31.720  -3.512  2.421 0.1428571492
70759  32.115  -4.044  2.248 0.1428571492
136695  31.233  -3.627  2.955 0.1428571492
69645  30.700  -4.966  3.381 0.4285714328
67655  30.548  -6.485  3.526 0.5714285970
129263  29.836  -7.026  3.567 0.7142857313
65554  28.779  -8.415  3.428 0.8571428657
129686  31.154  -2.966  2.690 0.1428571492
71818  30.981  -2.207  2.371 0.1428571492
70761  30.516  -3.464  3.064 0.1428571492
70745  30.229  -4.342  3.269 0.5714285970
125027  29.674  -6.242  3.438 0.8571428657
66624  29.298  -7.675  3.499 0.8571428657
66633  28.545  -7.560  3.177 0.8571428657
71841  31.362  -1.840  1.739 0.1428571492
72835  30.718  -1.568  2.102 0.2857142985
71819  30.456  -2.615  2.699 0.1428571492
127544  29.876  -3.011  2.812 0.8571428657
68679  29.549  -5.502  3.234 0.8571428657
68666  30.240  -5.631  3.478 0.7142857313
68680  28.970  -5.369  2.670 0.8571428657
74893  29.926  0.190  1.063 0.1428571492
74910  30.200  0.646  0.464 0.1428571492
72852  29.645  -1.613  2.258 0.4285714328
70781  28.525  -3.031  1.687 0.8571428657
70763  28.646  -3.794  2.122 0.8571428657
69665  28.818  -4.607  2.400 0.8571428657
68691  28.404  -5.344  2.066 0.8571428657
131377  29.699  -1.037  1.623 0.4285714328
70782  28.056  -3.836  1.292 0.8571428657
69684  28.259  -4.620  1.651 0.8571428657
69685  27.718  -4.718  0.810 0.8571428657
74911  29.382  0.673  0.676 0.1428571492
75964  29.196  1.173  0.133 0.2857142985
73881  29.337  0.097  1.146 0.5714285970
126619  28.344  -0.651  0.557 0.8571428657
72867  28.425  -1.484  0.873 0.8571428657
71843  28.422  -2.279  1.266 0.8571428657
70800  27.955  -3.057  0.867 0.8571428657
71859  27.883  -2.282  0.493 0.8571428657
75979  28.829  1.450  -0.425 0.2857142985
74912  28.745  0.833  0.280 0.7142857313
73882  28.784  0.209  0.845 0.5714285970
73897  28.212  0.183  0.226 0.8571428657
71860  27.481  -2.327  -0.400 0.8571428657
70813  27.468  -3.397  -0.904 0.8571428657
70801  27.627  -3.916  0.290 0.8571428657
73898  27.799  0.009  -0.602 0.8571428657
73912  27.525  -0.411  -1.633 0.8571428657
72882  27.512  -1.429  -0.576 0.8571428657
129798  27.436  -2.293  -2.010 0.7142857313
71873  27.424  -2.684  -1.286 0.7142857313
74928  27.863  0.680  -1.172 0.8571428657
72894  27.422  -1.381  -1.404 0.8571428657
127407  27.437  -1.451  -2.388 0.8571428657
73922  27.394  -0.670  -2.931 0.8571428657
131984  27.448  -2.232  -2.947 0.7142857313
76014  27.392  1.638  -3.290 0.7142857313
138859  27.417  0.925  -2.918 0.8571428657
74963  27.213  0.508  -3.722 0.8571428657
74975  26.713  0.718  -5.095 0.7142857313
73932  27.262  -0.545  -3.927 0.8571428657
78066  28.317  3.760  -5.980 0.1428571492
138247  26.993  1.091  -4.271 0.8571428657
76022  26.925  1.803  -4.838 0.7142857313
76032  26.571  1.049  -5.638 0.7142857313
73943  26.864  -0.417  -4.981 0.8571428657
79006  27.688  4.105  -7.556 0.1428571492
77086  26.696  1.935  -5.803 0.5714285970
77094  26.377  2.209  -6.772 0.5714285970
76050  25.749  1.187  -7.643 0.5714285970
134369  26.899  3.186  -6.498 0.1428571492
120175  28.001  4.338  -8.508 0.1428571492
140689  25.407  1.385  -8.575 0.5714285970
118610  26.382  4.254  -9.659 0.1428571492
79033  26.587  4.246  -10.869 0.1428571492
78077  25.962  3.038  -8.462 0.1428571492
79034  25.674  4.068  -10.806 0.1428571492
77102  25.865  2.224  -7.943 0.5714285970
79022  25.635  3.907  -9.888 0.1428571492
79035  25.014  3.401  -10.697 0.1428571492
79043  25.744  4.617  -11.952 0.1428571492
48747  22.759  -23.286  14.659 0.1428571492
48748  21.748  -23.305  14.631 0.1428571492
51024  24.044  -21.630  13.257 0.1428571492
51037  24.549  -21.045  12.777 0.2857142985
54293  26.140  -18.251  10.769 0.2857142985
54272  25.747  -18.803  11.150 0.1428571492
57712  26.316  -15.369  6.565 0.2857142985
60055  28.310  -13.639  4.792 0.4285714328
62331  30.175  -12.265  2.066 0.2857142985
60066  27.908  -14.557  3.232 0.7142857313
64388  28.633  -10.314  3.300 0.8571428657
66623  30.061  -7.800  3.520 0.7142857313
70762  29.526  -3.850  2.748 0.8571428657
69664  29.509  -4.771  2.957 0.8571428657
129119  28.550  -5.926  2.480 0.8571428657
68692  27.895  -5.442  1.293 0.8571428657
75980  28.300  1.334  -0.903 0.8571428657
76005  27.670  1.558  -2.394 0.8571428657
76021  27.207  2.078  -3.950 0.8571428657
77085  27.172  2.716  -5.174 0.7142857313
78068  26.874  2.760  -5.928 0.2857142985
78076  26.414  3.027  -7.346 0.1428571492
79020  27.064  4.239  -8.610 0.1428571492
79042  26.696  4.393  -12.284 0.1428571492
52106  22.429  -20.446  11.495 0.2857142985
54273  24.974  -18.974  10.990 0.1428571492
55435  27.084  -17.034  10.118 0.2857142985
141160  25.802  -16.876  9.444 0.2857142985
55437  25.433  -17.399  9.683 0.2857142985
56499  25.811  -16.409  8.836 0.2857142985
58879  27.328  -14.903  3.987 0.7142857313
69662  32.124  -4.666  2.381 0.1428571492
70779  31.782  -2.743  1.876 0.1428571492
72850  30.910  -1.060  1.536 0.1428571492
72851  30.119  -1.074  1.978 0.2857142985
73880  30.590  0.041  0.738 0.1428571492
71842  29.032  -2.268  2.086 0.8571428657
67669  28.438  -6.727  2.642 0.8571428657
66634  27.956  -7.571  2.453 1.0000000000
74926  30.435  1.072  -0.322 0.1428571492
75978  29.569  1.471  -0.393 0.1428571492
75994  29.226  2.002  -1.020 0.2857142985
131031  27.429  -4.308  -1.695 0.8571428657
75995  28.578  1.881  -1.223 0.5714285970
77051  27.807  2.219  -2.688 0.5714285970
77063  27.699  2.677  -3.403 0.5714285970
77075  27.436  2.756  -4.290 0.7142857313
122399  27.502  3.318  -5.704 0.4285714328
78042  28.415  3.454  -4.616 0.2857142985
78053  28.143  3.534  -5.259 0.2857142985
78067  27.678  3.714  -6.592 0.1428571492
139778  27.078  3.581  -7.129 0.1428571492
77103  25.223  2.026  -9.443 0.2857142985
78087  25.426  3.072  -9.771 0.1428571492
78094  24.308  2.501  -10.689 0.1428571492
133572  27.317  4.359  -9.513 0.1428571492
79044  25.055  4.109  -11.238 0.1428571492
79036  24.300  3.481  -11.048 0.1428571492
142798  25.218  4.815  -11.814 0.1428571492
77037  28.914  2.384  -1.777 0.4285714328
77050  28.471  2.699  -2.661 0.4285714328
77062  28.333  3.142  -3.393 0.4285714328
78030  28.775  3.382  -3.932 0.4285714328
78031  27.945  3.279  -3.982 0.5714285970
78054  27.735  3.253  -4.776 0.5714285970
51026  22.025  -21.942  13.105 0.1428571492
49876  22.229  -22.797  14.146 0.1428571492
51039  22.578  -21.345  12.596 0.4285714328
49902  21.153  -21.965  12.793 0.2857142985
51023  24.950  -21.596  13.315 0.1428571492
52105  24.133  -19.821  11.476 0.1428571492
139917  24.700  -19.464  11.332 0.1428571492
55436  26.200  -17.230  9.937 0.2857142985
122427  28.215  -13.677  2.880 0.7142857313
63356  29.980  -11.629  2.273 0.8571428657
63341  29.086  -11.623  2.914 0.8571428657
65561  31.222  -9.155  2.367 0.5714285970
132720  30.461  -7.251  3.511 0.5714285970
70744  31.002  -4.220  3.239 0.2857142985
68678  32.150  -5.428  2.466 0.1428571492
68665  31.057  -5.714  3.426 0.1428571492
71820  29.749  -2.347  2.574 0.5714285970
67668  29.014  -6.091  3.037 0.8571428657
72853  29.016  -1.524  1.658 0.8571428657
72868  27.790  -1.467  0.185 0.8571428657
141132  27.514  -3.652  -0.285 0.8571428657
73883  27.762  -0.673  -0.109 0.8571428657
75996  27.952  1.462  -1.573 0.8571428657
74942  27.537  0.576  -2.203 0.8571428657
78992  28.483  4.062  -6.831 0.1428571492
76041  26.229  0.682  -6.713 0.5714285970
79032  28.177  4.334  -9.449 0.1428571492
79021  26.155  3.829  -8.946 0.1428571492
120195  27.509  4.264  -10.668 0.1428571492
79007  26.663  3.712  -7.896 0.1428571492
54292  26.771  -18.124  10.911 0.1428571492
77038  28.206  2.103  -2.004 0.5714285970
127641  23.367  -20.188  11.552 0.4285714328
77111  24.071  1.442  -10.370 0.1428571492
55447  24.362  -17.243  8.450 0.5714285970
125880  23.498  -17.723  8.093 0.5714285970
54323  22.906  -18.340  8.471 0.2857142985
56510  24.626  -16.769  7.548 0.5714285970
55458  23.927  -17.330  7.603 0.5714285970
130753  22.584  -18.731  9.074 0.4285714328
55448  22.081  -18.214  7.988 0.2857142985
55460  22.400  -17.607  7.286 0.4285714328
57713  25.643  -15.967  6.191 0.4285714328
57714  25.039  -16.440  5.988 0.5714285970
56511  23.914  -17.114  6.783 0.5714285970
56524  23.585  -16.779  6.186 0.4285714328
57725  26.161  -15.695  5.421 0.5714285970
57726  25.510  -16.117  5.298 0.5714285970
56523  24.369  -16.652  6.076 0.4285714328
57739  26.082  -15.766  4.613 0.7142857313
57740  25.225  -15.895  4.777 0.4285714328
55459  23.260  -17.574  7.304 0.4285714328
55461  21.595  -17.675  7.633 0.2857142985
60067  26.572  -14.758  3.691 0.7142857313
60069  24.462  -13.899  4.101 0.4285714328
136165  26.182  -13.698  3.485 0.7142857313
60083  25.008  -13.330  3.687 0.5714285970
61209  25.465  -12.666  3.312 0.7142857313
61210  24.467  -12.540  3.378 0.2857142985
58892  27.359  -14.753  3.474 0.5714285970
60082  27.156  -14.389  3.316 0.5714285970
62314  27.037  -12.449  3.165 0.7142857313
62315  25.901  -12.022  2.943 0.7142857313
62332  26.208  -11.279  2.705 0.7142857313
62333  25.292  -11.266  2.558 0.7142857313
62316  24.907  -11.929  2.926 0.4285714328
63360  24.731  -10.670  2.185 0.4285714328
131878  27.200  -13.624  3.185 0.5714285970
62313  28.048  -12.344  3.181 0.5714285970
63343  27.117  -11.317  3.014 0.5714285970
63358  26.405  -10.293  2.394 0.7142857313
64400  26.339  -9.483  1.785 0.7142857313
63359  25.574  -10.550  2.246 0.7142857313
64401  25.699  -9.923  1.756 0.5714285970
64409  25.706  -9.383  1.207 0.5714285970
63357  27.231  -10.459  2.856 0.5714285970
64389  27.766  -9.925  3.134 0.7142857313
65565  26.932  -8.941  2.011 0.8571428657
63372  25.050  -10.205  1.828 0.4285714328
65573  27.020  -8.369  1.547 0.7142857313
65574  26.388  -8.821  1.198 0.7142857313
66643  26.739  -8.051  0.963 0.7142857313
126401  25.749  -8.942  0.715 0.5714285970
65587  26.137  -8.427  0.507 0.7142857313
64399  27.009  -9.686  2.453 0.7142857313
65564  27.471  -8.301  2.254 0.8571428657
66652  27.034  -7.297  0.764 0.7142857313
66654  25.884  -8.042  -0.012 0.5714285970
66663  25.633  -7.461  -0.422 0.2857142985
66642  27.394  -7.627  1.561 0.7142857313
68709  26.853  -6.060  -1.102 0.7142857313
67670  27.873  -6.969  1.927 0.7142857313
67680  27.543  -6.783  1.254 0.8571428657
66653  26.457  -7.735  0.321 0.8571428657
69698  27.463  -4.883  -0.204 0.8571428657
124510  27.279  -6.541  0.517 0.8571428657
67696  26.303  -6.781  -0.619 0.5714285970
68708  27.256  -5.634  -0.732 0.8571428657
67705  26.082  -6.160  -1.281 0.7142857313
142420  27.652  -6.127  1.029 0.8571428657
68702  27.466  -5.680  0.345 0.8571428657
69704  27.373  -5.021  -1.252 0.8571428657
131124  27.475  -4.217  -0.676 0.8571428657
69710  27.195  -5.018  -2.102 0.7142857313
127109  27.375  -1.770  -3.443 0.7142857313
71894  27.092  -2.557  -3.831 0.7142857313
132200  27.289  -1.367  -3.945 0.5714285970
71903  26.692  -2.555  -4.246 0.7142857313
71912  26.714  -2.405  -4.600 0.7142857313
73942  27.066  -1.535  -4.793 0.7142857313
72932  26.243  -1.680  -5.923 0.7142857313
71914  26.025  -2.310  -4.873 0.7142857313
72933  25.753  -1.488  -6.280 0.7142857313
72934  24.938  -1.003  -6.089 0.7142857313
132382  25.349  -1.369  -5.569 0.5714285970
139036  26.300  -1.333  -6.169 0.7142857313
73952  25.955  -1.402  -6.742 0.7142857313
73944  24.813  -0.667  -5.295 0.5714285970
73961  25.215  -0.885  -7.277 0.4285714328
73953  25.015  -1.139  -6.789 0.5714285970
73954  24.241  -0.506  -6.253 0.5714285970
73960  26.033  -0.884  -7.094 0.5714285970
134149  25.214  -0.816  -3.822 0.5714285970
74991  25.219  -0.745  -7.669 0.5714285970
73962  23.956  -0.755  -7.205 0.5714285970
131792  24.239  0.001  -5.692 0.5714285970
74965  25.055  -0.549  -4.631 0.4285714328
74956  25.056  -0.696  -2.872 0.5714285970
74964  24.873  0.127  -4.668 0.5714285970
73965  24.221  -0.736  -7.822 0.5714285970
76007  25.158  0.524  -2.537 0.4285714328
134083  23.116  -0.158  -0.433 0.4285714328
76006  25.214  0.891  -3.551 0.5714285970
74955  25.171  -0.250  -3.690 0.5714285970
77052  25.296  2.146  -3.009 0.4285714328
61187  28.802  -13.292  4.075 0.2857142985
63342  28.096  -11.160  3.244 0.5714285970
77064  25.221  1.694  -4.007 0.2857142985
141460  25.263  1.353  -2.722 0.4285714328
130032  25.017  1.805  -2.055 0.2857142985
55439  23.776  -17.873  8.939 0.5714285970
54311  23.303  -18.530  9.340 0.5714285970
120264  25.444  -16.213  7.914 0.2857142985
57700  25.881  -15.740  7.282 0.2857142985
56509  25.188  -16.314  6.911 0.5714285970
54324  22.173  -18.600  8.635 0.2857142985
55472  23.062  -17.248  6.704 0.4285714328
56534  24.057  -16.368  5.622 0.4285714328
124143  24.458  -16.022  5.163 0.5714285970
56513  21.496  -16.952  7.203 0.2857142985
56525  22.700  -16.560  6.352 0.2857142985
58882  24.870  -14.889  4.386 0.5714285970
61196  29.255  -12.998  3.350 0.2857142985
60084  24.012  -13.144  3.775 0.2857142985
67679  28.105  -6.201  1.762 0.8571428657
67689  26.714  -7.006  0.097 0.7142857313
71884  27.349  -2.927  -2.943 0.7142857313
70842  26.954  -3.067  -3.506 0.7142857313
70834  26.245  -3.707  -3.146 0.7142857313
73933  25.251  -1.073  -4.162 0.5714285970
74943  24.707  -0.101  -1.745 0.2857142985
74982  26.414  -0.048  -5.948 0.5714285970
74983  23.371  -0.132  -6.488 0.5714285970
76033  23.544  0.254  -6.098 0.2857142985
57728  23.669  -15.672  5.321 0.4285714328
132856  28.832  -12.331  2.853 0.7142857313
60081  27.877  -14.433  2.964 0.5714285970
65563  28.036  -8.302  3.022 0.7142857313
65555  28.278  -9.182  3.322 0.7142857313
58867  26.687  -15.284  4.690 0.5714285970
58880  26.723  -15.253  4.011 0.5714285970
69718  27.231  -4.153  -2.496 0.7142857313
56500  25.044  -16.661  8.397 0.5714285970
118300  22.830  -17.990  7.743 0.5714285970
124121  24.594  -16.671  6.615 0.5714285970
54297  22.706  -19.134  9.758 0.5714285970
56512  22.319  -17.009  6.796 0.4285714328
57727  24.843  -16.312  5.456 0.5714285970
57715  23.160  -16.097  5.811 0.4285714328
58881  25.940  -15.335  4.211 0.5714285970
60068  25.514  -14.338  3.917 0.7142857313
140931  26.355  -12.828  3.262 0.7142857313
127913  27.533  -9.020  2.811 0.5714285970
65575  24.916  -9.168  0.729 0.2857142985
66662  26.214  -7.437  -0.176 0.5714285970
66664  24.743  -7.461  -0.474 0.2857142985
67695  27.019  -6.310  -0.277 0.8571428657
72923  26.587  -2.108  -5.137 0.7142857313
127096  26.612  -1.656  -5.518 0.7142857313
76024  24.348  0.542  -5.431 0.5714285970
75997  24.836  0.974  -1.667 0.4285714328
57716  22.157  -15.688  6.064 0.1428571492
57729  22.784  -15.262  5.510 0.4285714328
56497  27.123  -15.737  8.850 0.1428571492
126467  27.019  -15.359  8.248 0.1428571492
60045  27.825  -13.967  5.527 0.1428571492
57698  27.346  -14.920  7.803 0.1428571492
57688  27.685  -15.273  8.533 0.1428571492
60044  28.383  -13.418  6.025 0.1428571492
58843  27.765  -14.441  7.233 0.1428571492
62301  29.632  -12.439  2.768 0.2857142985
62310  30.165  -12.275  2.330 0.1428571492
70824  27.426  -3.384  -2.082 0.5714285970
79997  23.249  6.069  -11.352 0.1428571492
68729  26.555  -5.078  -2.276 0.4285714328
118332  22.839  6.167  -11.231 0.1428571492
138314  23.422  2.894  -10.834 0.1428571492
70843  26.550  -2.981  -3.702 0.5714285970
70845  25.227  -2.582  -3.380 0.4285714328
78078  22.712  2.767  -8.667 0.2857142985
76044  22.365  0.344  -7.786 0.2857142985
74999  23.376  -0.748  -8.526 0.2857142985
76052  22.008  0.202  -9.090 0.2857142985
72885  20.705  -2.502  -0.638 0.1428571492
71904  25.836  -2.461  -4.193 0.5714285970
72924  26.137  -1.992  -5.526 0.5714285970
77095  22.854  1.446  -6.890 0.2857142985
74998  24.674  -0.530  -8.346 0.4285714328
72896  22.572  -2.345  -1.623 0.4285714328
72916  25.143  -1.619  -3.317 0.5714285970
73900  21.924  -1.618  -0.735 0.4285714328
73899  22.634  -0.999  -0.574 0.2857142985
77076  24.805  1.673  -5.045 0.1428571492
125842  23.713  0.941  -5.979 0.1428571492
127410  21.463  -0.386  -0.520 0.1428571492
74944  24.095  -0.809  -1.580 0.4285714328
77087  24.165  2.200  -5.856 0.1428571492
78069  23.690  2.876  -6.555 0.1428571492
78012  24.421  3.505  -1.558 0.1428571492
77065  25.179  2.780  -4.001 0.1428571492
78055  24.411  3.350  -5.604 0.1428571492
78032  25.151  3.164  -2.989 0.1428571492
78963  24.825  3.836  -3.430 0.1428571492
118554  24.667  3.821  -4.508 0.1428571492
52107  21.365  -20.678  11.397 0.4285714328
52125  20.639  -20.266  10.784 0.2857142985
58842  28.620  -14.129  7.526 0.1428571492
61175  28.780  -12.918  5.432 0.1428571492
69720  25.357  -4.081  -2.716 0.2857142985
75003  23.903  -0.077  -9.338 0.2857142985
131137  22.925  2.436  -7.571 0.2857142985
126352  21.920  1.097  -9.684 0.2857142985
78993  24.076  4.013  -6.177 0.2857142985
53172  26.158  -19.255  11.634 0.1428571492
56484  27.202  -16.326  9.463 0.1428571492
126108  20.477  -0.368  -0.540 0.1428571492
132575  26.196  -4.479  -2.627 0.4285714328
125359  21.377  -2.347  -0.841 0.2857142985
122067  25.294  -1.293  -4.614 0.5714285970
76042  25.525  -0.116  -7.646 0.4285714328
77112  22.061  1.998  -9.859 0.2857142985
76057  23.679  0.710  -10.030 0.2857142985
76061  22.355  1.562  -10.235 0.2857142985
78088  22.747  3.110  -9.894 0.2857142985
78096  23.253  3.431  -10.584 0.1428571492
79023  23.400  4.408  -9.886 0.1428571492
78095  23.781  3.956  -10.819 0.1428571492
78070  23.326  3.751  -7.338 0.2857142985
79037  23.638  4.704  -10.636 0.1428571492
77115  23.143  1.970  -10.707 0.1428571492
125214  30.457  -12.268  1.807 0.2857142985
120042  23.223  4.087  -8.700 0.2857142985
52095  22.009  -20.977  12.014 0.4285714328
76051  25.177  0.366  -8.584 0.2857142985
76056  24.736  0.899  -9.518 0.2857142985
132645  25.522  -3.315  -3.226 0.4285714328
71913  26.508  -2.336  -4.870 0.5714285970
71905  25.441  -1.971  -4.085 0.5714285970
76023  24.966  0.924  -4.547 0.4285714328
77039  24.473  2.697  -1.440 0.2857142985
70832  27.201  -3.513  -2.868 0.5714285970
72925  25.600  -1.834  -5.062 0.5714285970
72895  23.732  -1.574  -2.033 0.5714285970
74992  22.842  -0.485  -7.351 0.2857142985
76043  22.895  0.294  -6.607 0.2857142985
60037  28.085  -13.933  6.615 0.1428571492
58832  28.112  -14.697  8.084 0.1428571492
70835  24.740  -3.208  -2.802 0.2857142985
77096  22.083  1.395  -8.633 0.2857142985
74993  22.525  -0.648  -8.436 0.2857142985
137854  22.591  -0.418  -9.191 0.2857142985
72897  21.752  -2.797  -1.418 0.2857142985
71895  24.734  -2.201  -2.895 0.4285714328
130862  23.222  -1.997  -2.004 0.4285714328
72884  22.072  -2.270  -1.068 0.2857142985
126356  24.379  -1.945  -2.620 0.5714285970
72906  24.493  -1.718  -2.571 0.5714285970
73913  23.453  -0.918  -1.090 0.4285714328
52108  20.289  -20.841  11.451 0.2857142985
61174  29.428  -12.442  6.024 0.1428571492
68731  24.927  -4.635  -2.226 0.2857142985
77116  22.719  2.409  -10.460 0.2857142985
64410  24.924  -9.731  1.358 0.4285714328
66655  25.123  -8.110  -0.119 0.2857142985
79943  24.089  5.608  -6.938 0.1428571492
80990  23.369  6.290  -7.213 0.1428571492
79934  24.221  5.403  -4.234 0.1428571492
119006  23.386  6.379  -6.299 0.1428571492
119343  24.224  4.826  -6.668 0.1428571492
79009  24.097  4.948  -7.708 0.1428571492
78971  24.086  5.123  -5.032 0.1428571492
79935  23.837  5.857  -4.950 0.1428571492
78980  24.297  4.783  -5.814 0.1428571492
80978  23.507  6.464  -5.547 0.1428571492
80991  22.547  6.860  -6.724 0.1428571492
79939  24.088  5.648  -5.857 0.1428571492
81978  23.216  7.052  -5.381 0.1428571492
80979  22.786  6.951  -5.988 0.1428571492
65588  25.429  -8.594  0.315 0.2857142985
82935  22.535  7.666  -5.768 0.1428571492
122455  22.414  6.785  -7.545 0.1428571492
58857  26.764  -14.951  5.847 0.2857142985
79008  23.801  5.124  -8.780 0.1428571492
132144  23.623  5.610  -7.763 0.1428571492
80973  23.731  6.557  -4.926 0.1428571492
54296  23.675  -18.831  10.127 0.4285714328
54295  24.548  -18.606  10.391 0.2857142985
54310  24.158  -18.235  9.689 0.2857142985
55438  24.614  -17.562  9.344 0.2857142985
53192  23.221  -19.433  10.533 0.2857142985
125081  24.530  -1.146  -2.302 0.4285714328
55446  25.134  -16.942  9.078 0.2857142985
55423  24.978  -17.998  10.009 0.1428571492
122448  24.407  -2.562  -2.762 0.2857142985
53191  24.130  -19.272  10.848 0.2857142985
53193  22.310  -19.633  10.391 0.2857142985
53176  21.832  -20.159  10.858 0.2857142985
53208  21.857  -19.415  9.837 0.2857142985
57741  24.239  -15.362  4.827 0.2857142985
58883  23.772  -14.359  4.520 0.2857142985
62317  23.933  -11.863  3.041 0.1428571492
62334  24.347  -11.281  2.561 0.2857142985
63373  24.276  -10.162  1.643 0.1428571492
65602  23.373  -8.176  -0.012 0.1428571492
67698  24.349  -6.712  -0.845 0.1428571492
67706  25.052  -6.004  -1.363 0.1428571492
67707  23.931  -5.942  -1.186 0.1428571492
69722  23.149  -3.725  -2.094 0.1428571492
70836  23.834  -3.183  -2.497 0.1428571492
71886  21.524  -3.257  -1.534 0.1428571492
70837  22.722  -3.025  -2.160 0.1428571492
74930  23.847  0.080  -0.922 0.1428571492
140016  23.715  0.937  -0.715 0.1428571492
126916  21.195  1.041  -0.528 0.1428571492
75982  23.604  1.739  -0.714 0.1428571492
75981  24.443  1.791  -1.221 0.1428571492
51054  20.921  -21.242  11.891 0.2857142985
53175  22.802  -19.906  11.016 0.1428571492
68718  25.941  -5.572  -1.870 0.2857142985
68720  23.532  -5.093  -1.422 0.1428571492
71885  22.105  -2.908  -1.882 0.1428571492
51055  19.990  -21.413  11.969 0.2857142985
58868  23.311  -14.881  5.034 0.2857142985
135726  22.956  -14.285  4.752 0.2857142985
62335  23.363  -11.248  2.587 0.1428571492
64411  23.869  -9.480  1.089 0.1428571492
64422  23.105  -8.902  0.791 0.1428571492
64421  24.047  -8.968  0.664 0.1428571492
66666  21.849  -7.848  0.213 0.1428571492
66665  23.566  -7.468  -0.349 0.1428571492
120501  22.196  -7.245  -0.297 0.1428571492
67699  23.180  -6.564  -0.740 0.1428571492
69711  24.296  -4.793  -1.826 0.1428571492
70826  21.205  -3.616  -1.044 0.1428571492
126728  23.002  1.003  -0.530 0.1428571492
58869  22.510  -14.559  5.155 0.2857142985
63361  23.807  -10.667  2.125 0.1428571492
67697  25.383  -6.814  -0.922 0.1428571492
132756  24.401  -5.403  -1.472 0.1428571492
69721  24.227  -4.000  -2.359 0.1428571492
53194  21.356  -19.745  10.295 0.2857142985
132287  23.013  -13.760  4.384 0.1428571492
66667  21.146  -7.345  0.246 0.1428571492
52096  19.463  -20.567  12.186 0.1428571492
52109  19.774  -20.327  11.172 0.1428571492
63355  30.810  -12.236  1.331 0.1428571492
77049  29.485  2.742  -2.468 0.1428571492
49903  20.392  -22.138  12.818 0.1428571492
52126  19.872  -19.917  10.642 0.1428571492
53209  21.061  -19.338  9.703 0.1428571492
133478  21.823  -19.033  9.187 0.1428571492
53195  20.445  -19.645  10.232 0.1428571492
54325  21.459  -18.518  8.628 0.1428571492
77036  29.766  2.325  -1.730 0.1428571492
77061  29.181  3.144  -3.234 0.1428571492
123947  21.141  -17.984  8.150 0.1428571492
51041  20.629  -21.695  12.390 0.1428571492
64397  30.597  -11.204  1.647 0.1428571492
51056  19.694  -20.841  11.774 0.1428571492
54312  20.832  -18.821  9.210 0.1428571492
62330  30.433  -12.171  1.881 0.2857142985
65601  24.215  -8.141  -0.109 0.1428571492
66621  31.105  -7.251  3.335 0.5714285970
66622  30.638  -7.799  3.367 0.5714285970
67656  29.088  -6.862  3.355 0.8571428657
67708  22.905  -5.715  -1.109 0.1428571492
68716  27.121  -5.514  -1.469 0.8571428657
68717  26.717  -5.577  -1.721 0.2857142985
68719  25.084  -5.257  -1.850 0.1428571492
68730  25.724  -4.919  -2.310 0.4285714328
69646  30.025  -5.003  3.395 0.8571428657
69663  31.628  -4.166  2.787 0.1428571492
69719  26.799  -4.397  -2.604 0.4285714328
69723  22.166  -3.691  -1.919 0.1428571492
70780  29.194  -3.024  2.413 0.8571428657
70814  20.825  -3.671  -0.656 0.1428571492
70825  21.616  -3.509  -1.750 0.1428571492
70833  26.839  -3.641  -3.051 0.7142857313
70844  25.980  -2.944  -3.761 0.4285714328
70849  26.362  -2.558  -4.388 0.5714285970
71874  21.189  -3.160  -0.907 0.1428571492
71875  20.493  -3.136  -0.575 0.1428571492
71896  23.742  -2.362  -2.485 0.4285714328
71897  23.055  -2.444  -2.127 0.2857142985
72836  30.306  -1.861  2.404 0.2857142985
72883  22.512  -1.871  -0.996 0.4285714328
72907  23.698  -2.025  -2.387 0.4285714328
72922  27.065  -2.147  -4.438 0.7142857313
73862  30.335  -0.409  1.371 0.1428571492
73863  29.745  -0.383  1.470 0.1428571492
73864  29.017  -0.555  1.309 0.5714285970
73914  23.088  -1.720  -1.434 0.5714285970
73923  25.095  -1.315  -3.130 0.5714285970
74927  28.248  0.853  -0.337 0.8571428657
74929  24.283  0.891  -1.092 0.1428571492
74931  22.229  0.363  -0.447 0.4285714328
74954  27.324  0.188  -3.107 0.8571428657
75963  29.760  1.065  0.158 0.1428571492
75993  30.205  1.705  -1.133 0.1428571492
76058  22.531  0.546  -9.813 0.2857142985
76060  23.104  1.168  -10.394 0.2857142985
77048  30.355  2.470  -2.442 0.1428571492
78065  29.108  3.917  -6.259 0.1428571492
121029  24.752  2.791  -5.021 0.1428571492
127877  27.563  -0.771  -0.836 0.8571428657
131023  27.565  -3.089  0.058 0.8571428657
131236  22.698  -7.915  -0.065 0.1428571492
136816  27.343  -2.001  -1.096 0.7142857313
141027  23.249  -0.867  -7.939 0.2857142985
141509  22.771  -5.108  -1.303 0.1428571492
142461  20.855  -2.002  -0.635 0.2857142985
