#!ascii label  , from subject sub-v2s3x28743_ses-1 vox2ras=TkReg
753
109727  -17.760  -44.059  67.046 0.0000000000
119120  -38.345  -30.978  61.408 0.0000000000
56319  -41.092  -23.915  54.682 0.0000000000
58970  -46.438  -21.149  48.100 0.0000000000
45492  -38.349  -35.556  61.875 0.0000000000
58914  -43.240  -20.722  51.267 0.0000000000
60704  -48.406  -18.249  41.239 0.0000000000
62474  -51.750  -16.385  39.218 0.0000000000
113427  -41.969  -29.967  58.430 0.0000000000
54488  -43.413  -26.008  56.831 0.0000000000
54483  -38.433  -25.861  58.668 0.0000000000
119570  -20.341  -41.901  67.737 0.0000000000
37398  -22.623  -44.717  64.125 0.0000000000
35392  -26.967  -46.259  66.490 0.0000000000
108094  -31.666  -46.634  65.181 0.0000000000
39174  -35.757  -43.207  63.706 0.0000000000
109596  -39.499  -39.560  62.221 0.0000000000
46308  -41.797  -34.249  60.613 0.0000000000
56331  -44.668  -23.398  54.479 0.0000000000
63353  -52.862  -14.581  38.119 0.0000000000
50841  -40.127  -29.739  60.744 0.0000000000
52707  -40.180  -27.627  59.512 0.0000000000
52695  -37.532  -27.562  60.279 0.0000000000
102118  -19.221  -41.536  64.214 0.0000000000
39152  -21.275  -43.064  65.936 0.0000000000
40984  -35.178  -40.468  63.623 0.0000000000
40083  -38.207  -41.745  62.535 0.0000000000
108043  -37.697  -38.939  63.335 0.0000000000
47150  -38.326  -33.224  61.690 0.0000000000
45471  -39.708  -34.812  62.413 0.0000000000
47971  -39.962  -32.645  62.076 0.0000000000
48908  -41.647  -32.096  60.240 0.0000000000
56287  -41.538  -23.322  56.966 0.0000000000
55412  -44.278  -24.588  55.990 0.0000000000
57153  -42.730  -21.713  56.029 0.0000000000
58939  -44.391  -20.550  49.701 0.0000000000
58048  -46.525  -20.794  52.423 0.0000000000
58074  -47.964  -21.709  50.679 0.0000000000
58108  -49.551  -21.936  48.662 0.0000000000
62448  -49.835  -15.845  43.039 0.0000000000
61574  -48.478  -17.274  44.287 0.0000000000
43707  -37.858  -37.601  62.185 0.0000000000
58131  -44.139  -22.182  47.104 0.0000000000
61604  -50.379  -17.157  40.174 0.0000000000
63321  -51.977  -14.471  41.933 0.0000000000
64253  -54.129  -14.209  38.284 0.0000000000
50884  -43.510  -29.190  56.174 0.0000000000
52718  -42.095  -27.833  57.907 0.0000000000
54474  -40.786  -25.303  58.236 0.0000000000
38247  -19.493  -43.350  69.306 0.0000000000
107912  -23.159  -47.092  63.811 0.0000000000
36414  -25.014  -45.109  63.953 0.0000000000
33591  -25.520  -48.350  63.476 0.0000000000
32732  -27.786  -48.834  64.594 0.0000000000
32736  -31.167  -49.173  64.147 0.0000000000
122767  -33.754  -48.348  63.645 0.0000000000
36421  -33.596  -45.620  64.522 0.0000000000
37435  -38.416  -44.342  62.125 0.0000000000
44614  -38.800  -37.296  62.694 0.0000000000
43710  -41.194  -37.227  61.170 0.0000000000
44657  -42.994  -36.764  59.515 0.0000000000
46320  -43.911  -34.573  58.432 0.0000000000
105397  -43.057  -31.996  57.338 0.0000000000
58884  -44.334  -20.397  54.538 0.0000000000
59839  -46.823  -20.055  44.597 0.0000000000
58986  -48.757  -20.359  47.027 0.0000000000
37349  -17.846  -43.293  68.713 0.0000000000
110052  -39.019  -29.992  61.648 0.0000000000
51796  -38.637  -28.433  61.195 0.0000000000
119201  -37.698  -28.774  60.850 0.0000000000
40991  -35.116  -40.135  62.890 0.0000000000
101713  -36.489  -40.095  63.519 0.0000000000
41862  -36.064  -39.098  63.020 0.0000000000
48889  -38.362  -31.557  61.585 0.0000000000
47957  -39.164  -32.756  62.312 0.0000000000
48876  -38.845  -31.496  62.045 0.0000000000
48890  -39.764  -31.250  61.772 0.0000000000
57140  -42.190  -22.390  56.272 0.0000000000
57152  -42.144  -22.193  55.976 0.0000000000
58955  -46.142  -20.701  48.954 0.0000000000
58928  -46.035  -20.073  50.503 0.0000000000
58941  -47.471  -20.637  49.851 0.0000000000
58093  -48.244  -21.661  50.093 0.0000000000
103319  -48.026  -20.945  49.217 0.0000000000
62433  -51.024  -15.325  44.449 0.0000000000
62424  -50.260  -16.091  45.398 0.0000000000
61566  -50.718  -16.152  45.099 0.0000000000
60731  -50.232  -18.206  38.928 0.0000000000
62473  -51.027  -16.752  39.770 0.0000000000
62456  -50.715  -15.846  41.620 0.0000000000
62465  -51.672  -15.809  40.347 0.0000000000
63330  -52.500  -14.747  41.219 0.0000000000
63339  -52.470  -15.298  39.969 0.0000000000
64251  -53.707  -14.017  38.687 0.0000000000
49921  -42.588  -29.945  57.183 0.0000000000
117640  -43.245  -28.429  57.097 0.0000000000
51814  -41.836  -28.603  58.224 0.0000000000
53574  -38.552  -26.303  59.906 0.0000000000
53587  -40.217  -25.889  58.846 0.0000000000
54472  -39.221  -25.276  58.469 0.0000000000
55385  -39.829  -24.595  57.871 0.0000000000
54484  -38.914  -25.651  58.125 0.0000000000
36359  -20.844  -44.317  68.834 0.0000000000
39140  -21.262  -43.347  68.346 0.0000000000
38269  -22.245  -44.623  65.217 0.0000000000
37385  -26.115  -44.161  66.053 0.0000000000
36415  -25.690  -45.159  65.074 0.0000000000
34453  -25.376  -47.262  63.703 0.0000000000
34436  -26.560  -47.323  64.793 0.0000000000
32731  -27.385  -48.347  64.625 0.0000000000
34438  -27.578  -47.428  66.175 0.0000000000
33566  -31.660  -48.216  64.718 0.0000000000
33592  -32.714  -48.967  63.657 0.0000000000
34454  -32.681  -48.097  64.359 0.0000000000
104507  -34.209  -42.549  64.220 0.0000000000
102074  -33.408  -43.919  64.421 0.0000000000
37407  -34.680  -44.713  64.128 0.0000000000
36423  -35.258  -45.578  63.665 0.0000000000
37422  -36.293  -44.782  63.212 0.0000000000
36442  -37.279  -45.166  62.567 0.0000000000
38300  -37.119  -43.680  62.823 0.0000000000
40992  -38.582  -40.269  62.661 0.0000000000
40094  -39.241  -42.308  61.674 0.0000000000
40994  -39.889  -40.488  61.610 0.0000000000
41879  -40.476  -39.262  61.488 0.0000000000
43690  -37.950  -37.575  62.587 0.0000000000
44624  -38.740  -36.536  62.528 0.0000000000
46299  -40.420  -34.730  61.914 0.0000000000
114739  -40.526  -36.014  61.806 0.0000000000
45494  -41.337  -35.805  61.093 0.0000000000
43722  -41.930  -37.429  60.469 0.0000000000
114522  -42.625  -35.955  59.848 0.0000000000
46315  -43.132  -34.394  59.392 0.0000000000
49895  -41.807  -31.090  59.300 0.0000000000
48938  -42.947  -32.085  58.417 0.0000000000
48954  -42.573  -31.220  58.227 0.0000000000
109855  -42.687  -30.882  57.071 0.0000000000
40054  -18.898  -41.325  66.529 0.0000000000
40045  -18.803  -41.309  68.200 0.0000000000
40028  -19.026  -41.959  69.884 0.0000000000
52741  -44.383  -27.621  56.562 0.0000000000
53615  -45.320  -27.058  55.982 0.0000000000
55421  -44.393  -23.944  55.512 0.0000000000
58044  -42.139  -21.837  52.120 0.0000000000
58034  -42.986  -20.991  53.825 0.0000000000
58903  -43.448  -20.652  52.238 0.0000000000
57207  -47.115  -21.920  51.862 0.0000000000
57193  -45.902  -21.545  53.019 0.0000000000
60663  -48.915  -17.715  46.249 0.0000000000
61564  -47.823  -18.485  44.943 0.0000000000
60662  -47.853  -19.033  45.607 0.0000000000
59810  -48.068  -19.788  46.338 0.0000000000
120579  -48.983  -19.528  46.821 0.0000000000
58974  -50.032  -20.805  47.377 0.0000000000
108633  -51.937  -16.842  37.283 0.0000000000
62483  -52.595  -15.254  38.556 0.0000000000
62501  -52.296  -16.084  36.852 0.0000000000
63377  -52.509  -14.477  36.075 0.0000000000
50842  -40.835  -29.981  59.846 0.0000000000
51805  -40.621  -28.522  59.407 0.0000000000
51804  -40.007  -28.385  60.084 0.0000000000
52697  -38.690  -27.157  60.425 0.0000000000
53586  -37.614  -26.720  59.182 0.0000000000
40061  -19.499  -41.492  66.197 0.0000000000
39145  -20.702  -42.280  66.647 0.0000000000
38277  -22.063  -43.912  64.111 0.0000000000
39162  -35.439  -42.221  64.004 0.0000000000
112945  -37.062  -42.752  63.140 0.0000000000
40985  -36.242  -40.927  63.661 0.0000000000
118935  -37.673  -40.416  63.299 0.0000000000
41851  -38.388  -38.768  63.097 0.0000000000
46298  -38.354  -34.852  61.776 0.0000000000
45470  -38.699  -35.479  62.365 0.0000000000
46289  -38.564  -33.773  62.142 0.0000000000
47128  -39.671  -33.392  62.295 0.0000000000
47140  -41.083  -33.204  61.342 0.0000000000
47153  -42.328  -33.630  60.101 0.0000000000
48891  -40.980  -32.034  61.041 0.0000000000
49878  -40.773  -30.737  60.479 0.0000000000
40068  -18.626  -41.508  64.854 0.0000000000
120129  -42.480  -24.496  57.049 0.0000000000
54501  -43.993  -25.267  56.374 0.0000000000
55398  -42.513  -23.769  56.784 0.0000000000
56310  -43.582  -22.414  55.986 0.0000000000
57155  -44.089  -21.988  55.558 0.0000000000
58938  -43.826  -20.558  50.153 0.0000000000
58915  -43.978  -19.960  51.777 0.0000000000
102010  -45.441  -19.885  51.104 0.0000000000
58918  -46.824  -20.633  51.769 0.0000000000
61583  -49.327  -16.782  42.268 0.0000000000
119228  -48.305  -17.712  42.771 0.0000000000
62439  -49.090  -16.425  44.321 0.0000000000
62423  -49.697  -16.600  45.730 0.0000000000
48920  -38.417  -31.386  59.892 0.0000000000
113083  -38.444  -32.106  60.324 0.0000000000
56330  -41.270  -23.223  53.242 0.0000000000
58090  -42.516  -21.498  49.641 0.0000000000
103100  -42.762  -21.578  49.028 0.0000000000
101974  -44.243  -21.697  47.950 0.0000000000
58118  -44.999  -21.898  47.287 0.0000000000
61602  -49.013  -17.815  40.840 0.0000000000
62455  -49.969  -16.290  41.939 0.0000000000
63315  -51.120  -14.662  43.227 0.0000000000
64217  -52.030  -14.406  42.977 0.0000000000
63348  -53.153  -14.340  38.817 0.0000000000
64245  -53.725  -14.268  39.079 0.0000000000
50885  -44.431  -28.864  56.074 0.0000000000
51830  -43.999  -28.108  56.710 0.0000000000
53603  -43.196  -26.965  57.167 0.0000000000
52717  -41.387  -27.905  58.442 0.0000000000
53589  -41.597  -27.070  58.136 0.0000000000
53601  -41.761  -26.030  57.788 0.0000000000
55397  -40.983  -23.898  57.376 0.0000000000
55410  -40.559  -23.967  57.069 0.0000000000
50854  -37.345  -28.257  59.256 0.0000000000
107801  -36.863  -27.981  58.150 0.0000000000
53622  -37.746  -27.168  56.520 0.0000000000
37350  -18.807  -43.576  68.684 0.0000000000
37362  -19.896  -44.615  67.695 0.0000000000
33589  -23.612  -47.867  62.792 0.0000000000
39168  -21.865  -42.369  63.515 0.0000000000
37414  -22.804  -43.774  63.563 0.0000000000
37415  -23.332  -44.581  63.613 0.0000000000
33577  -24.756  -47.884  63.281 0.0000000000
32759  -28.852  -49.450  62.685 0.0000000000
103941  -30.743  -49.386  62.842 0.0000000000
36401  -31.906  -45.329  64.786 0.0000000000
37389  -32.448  -44.843  64.558 0.0000000000
36403  -32.895  -45.676  64.746 0.0000000000
34455  -33.915  -47.301  64.139 0.0000000000
34457  -35.399  -47.236  63.253 0.0000000000
39186  -38.363  -42.673  62.299 0.0000000000
42767  -37.469  -37.967  62.814 0.0000000000
42751  -38.111  -38.232  63.146 0.0000000000
42768  -38.970  -38.129  62.762 0.0000000000
108959  -39.327  -35.688  62.517 0.0000000000
43693  -39.698  -36.927  62.465 0.0000000000
42779  -40.242  -38.405  61.867 0.0000000000
42790  -41.414  -38.108  60.807 0.0000000000
42791  -42.286  -38.445  60.059 0.0000000000
47171  -44.156  -34.046  57.557 0.0000000000
48007  -42.721  -33.176  59.484 0.0000000000
48019  -43.362  -32.870  58.508 0.0000000000
48038  -43.324  -32.639  56.674 0.0000000000
48973  -42.782  -31.583  56.509 0.0000000000
38235  -18.228  -42.431  69.748 0.0000000000
57178  -42.497  -21.716  54.313 0.0000000000
58024  -43.851  -20.634  55.088 0.0000000000
57167  -44.586  -21.573  54.972 0.0000000000
58904  -44.940  -20.061  53.203 0.0000000000
57180  -45.421  -21.079  53.740 0.0000000000
118602  -44.787  -22.948  53.958 0.0000000000
58132  -44.900  -22.461  46.539 0.0000000000
116748  -46.723  -21.505  47.390 0.0000000000
114323  -47.590  -18.526  43.286 0.0000000000
59853  -46.453  -19.802  43.145 0.0000000000
59825  -46.929  -20.593  45.134 0.0000000000
58984  -47.351  -21.233  46.854 0.0000000000
58971  -47.383  -21.010  47.873 0.0000000000
58121  -49.599  -21.415  48.102 0.0000000000
37369  -16.716  -44.266  66.614 0.0000000000
49847  -38.481  -30.475  61.501 0.0000000000
49846  -38.260  -29.778  61.326 0.0000000000
49861  -38.128  -30.093  61.204 0.0000000000
40999  -34.988  -40.445  61.744 0.0000000000
41876  -35.726  -39.596  62.811 0.0000000000
41877  -36.124  -39.391  62.280 0.0000000000
48875  -38.608  -31.888  61.952 0.0000000000
108870  -38.599  -31.199  61.765 0.0000000000
49848  -39.011  -30.720  61.976 0.0000000000
55420  -40.896  -24.015  55.904 0.0000000000
110915  -41.486  -23.034  55.626 0.0000000000
117375  -46.767  -20.451  49.579 0.0000000000
58956  -47.262  -20.750  48.911 0.0000000000
58942  -48.167  -21.268  49.659 0.0000000000
61619  -51.551  -17.273  38.178 0.0000000000
62475  -52.339  -15.643  39.081 0.0000000000
49920  -42.368  -30.182  57.909 0.0000000000
50867  -42.180  -29.306  58.030 0.0000000000
50866  -41.623  -29.340  58.617 0.0000000000
54461  -38.267  -26.073  59.456 0.0000000000
54462  -38.814  -25.611  59.244 0.0000000000
54471  -38.557  -25.596  58.985 0.0000000000
106448  -38.954  -25.414  58.525 0.0000000000
40038  -20.237  -42.043  68.753 0.0000000000
40047  -20.696  -42.543  68.544 0.0000000000
36399  -26.457  -45.434  66.162 0.0000000000
35406  -26.049  -46.362  64.785 0.0000000000
35407  -26.620  -46.565  65.859 0.0000000000
33562  -27.364  -47.780  65.287 0.0000000000
34437  -27.021  -47.144  66.081 0.0000000000
34440  -31.257  -47.378  65.228 0.0000000000
122622  -30.847  -48.065  65.198 0.0000000000
34441  -32.150  -47.315  64.844 0.0000000000
103584  -34.942  -42.786  64.253 0.0000000000
38285  -35.036  -43.808  64.067 0.0000000000
37421  -35.488  -44.765  63.623 0.0000000000
38298  -35.789  -44.107  63.555 0.0000000000
38299  -36.450  -43.959  63.235 0.0000000000
40993  -39.216  -40.366  62.234 0.0000000000
103753  -40.604  -40.301  61.048 0.0000000000
121807  -40.060  -39.696  61.696 0.0000000000
44637  -38.455  -36.076  62.202 0.0000000000
114134  -41.243  -34.879  61.215 0.0000000000
45483  -40.688  -35.370  61.658 0.0000000000
45495  -42.096  -35.204  60.412 0.0000000000
114601  -42.027  -36.048  60.456 0.0000000000
45500  -42.876  -35.135  59.603 0.0000000000
46309  -42.522  -34.394  59.924 0.0000000000
49894  -41.556  -30.159  59.113 0.0000000000
49908  -42.130  -30.748  58.630 0.0000000000
40055  -19.428  -41.440  67.259 0.0000000000
108188  -18.627  -41.310  67.177 0.0000000000
40046  -19.639  -41.620  68.495 0.0000000000
53613  -43.966  -26.947  56.668 0.0000000000
53614  -44.730  -27.030  56.349 0.0000000000
108433  -44.352  -26.268  56.366 0.0000000000
55430  -44.676  -23.979  55.011 0.0000000000
54531  -44.804  -24.785  54.840 0.0000000000
55441  -44.297  -24.396  54.183 0.0000000000
58058  -42.705  -21.266  51.732 0.0000000000
58045  -42.823  -21.191  52.712 0.0000000000
60703  -47.700  -18.640  41.678 0.0000000000
60644  -49.355  -18.114  46.476 0.0000000000
122894  -48.277  -18.202  45.834 0.0000000000
50856  -40.432  -29.142  59.983 0.0000000000
107572  -39.853  -28.945  60.540 0.0000000000
52685  -37.677  -27.955  60.956 0.0000000000
111170  -38.254  -27.658  60.927 0.0000000000
52696  -37.840  -27.499  60.813 0.0000000000
53573  -37.924  -26.474  60.005 0.0000000000
53572  -37.522  -26.917  59.785 0.0000000000
40069  -19.533  -41.575  65.181 0.0000000000
38276  -21.684  -43.049  64.136 0.0000000000
40983  -34.594  -40.812  63.454 0.0000000000
40071  -34.739  -41.215  63.984 0.0000000000
39161  -34.743  -41.946  64.213 0.0000000000
40072  -35.199  -41.538  64.079 0.0000000000
39163  -35.888  -41.629  63.787 0.0000000000
41850  -36.794  -39.193  63.369 0.0000000000
40986  -37.335  -39.813  63.448 0.0000000000
40987  -38.106  -39.705  63.180 0.0000000000
122888  -38.326  -34.117  61.960 0.0000000000
47139  -40.417  -33.317  61.837 0.0000000000
47972  -40.714  -32.634  61.517 0.0000000000
110803  -40.263  -31.950  61.724 0.0000000000
49863  -40.033  -30.557  61.348 0.0000000000
48906  -40.513  -31.336  61.194 0.0000000000
120034  -41.316  -30.662  59.737 0.0000000000
40060  -18.782  -41.407  65.751 0.0000000000
108042  -41.851  -24.152  57.297 0.0000000000
57141  -42.788  -22.124  56.228 0.0000000000
57154  -43.343  -21.591  55.815 0.0000000000
58927  -44.496  -20.039  50.501 0.0000000000
101969  -45.238  -20.081  50.112 0.0000000000
58929  -47.247  -20.524  50.600 0.0000000000
101506  -46.604  -20.256  51.094 0.0000000000
58073  -47.445  -20.905  51.212 0.0000000000
57208  -47.621  -21.793  51.326 0.0000000000
57224  -48.069  -22.427  50.651 0.0000000000
62447  -49.188  -16.515  43.274 0.0000000000
62440  -49.790  -15.652  44.169 0.0000000000
61551  -49.612  -17.385  46.179 0.0000000000
57267  -43.378  -22.569  46.912 0.0000000000
58107  -45.295  -21.283  48.247 0.0000000000
61610  -49.915  -17.820  39.704 0.0000000000
60719  -49.244  -18.143  40.071 0.0000000000
61603  -49.725  -17.523  40.530 0.0000000000
61590  -49.517  -17.158  41.361 0.0000000000
62463  -50.153  -16.722  41.008 0.0000000000
63320  -51.363  -14.894  42.294 0.0000000000
64216  -51.658  -14.677  43.234 0.0000000000
63316  -51.952  -14.384  42.622 0.0000000000
64225  -52.206  -14.354  42.433 0.0000000000
63331  -52.946  -14.572  41.243 0.0000000000
122897  -53.344  -14.120  38.439 0.0000000000
64252  -53.872  -14.092  38.654 0.0000000000
50894  -43.993  -29.326  55.415 0.0000000000
51822  -42.461  -28.530  57.652 0.0000000000
52728  -42.856  -27.753  57.418 0.0000000000
52729  -43.627  -27.652  56.934 0.0000000000
52708  -40.817  -27.993  58.934 0.0000000000
53588  -41.069  -26.293  58.372 0.0000000000
54486  -41.343  -24.769  57.688 0.0000000000
55386  -40.607  -24.454  57.983 0.0000000000
55409  -39.925  -24.696  57.291 0.0000000000
55395  -40.109  -24.474  57.558 0.0000000000
37361  -18.821  -44.009  67.823 0.0000000000
37351  -19.920  -44.149  68.727 0.0000000000
36360  -21.342  -44.969  68.370 0.0000000000
39146  -21.332  -43.098  67.212 0.0000000000
38262  -21.780  -43.843  66.833 0.0000000000
34435  -22.573  -46.799  64.451 0.0000000000
34451  -23.129  -47.122  63.764 0.0000000000
33575  -22.985  -47.378  63.410 0.0000000000
33576  -23.691  -47.617  63.190 0.0000000000
120843  -22.637  -42.355  63.295 0.0000000000
38290  -22.329  -43.060  63.594 0.0000000000
36434  -24.153  -45.008  63.627 0.0000000000
36435  -24.247  -46.217  63.583 0.0000000000
118172  -25.912  -47.859  63.710 0.0000000000
33590  -24.327  -48.201  63.048 0.0000000000
32756  -25.414  -49.251  63.076 0.0000000000
32743  -26.918  -48.991  64.264 0.0000000000
32744  -27.567  -49.305  64.016 0.0000000000
32758  -28.065  -49.438  62.464 0.0000000000
101991  -28.259  -49.402  63.450 0.0000000000
32723  -30.635  -48.971  64.584 0.0000000000
32735  -29.786  -48.987  64.794 0.0000000000
118964  -30.442  -49.117  64.340 0.0000000000
32761  -30.078  -49.359  63.510 0.0000000000
32746  -30.674  -49.283  63.822 0.0000000000
32747  -31.478  -49.276  63.506 0.0000000000
33581  -33.117  -48.550  63.903 0.0000000000
32749  -32.885  -48.918  63.061 0.0000000000
33593  -33.366  -48.616  63.370 0.0000000000
34474  -34.038  -48.109  62.525 0.0000000000
33594  -34.198  -48.258  63.169 0.0000000000
37406  -33.700  -44.672  64.493 0.0000000000
37405  -32.926  -44.354  64.501 0.0000000000
37390  -33.032  -45.041  64.689 0.0000000000
36402  -32.341  -45.416  64.796 0.0000000000
35420  -33.361  -46.434  64.539 0.0000000000
35421  -34.228  -46.479  64.130 0.0000000000
109157  -35.824  -46.252  63.338 0.0000000000
35422  -35.178  -46.530  63.635 0.0000000000
35431  -35.883  -46.869  63.114 0.0000000000
34467  -35.597  -47.282  62.963 0.0000000000
37434  -37.840  -44.821  62.354 0.0000000000
36471  -37.610  -45.204  62.271 0.0000000000
36457  -38.196  -44.766  62.148 0.0000000000
39176  -37.628  -42.210  62.782 0.0000000000
39185  -37.767  -43.169  62.545 0.0000000000
42766  -36.682  -38.670  62.798 0.0000000000
43691  -38.403  -37.370  62.664 0.0000000000
43672  -37.899  -37.763  62.986 0.0000000000
43673  -38.486  -37.783  62.824 0.0000000000
42752  -38.603  -38.192  62.888 0.0000000000
43674  -39.057  -37.975  62.833 0.0000000000
113819  -39.022  -34.922  62.498 0.0000000000
43709  -40.401  -36.892  61.917 0.0000000000
44626  -39.834  -36.223  62.435 0.0000000000
113470  -39.998  -37.591  62.267 0.0000000000
114247  -40.691  -37.810  61.554 0.0000000000
42780  -40.942  -38.702  61.228 0.0000000000
43737  -42.597  -37.514  59.767 0.0000000000
121463  -42.906  -38.196  59.443 0.0000000000
45506  -43.736  -35.215  58.690 0.0000000000
47166  -44.048  -34.029  58.159 0.0000000000
47989  -42.095  -32.882  60.189 0.0000000000
105607  -42.337  -32.367  59.570 0.0000000000
48030  -43.356  -32.413  57.984 0.0000000000
117346  -43.517  -32.745  57.499 0.0000000000
48990  -42.887  -32.155  55.946 0.0000000000
49933  -42.765  -29.774  56.482 0.0000000000
48972  -42.646  -30.576  56.118 0.0000000000
49945  -42.955  -29.727  55.666 0.0000000000
39124  -19.380  -42.426  69.644 0.0000000000
39123  -18.679  -42.128  69.908 0.0000000000
38236  -19.092  -42.642  69.670 0.0000000000
38246  -18.540  -42.991  69.319 0.0000000000
54502  -44.709  -25.704  55.881 0.0000000000
54518  -45.152  -25.682  55.333 0.0000000000
57177  -41.841  -22.537  53.724 0.0000000000
58035  -43.790  -20.483  54.360 0.0000000000
58023  -43.216  -20.923  54.895 0.0000000000
58025  -44.282  -20.768  54.974 0.0000000000
58036  -44.742  -20.893  54.436 0.0000000000
58916  -44.984  -19.833  52.185 0.0000000000
58905  -45.733  -20.354  52.770 0.0000000000
57192  -45.310  -22.108  53.719 0.0000000000
56341  -44.693  -23.095  53.124 0.0000000000
58133  -45.671  -22.082  46.544 0.0000000000
58120  -46.512  -21.816  46.641 0.0000000000
61581  -48.069  -17.821  43.395 0.0000000000
60695  -47.842  -18.239  42.578 0.0000000000
61573  -47.909  -18.073  44.182 0.0000000000
59840  -47.344  -19.318  44.705 0.0000000000
60688  -47.422  -18.867  44.010 0.0000000000
105176  -46.874  -19.561  43.899 0.0000000000
59023  -46.415  -20.307  43.862 0.0000000000
59016  -46.442  -20.918  44.579 0.0000000000
58985  -47.931  -20.624  46.706 0.0000000000
59002  -47.336  -20.771  45.930 0.0000000000
58972  -48.169  -20.719  47.507 0.0000000000
58957  -48.217  -20.996  48.417 0.0000000000
58973  -49.147  -20.925  47.790 0.0000000000
50823  -39.410  -29.881  61.425 0.0000000000
50840  -39.353  -29.088  61.108 0.0000000000
50822  -38.726  -29.302  61.455 0.0000000000
51780  -37.822  -28.541  61.112 0.0000000000
51795  -37.563  -28.216  60.588 0.0000000000
121184  -35.807  -40.434  63.588 0.0000000000
41849  -35.881  -39.672  63.259 0.0000000000
42749  -36.459  -38.910  63.189 0.0000000000
47987  -38.250  -32.272  61.304 0.0000000000
47126  -38.654  -33.183  62.212 0.0000000000
115052  -38.436  -32.311  61.817 0.0000000000
47956  -38.868  -32.124  62.181 0.0000000000
48877  -39.385  -31.909  62.097 0.0000000000
123015  -39.148  -31.196  62.001 0.0000000000
49862  -39.318  -30.612  61.742 0.0000000000
56308  -41.211  -23.273  56.614 0.0000000000
56297  -41.613  -23.035  56.534 0.0000000000
56309  -41.766  -22.773  56.365 0.0000000000
58954  -45.193  -20.614  49.249 0.0000000000
58940  -46.011  -20.288  49.776 0.0000000000
101932  -46.740  -20.290  50.282 0.0000000000
58930  -47.749  -21.070  50.373 0.0000000000
58094  -48.799  -21.924  49.497 0.0000000000
63314  -50.495  -14.973  43.791 0.0000000000
63303  -50.510  -15.304  44.727 0.0000000000
120805  -50.605  -15.707  44.956 0.0000000000
61611  -50.623  -17.562  39.378 0.0000000000
62464  -50.877  -16.309  40.680 0.0000000000
63329  -51.553  -15.357  41.358 0.0000000000
64234  -52.424  -14.404  42.054 0.0000000000
106498  -53.161  -14.592  40.275 0.0000000000
64256  -53.546  -13.876  37.860 0.0000000000
64257  -53.886  -13.888  37.855 0.0000000000
63354  -54.454  -14.770  37.807 0.0000000000
50876  -43.064  -29.127  56.792 0.0000000000
50875  -42.605  -29.222  57.395 0.0000000000
52706  -39.397  -26.882  59.843 0.0000000000
112352  -40.040  -26.677  59.333 0.0000000000
53575  -39.402  -26.001  59.433 0.0000000000
54463  -39.440  -25.388  58.939 0.0000000000
54473  -39.889  -24.938  58.431 0.0000000000
54485  -39.510  -24.882  58.018 0.0000000000
54498  -39.466  -25.428  57.524 0.0000000000
118450  -19.861  -43.046  69.550 0.0000000000
37339  -20.199  -43.674  69.215 0.0000000000
38248  -20.498  -43.465  69.177 0.0000000000
38249  -21.152  -43.924  68.842 0.0000000000
37352  -21.477  -44.676  68.431 0.0000000000
35417  -23.059  -46.790  64.146 0.0000000000
35419  -25.242  -46.229  63.838 0.0000000000
33578  -26.693  -48.056  64.176 0.0000000000
32719  -28.036  -48.316  65.074 0.0000000000
33579  -31.469  -48.948  64.410 0.0000000000
32737  -31.995  -49.194  63.959 0.0000000000
33580  -32.333  -48.821  64.176 0.0000000000
116961  -33.543  -48.022  64.082 0.0000000000
38283  -33.720  -43.272  64.284 0.0000000000
104643  -34.163  -43.901  64.419 0.0000000000
36422  -34.448  -45.593  64.150 0.0000000000
36440  -36.033  -45.559  63.295 0.0000000000
37423  -37.125  -44.646  62.742 0.0000000000
38309  -37.882  -44.109  62.464 0.0000000000
106815  -38.097  -40.737  62.867 0.0000000000
40093  -38.816  -41.322  62.248 0.0000000000
41001  -39.583  -41.421  61.621 0.0000000000
41880  -41.070  -39.586  60.814 0.0000000000
44623  -38.231  -36.826  62.305 0.0000000000
45482  -40.078  -35.429  62.331 0.0000000000
44638  -41.031  -36.524  61.365 0.0000000000
44649  -41.612  -36.619  60.741 0.0000000000
44650  -42.348  -36.709  60.171 0.0000000000
114521  -43.464  -35.968  59.124 0.0000000000
45501  -43.416  -35.000  59.165 0.0000000000
46316  -43.545  -34.422  58.918 0.0000000000
48922  -41.960  -31.740  59.587 0.0000000000
48937  -42.447  -31.699  58.970 0.0000000000
48955  -42.885  -31.589  57.818 0.0000000000
118729  -42.589  -30.781  57.652 0.0000000000
40053  -18.144  -41.437  66.427 0.0000000000
40044  -17.888  -41.399  67.628 0.0000000000
39132  -19.704  -42.107  69.425 0.0000000000
54517  -44.629  -24.993  55.575 0.0000000000
55431  -44.782  -24.838  55.197 0.0000000000
57191  -42.306  -21.846  53.181 0.0000000000
58046  -43.636  -20.561  53.283 0.0000000000
58893  -44.377  -20.215  53.764 0.0000000000
57194  -46.576  -21.373  52.440 0.0000000000
58047  -46.074  -20.916  53.071 0.0000000000
61565  -48.460  -17.598  45.278 0.0000000000
59826  -47.351  -19.914  45.369 0.0000000000
62482  -52.114  -16.281  38.307 0.0000000000
62488  -52.453  -15.740  37.665 0.0000000000
63365  -52.667  -14.829  37.088 0.0000000000
62511  -52.185  -15.738  36.149 0.0000000000
64267  -53.292  -13.499  36.868 0.0000000000
50857  -41.048  -29.301  59.276 0.0000000000
52698  -39.447  -27.701  60.266 0.0000000000
51797  -39.362  -28.391  60.708 0.0000000000
110889  -38.856  -27.858  60.763 0.0000000000
54460  -37.850  -26.408  59.570 0.0000000000
54470  -38.065  -26.144  59.131 0.0000000000
117132  -20.076  -41.708  66.717 0.0000000000
38268  -21.682  -43.551  64.962 0.0000000000
35409  -30.842  -46.554  65.391 0.0000000000
39160  -34.200  -41.848  64.062 0.0000000000
106699  -36.551  -43.214  63.348 0.0000000000
39175  -36.261  -42.449  63.599 0.0000000000
40081  -36.861  -41.705  63.466 0.0000000000
40082  -37.603  -41.229  63.137 0.0000000000
107357  -37.066  -40.699  63.527 0.0000000000
41863  -38.807  -39.357  62.733 0.0000000000
45481  -38.448  -35.301  62.127 0.0000000000
113148  -38.565  -34.655  62.176 0.0000000000
46290  -39.182  -34.150  62.427 0.0000000000
47127  -38.992  -33.464  62.409 0.0000000000
46291  -40.104  -34.054  62.191 0.0000000000
112331  -40.984  -33.977  61.446 0.0000000000
47152  -41.614  -33.442  60.727 0.0000000000
47988  -41.393  -32.711  60.846 0.0000000000
48907  -41.099  -31.517  60.583 0.0000000000
48921  -41.465  -31.318  59.975 0.0000000000
54487  -42.420  -25.232  57.311 0.0000000000
55399  -43.074  -24.846  56.747 0.0000000000
55411  -43.568  -24.142  56.403 0.0000000000
56298  -42.169  -22.786  56.491 0.0000000000
56299  -43.117  -23.011  56.422 0.0000000000
56300  -43.913  -23.463  56.007 0.0000000000
56311  -44.153  -22.892  55.641 0.0000000000
56320  -44.558  -22.829  55.168 0.0000000000
58072  -43.061  -20.917  50.300 0.0000000000
58926  -43.821  -20.252  50.871 0.0000000000
104847  -44.522  -19.889  51.287 0.0000000000
58917  -46.069  -20.235  51.936 0.0000000000
58059  -47.096  -21.249  51.908 0.0000000000
61589  -48.866  -17.541  41.689 0.0000000000
60696  -48.261  -17.909  42.043 0.0000000000
61582  -48.729  -17.270  42.539 0.0000000000
103875  -48.585  -17.155  43.404 0.0000000000
62432  -49.738  -15.922  45.111 0.0000000000
62431  -49.072  -16.694  45.221 0.0000000000
62422  -49.157  -17.094  45.927 0.0000000000
48919  -38.140  -30.719  60.465 0.0000000000
49877  -37.950  -30.018  60.823 0.0000000000
122019  -38.111  -30.034  60.048 0.0000000000
45493  -38.768  -35.600  61.032 0.0000000000
46306  -38.417  -34.123  61.260 0.0000000000
47151  -38.541  -33.567  60.669 0.0000000000
47159  -38.458  -32.883  60.577 0.0000000000
48905  -38.166  -31.477  60.927 0.0000000000
55439  -40.714  -24.681  53.840 0.0000000000
56329  -40.988  -23.834  53.636 0.0000000000
121438  -40.898  -23.767  52.905 0.0000000000
56340  -40.966  -23.383  52.419 0.0000000000
58057  -42.142  -21.738  51.311 0.0000000000
58071  -42.551  -21.315  50.849 0.0000000000
106603  -42.358  -21.489  50.125 0.0000000000
58091  -43.429  -21.063  49.438 0.0000000000
58106  -43.446  -21.573  48.544 0.0000000000
58092  -44.300  -21.099  48.829 0.0000000000
60718  -48.579  -18.501  40.424 0.0000000000
62449  -50.606  -15.415  42.681 0.0000000000
63308  -51.094  -14.717  43.963 0.0000000000
63309  -51.555  -14.861  43.550 0.0000000000
62441  -51.582  -15.355  43.777 0.0000000000
63340  -52.881  -14.680  39.390 0.0000000000
64244  -53.438  -14.319  39.351 0.0000000000
111935  -43.853  -28.626  56.551 0.0000000000
51831  -44.667  -28.249  56.325 0.0000000000
111456  -42.686  -26.280  57.369 0.0000000000
51813  -41.209  -28.627  58.782 0.0000000000
52716  -40.775  -27.102  58.779 0.0000000000
53602  -42.388  -27.018  57.634 0.0000000000
55396  -40.430  -24.231  57.294 0.0000000000
56286  -40.959  -23.467  56.973 0.0000000000
55429  -40.732  -24.621  54.831 0.0000000000
50855  -37.767  -29.366  60.146 0.0000000000
51794  -37.372  -27.994  59.772 0.0000000000
51812  -37.203  -27.984  58.878 0.0000000000
52705  -37.355  -27.629  59.428 0.0000000000
53585  -37.390  -27.308  59.165 0.0000000000
53598  -37.321  -27.341  58.506 0.0000000000
53599  -37.764  -26.618  58.443 0.0000000000
53600  -38.299  -26.293  58.022 0.0000000000
53611  -38.681  -26.483  57.228 0.0000000000
37371  -18.827  -44.190  66.816 0.0000000000
39139  -20.913  -42.574  67.691 0.0000000000
121761  -22.932  -45.290  63.978 0.0000000000
35418  -24.189  -47.010  63.538 0.0000000000
34452  -23.929  -47.384  63.355 0.0000000000
102011  -26.146  -49.106  63.715 0.0000000000
33563  -27.922  -47.904  65.662 0.0000000000
116398  -28.438  -48.802  64.787 0.0000000000
32733  -28.372  -49.200  64.337 0.0000000000
32745  -29.193  -49.366  63.725 0.0000000000
32748  -32.245  -49.154  63.264 0.0000000000
32763  -32.343  -49.010  62.509 0.0000000000
108618  -31.142  -45.804  65.133 0.0000000000
110768  -31.688  -45.896  65.119 0.0000000000
37404  -32.636  -44.458  64.409 0.0000000000
37388  -32.253  -44.981  64.550 0.0000000000
35410  -32.441  -46.314  64.899 0.0000000000
34442  -33.041  -47.265  64.508 0.0000000000
33582  -34.278  -47.956  63.669 0.0000000000
34456  -34.719  -47.255  63.697 0.0000000000
34466  -34.930  -47.699  63.186 0.0000000000
34475  -34.876  -47.757  62.812 0.0000000000
38310  -38.575  -43.544  62.132 0.0000000000
39187  -38.927  -42.905  61.831 0.0000000000
37436  -38.947  -43.899  61.821 0.0000000000
42750  -37.228  -38.363  63.224 0.0000000000
41852  -38.736  -38.566  62.848 0.0000000000
41864  -39.231  -38.756  62.603 0.0000000000
44625  -39.218  -36.670  62.612 0.0000000000
43692  -39.258  -37.477  62.640 0.0000000000
42769  -39.572  -38.198  62.442 0.0000000000
41865  -39.887  -39.017  62.048 0.0000000000
103980  -41.609  -39.062  60.515 0.0000000000
47161  -42.794  -33.858  59.579 0.0000000000
47162  -43.254  -33.764  59.184 0.0000000000
48018  -42.889  -32.574  58.991 0.0000000000
48008  -43.235  -33.209  58.979 0.0000000000
47165  -43.620  -33.718  58.612 0.0000000000
48989  -42.624  -31.333  55.591 0.0000000000
37360  -17.861  -43.746  67.971 0.0000000000
118539  -44.944  -26.519  56.052 0.0000000000
108049  -41.450  -23.168  54.301 0.0000000000
119606  -41.997  -22.362  54.914 0.0000000000
57166  -42.678  -21.583  55.414 0.0000000000
58014  -43.328  -21.147  55.553 0.0000000000
58015  -43.899  -21.117  55.397 0.0000000000
112518  -44.876  -22.351  54.496 0.0000000000
103005  -44.284  -20.031  52.779 0.0000000000
58894  -44.874  -20.424  53.896 0.0000000000
57179  -45.065  -21.571  54.322 0.0000000000
58119  -45.938  -21.708  47.374 0.0000000000
60694  -47.269  -18.846  42.453 0.0000000000
59863  -46.651  -19.524  42.307 0.0000000000
60687  -46.949  -19.119  43.181 0.0000000000
121035  -46.429  -21.542  44.919 0.0000000000
59001  -46.764  -21.275  45.319 0.0000000000
112715  -46.940  -21.547  46.021 0.0000000000
58958  -48.834  -21.401  48.825 0.0000000000
32722  -30.149  -48.766  64.962 0.0000000000
32730  -26.403  -48.585  63.962 0.0000000000
33602  -33.452  -48.553  62.858 0.0000000000
38237  -20.118  -42.788  69.462 0.0000000000
38284  -34.418  -43.244  64.313 0.0000000000
40979  -35.453  -40.998  63.846 0.0000000000
43738  -43.292  -37.583  59.249 0.0000000000
47955  -38.605  -32.593  62.091 0.0000000000
48888  -38.008  -30.815  60.987 0.0000000000
50809  -38.539  -29.934  61.485 0.0000000000
50821  -38.190  -29.078  61.321 0.0000000000
50839  -37.800  -29.328  60.827 0.0000000000
51781  -38.018  -28.201  61.293 0.0000000000
51782  -38.323  -28.736  61.344 0.0000000000
52715  -37.160  -27.804  58.651 0.0000000000
53562  -37.724  -26.968  60.335 0.0000000000
53563  -38.064  -26.914  60.471 0.0000000000
58070  -41.935  -21.919  50.578 0.0000000000
58895  -45.458  -20.537  53.390 0.0000000000
101992  -26.863  -49.338  63.570 0.0000000000
104459  -29.889  -49.208  64.237 0.0000000000
109672  -37.949  -29.254  61.145 0.0000000000
112677  -38.733  -42.280  62.038 0.0000000000
122854  -27.794  -48.030  65.175 0.0000000000
