#!ascii label  , from subject sub-v2s3x28752_ses-1 vox2ras=TkReg
1801
66865  -41.816  -25.197  52.336 0.0000000000
76051  -57.925  -15.595  47.431 0.0000000000
151119  -49.296  -19.713  48.939 0.0000000000
49560  -11.183  -41.384  74.799 0.0000000000
157996  -40.473  -26.388  57.632 0.0000000000
49594  -26.246  -39.830  73.108 0.0000000000
54662  -33.713  -35.873  72.603 0.0000000000
57060  -40.878  -33.429  68.425 0.0000000000
61211  -44.045  -29.724  65.877 0.0000000000
48713  -19.595  -41.469  67.629 0.0000000000
150483  -23.390  -40.921  72.491 0.0000000000
143402  -24.618  -40.868  66.953 0.0000000000
57073  -29.720  -33.309  66.333 0.0000000000
153440  -34.856  -34.508  69.297 0.0000000000
68951  -43.254  -22.367  59.542 0.0000000000
68976  -47.007  -22.169  57.418 0.0000000000
75040  -53.671  -17.487  48.533 0.0000000000
69040  -45.680  -22.613  50.369 0.0000000000
135672  -55.765  -13.754  40.968 0.0000000000
47599  -8.482  -43.445  76.283 0.0000000000
66734  -43.481  -24.244  62.558 0.0000000000
149004  -39.367  -24.336  55.901 0.0000000000
53712  -28.307  -37.346  65.796 0.0000000000
148315  -30.333  -38.904  69.953 0.0000000000
72022  -49.256  -19.042  55.509 0.0000000000
148580  -61.595  -12.361  37.089 0.0000000000
57109  -40.064  -34.456  66.110 0.0000000000
58170  -41.753  -32.615  64.248 0.0000000000
48732  -22.067  -41.473  67.085 0.0000000000
133503  -33.853  -35.706  64.931 0.0000000000
143277  -36.702  -35.501  66.155 0.0000000000
55924  -37.874  -33.885  69.256 0.0000000000
143852  -43.328  -24.485  56.044 0.0000000000
67827  -45.650  -23.297  59.418 0.0000000000
66807  -44.996  -24.581  55.069 0.0000000000
75062  -56.124  -16.484  47.793 0.0000000000
153469  -55.791  -16.185  51.925 0.0000000000
79107  -59.889  -13.357  47.383 0.0000000000
47653  -9.381  -42.782  72.406 0.0000000000
48567  -9.853  -42.129  75.820 0.0000000000
63495  -43.131  -27.826  61.885 0.0000000000
63483  -44.453  -27.237  64.018 0.0000000000
65752  -42.516  -25.386  60.426 0.0000000000
66750  -40.329  -23.956  60.214 0.0000000000
66778  -39.246  -24.458  57.633 0.0000000000
50630  -24.496  -39.683  72.903 0.0000000000
49543  -23.846  -40.230  76.909 0.0000000000
51608  -26.116  -38.541  77.683 0.0000000000
49581  -28.280  -40.590  74.899 0.0000000000
53747  -26.981  -36.849  62.003 0.0000000000
58187  -27.476  -33.327  62.221 0.0000000000
55889  -30.876  -34.389  72.209 0.0000000000
54701  -29.678  -35.860  70.693 0.0000000000
53670  -32.375  -37.238  69.953 0.0000000000
49673  -32.124  -40.312  69.339 0.0000000000
49625  -14.926  -40.924  71.120 0.0000000000
50612  -17.375  -40.067  73.635 0.0000000000
51615  -18.252  -39.099  75.816 0.0000000000
71095  -47.454  -21.203  49.577 0.0000000000
70074  -48.961  -21.917  52.734 0.0000000000
71081  -50.077  -20.445  52.073 0.0000000000
79242  -63.053  -12.197  35.291 0.0000000000
139588  -12.189  -41.642  79.407 0.0000000000
59103  -40.900  -31.234  72.614 0.0000000000
60123  -43.236  -30.940  70.213 0.0000000000
58134  -42.739  -32.217  67.166 0.0000000000
60184  -42.921  -30.539  63.531 0.0000000000
48669  -19.251  -41.264  70.551 0.0000000000
48632  -21.241  -41.777  72.458 0.0000000000
133255  -21.532  -41.907  69.967 0.0000000000
49651  -23.608  -40.796  70.195 0.0000000000
134332  -25.315  -39.372  69.754 0.0000000000
60192  -29.433  -31.435  62.415 0.0000000000
148480  -31.261  -33.393  62.797 0.0000000000
57056  -32.959  -32.851  67.586 0.0000000000
56991  -33.068  -32.617  72.204 0.0000000000
58078  -35.955  -33.048  72.181 0.0000000000
58068  -38.760  -32.014  72.268 0.0000000000
49712  -17.352  -40.520  67.732 0.0000000000
70941  -43.998  -20.862  63.413 0.0000000000
72839  -46.545  -18.670  66.131 0.0000000000
152048  -45.929  -19.608  62.692 0.0000000000
70980  -48.117  -20.444  61.577 0.0000000000
74027  -51.205  -17.519  48.674 0.0000000000
73988  -51.091  -17.906  52.229 0.0000000000
147640  -53.586  -16.707  52.287 0.0000000000
44732  -6.133  -46.117  80.371 0.0000000000
134838  -43.904  -24.198  51.154 0.0000000000
72113  -44.234  -20.204  47.718 0.0000000000
73099  -48.793  -19.211  46.759 0.0000000000
74070  -50.388  -18.238  45.574 0.0000000000
135763  -53.071  -17.055  44.931 0.0000000000
76077  -54.812  -15.967  44.060 0.0000000000
77115  -56.978  -15.084  44.286 0.0000000000
137932  -53.981  -15.080  42.085 0.0000000000
48521  -9.788  -41.672  80.326 0.0000000000
48514  -7.016  -41.694  81.860 0.0000000000
45628  -5.924  -44.528  82.201 0.0000000000
66682  -45.988  -24.390  69.008 0.0000000000
62263  -44.342  -28.471  67.982 0.0000000000
65711  -45.043  -25.851  66.415 0.0000000000
67780  -45.151  -23.628  64.687 0.0000000000
149931  -42.190  -22.559  61.535 0.0000000000
142611  -41.631  -23.331  57.482 0.0000000000
140174  -40.850  -25.101  53.971 0.0000000000
48601  -22.986  -41.615  74.784 0.0000000000
50720  -26.573  -39.777  66.407 0.0000000000
51660  -26.612  -39.185  69.383 0.0000000000
55982  -29.595  -35.191  65.731 0.0000000000
53667  -28.661  -37.697  69.839 0.0000000000
49632  -28.345  -40.246  71.153 0.0000000000
48637  -30.634  -41.387  73.062 0.0000000000
48629  -11.347  -41.745  72.004 0.0000000000
147366  -13.013  -41.200  70.952 0.0000000000
131500  -13.242  -40.808  73.868 0.0000000000
67888  -47.153  -23.538  54.138 0.0000000000
71044  -48.500  -20.550  56.080 0.0000000000
71991  -50.224  -18.637  57.240 0.0000000000
73954  -51.090  -17.632  55.322 0.0000000000
78179  -58.581  -13.973  43.398 0.0000000000
79146  -60.203  -12.316  42.522 0.0000000000
137630  -62.030  -10.690  41.125 0.0000000000
80186  -60.044  -11.687  38.561 0.0000000000
149109  -63.160  -11.044  39.280 0.0000000000
148196  -38.881  -34.767  65.059 0.0000000000
57146  -39.868  -34.061  63.820 0.0000000000
56066  -39.254  -34.106  62.420 0.0000000000
54810  -36.301  -35.610  64.538 0.0000000000
56040  -37.650  -35.075  64.064 0.0000000000
56002  -38.299  -34.940  65.699 0.0000000000
140173  -42.379  -25.086  53.707 0.0000000000
66806  -44.036  -24.617  55.456 0.0000000000
66845  -43.810  -24.986  53.290 0.0000000000
76050  -56.955  -15.976  47.362 0.0000000000
76021  -57.008  -16.541  49.979 0.0000000000
76023  -58.226  -15.545  49.413 0.0000000000
78135  -59.264  -13.894  49.238 0.0000000000
77100  -59.126  -14.725  46.690 0.0000000000
48608  -10.239  -42.446  73.015 0.0000000000
48596  -10.183  -42.441  74.027 0.0000000000
48584  -10.513  -41.693  75.392 0.0000000000
63535  -42.330  -26.842  59.688 0.0000000000
64659  -42.874  -26.403  60.402 0.0000000000
64673  -42.320  -25.893  59.643 0.0000000000
65764  -40.325  -24.737  59.122 0.0000000000
65778  -39.898  -25.102  58.453 0.0000000000
50614  -19.009  -40.034  73.880 0.0000000000
131499  -25.230  -39.568  73.041 0.0000000000
50585  -25.457  -39.289  75.758 0.0000000000
50586  -26.160  -39.182  76.059 0.0000000000
50587  -27.128  -39.322  76.270 0.0000000000
49580  -27.467  -40.096  74.550 0.0000000000
54659  -31.330  -35.360  73.700 0.0000000000
53625  -30.843  -35.826  72.740 0.0000000000
139282  -32.841  -36.464  71.964 0.0000000000
53688  -33.484  -37.228  68.930 0.0000000000
49629  -17.977  -40.806  71.523 0.0000000000
49588  -17.869  -40.279  72.999 0.0000000000
50596  -18.432  -39.682  74.421 0.0000000000
67714  -47.436  -23.786  68.982 0.0000000000
72104  -48.584  -20.157  48.825 0.0000000000
71088  -49.344  -21.193  51.140 0.0000000000
72089  -50.102  -20.001  50.092 0.0000000000
58095  -40.470  -32.447  70.369 0.0000000000
58096  -42.155  -32.193  70.033 0.0000000000
58120  -41.837  -33.039  68.486 0.0000000000
59187  -42.186  -31.982  63.731 0.0000000000
60211  -41.703  -30.704  61.619 0.0000000000
61269  -41.880  -29.800  61.432 0.0000000000
152147  -19.604  -41.507  69.560 0.0000000000
48670  -20.112  -41.637  70.386 0.0000000000
48701  -20.333  -41.711  68.802 0.0000000000
49714  -22.898  -41.141  67.024 0.0000000000
48704  -23.218  -41.295  68.510 0.0000000000
49692  -23.996  -40.784  68.484 0.0000000000
49671  -24.397  -40.272  69.221 0.0000000000
49693  -24.854  -40.426  68.465 0.0000000000
58198  -30.578  -32.653  61.544 0.0000000000
54759  -34.337  -35.314  67.089 0.0000000000
55985  -33.430  -34.738  66.277 0.0000000000
55942  -33.875  -34.308  68.126 0.0000000000
58091  -32.815  -32.521  70.399 0.0000000000
57022  -34.393  -33.503  70.371 0.0000000000
58065  -34.488  -32.680  72.675 0.0000000000
57023  -35.315  -33.844  70.733 0.0000000000
157280  -39.027  -33.201  69.545 0.0000000000
58094  -38.218  -32.880  70.787 0.0000000000
133670  -39.516  -32.497  70.699 0.0000000000
58081  -39.631  -31.737  72.126 0.0000000000
49713  -18.170  -41.143  67.513 0.0000000000
151394  -43.925  -20.919  61.489 0.0000000000
71891  -44.904  -19.711  62.965 0.0000000000
69977  -44.696  -21.062  61.200 0.0000000000
68964  -46.336  -22.860  58.951 0.0000000000
70003  -47.179  -21.827  60.888 0.0000000000
137611  -47.610  -21.127  60.218 0.0000000000
138308  -48.961  -19.313  60.675 0.0000000000
155719  -48.284  -20.317  58.767 0.0000000000
74028  -52.240  -17.656  49.116 0.0000000000
74014  -52.453  -18.287  50.058 0.0000000000
154226  -53.795  -17.945  50.720 0.0000000000
75972  -57.065  -16.105  54.925 0.0000000000
73115  -49.474  -18.499  45.800 0.0000000000
74086  -49.153  -17.492  44.575 0.0000000000
75091  -51.891  -17.117  44.288 0.0000000000
75108  -52.403  -16.516  43.671 0.0000000000
75094  -54.289  -16.463  44.658 0.0000000000
76092  -53.681  -15.921  43.240 0.0000000000
76093  -54.495  -15.807  43.280 0.0000000000
46631  -8.199  -43.852  74.736 0.0000000000
46591  -7.276  -43.711  77.646 0.0000000000
49497  -12.474  -41.746  81.370 0.0000000000
48528  -10.602  -41.751  79.661 0.0000000000
48517  -10.772  -41.750  81.693 0.0000000000
48497  -7.864  -41.845  83.640 0.0000000000
46550  -7.650  -43.103  83.842 0.0000000000
47559  -5.686  -43.133  82.506 0.0000000000
45629  -7.124  -44.582  82.311 0.0000000000
44718  -7.377  -45.073  81.619 0.0000000000
60134  -43.792  -30.248  68.141 0.0000000000
142921  -43.801  -29.859  69.342 0.0000000000
62278  -44.333  -28.835  67.055 0.0000000000
65731  -44.740  -25.807  63.379 0.0000000000
64598  -44.879  -26.704  65.455 0.0000000000
65723  -45.099  -25.606  64.095 0.0000000000
66721  -45.503  -24.515  65.167 0.0000000000
67793  -44.485  -23.568  63.888 0.0000000000
159087  -43.285  -22.423  63.587 0.0000000000
67802  -42.669  -23.365  62.764 0.0000000000
67836  -39.907  -23.740  58.137 0.0000000000
68960  -41.096  -22.984  58.877 0.0000000000
66788  -40.570  -24.122  56.520 0.0000000000
66803  -41.100  -24.545  55.511 0.0000000000
66816  -39.573  -24.617  55.011 0.0000000000
49592  -22.850  -41.460  72.996 0.0000000000
48613  -22.384  -41.873  73.775 0.0000000000
49577  -23.018  -41.272  73.991 0.0000000000
53737  -27.685  -36.591  63.652 0.0000000000
52728  -26.994  -37.969  63.842 0.0000000000
51710  -27.469  -38.485  65.616 0.0000000000
138750  -27.097  -39.464  68.053 0.0000000000
134796  -28.258  -37.927  66.724 0.0000000000
59160  -29.987  -32.579  64.295 0.0000000000
58166  -28.707  -32.863  63.688 0.0000000000
57091  -29.532  -34.688  65.522 0.0000000000
52658  -29.824  -37.394  71.136 0.0000000000
54700  -29.287  -36.361  70.207 0.0000000000
52666  -28.741  -37.959  70.284 0.0000000000
132519  -28.114  -38.828  70.163 0.0000000000
50659  -29.275  -39.706  70.032 0.0000000000
133518  -29.166  -40.715  71.420 0.0000000000
49654  -30.686  -40.425  69.995 0.0000000000
55815  -35.754  -34.607  75.448 0.0000000000
140125  -14.000  -41.104  71.090 0.0000000000
157965  -14.252  -41.173  72.595 0.0000000000
159015  -13.474  -41.134  72.730 0.0000000000
51592  -18.409  -38.158  77.659 0.0000000000
67953  -44.395  -23.571  50.638 0.0000000000
67915  -45.653  -24.143  52.480 0.0000000000
67936  -46.468  -23.380  51.714 0.0000000000
71072  -49.060  -20.725  53.938 0.0000000000
70061  -48.670  -21.512  54.287 0.0000000000
71051  -48.810  -20.258  55.343 0.0000000000
71990  -48.843  -19.273  56.841 0.0000000000
72006  -49.464  -19.259  56.174 0.0000000000
74961  -51.968  -16.769  54.338 0.0000000000
73976  -50.562  -17.464  53.511 0.0000000000
73955  -52.012  -17.362  55.543 0.0000000000
77142  -56.535  -14.672  42.294 0.0000000000
78178  -57.705  -14.526  43.183 0.0000000000
77155  -56.872  -14.154  41.725 0.0000000000
79158  -58.580  -12.934  41.099 0.0000000000
79171  -59.121  -12.457  40.608 0.0000000000
81109  -61.087  -11.176  41.758 0.0000000000
80165  -60.138  -11.618  40.294 0.0000000000
80214  -59.662  -12.424  36.926 0.0000000000
80213  -58.734  -12.183  36.744 0.0000000000
80192  -60.380  -12.050  37.877 0.0000000000
81132  -61.426  -10.937  38.733 0.0000000000
157895  -62.852  -10.769  38.030 0.0000000000
80194  -63.355  -11.190  37.569 0.0000000000
138267  -64.358  -12.069  35.697 0.0000000000
57076  -40.004  -33.837  67.934 0.0000000000
57078  -41.289  -33.723  66.950 0.0000000000
57110  -40.774  -33.926  65.776 0.0000000000
58180  -40.901  -32.989  63.166 0.0000000000
48714  -20.354  -41.540  67.415 0.0000000000
54822  -34.300  -35.771  63.363 0.0000000000
135795  -35.143  -35.776  65.829 0.0000000000
54761  -35.794  -35.405  67.503 0.0000000000
55923  -36.513  -34.357  69.643 0.0000000000
55946  -37.604  -34.598  68.147 0.0000000000
55968  -38.727  -34.618  67.265 0.0000000000
149325  -43.380  -23.610  57.819 0.0000000000
67814  -45.075  -23.126  59.861 0.0000000000
67851  -44.331  -23.896  57.810 0.0000000000
139777  -45.259  -23.797  57.486 0.0000000000
67868  -46.137  -23.591  56.187 0.0000000000
75041  -54.315  -17.174  48.394 0.0000000000
75014  -54.867  -17.606  49.789 0.0000000000
75016  -56.363  -16.677  50.461 0.0000000000
75997  -56.959  -15.726  51.637 0.0000000000
79115  -60.502  -12.270  46.475 0.0000000000
155793  -8.993  -43.435  74.737 0.0000000000
47600  -9.218  -42.746  76.280 0.0000000000
62328  -43.526  -28.782  63.350 0.0000000000
62316  -44.263  -28.446  64.901 0.0000000000
63496  -43.636  -27.574  62.558 0.0000000000
64636  -43.744  -26.157  62.013 0.0000000000
65743  -42.714  -24.938  61.145 0.0000000000
66742  -41.980  -24.087  61.703 0.0000000000
66752  -41.791  -24.546  60.904 0.0000000000
66760  -39.727  -24.028  58.907 0.0000000000
66786  -38.880  -24.351  56.508 0.0000000000
50615  -24.211  -39.948  73.351 0.0000000000
50599  -24.042  -40.082  74.611 0.0000000000
50600  -24.731  -39.839  74.569 0.0000000000
50557  -24.955  -38.965  77.286 0.0000000000
49544  -28.409  -40.137  77.597 0.0000000000
56078  -27.055  -34.762  61.989 0.0000000000
144645  -27.697  -35.128  63.614 0.0000000000
57019  -30.701  -33.824  69.791 0.0000000000
55921  -30.389  -34.497  69.257 0.0000000000
135391  -30.173  -35.462  71.911 0.0000000000
53636  -30.567  -36.320  71.950 0.0000000000
51652  -31.005  -38.410  70.393 0.0000000000
50668  -31.643  -39.740  69.405 0.0000000000
51663  -32.440  -38.530  69.071 0.0000000000
49689  -16.093  -40.047  68.829 0.0000000000
49648  -16.044  -40.286  70.389 0.0000000000
148193  -15.967  -40.319  73.576 0.0000000000
50578  -16.647  -39.429  74.993 0.0000000000
147598  -17.100  -39.507  74.699 0.0000000000
70089  -46.917  -21.774  50.061 0.0000000000
69031  -47.639  -22.643  51.686 0.0000000000
136056  -48.106  -22.040  51.274 0.0000000000
70075  -49.618  -21.239  52.120 0.0000000000
72058  -49.655  -19.297  53.512 0.0000000000
78210  -55.279  -13.344  40.473 0.0000000000
78211  -56.162  -13.318  40.482 0.0000000000
79167  -55.721  -12.759  39.976 0.0000000000
80238  -59.970  -12.073  36.031 0.0000000000
80215  -62.317  -12.216  36.618 0.0000000000
80240  -61.121  -12.232  34.977 0.0000000000
156024  -61.459  -12.312  34.160 0.0000000000
49550  -12.634  -40.787  76.021 0.0000000000
49549  -11.805  -41.081  76.419 0.0000000000
60089  -42.721  -30.932  73.395 0.0000000000
59117  -42.326  -31.177  71.472 0.0000000000
59144  -43.031  -31.854  68.845 0.0000000000
60148  -43.535  -31.042  66.792 0.0000000000
58155  -42.443  -32.259  65.526 0.0000000000
59164  -42.932  -31.606  65.160 0.0000000000
60169  -43.750  -30.275  64.810 0.0000000000
62327  -42.915  -29.235  62.761 0.0000000000
62362  -41.860  -28.413  60.513 0.0000000000
48650  -18.885  -41.053  71.443 0.0000000000
48631  -20.140  -41.228  72.813 0.0000000000
48651  -19.887  -41.413  71.241 0.0000000000
151186  -21.878  -41.943  71.749 0.0000000000
48653  -22.514  -41.779  71.167 0.0000000000
48687  -21.394  -41.827  68.939 0.0000000000
48672  -23.094  -41.410  70.665 0.0000000000
49611  -23.517  -40.705  71.813 0.0000000000
50639  -23.902  -39.761  71.498 0.0000000000
50640  -24.456  -39.444  71.035 0.0000000000
50641  -25.038  -39.245  71.448 0.0000000000
59198  -30.188  -32.064  62.068 0.0000000000
146264  -31.630  -33.167  64.297 0.0000000000
56018  -32.451  -34.655  63.879 0.0000000000
136839  -32.473  -33.502  65.569 0.0000000000
144390  -31.488  -32.572  66.902 0.0000000000
58090  -32.035  -32.863  69.755 0.0000000000
56990  -31.740  -33.743  72.356 0.0000000000
55848  -32.730  -34.836  74.198 0.0000000000
131749  -34.197  -35.514  73.708 0.0000000000
56949  -33.778  -33.755  74.369 0.0000000000
58035  -34.854  -32.891  74.502 0.0000000000
58054  -36.395  -32.275  73.890 0.0000000000
137823  -36.954  -33.508  70.637 0.0000000000
131634  -37.306  -32.341  72.529 0.0000000000
58038  -37.697  -31.965  74.837 0.0000000000
59072  -39.294  -31.793  74.631 0.0000000000
49668  -16.738  -40.175  68.890 0.0000000000
69897  -45.047  -21.282  65.211 0.0000000000
71867  -45.442  -19.660  65.190 0.0000000000
72853  -46.002  -18.403  64.503 0.0000000000
71880  -47.658  -18.494  64.132 0.0000000000
69978  -45.838  -21.634  61.444 0.0000000000
70962  -47.312  -20.411  62.583 0.0000000000
73065  -49.893  -18.184  48.591 0.0000000000
73048  -51.057  -19.135  50.303 0.0000000000
73049  -51.793  -18.576  50.515 0.0000000000
74000  -52.399  -17.515  51.780 0.0000000000
74986  -53.027  -16.670  53.066 0.0000000000
134321  -54.300  -16.581  52.169 0.0000000000
74976  -54.624  -16.480  54.235 0.0000000000
67950  -41.007  -24.328  50.012 0.0000000000
66885  -42.553  -24.806  51.316 0.0000000000
136358  -41.889  -24.094  50.046 0.0000000000
69037  -43.098  -23.218  49.772 0.0000000000
70103  -43.222  -21.927  48.952 0.0000000000
70104  -44.839  -21.601  49.204 0.0000000000
71128  -45.738  -20.510  48.544 0.0000000000
72102  -47.056  -20.362  48.429 0.0000000000
73062  -47.574  -20.176  47.952 0.0000000000
135353  -49.514  -19.247  47.881 0.0000000000
74025  -49.632  -18.188  48.063 0.0000000000
74047  -50.651  -17.903  47.423 0.0000000000
74049  -52.313  -18.046  47.215 0.0000000000
75090  -50.409  -17.031  44.130 0.0000000000
74071  -52.264  -17.873  45.535 0.0000000000
75067  -53.060  -17.744  46.708 0.0000000000
75069  -54.548  -16.810  46.856 0.0000000000
75070  -55.310  -16.447  46.502 0.0000000000
76068  -56.534  -15.637  45.563 0.0000000000
143333  -57.898  -15.187  46.149 0.0000000000
76079  -56.414  -15.555  44.704 0.0000000000
77141  -55.654  -14.944  42.450 0.0000000000
77153  -54.923  -14.766  41.835 0.0000000000
78209  -54.323  -13.322  40.567 0.0000000000
158551  -10.893  -41.444  77.494 0.0000000000
133184  -9.564  -41.836  77.665 0.0000000000
48553  -8.820  -42.350  77.780 0.0000000000
48509  -9.135  -41.559  83.284 0.0000000000
48520  -8.150  -41.578  80.817 0.0000000000
134412  -7.682  -42.339  79.558 0.0000000000
46568  -6.740  -43.006  79.455 0.0000000000
46564  -5.290  -43.743  81.055 0.0000000000
44722  -5.435  -44.951  81.184 0.0000000000
156227  -6.015  -45.865  81.475 0.0000000000
67726  -46.385  -23.673  68.420 0.0000000000
63359  -44.544  -27.799  70.236 0.0000000000
154421  -44.675  -27.737  66.072 0.0000000000
63412  -44.646  -27.448  67.736 0.0000000000
65703  -45.299  -24.890  67.680 0.0000000000
67751  -45.819  -23.680  66.473 0.0000000000
68865  -45.590  -22.217  65.593 0.0000000000
144617  -44.242  -21.928  64.502 0.0000000000
69934  -43.146  -21.964  63.177 0.0000000000
147168  -42.931  -21.932  60.753 0.0000000000
67813  -40.981  -23.652  60.930 0.0000000000
68949  -41.465  -22.800  59.674 0.0000000000
67839  -42.642  -23.085  58.170 0.0000000000
67865  -42.116  -24.022  56.856 0.0000000000
66804  -42.077  -24.673  55.393 0.0000000000
66843  -41.499  -25.280  53.303 0.0000000000
65787  -39.106  -25.543  57.217 0.0000000000
65785  -38.404  -24.782  56.925 0.0000000000
66785  -38.180  -24.584  56.549 0.0000000000
66800  -37.932  -24.547  55.267 0.0000000000
66840  -38.598  -25.207  53.356 0.0000000000
66862  -38.926  -25.630  52.566 0.0000000000
66863  -39.578  -25.466  52.035 0.0000000000
66896  -40.360  -24.804  50.518 0.0000000000
145060  -23.462  -40.887  75.891 0.0000000000
133243  -24.770  -39.955  64.653 0.0000000000
51725  -26.021  -39.205  64.177 0.0000000000
140675  -25.691  -40.460  67.147 0.0000000000
50701  -25.971  -40.241  68.026 0.0000000000
51648  -25.775  -39.217  69.863 0.0000000000
50642  -26.181  -39.353  71.341 0.0000000000
59195  -27.579  -31.909  62.636 0.0000000000
57144  -28.197  -33.790  63.549 0.0000000000
54794  -28.779  -35.802  65.469 0.0000000000
54739  -30.343  -35.448  67.921 0.0000000000
155319  -28.976  -36.282  67.834 0.0000000000
52690  -28.738  -37.130  67.928 0.0000000000
52679  -28.251  -38.309  69.350 0.0000000000
145469  -27.371  -39.040  69.977 0.0000000000
149925  -27.683  -40.128  72.587 0.0000000000
132662  -28.147  -40.454  73.110 0.0000000000
48615  -29.857  -41.106  74.219 0.0000000000
48627  -9.858  -42.468  71.968 0.0000000000
48610  -11.483  -41.517  72.840 0.0000000000
49644  -12.501  -41.209  70.056 0.0000000000
49643  -11.762  -41.564  69.849 0.0000000000
49604  -11.921  -41.393  71.727 0.0000000000
49584  -12.065  -41.146  73.079 0.0000000000
49572  -12.010  -40.979  74.521 0.0000000000
49563  -13.396  -40.443  75.520 0.0000000000
51602  -16.922  -38.985  76.468 0.0000000000
152071  -44.389  -24.809  52.767 0.0000000000
67902  -46.056  -24.203  53.896 0.0000000000
68994  -47.157  -22.762  55.597 0.0000000000
69012  -47.888  -22.972  53.289 0.0000000000
70051  -47.741  -22.068  55.520 0.0000000000
70047  -47.635  -21.552  57.086 0.0000000000
71026  -48.589  -19.748  58.328 0.0000000000
140539  -50.898  -18.838  52.231 0.0000000000
73013  -49.766  -18.356  53.623 0.0000000000
72999  -49.788  -18.127  54.534 0.0000000000
77107  -58.721  -14.698  45.420 0.0000000000
78168  -59.701  -13.697  44.672 0.0000000000
79129  -60.178  -13.052  44.345 0.0000000000
78205  -58.096  -13.564  41.502 0.0000000000
79136  -59.807  -12.882  43.025 0.0000000000
80132  -61.017  -11.749  44.405 0.0000000000
81093  -61.726  -11.103  43.446 0.0000000000
82045  -61.950  -10.917  42.943 0.0000000000
80185  -59.238  -12.431  38.357 0.0000000000
137193  -61.104  -10.973  39.625 0.0000000000
152222  -62.530  -10.810  40.334 0.0000000000
142252  -64.220  -11.706  36.505 0.0000000000
56041  -38.636  -34.813  64.099 0.0000000000
56042  -39.278  -34.484  63.733 0.0000000000
138000  -37.347  -35.125  63.409 0.0000000000
133915  -38.092  -34.848  63.277 0.0000000000
56019  -37.963  -34.951  64.894 0.0000000000
142412  -42.302  -25.293  52.921 0.0000000000
140875  -43.218  -24.994  53.888 0.0000000000
66844  -43.018  -25.168  53.078 0.0000000000
76034  -58.043  -15.788  48.663 0.0000000000
76052  -58.262  -15.596  48.087 0.0000000000
77068  -58.843  -14.655  49.280 0.0000000000
77093  -58.814  -15.102  47.620 0.0000000000
77081  -59.235  -14.397  48.399 0.0000000000
148522  -10.817  -41.844  73.943 0.0000000000
48597  -10.530  -41.846  74.631 0.0000000000
64672  -41.955  -26.498  58.999 0.0000000000
64689  -41.282  -26.254  58.455 0.0000000000
65779  -40.713  -25.517  58.639 0.0000000000
153508  -40.613  -25.980  58.026 0.0000000000
49590  -19.479  -40.693  73.448 0.0000000000
50617  -25.478  -39.695  73.902 0.0000000000
49579  -26.471  -39.812  74.219 0.0000000000
50602  -26.755  -39.553  75.279 0.0000000000
156118  -27.022  -40.048  72.815 0.0000000000
54660  -32.261  -35.762  73.753 0.0000000000
53627  -32.499  -36.098  72.940 0.0000000000
53639  -33.875  -36.218  71.653 0.0000000000
49589  -18.630  -40.402  73.210 0.0000000000
72088  -49.243  -20.215  49.482 0.0000000000
58107  -40.560  -32.946  69.387 0.0000000000
152671  -41.340  -32.962  69.057 0.0000000000
59199  -41.557  -31.673  61.920 0.0000000000
60198  -42.008  -31.028  62.428 0.0000000000
151183  -20.110  -41.617  68.088 0.0000000000
136040  -23.790  -40.936  66.991 0.0000000000
49715  -23.520  -41.139  67.745 0.0000000000
49716  -24.412  -40.879  67.698 0.0000000000
55943  -34.592  -34.783  68.564 0.0000000000
57058  -34.133  -34.049  68.964 0.0000000000
57039  -33.887  -33.208  69.418 0.0000000000
57040  -34.440  -33.981  69.662 0.0000000000
57006  -34.759  -33.335  71.307 0.0000000000
55905  -35.084  -34.185  69.996 0.0000000000
57043  -39.720  -33.423  68.913 0.0000000000
58106  -39.697  -32.896  69.867 0.0000000000
48712  -18.948  -41.334  67.830 0.0000000000
48699  -18.540  -41.255  68.419 0.0000000000
70000  -43.470  -21.578  60.736 0.0000000000
70996  -43.937  -21.003  61.117 0.0000000000
70001  -44.182  -21.552  60.681 0.0000000000
70037  -46.861  -22.156  58.324 0.0000000000
70027  -46.793  -22.162  59.319 0.0000000000
70028  -47.438  -21.417  58.638 0.0000000000
71011  -47.853  -20.785  59.267 0.0000000000
75039  -52.981  -17.733  48.356 0.0000000000
75024  -53.296  -17.843  49.272 0.0000000000
73967  -56.993  -16.671  54.972 0.0000000000
74069  -48.709  -18.042  45.157 0.0000000000
75109  -53.225  -16.408  43.752 0.0000000000
76091  -52.868  -15.937  43.187 0.0000000000
76101  -53.356  -15.577  42.578 0.0000000000
46599  -7.734  -43.881  76.179 0.0000000000
144870  -7.355  -43.952  76.772 0.0000000000
46592  -7.989  -43.523  76.968 0.0000000000
48518  -11.697  -41.792  81.962 0.0000000000
48511  -11.968  -41.943  82.743 0.0000000000
45622  -7.172  -43.909  83.228 0.0000000000
45630  -8.294  -44.515  82.605 0.0000000000
61197  -44.043  -29.669  66.818 0.0000000000
158042  -43.937  -29.928  67.449 0.0000000000
62291  -44.266  -28.961  66.209 0.0000000000
66735  -44.238  -25.007  62.983 0.0000000000
132036  -44.819  -25.095  63.582 0.0000000000
66720  -45.102  -24.612  64.207 0.0000000000
157683  -44.009  -24.256  63.004 0.0000000000
67792  -43.657  -23.568  63.232 0.0000000000
66787  -39.627  -24.180  56.553 0.0000000000
67863  -39.807  -23.873  57.275 0.0000000000
66802  -40.132  -24.437  55.719 0.0000000000
48634  -22.803  -41.549  72.026 0.0000000000
49593  -23.589  -40.643  73.208 0.0000000000
53730  -28.002  -36.550  64.427 0.0000000000
52729  -27.592  -37.330  64.135 0.0000000000
52721  -27.800  -37.865  65.412 0.0000000000
144304  -27.929  -38.087  65.985 0.0000000000
58151  -30.601  -32.613  64.725 0.0000000000
58150  -29.862  -33.041  64.781 0.0000000000
58129  -29.157  -33.152  65.424 0.0000000000
52668  -30.118  -38.056  70.813 0.0000000000
52667  -29.363  -38.055  70.641 0.0000000000
51651  -29.584  -38.958  70.019 0.0000000000
51650  -28.786  -38.873  70.165 0.0000000000
147619  -29.803  -40.211  70.060 0.0000000000
149346  -30.216  -39.688  69.800 0.0000000000
55808  -36.453  -34.099  75.540 0.0000000000
50610  -15.374  -40.334  74.014 0.0000000000
69039  -44.829  -22.816  50.202 0.0000000000
69028  -45.278  -23.378  50.844 0.0000000000
69029  -46.106  -23.108  51.059 0.0000000000
71061  -48.961  -19.995  54.637 0.0000000000
139074  -48.789  -20.792  54.703 0.0000000000
72021  -49.020  -19.387  55.174 0.0000000000
72005  -48.916  -19.574  55.974 0.0000000000
73964  -52.445  -16.857  55.067 0.0000000000
77154  -55.905  -14.366  41.596 0.0000000000
80164  -58.954  -12.179  39.829 0.0000000000
157711  -59.512  -11.964  40.268 0.0000000000
135778  -59.687  -11.764  39.635 0.0000000000
146308  -60.682  -12.493  37.057 0.0000000000
80193  -61.356  -11.908  37.644 0.0000000000
81141  -62.082  -10.967  38.291 0.0000000000
140782  -62.409  -11.695  37.467 0.0000000000
57077  -40.081  -34.259  67.081 0.0000000000
57093  -40.781  -34.076  66.621 0.0000000000
137366  -40.303  -34.192  65.340 0.0000000000
57159  -39.885  -33.799  62.975 0.0000000000
57147  -40.490  -33.553  63.447 0.0000000000
57160  -40.477  -33.325  62.645 0.0000000000
54823  -35.233  -35.634  63.315 0.0000000000
54799  -36.553  -35.596  65.371 0.0000000000
54798  -35.676  -35.795  65.151 0.0000000000
151632  -35.978  -35.657  65.935 0.0000000000
54782  -35.606  -35.594  66.654 0.0000000000
54783  -36.493  -35.381  66.950 0.0000000000
155078  -36.449  -35.200  67.708 0.0000000000
54762  -37.136  -34.999  67.508 0.0000000000
56003  -39.138  -34.743  65.901 0.0000000000
55987  -39.312  -34.579  66.744 0.0000000000
55948  -39.335  -34.317  67.572 0.0000000000
66790  -43.026  -24.181  56.721 0.0000000000
67850  -43.602  -24.002  57.249 0.0000000000
153935  -44.169  -24.114  57.139 0.0000000000
67866  -44.834  -24.224  55.982 0.0000000000
67867  -45.468  -23.869  56.524 0.0000000000
67852  -46.029  -23.298  57.036 0.0000000000
151487  -45.756  -24.041  55.488 0.0000000000
75042  -55.279  -16.922  48.291 0.0000000000
75026  -55.562  -17.108  49.249 0.0000000000
150803  -56.297  -16.763  48.690 0.0000000000
75998  -57.456  -15.091  52.076 0.0000000000
75988  -57.028  -15.408  52.911 0.0000000000
75989  -57.597  -14.887  53.005 0.0000000000
79108  -60.280  -12.180  47.488 0.0000000000
137602  -60.142  -13.015  46.756 0.0000000000
48583  -9.968  -42.217  74.917 0.0000000000
47628  -9.611  -43.083  74.337 0.0000000000
47613  -9.508  -42.923  75.294 0.0000000000
62340  -43.278  -28.355  62.607 0.0000000000
134857  -43.705  -28.068  63.163 0.0000000000
64650  -43.309  -26.341  61.286 0.0000000000
64660  -43.085  -25.687  60.866 0.0000000000
65744  -43.359  -25.493  61.513 0.0000000000
65751  -41.615  -24.981  60.090 0.0000000000
65777  -39.551  -24.371  58.383 0.0000000000
66772  -39.801  -24.314  58.913 0.0000000000
143354  -39.565  -24.160  58.220 0.0000000000
67847  -39.011  -24.459  57.108 0.0000000000
133817  -24.743  -39.905  73.746 0.0000000000
50571  -25.831  -38.873  76.673 0.0000000000
50570  -25.308  -39.050  76.396 0.0000000000
51586  -25.437  -38.749  78.118 0.0000000000
49566  -27.705  -39.964  75.548 0.0000000000
49555  -28.125  -39.868  76.567 0.0000000000
56058  -27.312  -34.135  62.340 0.0000000000
56059  -27.419  -34.809  62.867 0.0000000000
57157  -27.742  -33.815  62.920 0.0000000000
57004  -30.746  -34.068  71.046 0.0000000000
55904  -30.345  -34.599  70.517 0.0000000000
55888  -30.362  -34.818  71.673 0.0000000000
53637  -31.104  -36.160  72.338 0.0000000000
53652  -31.092  -36.711  71.579 0.0000000000
52669  -30.879  -37.514  70.971 0.0000000000
52680  -31.785  -37.710  70.220 0.0000000000
149021  -31.893  -38.456  69.769 0.0000000000
52681  -32.546  -37.734  69.219 0.0000000000
51675  -34.350  -38.148  68.079 0.0000000000
141784  -16.466  -40.158  69.574 0.0000000000
49667  -15.646  -40.247  69.552 0.0000000000
50628  -17.056  -40.236  72.870 0.0000000000
151528  -16.676  -40.169  73.546 0.0000000000
50611  -16.956  -39.862  74.204 0.0000000000
50597  -19.448  -39.891  74.693 0.0000000000
50580  -18.852  -39.387  75.184 0.0000000000
70106  -46.474  -21.086  49.347 0.0000000000
70090  -47.788  -21.740  50.366 0.0000000000
71089  -49.841  -20.744  51.446 0.0000000000
142346  -49.816  -20.664  52.677 0.0000000000
71073  -49.651  -20.321  53.357 0.0000000000
72068  -50.069  -19.951  52.800 0.0000000000
151785  -59.324  -11.365  35.479 0.0000000000
81180  -59.782  -11.356  35.015 0.0000000000
80239  -60.373  -12.048  35.315 0.0000000000
80249  -60.437  -11.353  34.632 0.0000000000
49535  -12.602  -40.922  76.966 0.0000000000
49494  -13.467  -41.323  81.805 0.0000000000
60101  -41.554  -30.965  72.848 0.0000000000
60114  -42.217  -30.927  72.337 0.0000000000
59116  -41.441  -31.366  71.912 0.0000000000
58121  -42.522  -32.533  68.634 0.0000000000
133958  -42.921  -32.075  68.000 0.0000000000
157345  -43.581  -30.916  67.524 0.0000000000
59150  -43.205  -31.539  67.365 0.0000000000
57111  -41.307  -33.303  65.469 0.0000000000
58145  -41.897  -32.894  66.050 0.0000000000
58154  -41.856  -32.720  65.112 0.0000000000
60183  -42.496  -31.266  63.197 0.0000000000
59174  -42.879  -31.305  64.186 0.0000000000
60168  -43.425  -30.893  64.930 0.0000000000
61234  -43.422  -30.448  64.219 0.0000000000
61250  -43.369  -29.707  63.596 0.0000000000
61249  -42.873  -29.969  63.055 0.0000000000
62352  -42.115  -28.947  61.313 0.0000000000
132420  -20.889  -41.858  70.506 0.0000000000
135292  -21.677  -41.941  70.847 0.0000000000
132419  -20.857  -41.712  68.072 0.0000000000
48702  -21.781  -41.650  67.946 0.0000000000
49670  -23.634  -40.930  69.316 0.0000000000
150753  -22.933  -41.466  69.149 0.0000000000
48689  -23.048  -41.448  69.852 0.0000000000
49630  -23.584  -40.666  71.026 0.0000000000
50653  -23.949  -39.902  70.580 0.0000000000
50654  -24.625  -39.640  70.022 0.0000000000
50655  -25.102  -39.242  70.462 0.0000000000
57158  -31.050  -33.324  61.907 0.0000000000
135174  -30.663  -32.630  62.689 0.0000000000
157826  -30.843  -32.613  63.520 0.0000000000
157333  -31.517  -33.201  63.858 0.0000000000
54821  -33.558  -35.642  63.450 0.0000000000
54820  -32.903  -35.328  63.590 0.0000000000
54795  -33.272  -35.211  64.903 0.0000000000
55965  -33.194  -33.965  66.716 0.0000000000
55984  -32.968  -34.053  65.939 0.0000000000
57092  -32.717  -33.396  66.306 0.0000000000
58144  -32.166  -32.867  65.857 0.0000000000
58132  -32.352  -32.761  66.747 0.0000000000
58117  -31.200  -32.830  67.683 0.0000000000
156626  -32.633  -32.708  68.428 0.0000000000
58074  -32.877  -32.526  71.367 0.0000000000
151828  -32.430  -32.910  71.987 0.0000000000
56969  -31.826  -34.209  73.483 0.0000000000
149339  -32.600  -33.388  72.923 0.0000000000
55829  -33.332  -34.344  74.173 0.0000000000
152527  -33.323  -32.815  72.917 0.0000000000
58066  -35.342  -32.682  72.829 0.0000000000
58052  -34.675  -32.741  73.563 0.0000000000
58053  -35.533  -32.545  73.714 0.0000000000
58067  -36.304  -32.478  72.868 0.0000000000
132968  -37.207  -34.389  68.982 0.0000000000
55907  -36.574  -33.981  70.245 0.0000000000
57041  -37.295  -33.840  69.867 0.0000000000
58080  -38.486  -32.443  71.478 0.0000000000
142717  -37.892  -32.668  71.416 0.0000000000
132941  -37.983  -32.380  72.011 0.0000000000
59100  -37.714  -31.957  73.243 0.0000000000
137251  -38.075  -32.052  72.649 0.0000000000
59071  -38.501  -31.882  74.705 0.0000000000
59101  -38.579  -31.686  73.238 0.0000000000
59115  -40.478  -31.552  71.984 0.0000000000
154698  -40.149  -31.341  72.953 0.0000000000
60087  -40.998  -31.161  73.390 0.0000000000
49690  -17.221  -40.436  68.562 0.0000000000
48668  -18.335  -41.016  70.749 0.0000000000
69916  -44.482  -21.326  64.638 0.0000000000
70915  -44.968  -20.572  65.159 0.0000000000
71878  -44.976  -19.951  64.479 0.0000000000
71906  -45.377  -19.651  62.617 0.0000000000
71892  -45.456  -19.197  63.353 0.0000000000
71893  -45.895  -19.058  63.138 0.0000000000
72871  -46.606  -18.351  64.270 0.0000000000
71894  -47.287  -19.109  63.677 0.0000000000
70002  -45.283  -22.091  60.831 0.0000000000
68939  -45.611  -22.801  60.233 0.0000000000
70997  -47.772  -20.934  61.040 0.0000000000
69980  -47.240  -21.378  61.589 0.0000000000
70963  -48.116  -20.225  62.391 0.0000000000
151969  -48.301  -19.659  62.958 0.0000000000
71907  -48.719  -19.500  62.293 0.0000000000
71908  -49.219  -18.902  62.207 0.0000000000
72911  -49.653  -18.485  60.587 0.0000000000
74012  -50.553  -17.811  49.069 0.0000000000
73058  -51.094  -18.374  49.676 0.0000000000
74013  -51.515  -17.907  49.509 0.0000000000
75012  -53.251  -17.968  51.259 0.0000000000
74008  -52.624  -18.417  50.939 0.0000000000
74998  -52.958  -16.943  51.923 0.0000000000
73989  -52.184  -16.816  52.421 0.0000000000
158300  -55.040  -17.246  50.569 0.0000000000
75000  -54.671  -16.888  51.271 0.0000000000
133233  -55.110  -16.383  52.068 0.0000000000
44731  -5.818  -45.882  80.249 0.0000000000
43825  -5.867  -46.056  79.468 0.0000000000
69057  -42.586  -22.558  49.127 0.0000000000
69058  -43.550  -22.474  49.403 0.0000000000
70127  -44.457  -21.160  48.607 0.0000000000
71126  -43.961  -20.722  48.052 0.0000000000
71111  -45.279  -20.958  48.805 0.0000000000
71127  -44.925  -20.531  48.213 0.0000000000
72140  -45.919  -20.058  47.874 0.0000000000
72115  -46.580  -20.138  47.898 0.0000000000
142429  -48.034  -19.886  47.605 0.0000000000
73083  -48.822  -19.526  47.522 0.0000000000
73084  -49.532  -18.915  47.427 0.0000000000
74055  -50.057  -18.575  46.722 0.0000000000
74056  -50.894  -18.383  46.434 0.0000000000
74048  -51.537  -17.790  47.533 0.0000000000
74057  -51.605  -18.216  46.777 0.0000000000
74089  -52.474  -17.386  44.910 0.0000000000
159129  -51.836  -17.667  45.027 0.0000000000
75076  -52.980  -17.576  45.689 0.0000000000
137995  -53.584  -17.326  46.161 0.0000000000
75068  -53.661  -17.088  46.964 0.0000000000
134251  -54.156  -16.934  46.131 0.0000000000
76066  -54.994  -16.029  44.932 0.0000000000
75078  -54.560  -16.614  45.461 0.0000000000
75079  -55.220  -16.259  45.728 0.0000000000
76057  -55.911  -15.969  46.086 0.0000000000
76067  -55.781  -15.864  45.231 0.0000000000
76078  -55.650  -15.785  44.326 0.0000000000
77140  -54.789  -15.348  42.579 0.0000000000
46590  -6.678  -44.297  76.945 0.0000000000
49534  -11.728  -41.286  77.444 0.0000000000
48555  -11.004  -41.316  76.767 0.0000000000
48556  -11.136  -41.529  78.185 0.0000000000
48527  -9.771  -41.688  79.357 0.0000000000
48541  -10.487  -41.639  78.762 0.0000000000
48540  -9.710  -41.676  78.524 0.0000000000
48539  -9.015  -41.895  78.481 0.0000000000
149958  -9.169  -41.728  79.099 0.0000000000
48499  -9.860  -41.911  83.490 0.0000000000
48507  -7.340  -41.590  82.978 0.0000000000
48515  -8.024  -41.395  81.942 0.0000000000
155913  -7.637  -41.549  81.311 0.0000000000
47566  -8.129  -41.780  80.033 0.0000000000
47565  -7.403  -41.863  80.681 0.0000000000
47569  -6.827  -42.489  80.243 0.0000000000
45620  -5.702  -43.715  82.431 0.0000000000
148983  -5.583  -43.036  81.617 0.0000000000
46561  -5.365  -43.699  81.833 0.0000000000
45627  -5.503  -44.422  81.751 0.0000000000
44716  -5.822  -45.424  81.532 0.0000000000
44726  -9.074  -45.315  80.359 0.0000000000
66661  -46.537  -24.960  69.792 0.0000000000
67712  -46.450  -24.019  69.049 0.0000000000
60115  -42.828  -30.753  71.887 0.0000000000
144314  -43.530  -30.651  72.881 0.0000000000
60124  -43.485  -30.240  70.750 0.0000000000
131738  -43.988  -29.180  68.641 0.0000000000
136544  -44.069  -29.027  70.766 0.0000000000
61185  -44.014  -28.720  69.846 0.0000000000
62238  -44.492  -28.446  70.820 0.0000000000
158083  -44.351  -27.948  69.467 0.0000000000
63469  -44.484  -27.763  64.789 0.0000000000
62304  -44.488  -28.242  65.604 0.0000000000
63449  -44.702  -27.430  65.454 0.0000000000
65717  -45.114  -25.987  65.567 0.0000000000
63431  -44.799  -27.106  66.121 0.0000000000
64580  -44.843  -26.665  66.932 0.0000000000
64569  -44.807  -26.430  68.027 0.0000000000
65691  -45.024  -25.463  68.479 0.0000000000
65702  -44.983  -25.713  67.380 0.0000000000
66712  -45.605  -24.434  66.098 0.0000000000
67766  -45.602  -23.665  65.574 0.0000000000
132003  -45.779  -22.893  66.039 0.0000000000
67765  -45.250  -22.683  65.090 0.0000000000
68864  -45.013  -21.832  64.938 0.0000000000
156748  -44.721  -22.194  64.694 0.0000000000
68911  -42.452  -22.895  62.693 0.0000000000
68896  -43.013  -22.511  63.232 0.0000000000
68923  -42.498  -22.501  62.232 0.0000000000
69975  -42.907  -21.870  61.526 0.0000000000
159462  -42.579  -22.226  61.100 0.0000000000
66741  -41.241  -24.000  61.279 0.0000000000
67807  -41.535  -23.487  61.610 0.0000000000
67838  -40.849  -23.250  58.144 0.0000000000
68973  -41.718  -22.970  58.177 0.0000000000
68961  -42.010  -22.690  58.847 0.0000000000
159216  -42.139  -23.119  57.760 0.0000000000
66817  -40.566  -24.793  54.789 0.0000000000
66818  -41.594  -24.962  54.499 0.0000000000
66842  -40.499  -25.334  53.202 0.0000000000
65797  -38.306  -25.261  56.941 0.0000000000
131939  -37.255  -24.919  56.560 0.0000000000
66814  -36.918  -24.651  55.202 0.0000000000
152631  -37.499  -24.728  54.481 0.0000000000
66839  -37.573  -25.024  53.496 0.0000000000
135036  -38.074  -25.663  52.559 0.0000000000
66883  -40.376  -25.063  51.469 0.0000000000
132356  -21.089  -41.650  73.342 0.0000000000
49554  -23.831  -40.193  75.996 0.0000000000
49565  -23.694  -40.485  75.288 0.0000000000
152205  -23.553  -40.801  76.472 0.0000000000
51709  -26.891  -38.901  65.164 0.0000000000
51726  -26.687  -38.696  64.349 0.0000000000
50734  -26.312  -39.654  65.545 0.0000000000
50719  -25.937  -40.250  66.342 0.0000000000
50702  -26.350  -40.143  67.146 0.0000000000
51671  -26.838  -39.356  68.822 0.0000000000
51670  -26.334  -39.707  68.571 0.0000000000
50656  -25.772  -39.198  70.571 0.0000000000
51649  -26.523  -39.141  69.920 0.0000000000
59196  -28.231  -31.750  62.930 0.0000000000
57107  -29.288  -34.184  64.894 0.0000000000
58165  -28.373  -33.178  63.637 0.0000000000
57123  -28.646  -33.936  64.140 0.0000000000
55999  -28.506  -35.166  64.951 0.0000000000
56000  -28.910  -35.143  65.377 0.0000000000
55903  -29.919  -35.160  70.161 0.0000000000
55920  -30.673  -35.110  68.468 0.0000000000
147693  -29.669  -35.754  69.843 0.0000000000
53668  -28.869  -36.856  69.720 0.0000000000
54718  -29.155  -36.131  69.376 0.0000000000
53686  -28.830  -36.748  68.782 0.0000000000
53698  -28.998  -36.681  67.181 0.0000000000
52689  -28.455  -37.978  68.661 0.0000000000
53685  -28.589  -37.489  69.336 0.0000000000
50643  -28.208  -39.829  70.677 0.0000000000
140227  -27.633  -39.322  70.484 0.0000000000
144872  -27.415  -39.646  71.152 0.0000000000
49631  -27.801  -40.037  71.813 0.0000000000
49613  -28.459  -40.591  72.217 0.0000000000
49614  -30.031  -41.039  72.174 0.0000000000
136531  -29.303  -41.026  72.462 0.0000000000
48636  -29.924  -41.178  73.253 0.0000000000
49672  -31.446  -40.368  69.685 0.0000000000
49656  -31.915  -41.030  69.950 0.0000000000
54636  -34.442  -35.211  74.189 0.0000000000
48628  -10.836  -42.186  72.380 0.0000000000
49647  -15.270  -40.546  70.331 0.0000000000
49665  -13.836  -40.834  69.387 0.0000000000
49646  -14.407  -40.880  70.272 0.0000000000
49645  -13.418  -40.973  70.191 0.0000000000
49663  -12.024  -41.466  69.149 0.0000000000
153259  -12.021  -41.416  70.775 0.0000000000
49623  -12.602  -41.243  71.576 0.0000000000
132046  -12.936  -40.983  73.200 0.0000000000
49605  -12.609  -41.162  72.413 0.0000000000
49585  -12.379  -40.953  73.778 0.0000000000
49573  -12.713  -40.748  74.356 0.0000000000
49562  -12.652  -40.704  75.080 0.0000000000
49574  -13.377  -40.542  74.617 0.0000000000
51614  -17.265  -39.226  75.535 0.0000000000
51603  -17.825  -38.741  76.548 0.0000000000
139201  -47.496  -19.448  67.244 0.0000000000
67933  -43.057  -24.361  50.888 0.0000000000
66886  -43.370  -24.730  51.645 0.0000000000
66887  -44.286  -24.610  51.977 0.0000000000
67903  -46.738  -23.864  53.523 0.0000000000
133786  -45.916  -24.199  53.161 0.0000000000
67887  -46.486  -23.899  54.574 0.0000000000
68993  -46.605  -23.480  55.522 0.0000000000
69002  -47.108  -23.201  54.833 0.0000000000
69032  -48.360  -22.352  52.131 0.0000000000
69020  -47.790  -22.867  52.510 0.0000000000
69021  -48.367  -22.544  52.866 0.0000000000
70052  -48.422  -21.282  55.274 0.0000000000
70060  -48.079  -22.120  54.624 0.0000000000
70048  -47.946  -21.402  56.217 0.0000000000
71034  -47.834  -20.975  57.700 0.0000000000
142070  -48.483  -20.085  57.471 0.0000000000
146018  -49.440  -18.900  57.276 0.0000000000
136325  -48.824  -19.121  57.550 0.0000000000
72963  -49.985  -18.447  57.878 0.0000000000
73037  -51.462  -18.868  51.394 0.0000000000
72078  -50.918  -19.480  51.300 0.0000000000
73962  -50.630  -17.547  54.438 0.0000000000
152169  -50.027  -17.786  53.731 0.0000000000
73000  -50.279  -17.902  55.142 0.0000000000
137060  -57.924  -14.953  45.428 0.0000000000
77116  -57.698  -14.899  44.570 0.0000000000
133831  -58.885  -14.030  44.293 0.0000000000
79119  -60.250  -13.167  45.162 0.0000000000
78180  -59.525  -13.477  43.717 0.0000000000
78204  -57.332  -13.683  41.239 0.0000000000
79157  -57.825  -13.173  40.784 0.0000000000
79159  -59.346  -12.687  41.380 0.0000000000
79144  -58.838  -13.270  41.870 0.0000000000
79145  -59.567  -12.841  42.189 0.0000000000
79137  -60.451  -12.415  43.273 0.0000000000
152344  -60.884  -11.861  43.622 0.0000000000
80133  -61.405  -11.391  44.145 0.0000000000
146343  -60.755  -11.820  42.874 0.0000000000
141595  -61.352  -10.968  41.075 0.0000000000
81101  -61.869  -10.991  42.822 0.0000000000
82054  -62.002  -10.846  42.022 0.0000000000
82047  -62.995  -10.636  43.545 0.0000000000
82055  -62.520  -11.235  42.619 0.0000000000
80191  -59.407  -12.479  37.662 0.0000000000
81123  -59.877  -11.563  39.010 0.0000000000
81124  -60.697  -11.017  39.009 0.0000000000
82074  -62.442  -10.587  39.221 0.0000000000
82068  -62.289  -10.665  39.723 0.0000000000
82063  -62.752  -10.755  39.913 0.0000000000
81111  -62.938  -11.317  41.257 0.0000000000
81118  -63.134  -11.183  40.117 0.0000000000
79241  -62.138  -12.356  35.662 0.0000000000
79225  -63.103  -11.908  36.095 0.0000000000
79226  -63.829  -11.785  35.856 0.0000000000
134085  -39.689  -34.529  65.269 0.0000000000
57126  -40.107  -34.151  64.659 0.0000000000
56020  -39.446  -34.531  64.446 0.0000000000
143133  -39.443  -34.250  63.197 0.0000000000
151049  -35.939  -35.340  62.963 0.0000000000
54840  -36.706  -35.251  63.041 0.0000000000
54825  -36.879  -35.400  63.922 0.0000000000
54811  -37.159  -35.427  64.757 0.0000000000
156632  -37.448  -35.320  65.659 0.0000000000
66805  -43.030  -24.696  55.381 0.0000000000
66820  -43.545  -24.846  54.639 0.0000000000
66821  -44.386  -24.788  54.514 0.0000000000
138448  -57.341  -16.376  49.089 0.0000000000
76022  -57.586  -15.963  50.065 0.0000000000
78121  -59.067  -13.749  50.176 0.0000000000
145899  -59.613  -12.859  50.409 0.0000000000
79085  -59.888  -12.396  50.094 0.0000000000
78136  -59.619  -13.410  48.783 0.0000000000
78146  -59.655  -13.704  48.018 0.0000000000
77094  -59.492  -14.277  47.425 0.0000000000
63516  -42.433  -27.496  60.456 0.0000000000
64649  -43.019  -27.220  61.160 0.0000000000
65765  -41.345  -25.473  59.204 0.0000000000
65788  -39.541  -25.091  57.897 0.0000000000
50616  -24.852  -39.675  73.436 0.0000000000
50601  -25.105  -39.642  74.558 0.0000000000
135020  -25.775  -39.443  75.009 0.0000000000
50572  -26.571  -38.844  76.968 0.0000000000
55870  -31.159  -34.681  73.375 0.0000000000
55869  -30.572  -35.222  72.722 0.0000000000
53626  -31.532  -35.978  73.109 0.0000000000
53638  -31.805  -36.433  72.243 0.0000000000
53653  -32.207  -36.852  71.033 0.0000000000
53687  -32.903  -37.263  69.180 0.0000000000
53671  -33.182  -36.990  69.929 0.0000000000
53672  -34.121  -36.951  69.497 0.0000000000
49609  -17.534  -40.477  72.215 0.0000000000
50613  -18.120  -40.007  73.733 0.0000000000
153703  -48.191  -20.647  49.237 0.0000000000
71096  -48.228  -21.268  49.944 0.0000000000
71097  -48.923  -20.946  50.126 0.0000000000
71098  -49.699  -20.595  50.551 0.0000000000
71090  -50.353  -20.191  51.167 0.0000000000
59127  -40.920  -31.929  71.167 0.0000000000
59128  -41.790  -31.719  70.930 0.0000000000
144694  -41.328  -32.200  70.450 0.0000000000
58108  -42.040  -32.744  69.262 0.0000000000
132478  -42.348  -32.726  67.803 0.0000000000
58181  -41.578  -32.609  63.344 0.0000000000
139693  -41.874  -31.908  62.808 0.0000000000
60199  -42.569  -30.514  62.772 0.0000000000
157858  -42.618  -29.896  62.509 0.0000000000
48686  -20.638  -41.803  69.685 0.0000000000
48716  -22.651  -41.446  67.807 0.0000000000
49652  -23.965  -40.181  69.819 0.0000000000
50667  -25.210  -39.793  69.172 0.0000000000
54797  -34.322  -35.666  65.737 0.0000000000
54796  -33.657  -35.306  65.660 0.0000000000
55966  -33.721  -34.742  67.197 0.0000000000
57057  -33.427  -33.245  68.461 0.0000000000
58104  -32.859  -32.612  69.207 0.0000000000
58105  -33.315  -32.772  69.088 0.0000000000
58092  -33.562  -32.673  70.030 0.0000000000
58075  -33.585  -32.447  71.581 0.0000000000
58064  -33.752  -32.575  72.401 0.0000000000
58076  -34.260  -32.695  71.822 0.0000000000
58077  -35.071  -33.065  72.081 0.0000000000
57007  -35.634  -33.481  71.471 0.0000000000
57042  -38.647  -33.721  68.922 0.0000000000
132912  -38.241  -33.378  69.873 0.0000000000
133437  -38.862  -32.561  70.937 0.0000000000
155481  -39.207  -32.215  71.467 0.0000000000
59102  -39.298  -31.561  72.852 0.0000000000
58082  -40.023  -32.062  71.302 0.0000000000
49691  -17.812  -40.951  68.375 0.0000000000
135342  -18.864  -41.297  69.109 0.0000000000
69954  -43.702  -21.166  62.721 0.0000000000
70942  -44.625  -20.368  63.664 0.0000000000
70961  -44.112  -20.611  62.037 0.0000000000
71920  -45.033  -19.953  62.007 0.0000000000
70977  -45.231  -20.553  61.751 0.0000000000
68963  -45.886  -23.311  58.580 0.0000000000
68953  -46.267  -22.750  59.921 0.0000000000
70018  -46.754  -22.213  60.231 0.0000000000
70998  -48.428  -20.114  60.778 0.0000000000
138803  -48.172  -20.433  60.032 0.0000000000
138798  -48.766  -19.536  59.781 0.0000000000
71012  -48.485  -20.074  59.163 0.0000000000
151633  -52.832  -18.133  49.683 0.0000000000
136750  -53.245  -18.263  50.305 0.0000000000
153570  -56.473  -15.694  53.383 0.0000000000
74988  -55.708  -15.977  53.068 0.0000000000
74978  -56.306  -15.971  54.307 0.0000000000
81077  -62.889  -9.944  45.531 0.0000000000
154859  -44.896  -20.121  47.813 0.0000000000
158009  -48.133  -18.448  45.493 0.0000000000
73100  -49.326  -18.836  46.573 0.0000000000
134797  -49.548  -17.969  45.158 0.0000000000
75107  -51.565  -16.519  43.619 0.0000000000
75092  -52.758  -16.876  44.292 0.0000000000
75077  -53.738  -16.952  45.339 0.0000000000
75093  -53.526  -16.704  44.433 0.0000000000
76076  -54.012  -16.217  43.896 0.0000000000
76102  -54.073  -15.590  42.716 0.0000000000
49505  -12.300  -41.697  80.375 0.0000000000
48529  -11.459  -41.786  79.995 0.0000000000
48522  -10.686  -41.748  80.646 0.0000000000
48516  -9.846  -41.611  81.418 0.0000000000
47553  -9.332  -42.030  84.059 0.0000000000
47551  -7.210  -42.481  83.780 0.0000000000
47561  -6.763  -42.226  83.379 0.0000000000
149513  -6.165  -42.427  82.207 0.0000000000
46549  -6.640  -43.152  83.592 0.0000000000
45621  -6.221  -43.710  82.899 0.0000000000
155423  -6.513  -44.369  82.474 0.0000000000
44717  -6.330  -45.282  81.820 0.0000000000
45635  -8.759  -44.982  81.369 0.0000000000
59138  -43.398  -30.893  69.186 0.0000000000
150177  -43.545  -30.327  69.946 0.0000000000
61190  -44.071  -29.393  67.677 0.0000000000
64624  -44.470  -26.622  63.283 0.0000000000
132978  -44.728  -26.966  64.749 0.0000000000
135764  -44.794  -26.427  64.034 0.0000000000
131586  -45.014  -26.198  64.785 0.0000000000
65724  -45.363  -25.381  64.887 0.0000000000
65718  -45.375  -25.222  65.792 0.0000000000
68879  -44.504  -22.654  64.321 0.0000000000
67779  -43.654  -22.769  63.723 0.0000000000
67791  -42.990  -22.845  63.250 0.0000000000
67801  -41.890  -23.018  62.067 0.0000000000
67824  -40.027  -23.976  59.524 0.0000000000
68948  -40.581  -23.490  59.661 0.0000000000
67837  -40.274  -23.577  58.918 0.0000000000
67864  -40.655  -23.599  57.407 0.0000000000
154113  -41.305  -23.840  56.914 0.0000000000
140175  -40.063  -24.949  54.020 0.0000000000
48633  -22.150  -41.873  72.719 0.0000000000
158305  -24.009  -40.455  77.888 0.0000000000
48563  -23.561  -41.109  77.340 0.0000000000
152642  -27.452  -36.673  63.019 0.0000000000
52756  -27.128  -37.151  62.612 0.0000000000
52743  -27.323  -37.293  63.350 0.0000000000
51727  -27.377  -38.099  64.751 0.0000000000
51698  -27.037  -39.220  66.024 0.0000000000
51685  -27.085  -39.558  67.076 0.0000000000
51699  -27.624  -38.701  66.460 0.0000000000
51686  -27.742  -38.787  67.407 0.0000000000
51672  -27.756  -38.824  68.334 0.0000000000
59186  -29.635  -31.905  63.064 0.0000000000
59185  -28.912  -32.176  63.569 0.0000000000
156502  -29.429  -32.905  64.223 0.0000000000
135559  -29.469  -33.603  64.764 0.0000000000
55983  -30.024  -35.088  66.082 0.0000000000
53651  -29.563  -36.515  70.886 0.0000000000
52657  -29.417  -37.229  70.830 0.0000000000
53650  -29.089  -37.071  70.344 0.0000000000
50658  -28.444  -39.533  70.332 0.0000000000
49653  -28.995  -40.268  70.452 0.0000000000
49633  -30.109  -40.729  70.875 0.0000000000
133657  -14.539  -41.119  71.888 0.0000000000
49624  -13.513  -41.160  71.926 0.0000000000
49586  -13.966  -41.083  73.363 0.0000000000
50591  -14.090  -40.687  74.115 0.0000000000
50576  -14.259  -40.241  74.914 0.0000000000
51604  -18.783  -38.539  76.720 0.0000000000
67934  -44.777  -24.006  51.400 0.0000000000
67935  -45.704  -23.780  51.709 0.0000000000
67916  -46.442  -23.764  52.504 0.0000000000
70067  -48.989  -21.592  53.537 0.0000000000
69004  -48.450  -22.298  53.643 0.0000000000
135835  -48.611  -20.019  56.657 0.0000000000
153483  -51.508  -16.967  52.912 0.0000000000
131469  -50.920  -17.282  52.843 0.0000000000
73977  -51.204  -16.910  53.759 0.0000000000
73963  -51.487  -16.965  54.809 0.0000000000
77129  -56.953  -14.899  43.532 0.0000000000
158358  -57.516  -14.814  43.902 0.0000000000
156894  -56.982  -14.730  42.864 0.0000000000
78190  -57.329  -14.378  42.359 0.0000000000
78191  -58.179  -13.886  42.410 0.0000000000
80146  -59.974  -12.165  41.722 0.0000000000
80147  -60.656  -11.721  42.080 0.0000000000
80156  -59.773  -12.075  40.911 0.0000000000
81116  -60.869  -11.153  40.304 0.0000000000
81157  -59.083  -11.790  36.102 0.0000000000
81131  -60.677  -11.293  38.597 0.0000000000
81140  -61.151  -11.402  38.249 0.0000000000
81133  -62.685  -10.625  38.644 0.0000000000
81142  -63.332  -10.881  38.137 0.0000000000
79251  -63.110  -12.484  34.291 0.0000000000
159713  -63.821  -12.060  35.189 0.0000000000
134735  -64.154  -12.381  34.722 0.0000000000
146110  -40.839  -33.887  67.449 0.0000000000
57094  -41.297  -33.559  66.268 0.0000000000
57128  -41.316  -33.072  64.744 0.0000000000
135310  -40.499  -33.759  64.154 0.0000000000
58169  -40.984  -33.103  64.018 0.0000000000
49728  -22.285  -41.075  66.287 0.0000000000
133931  -23.181  -40.899  66.237 0.0000000000
49729  -24.137  -40.808  66.240 0.0000000000
151464  -33.503  -35.333  62.277 0.0000000000
137728  -33.817  -35.535  62.692 0.0000000000
132632  -34.017  -35.901  64.164 0.0000000000
54809  -35.444  -35.790  64.273 0.0000000000
132900  -34.667  -35.932  64.888 0.0000000000
54781  -34.701  -35.588  66.544 0.0000000000
54740  -35.198  -35.235  68.069 0.0000000000
55944  -35.445  -34.890  68.790 0.0000000000
55922  -35.691  -34.569  69.506 0.0000000000
133099  -36.290  -34.755  68.922 0.0000000000
55945  -36.782  -34.851  68.256 0.0000000000
132916  -37.982  -34.772  67.359 0.0000000000
55947  -38.528  -34.365  68.053 0.0000000000
57059  -39.255  -33.956  68.285 0.0000000000
68952  -44.255  -22.759  59.685 0.0000000000
67825  -43.911  -23.046  59.058 0.0000000000
67841  -44.437  -23.559  58.625 0.0000000000
67842  -45.203  -23.663  58.498 0.0000000000
66791  -43.970  -24.326  56.521 0.0000000000
135178  -44.691  -24.063  56.912 0.0000000000
68974  -45.731  -23.422  57.910 0.0000000000
68975  -46.385  -22.875  57.888 0.0000000000
136604  -46.736  -22.767  57.017 0.0000000000
75025  -54.159  -17.583  49.135 0.0000000000
133232  -54.824  -17.283  48.968 0.0000000000
75015  -55.665  -17.136  50.124 0.0000000000
75001  -55.568  -16.700  51.081 0.0000000000
75027  -56.404  -16.844  49.600 0.0000000000
74989  -56.363  -15.823  52.320 0.0000000000
75973  -57.755  -15.636  54.643 0.0000000000
79086  -60.518  -11.921  50.064 0.0000000000
80115  -60.836  -11.157  47.035 0.0000000000
47644  -9.335  -43.076  73.226 0.0000000000
141332  -8.733  -43.559  73.912 0.0000000000
47612  -8.810  -43.443  75.497 0.0000000000
47591  -8.660  -42.894  77.045 0.0000000000
62315  -43.954  -29.008  64.658 0.0000000000
62303  -44.117  -29.001  65.414 0.0000000000
63468  -43.936  -28.185  64.063 0.0000000000
64623  -44.074  -27.414  63.262 0.0000000000
63504  -43.510  -26.997  61.896 0.0000000000
149071  -44.019  -26.795  62.580 0.0000000000
64637  -44.320  -25.970  62.659 0.0000000000
65736  -43.763  -25.248  62.224 0.0000000000
66743  -43.026  -24.639  61.871 0.0000000000
150889  -42.540  -23.893  62.269 0.0000000000
66751  -40.861  -24.204  60.681 0.0000000000
66762  -40.559  -24.430  59.909 0.0000000000
66761  -39.976  -24.089  59.513 0.0000000000
67862  -39.410  -24.189  56.902 0.0000000000
135854  -23.810  -40.384  73.960 0.0000000000
159658  -24.423  -40.017  73.999 0.0000000000
50583  -24.355  -39.839  75.324 0.0000000000
50584  -25.000  -39.432  75.445 0.0000000000
50569  -24.589  -39.568  76.347 0.0000000000
50556  -24.375  -39.770  77.651 0.0000000000
49526  -24.105  -39.945  79.056 0.0000000000
50559  -27.538  -39.370  78.144 0.0000000000
54835  -27.283  -35.594  62.257 0.0000000000
54819  -27.570  -35.851  63.115 0.0000000000
54806  -27.897  -35.768  63.989 0.0000000000
53721  -28.386  -36.542  65.202 0.0000000000
57055  -30.286  -33.074  67.735 0.0000000000
57036  -30.534  -33.882  67.990 0.0000000000
57037  -30.663  -33.637  68.639 0.0000000000
55887  -29.960  -35.279  71.143 0.0000000000
54682  -30.350  -35.902  72.075 0.0000000000
54681  -29.895  -35.953  71.470 0.0000000000
155118  -29.985  -36.622  71.453 0.0000000000
154345  -31.141  -39.254  69.758 0.0000000000
51662  -31.948  -39.083  69.447 0.0000000000
50669  -32.363  -39.437  68.996 0.0000000000
52691  -33.195  -37.614  68.588 0.0000000000
50683  -33.524  -38.723  68.337 0.0000000000
49674  -32.820  -40.187  68.873 0.0000000000
49626  -15.665  -40.580  71.164 0.0000000000
136866  -16.039  -40.020  74.381 0.0000000000
156892  -16.477  -40.061  74.143 0.0000000000
50595  -17.592  -39.729  74.280 0.0000000000
50579  -17.875  -39.410  74.942 0.0000000000
135534  -46.039  -21.823  49.938 0.0000000000
69041  -46.510  -22.428  50.564 0.0000000000
70081  -47.315  -22.256  50.879 0.0000000000
70082  -48.934  -21.792  51.697 0.0000000000
70091  -48.582  -21.539  50.732 0.0000000000
70068  -49.501  -21.192  53.069 0.0000000000
71062  -49.180  -19.670  54.036 0.0000000000
159283  -49.107  -19.270  54.600 0.0000000000
79168  -56.616  -12.819  39.979 0.0000000000
154656  -61.174  -12.394  36.189 0.0000000000
79250  -62.094  -12.410  34.642 0.0000000000
49561  -11.871  -41.008  75.451 0.0000000000
146200  -12.665  -41.018  77.909 0.0000000000
49498  -13.085  -41.331  80.799 0.0000000000
136970  -43.048  -30.808  71.113 0.0000000000
59137  -42.954  -31.685  69.719 0.0000000000
59145  -43.333  -31.262  68.170 0.0000000000
60140  -43.832  -30.397  67.169 0.0000000000
60149  -43.846  -30.435  66.316 0.0000000000
57061  -41.605  -33.329  67.556 0.0000000000
58133  -42.132  -32.791  66.936 0.0000000000
58146  -42.560  -32.301  66.344 0.0000000000
59163  -42.379  -32.113  64.653 0.0000000000
142040  -42.885  -31.802  65.884 0.0000000000
59157  -43.040  -31.665  66.563 0.0000000000
60157  -43.377  -31.136  65.864 0.0000000000
60158  -43.816  -30.410  65.463 0.0000000000
61223  -43.954  -29.716  65.097 0.0000000000
61235  -43.745  -29.726  64.403 0.0000000000
62339  -42.687  -28.653  61.963 0.0000000000
61258  -42.379  -29.448  61.996 0.0000000000
62363  -42.544  -28.118  61.197 0.0000000000
63515  -41.866  -27.733  59.866 0.0000000000
152768  -41.861  -27.263  59.249 0.0000000000
148155  -19.168  -40.832  72.788 0.0000000000
143077  -20.304  -41.481  71.982 0.0000000000
48652  -20.910  -41.819  71.363 0.0000000000
155748  -20.454  -41.715  70.850 0.0000000000
48703  -22.394  -41.662  68.624 0.0000000000
48688  -22.274  -41.808  69.482 0.0000000000
48671  -22.367  -41.819  70.338 0.0000000000
48654  -23.153  -41.320  71.349 0.0000000000
50629  -23.881  -39.924  72.471 0.0000000000
135208  -24.348  -39.449  71.991 0.0000000000
50631  -24.777  -39.445  72.514 0.0000000000
50632  -25.618  -39.479  72.257 0.0000000000
59211  -30.138  -31.826  61.216 0.0000000000
59197  -29.788  -31.378  62.054 0.0000000000
156029  -29.746  -31.631  62.557 0.0000000000
58178  -30.313  -32.244  63.374 0.0000000000
59173  -30.656  -32.563  63.988 0.0000000000
58142  -30.662  -32.480  65.117 0.0000000000
56060  -32.031  -34.497  62.517 0.0000000000
159287  -32.126  -34.420  63.225 0.0000000000
56001  -33.162  -34.693  65.476 0.0000000000
57125  -32.337  -34.008  64.428 0.0000000000
56017  -32.048  -33.972  63.709 0.0000000000
57108  -32.156  -33.504  64.793 0.0000000000
58143  -31.458  -32.529  65.349 0.0000000000
58116  -30.317  -32.660  66.734 0.0000000000
57038  -30.975  -33.046  68.904 0.0000000000
57020  -31.365  -33.455  70.315 0.0000000000
57021  -32.049  -32.946  71.116 0.0000000000
57005  -31.372  -33.723  71.401 0.0000000000
55847  -31.720  -34.821  74.120 0.0000000000
54648  -33.377  -35.416  73.536 0.0000000000
54649  -34.110  -35.613  73.239 0.0000000000
55849  -33.608  -35.015  73.723 0.0000000000
55830  -34.103  -34.523  74.275 0.0000000000
58051  -33.884  -32.737  73.302 0.0000000000
56972  -34.044  -33.042  74.219 0.0000000000
56950  -34.442  -33.717  74.853 0.0000000000
56951  -35.175  -33.228  75.310 0.0000000000
139686  -35.950  -32.835  75.528 0.0000000000
58021  -36.620  -32.881  75.869 0.0000000000
55906  -35.914  -34.250  70.218 0.0000000000
57024  -36.189  -33.811  70.840 0.0000000000
57008  -36.602  -33.233  71.466 0.0000000000
57009  -37.451  -33.038  71.088 0.0000000000
58079  -37.323  -32.696  71.752 0.0000000000
133057  -36.690  -32.730  72.136 0.0000000000
158792  -37.005  -32.197  73.254 0.0000000000
58037  -36.694  -32.334  74.994 0.0000000000
59061  -38.166  -32.231  75.184 0.0000000000
157654  -40.014  -31.652  74.558 0.0000000000
151942  -15.856  -39.928  68.220 0.0000000000
156875  -17.613  -40.698  68.882 0.0000000000
150426  -17.281  -40.422  69.380 0.0000000000
49610  -18.472  -40.724  72.353 0.0000000000
70902  -46.193  -20.723  66.134 0.0000000000
152872  -45.106  -19.623  63.728 0.0000000000
71879  -45.517  -19.096  64.312 0.0000000000
72854  -46.521  -18.180  65.137 0.0000000000
72855  -47.362  -17.732  65.004 0.0000000000
68938  -44.715  -22.495  60.286 0.0000000000
70978  -46.245  -20.973  61.959 0.0000000000
68924  -46.331  -22.319  60.822 0.0000000000
69955  -46.974  -21.111  62.149 0.0000000000
70943  -46.545  -20.370  62.515 0.0000000000
70945  -47.681  -19.826  63.127 0.0000000000
72872  -48.433  -18.476  63.862 0.0000000000
71922  -49.156  -19.098  61.490 0.0000000000
73056  -49.799  -19.165  48.707 0.0000000000
72106  -50.436  -19.452  49.852 0.0000000000
73057  -50.369  -18.722  49.264 0.0000000000
73999  -51.910  -18.297  51.500 0.0000000000
142110  -51.594  -17.325  52.283 0.0000000000
74974  -52.800  -16.727  54.275 0.0000000000
74962  -53.483  -16.862  55.177 0.0000000000
75013  -54.031  -18.010  49.952 0.0000000000
133545  -54.422  -17.627  50.623 0.0000000000
74999  -53.812  -17.133  51.411 0.0000000000
135358  -54.832  -16.300  53.135 0.0000000000
74987  -53.990  -16.488  53.162 0.0000000000
74975  -53.720  -16.604  54.240 0.0000000000
45638  -4.715  -45.005  79.633 0.0000000000
66897  -41.098  -24.866  50.815 0.0000000000
134037  -42.044  -24.953  51.681 0.0000000000
136382  -41.637  -24.604  50.480 0.0000000000
67951  -42.288  -24.526  50.633 0.0000000000
140574  -42.686  -23.922  50.216 0.0000000000
67974  -42.253  -23.439  49.577 0.0000000000
67952  -43.528  -23.755  50.420 0.0000000000
69038  -43.957  -22.998  50.032 0.0000000000
69059  -44.402  -22.261  49.637 0.0000000000
70126  -43.563  -21.397  48.447 0.0000000000
135774  -43.989  -21.789  49.062 0.0000000000
70088  -45.209  -22.012  49.837 0.0000000000
70105  -45.637  -21.370  49.339 0.0000000000
149153  -46.386  -20.520  48.763 0.0000000000
72114  -45.522  -20.232  48.106 0.0000000000
71112  -47.162  -20.553  48.989 0.0000000000
72103  -47.768  -20.372  48.699 0.0000000000
73054  -48.105  -20.261  48.398 0.0000000000
73055  -49.161  -19.851  48.468 0.0000000000
137031  -47.085  -19.859  47.153 0.0000000000
73063  -48.796  -19.860  47.981 0.0000000000
73064  -49.743  -19.183  48.185 0.0000000000
74026  -50.208  -17.624  48.263 0.0000000000
74046  -49.816  -17.996  47.704 0.0000000000
132960  -51.032  -17.322  47.972 0.0000000000
75038  -51.987  -17.532  48.115 0.0000000000
75058  -53.033  -17.739  47.611 0.0000000000
74087  -50.025  -17.610  44.683 0.0000000000
74088  -51.045  -17.637  44.749 0.0000000000
144608  -51.534  -18.230  45.757 0.0000000000
74058  -52.338  -18.142  46.313 0.0000000000
156477  -54.077  -16.934  47.325 0.0000000000
75060  -54.525  -16.920  47.663 0.0000000000
75061  -55.312  -16.646  47.332 0.0000000000
150536  -54.787  -16.675  46.119 0.0000000000
76049  -56.003  -16.079  46.938 0.0000000000
76058  -56.687  -15.744  46.417 0.0000000000
76059  -57.514  -15.547  46.654 0.0000000000
76069  -57.273  -15.400  45.878 0.0000000000
77106  -57.143  -15.289  45.065 0.0000000000
77114  -56.314  -15.404  43.842 0.0000000000
76094  -55.472  -15.572  43.330 0.0000000000
77128  -56.309  -15.015  43.058 0.0000000000
78202  -54.917  -14.004  41.155 0.0000000000
49548  -11.085  -41.269  75.863 0.0000000000
48568  -10.405  -41.618  76.295 0.0000000000
150105  -10.297  -41.585  77.140 0.0000000000
132331  -10.326  -41.542  77.947 0.0000000000
48554  -9.724  -41.963  76.723 0.0000000000
151269  -9.191  -42.303  77.109 0.0000000000
48500  -11.173  -41.989  83.151 0.0000000000
137139  -9.908  -41.680  82.561 0.0000000000
132087  -8.937  -41.556  81.093 0.0000000000
48508  -8.357  -41.447  83.143 0.0000000000
136513  -9.019  -41.516  82.255 0.0000000000
48526  -8.903  -41.661  79.970 0.0000000000
144433  -8.538  -41.898  79.275 0.0000000000
47578  -8.316  -42.393  78.585 0.0000000000
47590  -8.109  -42.954  77.768 0.0000000000
47577  -7.510  -43.005  78.598 0.0000000000
46565  -5.854  -43.102  80.472 0.0000000000
45634  -5.172  -44.931  80.586 0.0000000000
44724  -5.947  -45.979  81.056 0.0000000000
44725  -6.404  -45.857  81.126 0.0000000000
66662  -47.045  -24.419  69.517 0.0000000000
67727  -46.594  -23.536  68.316 0.0000000000
60090  -43.584  -30.885  73.351 0.0000000000
134746  -43.806  -29.618  70.312 0.0000000000
62292  -44.550  -28.272  66.479 0.0000000000
62279  -44.555  -28.148  67.195 0.0000000000
140988  -44.698  -27.574  66.754 0.0000000000
63390  -44.463  -27.738  68.698 0.0000000000
63369  -44.675  -27.131  69.541 0.0000000000
65680  -45.276  -25.588  69.464 0.0000000000
137419  -45.511  -24.764  68.463 0.0000000000
65712  -45.281  -25.068  66.727 0.0000000000
66703  -45.626  -24.316  67.022 0.0000000000
66692  -45.877  -24.112  67.986 0.0000000000
159203  -45.943  -23.667  67.252 0.0000000000
139229  -46.135  -23.018  66.940 0.0000000000
69898  -45.611  -21.688  65.639 0.0000000000
69915  -43.858  -21.753  64.158 0.0000000000
68878  -43.665  -22.215  64.034 0.0000000000
68897  -43.418  -22.170  63.672 0.0000000000
69935  -43.700  -21.571  63.602 0.0000000000
70960  -43.560  -21.203  61.787 0.0000000000
69976  -43.527  -21.348  61.158 0.0000000000
70017  -42.844  -22.050  60.155 0.0000000000
136654  -41.545  -23.017  61.351 0.0000000000
68934  -40.825  -23.420  60.316 0.0000000000
68935  -41.419  -22.905  60.553 0.0000000000
69974  -42.147  -22.406  60.782 0.0000000000
68936  -42.105  -22.324  60.120 0.0000000000
68950  -42.379  -22.392  59.538 0.0000000000
68962  -42.926  -22.741  58.910 0.0000000000
67849  -42.635  -23.543  57.411 0.0000000000
132040  -42.533  -24.416  56.113 0.0000000000
66789  -41.619  -24.286  56.206 0.0000000000
66819  -42.638  -24.870  54.588 0.0000000000
65786  -38.855  -24.878  57.379 0.0000000000
66799  -37.278  -24.644  56.071 0.0000000000
157605  -38.165  -24.419  56.107 0.0000000000
66801  -38.777  -24.410  55.651 0.0000000000
140177  -38.262  -24.811  54.245 0.0000000000
66815  -38.778  -24.613  54.866 0.0000000000
140176  -39.179  -24.894  54.110 0.0000000000
66841  -39.569  -25.369  53.125 0.0000000000
66881  -38.664  -25.550  51.610 0.0000000000
66864  -40.205  -25.372  52.422 0.0000000000
137177  -40.976  -25.179  52.387 0.0000000000
66884  -41.357  -24.965  51.613 0.0000000000
48612  -21.819  -41.909  73.546 0.0000000000
49578  -23.424  -40.841  74.655 0.0000000000
50731  -23.859  -40.309  64.787 0.0000000000
50732  -24.470  -40.425  65.507 0.0000000000
50718  -25.049  -40.509  66.429 0.0000000000
50700  -25.217  -40.546  67.603 0.0000000000
50680  -25.466  -40.187  68.447 0.0000000000
50681  -25.871  -39.877  68.782 0.0000000000
51684  -26.537  -39.870  67.860 0.0000000000
51659  -25.924  -39.436  69.217 0.0000000000
58188  -27.615  -32.591  62.679 0.0000000000
59184  -28.000  -32.382  63.428 0.0000000000
58177  -27.926  -33.023  63.263 0.0000000000
156210  -27.761  -33.134  62.765 0.0000000000
56038  -27.873  -34.477  63.548 0.0000000000
56016  -28.066  -34.962  64.305 0.0000000000
53722  -28.745  -36.563  65.879 0.0000000000
55941  -30.622  -34.738  67.212 0.0000000000
55964  -30.471  -35.326  66.872 0.0000000000
54738  -29.313  -35.950  68.426 0.0000000000
55963  -29.606  -35.684  66.505 0.0000000000
158245  -29.253  -36.127  67.107 0.0000000000
53713  -28.791  -37.031  66.533 0.0000000000
52703  -28.365  -38.042  67.723 0.0000000000
52678  -27.567  -38.878  68.971 0.0000000000
145985  -28.165  -38.508  69.796 0.0000000000
51661  -27.417  -38.898  69.513 0.0000000000
50657  -26.735  -39.275  70.538 0.0000000000
49612  -26.849  -39.812  72.152 0.0000000000
49595  -27.334  -40.178  73.481 0.0000000000
49596  -28.145  -40.712  73.960 0.0000000000
48635  -28.926  -41.087  73.366 0.0000000000
48614  -28.988  -41.063  74.462 0.0000000000
156647  -30.967  -39.947  69.581 0.0000000000
49634  -31.060  -41.124  70.895 0.0000000000
48609  -11.095  -41.926  73.215 0.0000000000
49571  -11.521  -41.291  73.739 0.0000000000
48649  -11.215  -41.755  71.057 0.0000000000
49551  -13.429  -40.508  76.568 0.0000000000
66867  -43.613  -24.952  52.479 0.0000000000
66822  -45.041  -24.684  54.297 0.0000000000
66868  -45.144  -24.581  52.886 0.0000000000
66847  -45.430  -24.536  53.718 0.0000000000
67886  -45.652  -24.393  54.517 0.0000000000
68987  -46.661  -23.010  56.298 0.0000000000
69030  -46.878  -22.859  51.312 0.0000000000
69019  -47.087  -23.157  52.116 0.0000000000
67904  -47.399  -23.405  53.589 0.0000000000
69003  -47.741  -22.965  54.157 0.0000000000
137627  -47.596  -22.653  54.957 0.0000000000
68988  -47.288  -22.254  56.450 0.0000000000
70038  -47.371  -21.648  57.830 0.0000000000
71025  -48.064  -20.566  58.344 0.0000000000
71952  -48.776  -19.262  58.881 0.0000000000
153021  -49.180  -18.812  58.171 0.0000000000
72090  -50.600  -19.700  50.513 0.0000000000
72069  -50.542  -19.707  52.146 0.0000000000
73014  -50.276  -17.884  52.898 0.0000000000
73027  -50.263  -19.037  52.882 0.0000000000
151416  -49.379  -18.829  54.222 0.0000000000
72040  -49.381  -18.831  54.912 0.0000000000
72987  -49.797  -18.569  55.386 0.0000000000
72007  -50.033  -18.864  56.639 0.0000000000
147036  -58.557  -14.891  46.044 0.0000000000
78152  -59.301  -14.519  45.844 0.0000000000
77117  -58.448  -14.623  44.776 0.0000000000
78167  -59.152  -14.243  45.072 0.0000000000
78159  -59.793  -13.842  45.529 0.0000000000
79114  -60.219  -13.173  45.996 0.0000000000
79120  -60.599  -12.471  45.633 0.0000000000
151582  -60.807  -11.993  45.399 0.0000000000
78203  -56.517  -13.761  41.101 0.0000000000
139447  -57.558  -13.937  41.845 0.0000000000
79135  -59.107  -13.430  42.751 0.0000000000
152088  -60.127  -12.877  43.678 0.0000000000
79130  -60.646  -12.480  44.005 0.0000000000
137639  -61.080  -11.555  45.179 0.0000000000
81084  -61.699  -10.942  44.840 0.0000000000
141541  -61.995  -9.910  44.960 0.0000000000
82023  -62.486  -9.962  44.349 0.0000000000
81100  -61.310  -11.264  42.561 0.0000000000
82033  -61.756  -10.776  43.904 0.0000000000
82025  -63.128  -9.743  44.037 0.0000000000
81094  -62.973  -10.180  43.849 0.0000000000
80174  -59.049  -12.138  39.086 0.0000000000
80175  -60.410  -11.326  39.578 0.0000000000
81125  -61.808  -10.790  39.270 0.0000000000
81117  -61.763  -10.875  40.186 0.0000000000
82061  -62.164  -10.671  40.380 0.0000000000
82056  -62.664  -11.092  41.019 0.0000000000
80216  -63.228  -11.581  36.868 0.0000000000
80217  -63.899  -11.400  37.055 0.0000000000
44723  -5.537  -45.577  80.846 0.0000000000
46548  -6.473  -42.780  83.528 0.0000000000
46558  -6.080  -43.168  83.100 0.0000000000
46560  -5.214  -44.328  81.189 0.0000000000
47552  -8.265  -42.215  83.974 0.0000000000
47560  -6.200  -42.666  83.063 0.0000000000
47563  -6.420  -42.349  81.153 0.0000000000
48498  -8.800  -41.725  83.801 0.0000000000
48506  -6.590  -42.001  82.780 0.0000000000
48510  -10.897  -41.849  82.651 0.0000000000
48523  -11.559  -41.776  80.978 0.0000000000
48655  -30.771  -41.318  71.940 0.0000000000
49517  -12.021  -41.494  78.449 0.0000000000
50558  -26.869  -38.761  77.864 0.0000000000
50573  -27.477  -39.235  77.233 0.0000000000
50594  -16.562  -39.697  74.587 0.0000000000
50670  -32.996  -39.405  68.648 0.0000000000
50682  -32.823  -38.786  68.667 0.0000000000
50752  -26.354  -39.253  64.790 0.0000000000
51607  -25.568  -38.742  77.140 0.0000000000
51673  -32.958  -38.084  68.476 0.0000000000
51674  -33.558  -37.943  68.150 0.0000000000
52659  -30.332  -37.051  71.371 0.0000000000
52692  -33.829  -37.613  68.329 0.0000000000
52704  -28.692  -37.365  67.224 0.0000000000
53654  -33.240  -36.762  71.062 0.0000000000
53669  -31.653  -37.173  70.778 0.0000000000
53689  -34.113  -37.323  68.765 0.0000000000
53748  -27.325  -36.405  62.446 0.0000000000
53761  -27.140  -36.218  61.693 0.0000000000
54647  -32.313  -35.292  74.130 0.0000000000
54661  -33.201  -35.737  73.262 0.0000000000
54719  -29.917  -35.628  68.938 0.0000000000
54741  -36.008  -35.180  68.256 0.0000000000
54758  -29.615  -35.862  67.481 0.0000000000
54760  -34.985  -35.510  67.314 0.0000000000
54763  -37.451  -35.158  66.616 0.0000000000
54779  -29.055  -36.163  66.390 0.0000000000
54780  -33.977  -35.339  66.471 0.0000000000
54793  -28.319  -35.736  64.722 0.0000000000
54807  -32.883  -35.149  64.287 0.0000000000
54808  -33.384  -35.562  64.223 0.0000000000
54824  -36.092  -35.539  63.683 0.0000000000
54837  -34.630  -35.453  62.554 0.0000000000
55967  -34.400  -35.087  67.779 0.0000000000
55986  -38.412  -34.854  66.530 0.0000000000
56039  -32.456  -34.987  62.986 0.0000000000
56062  -33.194  -35.120  61.833 0.0000000000
56929  -35.879  -33.597  75.714 0.0000000000
56970  -32.533  -34.124  73.906 0.0000000000
56971  -33.338  -33.387  73.704 0.0000000000
57025  -37.647  -33.329  70.456 0.0000000000
57026  -38.921  -32.879  70.281 0.0000000000
57054  -29.948  -33.320  67.134 0.0000000000
57072  -30.058  -34.825  66.254 0.0000000000
57074  -32.971  -33.189  66.957 0.0000000000
57075  -33.314  -33.715  67.535 0.0000000000
57090  -29.721  -34.753  65.518 0.0000000000
57106  -28.634  -34.602  64.738 0.0000000000
57124  -28.961  -33.466  64.232 0.0000000000
57127  -40.782  -33.678  64.875 0.0000000000
57145  -31.606  -33.497  63.494 0.0000000000
58023  -38.184  -32.701  75.411 0.0000000000
58036  -35.726  -32.639  74.723 0.0000000000
58055  -37.244  -31.972  74.024 0.0000000000
58093  -34.020  -32.659  70.972 0.0000000000
58103  -32.050  -32.823  68.590 0.0000000000
58109  -42.593  -32.283  69.319 0.0000000000
58118  -32.313  -32.732  67.697 0.0000000000
58119  -32.955  -32.692  68.375 0.0000000000
58130  -30.297  -32.420  65.669 0.0000000000
58131  -31.351  -32.467  66.152 0.0000000000
58140  -29.490  -34.075  65.198 0.0000000000
58141  -29.632  -33.204  64.964 0.0000000000
58152  -31.561  -32.871  64.754 0.0000000000
58153  -32.057  -33.098  65.247 0.0000000000
58167  -31.215  -32.828  63.927 0.0000000000
58168  -31.913  -33.552  64.095 0.0000000000
58179  -31.158  -33.035  63.403 0.0000000000
59086  -38.082  -31.770  74.000 0.0000000000
59087  -38.778  -31.625  74.075 0.0000000000
59088  -39.485  -31.451  73.775 0.0000000000
59090  -43.996  -31.222  73.469 0.0000000000
59129  -42.655  -31.469  70.591 0.0000000000
59161  -30.551  -32.601  64.563 0.0000000000
59162  -31.152  -32.714  64.379 0.0000000000
59172  -29.872  -32.364  63.804 0.0000000000
60102  -42.983  -30.651  72.581 0.0000000000
60116  -43.431  -30.209  71.716 0.0000000000
60178  -28.979  -31.697  62.869 0.0000000000
61257  -42.163  -30.213  62.115 0.0000000000
63389  -44.215  -28.416  68.922 0.0000000000
64588  -44.921  -26.469  66.098 0.0000000000
64688  -40.788  -26.872  57.927 0.0000000000
65692  -45.467  -24.999  69.095 0.0000000000
66670  -46.268  -24.605  69.572 0.0000000000
66671  -46.607  -24.342  69.435 0.0000000000
66728  -44.455  -24.344  63.437 0.0000000000
66733  -42.011  -23.381  62.261 0.0000000000
66846  -44.616  -24.811  53.625 0.0000000000
66866  -42.686  -25.017  52.201 0.0000000000
66898  -41.841  -24.869  51.047 0.0000000000
67713  -46.790  -23.799  69.082 0.0000000000
67739  -46.316  -23.260  67.749 0.0000000000
67826  -44.821  -23.400  59.254 0.0000000000
67840  -43.614  -23.397  58.425 0.0000000000
67848  -39.421  -24.133  57.641 0.0000000000
67914  -45.060  -24.330  52.140 0.0000000000
67917  -47.306  -23.452  52.903 0.0000000000
68937  -43.669  -22.013  60.161 0.0000000000
69953  -43.019  -21.803  62.399 0.0000000000
69979  -46.728  -21.656  61.493 0.0000000000
70019  -47.242  -21.612  59.803 0.0000000000
70916  -45.564  -21.041  65.680 0.0000000000
70927  -44.022  -21.039  64.139 0.0000000000
70928  -44.612  -20.717  64.446 0.0000000000
70944  -46.752  -19.627  63.111 0.0000000000
70979  -47.600  -20.853  61.972 0.0000000000
71043  -48.144  -20.746  56.873 0.0000000000
71890  -44.402  -20.428  62.748 0.0000000000
71895  -48.081  -19.262  63.582 0.0000000000
71905  -44.757  -20.068  62.244 0.0000000000
71921  -48.608  -19.826  61.544 0.0000000000
72101  -46.183  -20.300  48.327 0.0000000000
72105  -49.867  -19.509  49.306 0.0000000000
72825  -47.213  -18.508  67.114 0.0000000000
72838  -45.884  -18.767  65.273 0.0000000000
72870  -45.971  -18.651  63.777 0.0000000000
73114  -48.740  -18.723  45.933 0.0000000000
74965  -56.257  -16.580  54.957 0.0000000000
74985  -52.107  -16.830  53.454 0.0000000000
75002  -56.354  -16.242  51.319 0.0000000000
75059  -53.700  -17.208  47.807 0.0000000000
75979  -57.034  -15.600  54.185 0.0000000000
75980  -57.622  -15.118  53.870 0.0000000000
76033  -56.883  -16.364  48.210 0.0000000000
76035  -58.647  -15.271  48.568 0.0000000000
77028  -58.225  -14.658  53.538 0.0000000000
77099  -58.340  -15.229  46.747 0.0000000000
77130  -58.166  -14.546  43.996 0.0000000000
78122  -59.558  -13.099  49.662 0.0000000000
78153  -59.758  -13.909  46.501 0.0000000000
80110  -60.813  -11.139  47.974 0.0000000000
80123  -60.895  -11.442  45.989 0.0000000000
80139  -62.427  -10.990  44.195 0.0000000000
80157  -60.569  -11.580  41.147 0.0000000000
80166  -63.368  -11.544  40.463 0.0000000000
81078  -63.047  -9.873  44.607 0.0000000000
81085  -61.977  -10.597  44.227 0.0000000000
81086  -63.156  -9.960  44.171 0.0000000000
81092  -61.050  -11.571  43.288 0.0000000000
81110  -61.694  -10.945  41.881 0.0000000000
82015  -62.565  -9.782  45.103 0.0000000000
82024  -63.004  -9.681  44.191 0.0000000000
82034  -62.862  -9.948  43.827 0.0000000000
82035  -63.158  -9.970  43.849 0.0000000000
82046  -62.834  -10.350  43.331 0.0000000000
82062  -62.367  -10.994  41.171 0.0000000000
82069  -62.556  -10.636  39.759 0.0000000000
82070  -62.747  -10.673  39.252 0.0000000000
82997  -63.069  -9.721  43.945 0.0000000000
83005  -63.059  -9.857  43.831 0.0000000000
133185  -27.926  -37.304  64.937 0.0000000000
133556  -32.647  -34.074  65.190 0.0000000000
133655  -29.212  -34.745  65.293 0.0000000000
134374  -41.315  -32.592  69.752 0.0000000000
136620  -32.782  -34.620  64.726 0.0000000000
136794  -60.689  -12.416  44.855 0.0000000000
137344  -34.666  -36.372  71.575 0.0000000000
138444  -30.057  -31.822  62.720 0.0000000000
138954  -44.659  -27.011  68.602 0.0000000000
139377  -42.835  -22.440  62.791 0.0000000000
140751  -29.185  -35.626  65.882 0.0000000000
141143  -45.626  -20.011  62.206 0.0000000000
142061  -44.490  -20.544  61.700 0.0000000000
142113  -59.930  -12.320  49.254 0.0000000000
142208  -47.342  -25.000  69.491 0.0000000000
144339  -57.570  -15.942  48.152 0.0000000000
146532  -46.340  -18.756  63.593 0.0000000000
146778  -31.741  -33.964  62.998 0.0000000000
147227  -43.932  -24.946  53.973 0.0000000000
147411  -33.409  -32.470  70.857 0.0000000000
148763  -63.188  -10.904  38.694 0.0000000000
151428  -42.539  -22.203  60.394 0.0000000000
152237  -45.894  -20.786  48.996 0.0000000000
152838  -61.803  -10.053  45.330 0.0000000000
153423  -37.966  -34.172  68.664 0.0000000000
153591  -11.841  -41.329  72.448 0.0000000000
154571  -28.292  -34.345  64.028 0.0000000000
155753  -37.901  -35.055  66.127 0.0000000000
155807  -27.379  -32.652  62.091 0.0000000000
155896  -7.236  -41.963  83.535 0.0000000000
157189  -36.202  -35.542  66.440 0.0000000000
157554  -44.722  -24.608  52.443 0.0000000000
157643  -39.966  -24.934  50.889 0.0000000000
158449  -30.054  -35.221  69.372 0.0000000000
158473  -62.155  -10.625  38.824 0.0000000000
158624  -34.705  -35.908  64.007 0.0000000000
158752  -63.740  -11.597  36.457 0.0000000000
158798  -41.640  -33.257  66.751 0.0000000000
158974  -43.722  -29.087  64.008 0.0000000000
