#!ascii label  , from subject sub-v2s3x28752_ses-1 vox2ras=TkReg
2220
5280  25.730  -82.840  0.942 0.6999999881
144312  24.539  -83.103  -0.233 0.8000000119
5294  23.787  -82.933  -0.125 0.8000000119
4716  23.099  -83.180  -0.820 0.6999999881
4705  27.212  -83.272  0.307 0.6000000238
4714  25.871  -83.398  -0.582 0.6000000238
4715  24.102  -83.175  -1.040 0.6000000238
4704  28.080  -83.178  0.114 0.6000000238
143744  23.632  -82.356  0.625 0.8000000119
141266  22.659  -82.287  0.389 0.6999999881
5876  21.604  -81.345  0.685 0.6999999881
5877  20.944  -81.240  0.210 0.6999999881
5279  26.637  -82.807  1.157 0.6000000238
5267  24.547  -82.212  0.979 0.6999999881
5282  21.862  -82.209  0.174 0.6999999881
5293  28.690  -82.862  -0.333 0.6000000238
5894  29.054  -82.084  -0.105 0.6000000238
5301  29.113  -82.450  -1.780 0.6000000238
5927  31.100  -80.608  -3.719 0.6000000238
5918  29.685  -81.902  -3.014 0.6000000238
7153  23.125  -79.684  1.979 0.8000000119
7136  22.689  -79.231  2.428 0.8000000119
144187  21.817  -79.102  2.659 0.6999999881
7777  21.537  -78.215  2.702 0.6999999881
144192  20.692  -78.075  2.471 0.6999999881
146832  22.966  -80.383  1.705 0.8000000119
6463  22.074  -80.503  2.095 0.6999999881
6464  20.711  -80.315  1.998 0.6999999881
6477  23.816  -81.045  1.173 0.6999999881
5856  23.017  -81.122  1.379 0.8000000119
5858  21.373  -80.751  1.566 0.6999999881
5266  25.315  -82.239  1.248 0.6999999881
5264  27.247  -82.323  1.762 0.6999999881
149444  28.486  -81.511  1.612 0.6000000238
5263  28.128  -82.263  1.374 0.6000000238
5917  30.231  -81.065  -2.361 0.6000000238
145542  29.496  -81.875  -2.291 0.6000000238
6561  31.693  -79.661  -3.213 0.6000000238
6573  34.600  -79.765  -4.723 0.6999999881
7239  34.329  -79.330  -4.946 0.6000000238
5324  34.308  -82.394  -4.926 0.5000000000
141074  34.723  -80.529  -5.042 0.6000000238
4766  34.872  -82.942  -5.398 0.5000000000
8447  23.723  -77.634  2.322 0.8999999762
7776  22.406  -78.337  2.671 0.8000000119
8449  22.103  -77.463  2.925 0.6999999881
6496  23.451  -80.021  1.228 0.6999999881
7775  23.412  -78.936  2.051 0.8999999762
8450  21.250  -77.326  2.785 0.6999999881
6476  25.059  -81.186  1.329 0.8000000119
6495  24.058  -80.630  0.878 0.8000000119
6475  25.644  -80.549  1.431 0.8000000119
6462  26.671  -80.274  3.192 0.6999999881
139450  25.762  -81.725  1.688 0.6999999881
5841  27.373  -81.182  2.816 0.8000000119
154716  28.147  -81.145  2.408 0.8000000119
6492  29.126  -80.846  0.942 0.6999999881
152845  29.330  -81.464  -0.721 0.6999999881
6543  31.025  -80.339  -2.840 0.6000000238
6574  34.381  -79.161  -4.102 0.6999999881
5934  34.437  -81.236  -4.593 0.6999999881
8465  24.309  -77.711  1.656 0.8999999762
8448  22.955  -77.547  2.686 0.8000000119
9104  22.207  -75.874  3.371 0.6999999881
7171  23.616  -79.841  -0.019 0.8000000119
8475  24.313  -78.247  0.544 0.8000000119
6512  24.179  -80.254  -0.366 0.6999999881
7809  26.486  -79.131  1.814 0.6999999881
7152  26.148  -79.914  1.944 0.6000000238
136059  26.277  -80.345  2.446 0.8000000119
6450  26.978  -79.998  3.555 0.8000000119
6474  28.621  -80.290  2.285 0.8000000119
6473  29.267  -80.003  1.288 0.6999999881
6508  30.726  -79.794  -0.700 0.8000000119
6525  29.805  -80.611  -0.856 0.6999999881
153755  31.957  -79.338  -1.681 0.8000000119
136931  33.641  -81.318  -2.802 0.6999999881
7225  33.699  -79.455  -2.639 0.6999999881
6542  31.724  -79.490  -2.419 0.6999999881
5315  33.433  -82.173  -3.419 0.6999999881
5926  34.159  -80.998  -3.592 0.6999999881
156219  20.305  -71.006  6.244 0.6000000238
14075  20.585  -70.675  5.691 0.6000000238
14092  19.796  -71.003  4.271 0.6000000238
136657  19.749  -70.802  3.490 0.6999999881
9139  24.081  -76.240  2.124 0.8999999762
9861  22.632  -75.585  3.087 0.6999999881
6511  25.068  -80.534  -0.710 0.6000000238
7169  26.843  -78.976  0.672 0.6000000238
7186  26.430  -80.286  -0.661 0.6000000238
7794  26.486  -78.380  2.592 0.6999999881
9102  27.338  -77.310  3.518 0.6999999881
8446  26.620  -77.716  3.098 0.6999999881
12355  23.646  -72.581  5.681 0.6999999881
11518  23.816  -73.304  7.007 0.6999999881
7758  27.854  -78.321  3.514 0.8000000119
7759  27.074  -78.713  3.583 0.8000000119
13186  24.950  -71.851  5.491 0.6000000238
12345  24.546  -72.601  6.864 0.6000000238
11502  23.667  -73.566  7.883 0.6999999881
11501  24.231  -72.917  7.696 0.5000000000
11473  23.160  -73.237  8.988 0.6999999881
7184  30.420  -79.300  -0.071 0.8000000119
6509  29.946  -80.041  -0.326 0.8000000119
158786  24.994  -72.204  6.977 0.5000000000
13157  25.123  -71.488  7.575 0.5000000000
6541  33.560  -80.448  -2.291 0.6999999881
14045  26.147  -70.678  7.172 0.5000000000
156602  26.819  -69.601  6.369 0.6000000238
14974  25.128  -69.927  7.433 0.5000000000
14048  23.719  -70.524  7.720 0.6000000238
13147  22.420  -71.640  8.450 0.6999999881
13161  20.677  -71.598  7.636 0.6999999881
14975  24.218  -69.881  7.352 0.5000000000
14049  22.831  -70.584  7.569 0.6000000238
14050  21.987  -70.746  7.397 0.6000000238
14063  20.895  -70.739  6.450 0.6000000238
14987  25.557  -69.452  7.072 0.6000000238
14061  22.428  -70.157  6.860 0.6000000238
14990  21.941  -70.046  6.313 0.6000000238
14988  24.733  -69.198  6.848 0.5000000000
14989  23.763  -69.438  6.742 0.5000000000
15020  22.127  -69.567  5.061 0.6000000238
15022  20.943  -70.127  3.975 0.6000000238
154941  20.402  -70.365  3.523 0.6999999881
14121  19.605  -70.163  1.769 0.6000000238
14122  18.926  -70.707  1.772 0.6999999881
15000  23.370  -69.262  6.164 0.6000000238
15976  22.764  -69.141  4.868 0.6000000238
15021  21.533  -69.798  4.508 0.6000000238
15038  21.477  -69.599  3.646 0.6999999881
15065  21.140  -68.971  0.855 0.5000000000
147064  22.903  -75.207  2.639 0.8999999762
7187  23.858  -79.798  -1.040 0.6000000238
7822  23.783  -79.158  -0.457 0.6999999881
10699  21.963  -74.073  3.093 0.8000000119
10672  20.774  -74.038  4.665 0.6999999881
11558  22.147  -73.031  4.002 0.6999999881
12385  22.246  -72.810  3.336 0.8000000119
7793  26.722  -78.158  1.580 0.6999999881
12368  23.225  -72.369  4.874 0.8000000119
12356  22.886  -72.892  5.502 0.6000000238
13202  23.648  -71.753  4.166 0.6999999881
152386  25.170  -71.189  4.188 0.6000000238
7168  30.036  -78.889  0.630 0.8000000119
162321  29.369  -77.772  2.796 0.8000000119
7167  30.830  -78.645  0.183 0.8000000119
13185  25.682  -71.618  5.880 0.5000000000
7182  32.098  -79.340  -1.035 0.8000000119
138512  25.862  -71.440  6.554 0.5000000000
140458  27.354  -70.418  4.720 0.5000000000
14998  27.514  -69.978  5.337 0.6000000238
14073  26.876  -70.691  6.243 0.6000000238
14999  27.214  -69.384  5.802 0.6000000238
16930  26.264  -67.887  5.513 0.6000000238
15079  19.985  -69.244  -1.176 0.5000000000
15943  24.014  -68.903  6.168 0.5000000000
15078  20.544  -69.215  -0.156 0.5000000000
145548  19.687  -69.601  -0.213 0.6000000238
136635  24.073  -68.464  5.386 0.6000000238
15991  22.771  -68.851  3.980 0.6999999881
15053  22.098  -69.002  3.242 0.6999999881
140585  21.142  -69.197  1.861 0.6999999881
16953  25.080  -67.556  4.604 0.6000000238
158286  21.732  -68.890  2.412 0.6000000238
147551  24.567  -67.592  3.795 0.6999999881
16002  23.277  -68.117  2.875 0.6000000238
16014  23.159  -67.862  2.039 0.5000000000
143403  24.738  -77.284  0.992 0.6999999881
9879  24.447  -75.809  1.490 0.6999999881
9881  23.042  -74.941  1.702 0.6999999881
10710  22.412  -74.657  1.985 0.8000000119
11585  21.832  -73.596  1.514 0.6999999881
12383  23.123  -71.909  3.409 0.6999999881
136832  22.586  -72.361  3.002 0.6999999881
17986  20.535  -67.000  -1.437 0.5000000000
15051  28.478  -68.929  2.978 0.5000000000
15019  28.140  -68.985  4.370 0.6000000238
16042  20.247  -68.423  -1.438 0.5000000000
15989  28.019  -68.000  4.078 0.5000000000
16001  28.709  -68.097  1.922 0.5000000000
15973  27.570  -68.285  4.831 0.6000000238
16931  25.406  -67.895  5.458 0.6000000238
16016  21.750  -68.527  0.786 0.5000000000
16975  28.465  -67.480  2.678 0.5000000000
154134  27.602  -67.129  4.071 0.6000000238
16952  25.834  -67.001  4.391 0.6000000238
17913  27.044  -66.741  4.285 0.6000000238
9151  25.035  -76.325  0.848 0.6999999881
9897  23.707  -75.083  1.124 0.6999999881
147983  22.329  -74.548  1.165 0.6999999881
17926  25.085  -66.757  2.932 0.5000000000
17954  28.672  -66.829  1.043 0.5000000000
140490  23.690  -67.378  1.842 0.5000000000
17933  27.768  -66.007  3.042 0.5000000000
17934  26.431  -65.881  3.197 0.5000000000
17925  25.912  -66.478  3.633 0.5000000000
16966  24.497  -67.336  3.059 0.5000000000
18868  25.768  -65.019  1.660 0.5000000000
18878  25.216  -64.928  0.606 0.5000000000
20696  27.637  -63.877  1.324 0.5000000000
19792  26.463  -64.262  1.567 0.5000000000
17944  24.617  -66.356  1.561 0.5000000000
19790  28.188  -64.550  1.447 0.5000000000
19779  26.788  -64.818  2.355 0.5000000000
18858  26.129  -65.473  2.527 0.5000000000
17942  28.526  -66.284  1.786 0.5000000000
18856  27.371  -65.350  2.780 0.5000000000
20709  27.557  -63.344  0.836 0.5000000000
17947  20.538  -66.411  0.537 0.6000000238
17002  19.152  -67.108  -0.071 0.6000000238
17957  20.818  -65.915  0.029 0.5000000000
16990  20.371  -67.249  1.407 0.6999999881
16991  18.933  -67.199  0.551 0.6000000238
17004  16.888  -67.720  0.398 0.6000000238
16982  17.137  -68.425  2.255 0.6999999881
16978  20.931  -67.537  2.566 0.6000000238
16979  20.125  -67.856  2.135 0.6999999881
135276  18.505  -67.628  1.316 0.6999999881
16017  16.374  -68.060  0.838 0.6999999881
16970  17.604  -68.274  2.971 0.8000000119
17927  22.371  -66.813  3.587 0.5000000000
17936  22.437  -66.244  2.519 0.5000000000
161819  18.519  -68.044  2.020 0.8000000119
16968  20.162  -68.125  3.029 0.6000000238
136865  17.998  -68.235  4.778 0.6999999881
154345  23.786  -65.291  5.064 0.5000000000
18849  23.587  -65.503  3.189 0.5000000000
146053  18.287  -67.908  3.760 0.6999999881
147362  17.489  -68.362  3.558 0.6999999881
16969  19.232  -68.062  3.323 0.6999999881
17915  21.820  -66.987  4.546 0.6999999881
15958  18.253  -68.517  6.091 0.6999999881
147110  18.673  -66.995  4.735 0.6999999881
152672  23.136  -65.820  5.137 0.6000000238
17916  20.914  -67.347  4.354 0.8000000119
20673  16.665  -62.746  4.372 0.6999999881
20672  17.579  -62.930  4.530 0.8000000119
22500  24.962  -61.238  7.534 0.4000000060
15944  18.645  -67.868  6.721 0.6999999881
147348  24.008  -63.778  6.690 0.5000000000
15957  18.417  -67.209  4.948 0.6999999881
158121  23.640  -64.323  6.509 0.6000000238
19736  22.875  -64.711  6.590 0.6000000238
16956  18.979  -67.404  4.217 0.6999999881
17896  21.931  -66.466  5.228 0.8000000119
17897  21.009  -66.671  5.141 0.8000000119
22479  12.650  -61.989  9.284 0.5000000000
23435  12.999  -60.558  8.451 0.5000000000
23436  11.453  -60.431  8.324 0.5000000000
24501  15.899  -59.744  4.311 0.5000000000
23521  17.501  -60.401  3.225 0.6000000238
24511  17.550  -59.346  3.293 0.6000000238
24502  14.859  -59.221  4.775 0.6000000238
23492  12.244  -60.153  5.972 0.6000000238
22555  16.217  -61.460  3.799 0.6999999881
23522  16.560  -60.593  3.748 0.6999999881
21634  16.649  -62.131  3.711 0.6999999881
21621  15.284  -62.693  4.198 0.6999999881
18816  18.486  -65.396  6.233 0.6999999881
20656  18.545  -63.991  5.469 0.6999999881
137066  18.287  -63.353  5.109 0.8000000119
161543  23.816  -61.957  7.668 0.5000000000
17900  18.554  -66.146  5.405 0.6999999881
20639  23.218  -63.846  6.966 0.6000000238
17918  18.841  -65.877  5.003 0.8000000119
19737  21.760  -64.658  6.654 0.6999999881
18831  20.041  -65.518  5.285 0.8000000119
17898  19.948  -66.227  5.033 0.8000000119
21561  13.666  -62.459  9.600 0.5000000000
158246  13.713  -61.768  8.965 0.6000000238
23462  14.819  -60.337  8.002 0.5000000000
23463  14.019  -59.743  7.857 0.6000000238
24445  12.124  -59.798  7.865 0.6000000238
24469  11.675  -58.961  7.349 0.6000000238
25500  12.224  -58.124  7.147 0.6000000238
25501  11.705  -58.699  7.012 0.5000000000
25544  16.954  -58.770  3.936 0.5000000000
137672  15.410  -58.459  4.602 0.5000000000
25554  18.093  -58.938  2.898 0.6000000238
23507  13.747  -60.549  5.256 0.6999999881
23477  11.639  -59.750  6.487 0.6000000238
24524  18.321  -59.782  2.722 0.6000000238
22554  17.079  -61.405  3.443 0.6999999881
151166  14.992  -62.117  4.184 0.6999999881
23505  15.165  -60.392  4.488 0.6999999881
22542  13.833  -61.468  5.019 0.8000000119
23491  12.956  -59.894  5.612 0.6999999881
23538  18.799  -60.442  2.498 0.6999999881
21633  17.652  -62.240  3.427 0.6999999881
21642  19.104  -61.758  2.969 0.6999999881
20683  17.946  -62.923  3.743 0.8000000119
21618  19.360  -62.837  3.737 0.8000000119
160141  18.460  -63.066  3.695 0.8000000119
22502  22.996  -61.551  7.646 0.5000000000
22514  22.105  -61.300  7.171 0.6000000238
19766  18.964  -64.814  4.747 0.8000000119
20671  18.849  -64.050  4.755 0.8000000119
20640  22.324  -63.871  7.038 0.6000000238
21584  21.904  -62.438  7.372 0.6999999881
20654  19.747  -64.131  5.112 0.8000000119
20641  21.288  -63.755  6.866 0.6999999881
20642  20.465  -64.014  6.106 0.6999999881
18814  21.002  -65.405  6.184 0.8000000119
22478  14.592  -62.488  9.475 0.4000000060
22487  14.978  -62.002  8.881 0.5000000000
24468  14.599  -59.224  7.593 0.4000000060
145159  13.156  -58.549  7.533 0.5000000000
25518  12.697  -57.595  6.758 0.5000000000
25542  18.298  -58.224  3.218 0.5000000000
139341  16.114  -57.831  4.422 0.6000000238
25535  14.470  -57.943  5.180 0.6000000238
25526  12.386  -58.305  6.215 0.6000000238
25553  19.852  -58.360  2.413 0.6000000238
24491  13.820  -58.690  5.362 0.6999999881
24493  12.374  -59.228  6.020 0.6999999881
24522  19.929  -59.923  2.380 0.6000000238
21631  19.085  -62.433  3.337 0.8000000119
22516  20.969  -61.921  6.489 0.6999999881
21597  20.509  -62.603  6.163 0.6999999881
20670  19.550  -63.325  4.466 0.8000000119
154661  19.801  -62.611  4.204 0.8000000119
158222  21.195  -62.715  7.023 0.6999999881
22477  15.533  -62.443  9.533 0.4000000060
21559  15.127  -62.695  10.067 0.4000000060
22453  14.200  -61.691  11.438 0.4000000060
23461  15.661  -60.428  7.939 0.5000000000
23433  15.416  -61.273  8.430 0.4000000060
25498  13.669  -57.779  7.295 0.5000000000
27413  13.865  -55.638  6.016 0.5000000000
26500  13.046  -57.039  6.303 0.5000000000
28322  14.608  -54.712  5.911 0.5000000000
25525  12.922  -57.879  5.924 0.6999999881
23536  20.019  -60.670  2.642 0.6000000238
21630  19.763  -62.204  3.711 0.8000000119
23487  21.971  -59.970  6.206 0.6000000238
23488  21.277  -60.570  5.798 0.6000000238
140635  20.989  -60.313  4.684 0.6999999881
23503  20.854  -60.166  3.637 0.6999999881
22527  20.526  -61.875  5.581 0.6999999881
24420  13.253  -59.714  11.801 0.3000000119
23460  16.667  -60.545  7.866 0.4000000060
22485  17.001  -61.849  9.107 0.3000000119
22476  16.383  -62.147  9.765 0.4000000060
22464  16.088  -62.198  10.261 0.4000000060
23419  15.120  -61.688  11.159 0.4000000060
23406  14.579  -60.809  11.539 0.5000000000
24467  15.815  -59.448  7.504 0.4000000060
24419  14.030  -60.013  11.654 0.3000000119
146805  14.908  -58.221  7.263 0.4000000060
27426  14.266  -55.141  5.840 0.5000000000
25516  15.307  -57.389  6.889 0.4000000060
27434  15.572  -55.515  5.003 0.6000000238
25515  16.552  -58.283  6.869 0.4000000060
134930  15.862  -54.660  5.364 0.4000000060
26497  15.061  -56.032  6.614 0.5000000000
22566  19.989  -61.269  2.933 0.6999999881
23489  20.738  -61.131  5.076 0.6999999881
150040  12.656  -60.304  12.151 0.4000000060
139955  15.506  -60.790  11.141 0.4000000060
24430  14.793  -59.581  11.225 0.3000000119
24466  16.915  -59.525  7.296 0.3000000119
158200  16.127  -57.192  6.644 0.4000000060
27424  16.301  -54.492  5.503 0.4000000060
156296  15.846  -54.818  6.034 0.4000000060
22484  17.878  -61.576  9.038 0.3000000119
150286  16.597  -61.740  10.244 0.3000000119
23418  15.931  -61.712  10.727 0.4000000060
148311  16.390  -60.973  10.698 0.3000000119
24429  15.871  -59.779  10.834 0.3000000119
23430  18.214  -61.253  8.443 0.3000000119
24480  17.570  -58.878  6.885 0.3000000119
139499  16.289  -56.158  6.361 0.3000000119
137316  17.122  -57.707  6.602 0.3000000119
27423  17.461  -54.766  5.619 0.3000000119
23417  17.230  -61.081  10.290 0.3000000119
24428  16.758  -60.049  10.501 0.3000000119
22474  18.232  -61.272  9.324 0.3000000119
23416  17.556  -60.163  10.244 0.3000000119
25514  18.104  -58.269  6.604 0.3000000119
26496  17.789  -57.082  6.293 0.3000000119
27409  18.284  -56.170  5.953 0.3000000119
24431  13.757  -59.055  11.397 0.3000000119
22473  18.648  -61.313  8.967 0.3000000119
23424  18.925  -60.919  9.302 0.3000000119
26495  18.982  -57.475  6.269 0.3000000119
138537  23.889  -72.108  8.544 0.6000000238
13146  23.188  -71.919  8.681 0.6999999881
12325  22.376  -72.421  8.941 0.6999999881
142356  21.749  -71.978  8.602 0.6999999881
25517  14.013  -56.953  7.045 0.4000000060
156199  14.043  -56.840  5.434 0.6000000238
25455  16.313  -58.920  10.451 0.3000000119
4726  25.510  -83.402  -1.328 0.6999999881
143040  20.472  -80.650  1.163 0.6999999881
5853  26.468  -81.427  2.382 0.8000000119
6575  32.593  -79.167  -4.491 0.6000000238
6560  32.444  -79.048  -3.517 0.6999999881
6494  24.921  -80.718  0.591 0.6000000238
10685  21.532  -74.025  3.906 0.6999999881
7151  29.229  -79.230  1.909 0.8000000119
7210  33.113  -79.154  -2.212 0.6999999881
7198  32.646  -79.350  -1.650 0.8000000119
15055  20.535  -69.735  2.281 0.6999999881
13144  24.631  -71.199  7.871 0.5000000000
14051  21.188  -71.011  7.191 0.6000000238
14150  17.978  -70.635  -0.078 0.6000000238
15990  23.411  -68.386  3.736 0.6999999881
11545  22.459  -72.807  4.723 0.8000000119
13215  25.974  -70.955  4.148 0.5000000000
13199  26.653  -70.929  4.899 0.6000000238
16951  26.522  -67.207  4.779 0.6000000238
18843  18.886  -65.384  4.869 0.8000000119
2190  36.880  -88.744  1.380 0.4000000060
1779  36.439  -89.171  2.790 0.4000000060
2628  38.240  -86.643  -1.659 0.3000000119
2202  36.628  -88.420  -0.410 0.4000000060
156249  35.958  -88.977  0.196 0.4000000060
1786  35.596  -89.526  1.603 0.4000000060
3602  36.648  -85.292  1.319 0.4000000060
3601  37.533  -85.318  1.311 0.5000000000
3060  39.035  -86.254  0.998 0.5000000000
3618  37.318  -85.776  -0.071 0.3000000119
3617  38.010  -86.184  -0.026 0.4000000060
2606  38.016  -87.780  1.105 0.4000000060
3634  37.548  -85.655  -0.856 0.3000000119
147579  37.827  -87.417  -0.179 0.3000000119
2195  37.447  -88.227  0.856 0.3000000119
3648  38.365  -85.691  -1.658 0.3000000119
157987  35.803  -85.651  0.009 0.4000000060
3620  35.797  -85.530  0.848 0.4000000060
146499  36.037  -85.252  1.795 0.5000000000
150846  35.026  -85.692  0.106 0.3000000119
3635  36.448  -85.575  -0.587 0.3000000119
4178  37.635  -84.865  -3.112 0.4000000060
3664  36.222  -85.028  -2.160 0.3000000119
4190  35.894  -84.750  -4.338 0.4000000060
4189  36.817  -84.890  -3.728 0.4000000060
4201  36.138  -84.543  -5.233 0.4000000060
3621  34.498  -85.604  0.912 0.4000000060
148747  33.667  -85.466  1.389 0.4000000060
150359  34.186  -85.661  0.050 0.4000000060
3639  32.557  -85.316  -0.459 0.4000000060
156695  31.326  -84.799  1.122 0.5000000000
3652  34.858  -85.229  -1.363 0.4000000060
4164  32.759  -85.097  -1.355 0.4000000060
158615  35.848  -84.925  -3.557 0.4000000060
4180  35.391  -84.893  -2.959 0.5000000000
4182  32.838  -84.259  -2.795 0.4000000060
4755  34.470  -83.505  -4.913 0.4000000060
6584  34.558  -80.094  -5.671 0.6000000238
5333  35.330  -82.469  -6.149 0.4000000060
4690  30.876  -83.941  1.196 0.6000000238
4703  31.129  -83.728  0.286 0.6000000238
4174  31.653  -84.009  -1.273 0.6000000238
4710  31.518  -83.486  -0.454 0.6000000238
4721  32.195  -83.385  -1.884 0.6000000238
5300  32.611  -82.303  -1.559 0.6999999881
4745  33.159  -83.186  -3.885 0.5000000000
5316  32.789  -82.944  -3.163 0.6000000238
5905  33.032  -81.004  -1.195 0.6999999881
153227  31.306  -80.098  1.560 0.6999999881
6472  31.668  -79.175  0.625 0.6999999881
5262  31.061  -82.028  1.507 0.6000000238
5872  31.957  -81.028  0.429 0.6999999881
7792  30.829  -77.456  1.026 0.6999999881
8462  30.242  -77.362  1.987 0.6999999881
7757  28.609  -77.781  3.342 0.6999999881
5893  32.223  -81.405  -0.130 0.6999999881
7166  31.359  -78.600  0.299 0.6999999881
6506  32.582  -79.989  -1.022 0.6999999881
8426  31.211  -76.617  2.764 0.5000000000
9099  31.176  -75.950  3.591 0.6000000238
7149  31.643  -78.095  0.772 0.6999999881
8445  30.618  -76.843  2.543 0.6000000238
9119  29.836  -76.417  3.606 0.6999999881
147615  29.312  -75.754  4.121 0.6999999881
144677  31.697  -80.029  0.286 0.6999999881
9100  28.840  -76.468  3.807 0.6999999881
9101  27.882  -76.595  3.627 0.6000000238
9841  30.181  -75.793  4.087 0.6000000238
10671  30.275  -74.251  4.503 0.6000000238
9843  28.444  -75.673  3.786 0.6000000238
10683  29.488  -74.543  4.179 0.6000000238
160104  26.811  -79.712  -0.200 0.5000000000
5909  20.650  -81.111  -0.540 0.6000000238
5908  21.197  -81.964  -1.097 0.6000000238
9844  27.742  -75.973  3.448 0.6000000238
162076  27.051  -76.318  2.668 0.6000000238
8463  27.004  -77.272  1.338 0.5000000000
151942  27.311  -77.962  0.511 0.5000000000
7811  18.914  -78.853  0.648 0.6000000238
6479  19.857  -80.085  1.479 0.6000000238
6498  19.724  -80.445  0.540 0.6000000238
10696  29.111  -74.096  3.477 0.6000000238
9878  27.259  -75.786  2.145 0.5000000000
8464  26.600  -77.437  2.319 0.5000000000
9862  19.421  -75.080  3.109 0.6000000238
9106  20.457  -75.352  3.416 0.6000000238
9126  20.273  -76.409  2.490 0.6000000238
135308  19.149  -78.069  1.130 0.6000000238
7798  19.891  -78.040  1.954 0.6000000238
9105  21.458  -75.599  3.492 0.6000000238
9125  20.852  -76.330  2.973 0.6000000238
8474  24.994  -77.315  0.232 0.6000000238
10709  27.682  -75.123  2.436 0.6000000238
10674  19.278  -74.640  4.564 0.6000000238
10639  20.917  -74.783  6.198 0.6000000238
10686  19.954  -74.581  4.395 0.6000000238
10654  22.078  -73.890  5.966 0.6000000238
140453  20.601  -74.058  5.335 0.6000000238
11532  22.752  -73.562  6.067 0.5000000000
11546  21.328  -73.556  5.023 0.6000000238
145661  22.124  -73.312  5.323 0.5000000000
141133  19.137  -75.395  2.289 0.6999999881
10675  18.622  -74.794  4.212 0.6000000238
10656  19.998  -74.617  5.679 0.6000000238
10638  21.857  -74.630  6.488 0.6000000238
10636  23.262  -73.969  7.335 0.6000000238
8360  18.782  -78.072  7.417 0.6000000238
10657  19.305  -74.759  5.268 0.6000000238
9816  20.304  -75.298  6.257 0.6000000238
10620  22.182  -75.011  7.327 0.5000000000
9059  20.693  -77.019  6.922 0.6000000238
9036  21.279  -76.473  8.046 0.6000000238
8358  20.181  -77.643  7.618 0.6000000238
9038  18.853  -76.802  8.413 0.6000000238
9073  19.111  -76.601  5.953 0.6000000238
10605  22.744  -74.350  8.576 0.6000000238
9800  21.230  -76.436  7.397 0.6000000238
9777  21.540  -75.455  8.496 0.5000000000
10607  21.277  -74.492  9.161 0.6000000238
9778  20.745  -76.022  8.627 0.5000000000
148478  19.932  -75.217  8.989 0.5000000000
12317  22.630  -73.122  9.220 0.6000000238
11476  21.530  -73.664  9.335 0.6000000238
10608  20.267  -74.352  9.160 0.6000000238
11488  19.860  -73.445  8.895 0.6000000238
11489  19.100  -73.257  8.440 0.6999999881
136284  18.335  -74.261  8.456 0.6999999881
11490  17.855  -73.628  7.979 0.6999999881
11503  17.252  -73.490  7.525 0.6999999881
11487  20.726  -73.610  9.256 0.6000000238
12327  20.514  -72.754  8.829 0.6999999881
12333  19.168  -72.395  7.680 0.6999999881
12334  18.497  -72.975  7.934 0.6999999881
12346  18.316  -72.505  7.186 0.6999999881
12357  18.110  -72.239  6.453 0.6000000238
139239  20.434  -71.242  6.884 0.6000000238
148286  27.495  -79.313  -1.425 0.5000000000
7215  26.447  -80.115  -2.850 0.5000000000
158824  26.430  -80.458  -2.366 0.5000000000
7200  25.143  -79.876  -2.368 0.6000000238
9204  26.584  -76.949  -3.295 0.6000000238
8517  26.333  -78.297  -3.229 0.6000000238
8518  25.846  -77.981  -2.253 0.6000000238
8501  25.432  -77.612  -1.452 0.6000000238
9150  25.446  -76.346  -0.022 0.6000000238
137676  25.793  -74.996  -2.229 0.5000000000
9928  25.862  -75.553  -1.391 0.6000000238
9912  24.928  -75.012  0.167 0.6000000238
10760  22.802  -73.325  -1.503 0.6000000238
11608  22.411  -73.445  -0.557 0.5000000000
10741  23.318  -74.030  -0.640 0.6000000238
10742  22.692  -74.114  0.089 0.6000000238
11616  22.219  -72.686  -1.168 0.5000000000
154375  22.176  -73.636  0.144 0.6000000238
13217  24.419  -71.211  3.749 0.5000000000
142361  24.020  -71.030  1.874 0.5000000000
12403  22.475  -72.344  2.126 0.6000000238
12422  21.977  -72.840  0.534 0.6000000238
4744  33.882  -83.257  -4.496 0.6000000238
5916  33.205  -81.550  -2.071 0.6999999881
157802  25.014  -80.261  -2.000 0.5000000000
10597  22.370  -74.138  9.108 0.6000000238
12332  20.109  -72.203  8.042 0.6999999881
7834  24.196  -79.136  -1.261 0.6000000238
11596  21.960  -73.537  0.679 0.6000000238
13233  22.966  -71.743  2.031 0.6000000238
2619  37.442  -87.714  -0.660 0.3000000119
3076  38.221  -86.477  -0.472 0.3000000119
3068  38.383  -86.467  0.374 0.4000000060
3663  37.386  -85.132  -2.295 0.3000000119
3651  35.818  -85.260  -1.377 0.4000000060
4170  35.221  -84.976  -2.052 0.4000000060
3605  32.716  -85.383  1.159 0.4000000060
3653  33.876  -85.163  -1.357 0.3000000119
3640  31.848  -85.112  -0.269 0.5000000000
4166  31.426  -84.471  -0.327 0.6000000238
151205  34.608  -84.873  -2.642 0.5000000000
4732  32.502  -83.581  -2.649 0.5000000000
144680  33.763  -84.001  -4.024 0.5000000000
5291  31.923  -82.493  -0.291 0.6000000238
145244  21.597  -75.534  6.999 0.6000000238
11520  17.000  -73.101  6.976 0.6000000238
9194  26.060  -76.620  -1.819 0.6000000238
10774  23.507  -73.412  -2.357 0.5000000000
9178  25.713  -76.453  -0.901 0.6000000238
9911  25.467  -75.371  -0.454 0.6000000238
136371  24.735  -74.156  -2.281 0.5000000000
10759  24.053  -73.993  -1.447 0.6000000238
12436  22.158  -72.034  -2.358 0.5000000000
13266  22.199  -72.518  -0.307 0.5000000000
13244  23.328  -71.578  1.446 0.5000000000
2455  24.645  -87.482  14.848 0.4000000060
147863  25.640  -87.799  15.425 0.4000000060
2468  24.362  -87.364  13.833 0.5000000000
2036  21.780  -87.777  15.045 0.5000000000
1659  21.626  -89.335  14.846 0.5000000000
1041  21.963  -91.568  15.068 0.5000000000
1670  22.880  -88.775  13.802 0.5000000000
2456  22.558  -87.581  14.911 0.5000000000
156012  26.128  -87.454  15.321 0.4000000060
143801  25.674  -85.879  14.637 0.4000000060
162070  25.210  -85.917  14.088 0.5000000000
1410  32.027  -90.511  5.027 0.3000000119
1132  31.845  -91.726  4.843 0.3000000119
1431  32.620  -90.833  3.123 0.3000000119
157424  34.139  -89.896  2.789 0.3000000119
2457  21.947  -87.516  15.681 0.4000000060
155865  21.279  -88.080  15.250 0.5000000000
1647  20.560  -89.235  15.761 0.5000000000
2025  22.811  -87.697  16.413 0.4000000060
2035  23.715  -87.573  15.064 0.4000000060
2022  25.748  -88.200  16.138 0.3000000119
2008  24.912  -88.865  17.208 0.3000000119
145962  24.870  -84.589  13.417 0.4000000060
2927  26.488  -86.914  16.338 0.3000000119
3981  25.483  -85.037  15.012 0.4000000060
3449  25.200  -85.242  14.184 0.5000000000
3431  26.076  -85.914  16.615 0.3000000119
1123  32.039  -91.416  5.842 0.3000000119
151653  31.117  -93.052  5.698 0.3000000119
1769  32.595  -89.161  3.905 0.3000000119
156457  34.380  -89.263  3.382 0.3000000119
150630  34.925  -89.757  2.172 0.3000000119
2010  22.567  -88.005  17.405 0.3000000119
2431  21.621  -87.536  16.695 0.4000000060
2009  23.771  -88.509  17.220 0.3000000119
2918  25.960  -86.713  17.279 0.3000000119
4519  24.839  -83.265  14.470 0.4000000060
137888  24.919  -83.493  12.991 0.4000000060
152399  25.272  -84.472  15.643 0.4000000060
3425  25.417  -85.562  17.552 0.3000000119
1113  32.798  -91.036  7.378 0.4000000060
1114  32.425  -91.189  6.727 0.4000000060
153029  31.742  -92.324  7.338 0.4000000060
847  30.466  -92.833  8.104 0.4000000060
162109  30.014  -92.698  7.883 0.4000000060
157728  29.303  -91.261  6.941 0.5000000000
1746  33.119  -89.145  5.744 0.3000000119
1757  32.362  -89.370  4.793 0.3000000119
1756  33.123  -88.528  4.577 0.3000000119
1781  35.064  -89.573  2.989 0.3000000119
2189  37.601  -88.306  1.648 0.3000000119
1630  23.303  -88.958  18.130 0.3000000119
4501  24.946  -82.648  16.167 0.3000000119
147406  25.405  -82.402  11.756 0.4000000060
4554  25.635  -82.535  10.984 0.4000000060
2897  24.926  -86.829  19.203 0.3000000119
3962  24.861  -83.914  17.184 0.3000000119
3951  24.832  -84.465  17.804 0.3000000119
134141  25.394  -84.908  16.884 0.3000000119
149230  28.471  -86.248  6.722 0.5000000000
3527  28.144  -84.991  7.537 0.5000000000
2118  33.980  -89.036  8.660 0.3000000119
1715  33.332  -90.122  8.423 0.3000000119
1713  34.620  -89.525  7.906 0.3000000119
1372  32.804  -90.840  8.302 0.3000000119
1104  32.424  -91.484  7.816 0.4000000060
1717  29.414  -89.398  8.418 0.5000000000
160059  29.012  -88.771  7.213 0.5000000000
1370  34.021  -89.970  7.603 0.3000000119
1095  31.502  -91.893  8.459 0.4000000060
1097  30.394  -92.246  8.133 0.4000000060
1384  29.633  -91.179  7.737 0.5000000000
1726  29.147  -89.241  7.710 0.5000000000
2147  34.765  -88.247  5.411 0.3000000119
1767  34.999  -88.938  3.749 0.3000000119
2174  36.489  -88.830  3.583 0.3000000119
147048  37.154  -88.760  3.080 0.3000000119
154869  37.782  -88.399  2.527 0.4000000060
5107  25.146  -82.136  14.691 0.3000000119
5136  25.666  -81.739  12.288 0.4000000060
139477  24.646  -86.680  20.133 0.3000000119
4491  24.840  -83.053  17.419 0.3000000119
5147  25.887  -81.930  11.449 0.4000000060
2909  24.683  -85.654  19.210 0.3000000119
4595  26.907  -83.449  8.604 0.4000000060
4611  27.200  -83.926  8.112 0.5000000000
4032  28.260  -84.163  10.105 0.4000000060
4044  27.895  -83.882  9.108 0.5000000000
2992  33.098  -86.225  9.360 0.3000000119
3011  28.487  -85.845  7.620 0.5000000000
4043  28.224  -84.590  8.710 0.5000000000
155598  32.627  -89.120  8.889 0.3000000119
135565  28.893  -87.153  8.910 0.4000000060
3002  28.648  -86.153  8.763 0.5000000000
2117  34.675  -89.044  8.414 0.3000000119
1703  32.145  -89.776  8.853 0.4000000060
1704  31.209  -89.705  9.015 0.4000000060
2108  29.177  -88.063  9.083 0.5000000000
135525  28.713  -86.672  8.172 0.5000000000
1725  34.672  -89.543  7.245 0.3000000119
1373  32.033  -91.176  8.490 0.4000000060
1374  30.583  -91.385  8.500 0.5000000000
1716  29.723  -90.100  8.421 0.5000000000
2146  35.837  -88.162  5.779 0.3000000119
2566  36.615  -87.654  5.300 0.4000000060
2158  37.438  -87.950  4.477 0.3000000119
143666  37.156  -88.540  3.813 0.4000000060
2173  37.943  -88.366  3.509 0.4000000060
4778  30.027  -83.509  -6.426 0.5000000000
2604  38.971  -86.765  1.612 0.3000000119
3395  24.537  -85.674  20.992 0.3000000119
3415  24.541  -84.686  19.311 0.3000000119
5719  26.592  -81.163  12.841 0.3000000119
5135  27.443  -81.940  12.145 0.3000000119
4569  27.932  -83.334  10.461 0.5000000000
135781  28.510  -84.761  10.845 0.4000000060
4552  28.059  -83.299  11.298 0.3000000119
3492  33.129  -85.020  10.002 0.3000000119
3493  28.604  -85.293  10.197 0.5000000000
2523  32.699  -87.441  9.149 0.3000000119
2525  29.077  -87.476  9.748 0.4000000060
2981  28.819  -86.482  10.736 0.4000000060
143418  31.670  -88.926  9.090 0.4000000060
138591  30.693  -88.846  9.305 0.4000000060
2106  29.921  -88.673  9.613 0.4000000060
2091  29.339  -88.045  10.064 0.4000000060
1724  35.300  -89.107  7.409 0.3000000119
1723  35.956  -88.737  7.011 0.3000000119
1705  30.322  -89.604  9.030 0.4000000060
1706  29.754  -89.326  8.914 0.5000000000
2565  37.258  -87.769  5.895 0.3000000119
2564  38.404  -86.917  5.212 0.4000000060
2594  38.360  -87.974  4.100 0.4000000060
4768  29.447  -83.783  -5.645 0.5000000000
139075  38.868  -87.391  2.938 0.4000000060
3053  39.543  -86.358  3.260 0.5000000000
5343  30.996  -82.227  -6.366 0.5000000000
3932  24.638  -84.375  20.639 0.3000000119
144000  18.743  -78.151  0.028 0.5000000000
3466  28.556  -85.524  12.183 0.3000000119
4005  28.458  -84.424  12.505 0.3000000119
7188  18.893  -79.238  -0.389 0.5000000000
8489  18.958  -77.377  -0.675 0.6000000238
4031  33.606  -84.342  10.238 0.3000000119
2979  32.002  -86.057  10.481 0.3000000119
3505  34.525  -85.556  9.033 0.3000000119
2980  31.559  -86.770  10.231 0.3000000119
2968  31.331  -87.308  11.130 0.3000000119
158422  28.809  -87.134  11.227 0.4000000060
2969  28.631  -86.644  11.728 0.4000000060
160163  21.881  -83.111  -1.255 0.5000000000
143106  18.000  -74.932  -0.331 0.5000000000
2510  31.026  -87.608  10.180 0.3000000119
2089  30.272  -88.335  10.099 0.3000000119
2078  29.275  -88.808  11.401 0.3000000119
1687  29.088  -89.576  12.000 0.3000000119
4728  23.288  -83.327  -1.690 0.5000000000
2115  36.560  -88.028  7.867 0.3000000119
2144  37.092  -88.070  6.619 0.3000000119
144528  25.488  -83.377  -2.129 0.5000000000
2555  37.690  -87.407  6.267 0.3000000119
4748  27.425  -83.561  -3.138 0.5000000000
2553  39.174  -86.509  5.475 0.4000000060
4747  28.420  -83.523  -3.470 0.6000000238
3030  39.887  -86.244  4.823 0.4000000060
3571  39.911  -85.997  4.045 0.5000000000
5327  29.803  -82.930  -4.056 0.5000000000
3577  39.194  -84.999  3.272 0.4000000060
160506  39.042  -85.324  2.260 0.3000000119
158993  39.274  -86.190  1.672 0.4000000060
5335  30.747  -82.355  -5.507 0.6000000238
4089  34.625  -84.256  5.257 0.3000000119
4109  35.072  -84.583  4.613 0.4000000060
4136  37.177  -84.736  2.767 0.4000000060
3600  38.582  -85.535  1.325 0.3000000119
5944  31.383  -81.360  -5.591 0.6000000238
5950  31.652  -81.416  -6.634 0.5000000000
4090  33.750  -84.191  5.253 0.3000000119
4110  34.240  -84.525  4.617 0.5000000000
3580  34.139  -84.908  3.345 0.4000000060
146208  35.105  -85.439  1.720 0.4000000060
6594  32.973  -79.805  -6.381 0.6000000238
4639  32.462  -83.552  5.776 0.3000000119
4111  33.372  -84.427  4.433 0.5000000000
4123  33.553  -84.654  3.726 0.4000000060
3604  33.867  -85.371  2.051 0.4000000060
4655  32.075  -83.709  5.113 0.4000000060
4124  32.732  -84.482  3.542 0.5000000000
3592  33.130  -85.292  1.972 0.4000000060
4138  31.807  -84.569  2.715 0.5000000000
8476  18.925  -77.205  0.523 0.6000000238
9164  18.822  -76.713  -0.415 0.6000000238
136438  33.495  -83.997  10.912 0.3000000119
3465  32.392  -85.343  11.705 0.3000000119
153679  32.092  -85.968  12.154 0.3000000119
2958  31.704  -86.735  12.010 0.3000000119
9898  18.713  -75.766  0.812 0.6000000238
9899  18.311  -75.429  0.254 0.6000000238
4030  34.419  -84.253  9.955 0.3000000119
2490  31.208  -88.049  12.058 0.3000000119
2067  31.034  -89.295  12.638 0.3000000119
10712  18.071  -75.205  1.599 0.6000000238
3490  37.451  -85.794  10.042 0.3000000119
2499  30.551  -88.154  11.074 0.3000000119
1686  29.508  -89.442  12.021 0.3000000119
9864  17.114  -75.138  2.546 0.6000000238
2544  37.479  -87.495  7.388 0.3000000119
7761  17.101  -77.787  3.943 0.6000000238
9108  16.416  -76.725  3.754 0.6000000238
8452  16.346  -77.858  3.091 0.6000000238
7762  16.705  -78.719  3.489 0.5000000000
4106  38.608  -84.697  3.958 0.4000000060
4120  36.665  -84.663  3.831 0.4000000060
4656  31.169  -83.216  5.008 0.4000000060
4113  31.592  -84.065  3.628 0.5000000000
4551  33.694  -83.387  11.318 0.3000000119
148114  33.212  -83.710  12.496 0.3000000119
4004  32.764  -84.800  11.841 0.3000000119
3464  32.709  -85.557  12.474 0.3000000119
2489  31.971  -87.466  12.594 0.3000000119
2066  31.859  -88.653  12.868 0.3000000119
1676  31.856  -89.890  13.123 0.3000000119
9140  19.761  -76.410  1.996 0.5000000000
4567  34.863  -83.714  10.524 0.3000000119
4029  35.562  -84.556  9.950 0.3000000119
10688  18.476  -74.839  3.295 0.5000000000
9863  18.661  -75.146  2.357 0.6000000238
4028  36.543  -84.696  10.473 0.3000000119
1677  30.350  -90.019  12.738 0.3000000119
9848  17.437  -75.153  3.265 0.6000000238
3475  37.423  -85.240  10.690 0.3000000119
9107  16.915  -75.827  4.056 0.6000000238
4652  39.312  -84.465  4.929 0.3000000119
4104  40.281  -85.075  5.404 0.3000000119
7742  17.264  -78.663  4.279 0.6000000238
7106  16.012  -79.518  4.173 0.6000000238
9084  17.502  -76.244  4.765 0.6000000238
9083  18.300  -76.432  5.375 0.5000000000
8391  18.719  -77.762  5.696 0.6000000238
149927  17.679  -78.096  4.596 0.6000000238
7730  17.741  -78.684  5.636 0.6000000238
7105  16.718  -79.267  4.218 0.6000000238
7732  15.990  -78.978  5.487 0.6000000238
7731  16.856  -78.978  5.535 0.6000000238
7720  15.558  -78.345  5.974 0.5000000000
134914  18.206  -75.399  4.867 0.5000000000
8390  19.520  -77.654  6.391 0.5000000000
7717  18.471  -78.448  6.292 0.5000000000
7712  17.331  -78.214  6.945 0.6000000238
8363  14.115  -77.073  7.242 0.5000000000
10623  15.181  -74.711  7.555 0.6000000238
9792  14.836  -75.545  7.763 0.6000000238
9053  13.588  -76.487  7.469 0.5000000000
10624  14.331  -74.915  7.372 0.6000000238
8365  12.730  -76.588  7.306 0.6000000238
8372  19.790  -78.091  6.869 0.5000000000
9049  17.362  -77.073  8.029 0.5000000000
9050  16.418  -76.901  7.907 0.5000000000
8362  16.258  -77.698  7.187 0.6000000238
10610  17.144  -74.780  8.257 0.6000000238
148141  16.226  -76.117  8.149 0.5000000000
152103  15.174  -77.187  7.354 0.5000000000
9782  16.610  -75.477  8.245 0.6000000238
13176  18.922  -71.887  6.696 0.6000000238
10622  16.233  -74.539  7.800 0.6000000238
10625  13.531  -75.127  7.141 0.5000000000
14967  16.237  -69.906  9.589 0.5000000000
8371  20.348  -77.714  7.111 0.5000000000
8361  17.823  -77.812  7.547 0.5000000000
9781  17.471  -75.650  8.470 0.6000000238
14948  15.769  -69.357  10.948 0.5000000000
14940  14.606  -69.554  11.553 0.6000000238
14947  16.506  -68.942  10.606 0.6000000238
14956  17.525  -68.880  9.464 0.6000000238
14012  14.909  -70.498  10.644 0.5000000000
14966  16.895  -69.523  9.103 0.5000000000
14052  15.340  -70.419  8.092 0.5000000000
10658  13.235  -74.330  5.484 0.5000000000
10642  13.163  -74.814  6.381 0.5000000000
20643  17.667  -63.525  6.574 0.6000000238
19741  16.868  -63.904  7.092 0.6999999881
19724  17.220  -64.837  7.556 0.6000000238
18802  16.597  -65.456  7.938 0.6999999881
17827  15.101  -66.717  9.300 0.6000000238
16880  14.754  -67.143  10.033 0.6000000238
18793  16.977  -66.150  8.531 0.6000000238
17846  16.354  -66.402  8.829 0.6000000238
19740  17.851  -64.314  7.106 0.6000000238
18801  17.585  -65.742  8.058 0.6000000238
151234  16.626  -67.372  9.833 0.6000000238
16879  15.775  -67.267  10.014 0.5000000000
145988  14.369  -68.815  11.677 0.6000000238
133854  18.355  -65.722  7.261 0.6000000238
161312  17.845  -66.976  9.019 0.6000000238
16866  16.468  -68.030  10.408 0.5000000000
16867  15.380  -67.802  10.645 0.6000000238
16892  18.264  -67.051  8.699 0.6000000238
16878  17.319  -67.766  9.826 0.6000000238
15934  18.697  -67.855  7.800 0.6000000238
15921  17.884  -68.165  9.513 0.6000000238
14965  17.568  -69.144  8.455 0.6000000238
14978  17.000  -69.561  7.322 0.5000000000
14064  15.196  -70.400  7.046 0.5000000000
14077  14.943  -70.392  5.871 0.5000000000
160286  13.974  -70.796  5.658 0.5000000000
14078  13.134  -70.767  5.197 0.5000000000
17866  14.903  -66.039  7.941 0.6000000238
17848  14.478  -66.521  8.334 0.6999999881
17865  18.503  -66.539  7.559 0.5000000000
14977  17.872  -69.021  7.580 0.6000000238
153123  17.757  -69.121  6.622 0.6000000238
14991  16.023  -70.053  6.579 0.5000000000
153489  16.849  -69.592  6.079 0.6000000238
15005  15.782  -69.936  4.395 0.5000000000
15040  15.936  -69.200  2.781 0.6000000238
15006  14.910  -70.331  4.043 0.6000000238
25540  21.972  -58.263  3.580 0.4000000060
20660  14.382  -63.641  4.618 0.6999999881
19755  13.217  -64.998  4.064 0.5000000000
17883  12.478  -66.525  5.850 0.5000000000
25532  21.641  -58.866  3.854 0.6000000238
24509  21.243  -59.423  3.157 0.5000000000
18835  13.185  -65.802  4.897 0.6000000238
156319  13.067  -66.706  6.750 0.5000000000
154243  22.465  -58.263  5.127 0.5000000000
20674  15.913  -62.861  4.511 0.6000000238
150697  14.369  -65.162  6.426 0.8000000119
19742  15.580  -63.805  6.586 0.6999999881
18804  14.451  -65.450  7.242 0.8000000119
17849  13.533  -66.719  8.005 0.6999999881
15003  17.578  -69.083  5.448 0.6000000238
15023  16.373  -69.464  3.771 0.6000000238
17902  12.046  -65.898  5.193 0.5000000000
24521  21.000  -59.064  2.508 0.5000000000
20675  14.498  -63.149  4.271 0.6999999881
17884  11.679  -66.310  6.066 0.5000000000
26507  22.875  -57.333  4.695 0.4000000060
26515  22.351  -57.838  4.123 0.4000000060
25523  23.465  -57.784  5.722 0.4000000060
24488  23.005  -58.728  6.110 0.5000000000
23475  22.745  -59.567  6.520 0.4000000060
19756  12.592  -64.800  3.830 0.5000000000
18819  11.449  -65.593  5.605 0.5000000000
26524  22.258  -57.327  2.818 0.3000000119
25552  20.582  -58.523  2.358 0.3000000119
143371  13.198  -64.354  3.897 0.6000000238
26506  24.234  -57.125  5.858 0.4000000060
25509  23.861  -58.518  6.529 0.4000000060
23476  22.598  -60.467  7.067 0.4000000060
21607  13.427  -62.262  4.950 0.6000000238
21622  14.278  -62.182  4.480 0.6000000238
153517  23.246  -59.916  7.151 0.4000000060
21608  12.609  -62.711  5.189 0.5000000000
19757  11.799  -64.769  4.498 0.5000000000
28359  23.783  -55.016  2.385 0.3000000119
27452  22.151  -56.689  2.469 0.3000000119
26534  20.503  -57.704  2.504 0.3000000119
26535  19.872  -57.640  2.753 0.4000000060
25492  24.903  -59.074  7.266 0.3000000119
23456  23.527  -60.580  7.512 0.4000000060
23455  24.377  -60.474  7.612 0.4000000060
27455  20.237  -56.823  2.850 0.4000000060
22528  13.015  -61.035  5.487 0.6000000238
21609  11.746  -62.928  5.658 0.4000000060
26525  19.306  -56.981  3.316 0.4000000060
29271  24.970  -54.017  2.367 0.3000000119
29279  24.168  -54.338  2.196 0.3000000119
135635  12.603  -61.758  5.490 0.5000000000
26526  18.305  -57.066  3.735 0.4000000060
25534  14.868  -56.996  5.015 0.5000000000
26527  17.342  -56.583  4.211 0.4000000060
26516  16.549  -56.824  4.426 0.4000000060
30231  18.714  -52.695  4.324 0.3000000119
30208  18.424  -53.131  4.609 0.3000000119
29266  18.045  -53.469  4.684 0.3000000119
29258  17.198  -54.004  5.015 0.3000000119
28333  17.921  -54.105  5.290 0.3000000119
141289  14.096  -62.582  10.599 0.4000000060
148388  19.042  -52.281  4.323 0.3000000119
1679  28.957  -89.661  12.494 0.3000000119
136434  39.313  -84.954  4.151 0.4000000060
27446  17.499  -55.639  4.246 0.3000000119
15978  16.738  -68.768  3.165 0.6000000238
23408  12.657  -61.124  12.112 0.4000000060
24489  22.208  -59.163  5.698 0.5000000000
28344  16.820  -54.465  4.824 0.3000000119
3588  36.941  -84.948  1.911 0.3000000119
3578  36.020  -84.937  3.136 0.4000000060
7718  17.870  -78.576  6.383 0.5000000000
2023  25.200  -88.417  16.427 0.4000000060
2470  22.976  -87.702  14.334 0.5000000000
148071  21.184  -89.813  15.265 0.5000000000
3467  24.785  -85.315  12.727 0.5000000000
864  31.970  -91.988  6.603 0.4000000060
2024  24.129  -87.986  16.246 0.4000000060
3988  24.952  -84.329  14.320 0.4000000060
4018  25.069  -84.128  11.478 0.4000000060
1401  33.007  -89.995  6.353 0.4000000060
644  30.774  -93.247  7.307 0.4000000060
637  29.950  -93.217  7.801 0.4000000060
149186  20.887  -87.465  16.705 0.3000000119
2896  25.553  -87.389  18.287 0.3000000119
134086  24.930  -83.631  15.871 0.3000000119
4529  25.020  -82.604  13.658 0.4000000060
4541  25.054  -83.300  12.099 0.4000000060
1737  33.817  -89.751  6.629 0.3000000119
1745  34.336  -89.112  6.154 0.4000000060
5122  25.460  -81.723  13.167 0.4000000060
4585  26.024  -83.172  9.464 0.4000000060
2119  29.124  -88.609  8.336 0.5000000000
151664  28.082  -83.867  -5.038 0.5000000000
2160  35.611  -87.797  5.018 0.4000000060
151745  24.770  -83.415  18.018 0.3000000119
5146  26.519  -81.906  11.293 0.4000000060
5155  26.867  -82.311  10.463 0.4000000060
4583  27.255  -83.148  9.190 0.5000000000
3508  28.519  -85.324  9.183 0.5000000000
2524  31.712  -87.325  9.555 0.3000000119
146868  35.919  -88.351  8.046 0.3000000119
1735  35.305  -89.110  6.912 0.3000000119
2145  36.627  -88.197  6.314 0.3000000119
4767  30.226  -83.161  -5.472 0.6000000238
4540  27.779  -82.577  11.706 0.3000000119
5145  27.210  -82.069  11.334 0.4000000060
2079  28.839  -88.498  11.459 0.3000000119
4735  27.240  -83.503  -2.129 0.5000000000
3043  39.693  -86.768  4.069 0.4000000060
3457  28.685  -85.348  13.230 0.3000000119
2491  28.340  -88.538  12.009 0.3000000119
4088  35.509  -84.259  5.212 0.4000000060
4119  37.742  -84.615  3.495 0.4000000060
4135  38.415  -84.798  2.876 0.4000000060
4624  33.586  -83.390  6.619 0.3000000119
2956  33.096  -86.325  13.029 0.3000000119
8406  17.992  -77.490  5.045 0.6000000238
157400  36.774  -84.428  4.592 0.3000000119
154656  32.636  -88.092  13.122 0.3000000119
2056  32.608  -89.312  13.445 0.3000000119
3488  38.090  -85.639  10.679 0.3000000119
159085  15.818  -77.068  7.655 0.5000000000
9791  15.746  -75.446  7.971 0.6000000238
17867  13.851  -66.247  7.298 0.6999999881
19754  14.805  -63.925  5.417 0.6999999881
148395  13.551  -64.241  4.164 0.6000000238
27442  22.632  -56.763  2.800 0.3000000119
28360  23.026  -55.363  2.298 0.3000000119
146115  28.117  -83.374  -1.018 0.5000000000
4724  27.405  -83.482  -1.218 0.5000000000
6458  31.603  -79.115  1.558 0.6000000238
9780  18.414  -75.893  8.686 0.4000000060
145564  18.888  -75.118  8.821 0.5000000000
10640  14.697  -74.336  7.038 0.5000000000
13188  19.175  -71.489  5.756 0.5000000000
12358  17.406  -72.324  5.769 0.5000000000
12348  16.840  -72.720  6.276 0.5000000000
161044  15.399  -73.164  5.411 0.5000000000
12359  16.302  -72.692  5.374 0.5000000000
13187  19.915  -71.101  5.667 0.5000000000
11534  14.523  -73.674  5.328 0.4000000060
13203  18.710  -71.659  4.893 0.5000000000
13190  17.864  -72.042  4.893 0.5000000000
12370  16.095  -72.664  4.275 0.5000000000
12371  15.159  -72.838  3.929 0.5000000000
13204  18.230  -71.869  4.041 0.6000000238
154161  17.503  -72.183  4.105 0.5000000000
12387  15.735  -72.514  3.200 0.5000000000
14093  14.145  -70.708  3.780 0.5000000000
14123  18.544  -71.192  2.333 0.6000000238
157461  14.324  -71.375  2.947 0.5000000000
13223  14.343  -70.914  3.064 0.5000000000
13221  17.525  -72.011  3.217 0.6000000238
158485  15.782  -72.088  2.389 0.6000000238
12388  14.580  -72.336  3.178 0.5000000000
149147  19.343  -70.730  2.571 0.6000000238
13246  17.697  -71.429  1.731 0.6000000238
13247  16.748  -71.542  1.278 0.6000000238
13250  14.919  -70.612  1.860 0.6000000238
14138  17.384  -71.122  0.689 0.6000000238
15042  14.956  -70.151  2.473 0.5000000000
15041  15.298  -69.671  2.520 0.5000000000
13248  15.779  -71.326  1.083 0.6000000238
13237  15.404  -71.577  1.829 0.6000000238
16868  14.380  -67.591  10.736 0.5000000000
16881  13.730  -67.198  9.853 0.5000000000
16893  14.096  -66.851  9.061 0.5000000000
15993  16.386  -68.773  2.211 0.6000000238
14151  16.984  -70.772  -0.378 0.6000000238
16008  15.703  -69.109  1.177 0.6000000238
14140  15.580  -70.550  0.562 0.6000000238
15069  15.413  -69.696  1.040 0.6000000238
15068  15.796  -69.165  -0.268 0.6000000238
27444  19.395  -56.018  3.461 0.3000000119
21547  13.519  -62.555  10.359 0.3000000119
4678  30.979  -84.058  2.723 0.4000000060
4691  30.735  -83.088  1.768 0.5000000000
6593  33.907  -79.776  -6.595 0.5000000000
6586  32.781  -79.491  -5.446 0.5000000000
5840  30.499  -81.499  2.832 0.4000000060
5935  31.264  -80.904  -4.595 0.4000000060
8425  32.229  -77.325  2.891 0.4000000060
4734  28.286  -83.405  -2.638 0.4000000060
5318  29.511  -82.800  -3.382 0.4000000060
4733  28.958  -83.182  -3.001 0.4000000060
5326  30.338  -82.520  -4.626 0.4000000060
136595  30.624  -81.541  -4.168 0.4000000060
10682  33.460  -74.189  4.193 0.4000000060
9827  32.781  -74.761  4.358 0.4000000060
9828  31.812  -74.496  4.524 0.4000000060
4725  26.375  -83.463  -1.512 0.4000000060
138229  32.913  -75.603  4.051 0.4000000060
141818  32.238  -75.224  4.223 0.4000000060
11556  30.701  -73.136  4.022 0.4000000060
11571  29.587  -73.553  3.148 0.5000000000
15081  18.077  -69.925  -0.951 0.5000000000
15088  19.019  -69.527  -1.150 0.5000000000
15089  17.182  -69.623  -1.261 0.5000000000
145237  18.175  -69.087  -1.480 0.5000000000
17015  19.924  -67.239  -1.276 0.5000000000
16044  17.002  -68.157  -0.562 0.5000000000
17958  20.137  -66.463  -0.079 0.5000000000
16894  13.145  -66.974  8.860 0.4000000060
17868  12.073  -66.609  6.944 0.4000000060
147320  18.623  -68.212  -1.458 0.5000000000
16030  16.240  -68.191  -0.037 0.5000000000
7772  31.746  -77.464  1.786 0.5000000000
148296  32.962  -76.521  3.575 0.4000000060
154749  31.792  -73.699  4.594 0.4000000060
1317  21.867  -90.341  14.729 0.4000000060
1045  23.065  -91.184  14.162 0.4000000060
465  26.127  -94.525  8.795 0.4000000060
1658  22.232  -89.268  14.311 0.4000000060
1325  23.235  -90.421  13.708 0.4000000060
631  26.335  -93.670  9.457 0.4000000060
1052  23.657  -91.348  13.571 0.4000000060
1098  25.160  -91.760  8.484 0.4000000060
838  26.007  -92.737  9.316 0.4000000060
837  26.435  -93.034  9.966 0.4000000060
2059  23.561  -88.568  13.227 0.5000000000
1669  23.378  -89.543  13.385 0.5000000000
1668  23.988  -89.413  12.764 0.4000000060
1332  23.916  -90.463  12.963 0.4000000060
140005  26.107  -92.268  9.984 0.4000000060
2483  23.656  -87.806  13.491 0.5000000000
2493  24.423  -88.025  12.548 0.5000000000
2058  24.230  -88.615  12.637 0.5000000000
1336  24.566  -89.967  12.495 0.4000000060
157799  24.806  -90.797  12.449 0.4000000060
2069  24.759  -88.473  12.247 0.4000000060
1681  24.745  -89.232  12.358 0.4000000060
141819  24.885  -89.152  9.105 0.4000000060
1708  25.120  -90.055  9.361 0.4000000060
1362  25.433  -90.915  9.560 0.4000000060
829  26.038  -91.797  10.675 0.4000000060
1058  25.928  -91.792  11.994 0.4000000060
142162  24.874  -90.919  8.177 0.4000000060
1085  25.604  -91.823  9.276 0.4000000060
136850  25.155  -88.700  10.640 0.5000000000
141536  25.473  -89.336  10.984 0.4000000060
1341  25.545  -89.594  11.609 0.4000000060
1059  25.522  -90.947  12.016 0.4000000060
2109  24.866  -88.494  9.765 0.5000000000
1349  25.192  -89.463  10.139 0.4000000060
159734  25.428  -90.305  10.098 0.4000000060
1077  25.744  -90.957  10.450 0.4000000060
2546  25.204  -87.541  6.912 0.3000000119
142022  25.668  -87.992  5.700 0.3000000119
135408  25.117  -86.868  7.505 0.4000000060
134850  24.844  -87.837  7.849 0.3000000119
3003  25.119  -86.105  8.160 0.4000000060
2163  27.629  -88.196  4.072 0.3000000119
2150  26.694  -87.652  4.705 0.4000000060
2570  26.271  -87.506  5.330 0.4000000060
3013  25.608  -86.103  7.249 0.4000000060
2569  27.004  -87.058  4.989 0.4000000060
2557  26.481  -86.792  5.667 0.4000000060
3012  26.431  -85.698  6.735 0.4000000060
4596  26.323  -83.542  8.779 0.3000000119
2120  24.779  -88.825  8.147 0.3000000119
153187  25.388  -84.733  8.927 0.3000000119
3509  24.961  -85.646  9.153 0.4000000060
2582  28.070  -87.625  4.603 0.4000000060
3517  25.512  -85.075  8.259 0.3000000119
3545  27.479  -85.514  6.473 0.4000000060
3528  27.600  -84.922  7.179 0.4000000060
4066  27.076  -84.379  7.610 0.4000000060
2526  24.743  -87.546  9.470 0.4000000060
2995  24.767  -86.614  9.178 0.4000000060
1770  27.931  -88.956  3.755 0.4000000060
4045  25.671  -83.940  9.150 0.3000000119
140021  28.734  -88.750  4.879 0.4000000060
1758  28.478  -89.302  4.356 0.4000000060
134866  28.933  -88.715  5.772 0.4000000060
2556  28.736  -87.626  5.846 0.4000000060
3032  28.032  -86.448  5.520 0.4000000060
2092  24.846  -87.870  10.366 0.4000000060
2982  24.724  -86.880  10.115 0.4000000060
3494  24.897  -85.186  10.598 0.3000000119
136204  24.765  -85.884  10.183 0.4000000060
147007  25.367  -83.398  10.741 0.3000000119
1403  28.942  -90.608  5.767 0.4000000060
1115  29.037  -91.669  6.434 0.4000000060
1738  29.136  -89.788  6.218 0.4000000060
2545  28.758  -87.310  6.859 0.4000000060
3021  28.151  -85.933  6.091 0.4000000060
2960  24.595  -86.790  12.813 0.4000000060
3477  24.883  -85.145  11.865 0.3000000119
2481  24.732  -86.865  13.814 0.4000000060
137393  24.926  -88.144  11.728 0.4000000060
152460  24.689  -86.023  12.979 0.4000000060
2970  24.705  -86.581  11.433 0.4000000060
134076  24.758  -85.788  11.180 0.4000000060
11572  29.052  -73.708  2.487 0.4000000060
2149  28.634  -87.963  5.012 0.4000000060
638  25.764  -93.335  8.560 0.4000000060
645  29.516  -93.157  7.622 0.4000000060
820  26.136  -92.130  11.438 0.4000000060
828  26.415  -92.806  10.765 0.4000000060
845  31.814  -92.127  8.054 0.4000000060
846  31.020  -92.492  8.378 0.4000000060
848  30.058  -92.851  7.945 0.4000000060
849  25.556  -92.424  8.721 0.4000000060
855  31.113  -92.821  7.829 0.4000000060
856  29.494  -92.824  7.579 0.4000000060
865  31.367  -92.805  6.728 0.4000000060
872  31.688  -92.298  5.723 0.3000000119
1051  24.397  -91.559  12.979 0.4000000060
1066  25.868  -91.132  11.381 0.4000000060
1084  31.266  -91.408  8.627 0.5000000000
1093  32.925  -91.009  7.895 0.3000000119
1094  32.258  -91.458  8.228 0.4000000060
1096  30.889  -92.170  8.518 0.4000000060
1105  29.961  -92.032  7.723 0.4000000060
1106  29.454  -91.849  7.234 0.5000000000
1326  22.598  -90.331  14.200 0.4000000060
1359  32.539  -90.431  8.593 0.4000000060
1360  31.702  -90.555  8.740 0.4000000060
1361  30.142  -90.374  8.628 0.5000000000
1371  33.461  -90.463  7.976 0.3000000119
1375  29.958  -91.107  8.200 0.5000000000
1376  29.446  -90.285  7.960 0.5000000000
1377  25.195  -91.203  8.886 0.4000000060
1383  33.426  -90.454  7.482 0.3000000119
1385  29.412  -90.873  7.386 0.5000000000
1393  33.991  -89.898  7.133 0.3000000119
1394  33.166  -90.415  6.918 0.4000000060
1395  29.229  -90.700  6.666 0.4000000060
1402  32.483  -90.623  6.135 0.4000000060
1420  33.128  -90.016  3.232 0.3000000119
1421  32.210  -90.027  3.955 0.3000000119
1646  21.159  -88.821  15.273 0.5000000000
1657  22.829  -89.652  13.854 0.5000000000
1664  32.265  -90.126  13.617 0.3000000119
1678  29.641  -89.917  12.664 0.3000000119
1680  25.221  -89.053  11.978 0.4000000060
1688  25.310  -88.844  11.403 0.4000000060
1702  33.389  -89.398  8.677 0.3000000119
1707  29.401  -88.785  8.861 0.5000000000
1714  34.016  -89.569  8.400 0.3000000119
1736  34.632  -89.455  6.795 0.3000000119
1744  35.203  -88.878  6.388 0.4000000060
1747  32.497  -89.884  5.619 0.3000000119
1748  28.859  -89.582  5.242 0.4000000060
1755  34.024  -88.463  4.065 0.3000000119
1766  35.807  -89.246  3.296 0.3000000119
1768  33.428  -89.046  3.573 0.3000000119
1780  35.731  -89.490  2.494 0.3000000119
1785  36.330  -89.225  1.931 0.4000000060
1791  36.201  -89.196  1.049 0.4000000060
2007  25.561  -88.503  16.934 0.3000000119
2034  24.963  -87.954  15.695 0.4000000060
2049  23.098  -88.022  13.801 0.5000000000
2050  22.398  -88.122  14.365 0.5000000000
2051  21.723  -88.461  14.810 0.5000000000
2055  33.178  -88.492  13.680 0.3000000119
2068  28.466  -89.062  12.356 0.3000000119
2076  30.245  -88.965  11.986 0.3000000119
2077  29.729  -88.649  11.161 0.3000000119
2080  25.048  -88.191  11.072 0.5000000000
2090  29.621  -88.346  10.359 0.4000000060
2101  35.349  -88.252  8.369 0.3000000119
2102  34.327  -88.347  8.650 0.3000000119
2103  33.300  -88.477  8.861 0.3000000119
2104  32.193  -88.211  9.153 0.3000000119
2105  31.188  -88.137  9.486 0.3000000119
2107  29.579  -88.468  9.458 0.4000000060
2114  37.039  -87.973  7.383 0.3000000119
2116  35.362  -88.929  8.037 0.3000000119
2126  37.366  -87.828  6.916 0.3000000119
2127  36.543  -88.356  7.198 0.3000000119
2128  35.919  -88.565  7.562 0.3000000119
2129  28.931  -88.336  7.528 0.5000000000
2136  36.561  -88.406  6.812 0.3000000119
2137  35.970  -88.634  6.630 0.3000000119
2138  28.907  -88.317  6.674 0.4000000060
2139  25.254  -88.186  6.394 0.3000000119
2148  33.814  -88.534  5.330 0.3000000119
2159  36.472  -88.093  4.462 0.4000000060
2161  34.021  -88.290  4.842 0.3000000119
2162  28.314  -88.410  4.370 0.4000000060
2172  38.435  -87.933  2.800 0.4000000060
2175  35.701  -88.518  4.146 0.3000000119
2176  34.771  -88.201  4.639 0.3000000119
2177  27.192  -88.815  3.540 0.3000000119
2183  37.016  -88.782  2.231 0.3000000119
2188  38.320  -87.656  1.827 0.4000000060
2196  36.736  -88.620  0.531 0.4000000060
2201  37.334  -88.022  0.093 0.3000000119
2432  20.874  -87.255  17.398 0.3000000119
2445  23.003  -87.567  15.608 0.4000000060
2446  21.210  -87.506  16.118 0.4000000060
2454  26.257  -87.866  15.834 0.3000000119
2458  21.202  -87.690  15.625 0.5000000000
2467  25.370  -87.201  14.717 0.4000000060
2469  23.680  -87.574  14.134 0.5000000000
2479  33.129  -87.316  13.253 0.3000000119
2482  23.958  -87.884  12.942 0.5000000000
2492  24.621  -87.689  12.307 0.5000000000
2500  28.588  -87.761  11.591 0.4000000060
2501  24.805  -87.346  11.081 0.4000000060
2511  29.066  -87.608  10.777 0.4000000060
2535  28.844  -87.588  8.092 0.5000000000
2536  24.798  -87.187  8.497 0.3000000119
2554  38.426  -86.799  6.088 0.3000000119
2558  25.728  -87.405  6.062 0.4000000060
2563  39.347  -86.763  4.657 0.4000000060
2567  28.343  -87.148  5.240 0.4000000060
2568  27.743  -86.993  4.997 0.4000000060
2579  38.982  -87.378  4.225 0.4000000060
2580  38.038  -87.444  4.742 0.4000000060
2581  37.343  -87.415  5.144 0.3000000119
2583  27.360  -87.580  4.539 0.4000000060
2592  39.284  -87.155  3.449 0.5000000000
2593  38.700  -87.835  3.561 0.4000000060
2599  39.228  -86.667  2.473 0.4000000060
2600  38.797  -87.302  2.315 0.4000000060
2605  38.515  -87.000  0.857 0.4000000060
2609  38.228  -86.946  0.012 0.3000000119
2610  37.903  -87.555  0.458 0.3000000119
2618  38.203  -86.961  -0.820 0.3000000119
2943  25.347  -86.492  14.402 0.4000000060
2950  24.858  -86.299  13.648 0.5000000000
2957  32.455  -86.604  12.610 0.3000000119
2967  31.939  -85.956  11.555 0.3000000119
2993  32.305  -86.531  9.601 0.3000000119
2994  28.723  -86.176  9.756 0.5000000000
3022  27.680  -86.034  5.856 0.4000000060
3023  26.885  -86.069  6.009 0.4000000060
3024  25.835  -86.582  6.531 0.4000000060
3033  27.357  -86.501  5.447 0.4000000060
3058  39.436  -85.908  2.282 0.4000000060
3084  38.373  -86.199  -1.272 0.3000000119
3405  24.479  -84.987  20.030 0.3000000119
3414  24.766  -85.117  18.482 0.3000000119
3439  26.048  -85.856  15.253 0.4000000060
3458  24.901  -85.576  13.516 0.5000000000
3474  37.960  -85.413  11.130 0.3000000119
3476  28.653  -85.565  11.233 0.5000000000
3491  36.683  -85.314  9.950 0.3000000119
3506  33.508  -85.618  9.386 0.3000000119
3507  32.690  -85.752  9.862 0.3000000119
3516  28.399  -85.192  8.265 0.5000000000
3529  26.858  -84.969  7.108 0.4000000060
3530  25.904  -85.367  7.465 0.3000000119
3544  28.130  -85.472  6.833 0.5000000000
3557  40.105  -85.599  5.474 0.3000000119
3570  40.078  -85.602  4.782 0.4000000060
3576  39.545  -85.604  3.118 0.3000000119
3579  35.067  -85.048  3.263 0.4000000060
3581  33.404  -84.790  3.179 0.4000000060
3587  37.996  -85.054  2.042 0.3000000119
3589  35.502  -85.195  2.492 0.5000000000
3590  34.525  -85.267  2.481 0.4000000060
3591  33.656  -85.109  2.614 0.4000000060
3603  34.335  -85.455  1.724 0.4000000060
3619  36.450  -85.592  0.184 0.3000000119
3622  33.352  -85.535  0.404 0.4000000060
3623  32.266  -85.338  0.340 0.4000000060
3624  31.547  -85.029  0.345 0.5000000000
3633  38.240  -85.879  -0.904 0.3000000119
3636  35.401  -85.557  -0.642 0.4000000060
3637  34.491  -85.518  -0.653 0.4000000060
3638  33.541  -85.449  -0.582 0.4000000060
3649  38.005  -85.426  -1.588 0.3000000119
3650  36.891  -85.410  -1.510 0.3000000119
3952  24.576  -83.871  18.831 0.3000000119
3971  25.147  -84.282  16.355 0.3000000119
4006  24.904  -84.357  12.427 0.4000000060
4015  33.193  -84.024  11.657 0.3000000119
4016  33.017  -84.698  10.980 0.3000000119
4017  28.320  -83.997  11.723 0.3000000119
4033  25.524  -83.689  9.952 0.3000000119
4041  34.807  -84.835  9.381 0.3000000119
4042  33.932  -84.810  9.499 0.3000000119
4051  27.648  -84.457  7.763 0.5000000000
4052  27.742  -84.152  8.357 0.5000000000
4053  26.663  -83.934  8.156 0.4000000060
4054  25.938  -84.213  8.412 0.3000000119
4067  26.324  -84.561  7.738 0.3000000119
4091  32.876  -84.050  5.194 0.5000000000
4105  39.901  -85.067  4.697 0.4000000060
4107  37.581  -84.473  4.299 0.3000000119
4108  35.971  -84.541  4.572 0.4000000060
4112  32.406  -84.107  4.423 0.4000000060
4118  39.605  -85.372  3.957 0.5000000000
4121  35.553  -84.823  3.926 0.4000000060
4122  34.676  -84.787  3.991 0.4000000060
4137  32.811  -84.889  2.643 0.4000000060
4149  32.040  -85.080  1.815 0.5000000000
4150  31.149  -84.463  1.934 0.4000000060
4161  31.174  -84.445  0.500 0.6000000238
4165  31.970  -84.782  -1.005 0.5000000000
4171  34.260  -84.927  -2.038 0.5000000000
4172  33.185  -84.799  -2.122 0.4000000060
4173  32.262  -84.359  -1.989 0.5000000000
4179  36.574  -84.960  -2.929 0.4000000060
4181  33.689  -84.710  -2.804 0.4000000060
4191  34.228  -84.719  -3.440 0.5000000000
4192  33.303  -84.151  -3.465 0.5000000000
4196  37.030  -84.781  -4.600 0.4000000060
4197  34.686  -84.538  -4.230 0.4000000060
4483  24.847  -83.010  18.675 0.3000000119
4502  24.853  -83.316  16.673 0.3000000119
4509  24.878  -82.929  15.321 0.3000000119
4550  34.315  -83.067  11.105 0.3000000119
4553  27.569  -82.648  10.830 0.4000000060
4566  35.939  -83.934  10.701 0.3000000119
4568  34.000  -83.711  10.609 0.3000000119
4570  27.397  -82.811  9.989 0.5000000000
4571  25.818  -82.835  10.225 0.4000000060
4582  27.776  -83.396  9.724 0.5000000000
4584  26.629  -83.054  9.233 0.4000000060
4594  27.375  -83.646  8.614 0.5000000000
4625  32.755  -83.281  6.482 0.3000000119
4635  36.401  -84.199  5.149 0.4000000060
4638  33.260  -83.762  5.908 0.3000000119
4654  37.292  -84.203  5.074 0.3000000119
4706  26.252  -83.255  0.303 0.6000000238
4707  25.272  -83.131  0.176 0.8000000119
4711  28.310  -83.224  -0.557 0.6000000238
4712  27.691  -83.390  -0.450 0.6000000238
4713  26.811  -83.453  -0.499 0.6000000238
4717  22.322  -83.142  -0.675 0.6999999881
4718  21.825  -83.131  -0.877 0.5000000000
4722  32.025  -82.969  -1.055 0.6000000238
4723  28.091  -83.375  -1.806 0.4000000060
4729  22.387  -83.250  -1.332 0.5000000000
4731  32.824  -83.616  -3.232 0.5000000000
4736  26.296  -83.438  -2.708 0.5000000000
4746  29.212  -83.379  -3.915 0.5000000000
4754  35.112  -84.171  -5.011 0.5000000000
4756  29.749  -83.338  -4.713 0.5000000000
4757  28.983  -83.684  -4.825 0.5000000000
4758  27.807  -83.696  -4.123 0.5000000000
4769  28.634  -84.022  -5.550 0.5000000000
5156  26.142  -82.307  10.695 0.4000000060
5167  26.895  -82.702  9.696 0.5000000000
5168  26.388  -82.699  9.940 0.4000000060
5205  33.047  -82.949  7.190 0.3000000119
5253  30.668  -82.276  2.331 0.4000000060
5261  31.095  -82.836  0.861 0.6000000238
5265  26.484  -82.125  1.942 0.8000000119
5276  31.705  -82.100  0.347 0.6000000238
5277  28.472  -82.575  0.476 0.6000000238
5278  27.640  -82.809  0.898 0.6999999881
5281  24.475  -82.755  0.430 0.6999999881
5283  21.244  -81.800  -0.214 0.6999999881
5290  32.447  -81.862  -0.769 0.6999999881
5292  29.066  -82.293  -0.935 0.6000000238
5295  22.899  -82.794  -0.135 0.6999999881
5296  22.076  -82.835  -0.284 0.6999999881
5297  21.557  -82.586  -0.588 0.6999999881
5302  28.694  -83.065  -1.191 0.5000000000
5304  21.658  -82.793  -1.170 0.5000000000
5307  33.193  -82.204  -2.738 0.6000000238
5308  32.678  -82.726  -2.402 0.6000000238
5309  29.252  -82.626  -2.600 0.4000000060
5310  28.785  -83.066  -2.145 0.4000000060
5317  30.000  -82.145  -3.787 0.4000000060
5325  33.730  -82.194  -4.272 0.6999999881
5334  34.837  -81.588  -5.513 0.6000000238
5718  27.053  -81.423  12.508 0.3000000119
5720  25.978  -81.236  12.903 0.4000000060
5727  26.950  -81.643  11.833 0.4000000060
5728  26.349  -81.508  12.137 0.3000000119
5842  26.837  -81.038  2.934 0.6999999881
5849  31.508  -80.743  1.029 0.6999999881
5850  30.894  -81.177  1.975 0.4000000060
5851  27.708  -81.801  2.189 0.8000000119
5852  26.982  -81.734  2.474 0.8000000119
5854  24.831  -81.701  1.198 0.6999999881
5855  23.847  -81.731  1.105 0.8000000119
5857  22.233  -80.981  1.476 0.6999999881
5873  29.345  -80.926  -0.050 0.6999999881
5874  28.831  -81.764  0.734 0.6000000238
5875  22.460  -81.599  0.864 0.8000000119
5892  32.611  -80.840  -0.589 0.6999999881
5904  33.273  -80.488  -1.766 0.6999999881
5906  30.447  -80.455  -1.483 0.6999999881
5907  29.573  -81.441  -1.523 0.6999999881
5928  30.416  -81.279  -3.328 0.6000000238
5936  30.826  -81.729  -4.903 0.6000000238
5943  35.055  -80.783  -5.769 0.6000000238
6449  27.434  -79.974  3.457 0.8000000119
6460  27.806  -80.572  3.048 0.8000000119
6461  27.122  -80.556  3.309 0.8000000119
6478  22.592  -80.606  1.830 0.8000000119
6490  31.644  -79.207  -0.083 0.6999999881
6491  29.699  -79.956  0.342 0.6999999881
6493  25.627  -80.403  0.061 0.6000000238
6497  20.412  -80.850  0.303 0.6000000238
6507  32.025  -80.055  -0.358 0.6999999881
6510  25.960  -80.641  -1.214 0.5000000000
6513  19.919  -80.498  -0.308 0.6000000238
6523  33.018  -79.969  -1.443 0.8000000119
6524  31.121  -80.074  -2.004 0.6999999881
6526  25.436  -80.558  -1.690 0.5000000000
6527  24.528  -80.278  -1.413 0.6000000238
6530  19.525  -79.927  -0.912 0.5000000000
6544  25.771  -80.409  -2.340 0.5000000000
6558  34.615  -80.119  -4.181 0.6999999881
6559  34.311  -79.733  -3.379 0.6999999881
6576  31.751  -79.843  -4.129 0.4000000060
6585  33.795  -79.306  -5.690 0.5000000000
6587  31.900  -80.120  -5.081 0.5000000000
6595  32.091  -80.373  -6.058 0.6000000238
7095  17.156  -79.104  4.911 0.6000000238
7096  16.411  -79.304  4.854 0.6000000238
7097  15.590  -79.301  4.740 0.6000000238
7117  27.117  -79.509  3.567 0.8000000119
7118  26.819  -79.459  3.438 0.8000000119
7132  31.802  -78.061  1.512 0.6000000238
7133  28.881  -78.527  2.830 0.6999999881
7134  28.316  -79.710  3.022 0.8000000119
7135  26.410  -79.443  2.820 0.6999999881
7137  22.015  -79.901  2.481 0.6999999881
7138  21.194  -79.751  2.478 0.6999999881
7139  20.340  -79.532  2.176 0.6999999881
7150  30.035  -78.078  1.452 0.8000000119
7154  22.592  -80.069  2.174 0.8000000119
7155  19.557  -79.027  1.559 0.6000000238
7170  26.234  -79.938  0.780 0.6000000238
7172  19.145  -79.741  0.666 0.6000000238
7183  31.226  -79.138  -0.129 0.8000000119
7185  27.121  -80.009  -1.152 0.5000000000
7197  33.236  -79.647  -1.961 0.8000000119
7199  31.661  -79.515  -0.795 0.8000000119
7201  24.437  -79.803  -1.786 0.5000000000
7211  32.592  -79.161  -2.195 0.6999999881
7212  32.310  -79.132  -2.697 0.6999999881
7216  25.855  -79.908  -2.740 0.5000000000
7226  33.149  -78.963  -2.852 0.6999999881
7240  33.452  -78.815  -3.795 0.6999999881
7248  33.663  -78.925  -4.768 0.6000000238
7710  19.086  -78.307  6.803 0.6000000238
7711  18.280  -78.368  6.888 0.5000000000
7719  16.293  -78.419  6.269 0.6000000238
7721  15.025  -78.000  6.105 0.5000000000
7733  15.061  -78.566  5.404 0.5000000000
7741  17.639  -78.669  4.901 0.6000000238
7756  32.042  -77.649  2.503 0.4000000060
7760  26.685  -78.593  3.274 0.6999999881
7773  29.660  -77.887  2.216 0.8000000119
7774  23.780  -78.278  2.051 0.8999999762
7778  20.940  -78.918  2.558 0.6999999881
7779  16.233  -78.796  2.620 0.5000000000
7791  31.391  -77.331  1.112 0.6999999881
7795  23.820  -78.636  1.376 0.8999999762
7796  23.458  -79.307  1.455 0.6999999881
7797  20.247  -78.725  2.217 0.6999999881
7807  31.262  -77.899  0.768 0.6999999881
7808  30.814  -78.104  0.560 0.8000000119
7810  23.635  -79.248  0.545 0.8000000119
7820  27.341  -78.921  -0.459 0.5000000000
7821  24.798  -78.265  -1.203 0.6000000238
7833  24.946  -78.932  -1.929 0.6000000238
7851  26.407  -79.474  -3.193 0.5000000000
7852  25.681  -79.202  -2.685 0.5000000000
8350  19.279  -77.609  7.890 0.6000000238
8351  18.303  -77.355  8.038 0.5000000000
8359  19.645  -78.104  7.231 0.5000000000
8364  13.185  -77.097  7.151 0.5000000000
8373  19.061  -78.211  6.331 0.5000000000
8374  15.478  -77.856  6.609 0.5000000000
8407  17.416  -77.257  4.609 0.6000000238
8427  29.454  -77.154  3.218 0.6999999881
8428  28.367  -77.132  3.646 0.6000000238
8429  27.833  -77.607  3.588 0.6000000238
8430  26.906  -77.919  3.468 0.6999999881
8444  31.315  -76.941  1.912 0.5000000000
8451  20.354  -77.129  2.346 0.6000000238
8466  19.509  -77.204  1.597 0.6000000238
8487  25.198  -77.369  -0.634 0.6000000238
8488  24.517  -78.262  -0.506 0.6999999881
9037  20.580  -76.910  8.177 0.6000000238
9039  17.862  -76.519  8.403 0.4000000060
9040  16.960  -76.303  8.296 0.5000000000
9048  20.848  -77.177  7.534 0.5000000000
9051  15.516  -76.397  7.851 0.5000000000
9052  14.511  -76.415  7.613 0.5000000000
9072  19.963  -76.834  6.433 0.6000000238
9085  16.957  -76.701  4.332 0.6000000238
9098  32.112  -75.864  3.759 0.4000000060
9103  26.874  -77.288  3.310 0.6999999881
9120  27.229  -76.607  3.268 0.6999999881
9121  24.157  -76.996  2.139 0.8999999762
9122  23.548  -76.806  2.551 0.8999999762
9123  22.691  -76.564  3.017 0.6999999881
9124  21.807  -76.569  3.242 0.6999999881
9127  15.866  -76.736  3.019 0.6000000238
9136  26.866  -76.521  1.958 0.5000000000
9137  26.719  -76.939  2.861 0.6000000238
9138  24.547  -76.692  1.594 0.6999999881
9149  27.374  -76.551  0.850 0.5000000000
9152  19.142  -76.442  1.198 0.6000000238
9193  26.278  -77.123  -2.612 0.6000000238
9776  22.272  -75.067  8.160 0.5000000000
9779  19.628  -76.222  8.697 0.5000000000
9790  21.752  -75.745  7.770 0.6000000238
9793  13.964  -75.676  7.558 0.6000000238
9794  13.139  -75.838  7.405 0.6000000238
9801  21.003  -75.986  6.721 0.6000000238
9802  20.369  -76.155  6.477 0.6000000238
9817  19.595  -75.538  6.014 0.6000000238
9818  18.793  -75.485  5.452 0.5000000000
9829  30.802  -74.690  4.577 0.4000000060
9830  29.898  -75.075  4.516 0.6000000238
9831  17.763  -75.163  4.131 0.5000000000
9839  34.102  -74.950  3.744 0.4000000060
9840  31.471  -75.290  4.225 0.4000000060
9842  29.134  -75.173  4.154 0.6999999881
9845  21.942  -74.940  3.457 0.6999999881
9846  20.914  -74.664  4.002 0.6000000238
9847  19.964  -74.925  3.836 0.6000000238
9849  16.463  -75.744  3.138 0.6000000238
9858  27.924  -75.243  3.329 0.6000000238
9859  27.437  -75.821  2.956 0.6000000238
9860  23.362  -75.820  2.565 0.8999999762
9880  23.816  -75.516  1.875 0.6999999881
9882  19.180  -75.773  1.765 0.5000000000
9883  18.571  -75.454  1.431 0.6000000238
9895  25.236  -75.632  0.311 0.6000000238
9896  24.629  -75.356  0.771 0.6999999881
9937  26.367  -76.000  -2.601 0.5000000000
10598  21.910  -74.156  9.246 0.6000000238
10604  23.209  -74.097  8.034 0.6000000238
10606  22.060  -74.668  8.852 0.6000000238
10609  19.239  -74.157  8.800 0.6000000238
10619  22.792  -74.549  7.708 0.6000000238
10621  17.096  -74.025  7.888 0.6999999881
10637  22.669  -74.286  6.756 0.5000000000
10641  13.953  -74.512  6.522 0.5000000000
10655  21.353  -73.992  5.735 0.6000000238
10669  32.561  -73.922  4.509 0.4000000060
10670  31.049  -73.955  4.680 0.4000000060
10673  19.903  -74.332  4.981 0.6000000238
10684  28.656  -74.836  3.747 0.6000000238
10687  19.240  -74.748  3.881 0.6000000238
10689  17.909  -75.024  2.428 0.6000000238
10697  28.331  -74.422  2.745 0.4000000060
10698  22.491  -74.774  3.039 0.8000000119
10711  21.928  -74.156  2.130 0.8000000119
10713  17.256  -75.077  1.674 0.6000000238
10721  27.622  -75.267  1.502 0.5000000000
10722  23.787  -74.645  0.262 0.6000000238
10723  22.819  -74.601  0.788 0.6999999881
10724  18.032  -75.230  0.669 0.5000000000
10740  24.603  -74.491  -0.523 0.6000000238
10758  25.290  -74.595  -1.316 0.6000000238
11474  22.774  -73.713  9.099 0.6000000238
11475  22.205  -73.644  9.304 0.6000000238
11485  23.775  -72.983  8.528 0.6999999881
11486  23.272  -73.696  8.589 0.6999999881
11504  16.513  -73.649  7.317 0.6000000238
11505  15.446  -73.863  7.030 0.6000000238
11519  23.215  -73.711  6.651 0.6999999881
11521  14.633  -73.950  6.334 0.5000000000
11522  14.017  -74.109  5.676 0.5000000000
11531  23.388  -73.155  6.201 0.6999999881
11533  16.078  -73.174  6.381 0.5000000000
11535  13.691  -73.936  5.020 0.5000000000
11542  32.270  -73.131  4.412 0.4000000060
11543  31.350  -73.259  4.410 0.4000000060
11544  30.644  -73.654  4.407 0.4000000060
11547  14.743  -73.247  4.519 0.5000000000
11557  29.945  -73.706  4.017 0.6000000238
11559  21.972  -73.400  3.339 0.6999999881
11573  21.882  -73.489  2.374 0.8000000119
11584  21.952  -74.217  1.256 0.6999999881
11597  21.886  -73.102  1.149 0.6000000238
11609  22.068  -73.004  -0.255 0.6000000238
11625  22.275  -72.469  -1.970 0.5000000000
12318  21.902  -73.050  9.315 0.6000000238
12319  21.201  -73.082  9.256 0.6000000238
12323  24.314  -72.429  8.163 0.5000000000
12324  23.190  -72.652  8.883 0.6000000238
12326  21.445  -72.550  8.940 0.6999999881
12328  19.595  -72.764  8.386 0.6999999881
12331  24.757  -72.211  7.500 0.5000000000
12335  17.731  -73.024  7.428 0.6999999881
12344  25.142  -72.000  6.417 0.5000000000
12347  17.559  -72.629  6.718 0.6000000238
12354  24.427  -72.366  5.979 0.6999999881
12367  24.035  -71.983  5.171 0.6999999881
12369  16.996  -72.396  4.690 0.5000000000
12372  14.060  -72.910  3.707 0.5000000000
12384  22.750  -72.408  3.928 0.6999999881
12386  16.760  -72.395  3.692 0.6000000238
12389  13.594  -72.022  3.358 0.5000000000
12402  23.036  -71.800  2.692 0.6999999881
12404  22.076  -72.858  2.628 0.6999999881
12405  15.078  -71.848  2.600 0.6000000238
12415  22.203  -72.602  1.299 0.6000000238
12416  21.900  -72.938  1.829 0.6999999881
12428  22.186  -72.503  -1.033 0.5000000000
12431  22.107  -72.147  -1.722 0.5000000000
13145  24.166  -71.549  8.235 0.5000000000
13148  20.990  -72.047  8.381 0.6999999881
13156  25.826  -71.196  7.153 0.5000000000
13158  24.530  -71.816  8.079 0.5000000000
13159  22.402  -71.097  7.926 0.6999999881
13160  21.607  -71.412  7.971 0.6000000238
13162  19.828  -71.768  7.252 0.6999999881
13173  26.458  -70.998  6.721 0.5000000000
13174  25.312  -71.759  7.049 0.5000000000
13175  19.754  -71.396  6.440 0.6000000238
13184  26.476  -71.194  5.885 0.6000000238
13189  18.340  -71.876  5.786 0.5000000000
13200  25.690  -71.387  5.003 0.5000000000
13201  24.633  -71.555  4.622 0.6000000238
13218  23.677  -71.434  3.196 0.5000000000
13219  19.101  -71.383  3.976 0.6999999881
13220  18.431  -71.588  3.210 0.6000000238
13222  16.512  -72.178  2.726 0.5000000000
13224  13.862  -71.376  3.469 0.5000000000
13231  24.385  -70.885  2.738 0.5000000000
13232  23.569  -71.371  2.335 0.6000000238
13234  17.908  -71.667  2.550 0.6000000238
13235  17.115  -71.845  2.213 0.6000000238
13236  16.192  -71.876  1.842 0.6000000238
13238  14.798  -71.142  2.129 0.6000000238
13245  22.672  -72.055  1.522 0.6000000238
13249  15.207  -70.884  1.341 0.6000000238
13256  23.340  -71.741  0.613 0.5000000000
13257  22.562  -72.212  0.714 0.5000000000
13276  22.227  -72.134  -1.258 0.5000000000
14022  15.570  -70.272  10.049 0.5000000000
14033  24.057  -71.079  8.109 0.5000000000
14034  23.223  -71.179  8.196 0.6999999881
14046  25.400  -70.721  7.507 0.5000000000
14047  24.568  -70.556  7.694 0.6000000238
14053  14.443  -70.668  7.546 0.5000000000
14059  27.158  -70.143  6.058 0.6000000238
14060  26.618  -70.262  6.737 0.6000000238
14062  21.617  -70.459  6.704 0.6000000238
14074  21.340  -70.223  5.891 0.6000000238
14076  20.193  -70.848  4.913 0.5000000000
14089  27.107  -70.586  5.573 0.6000000238
14090  20.932  -70.301  4.915 0.6000000238
14091  20.352  -70.595  4.165 0.6000000238
14108  20.096  -70.313  2.814 0.6999999881
14109  19.053  -71.152  3.123 0.6000000238
14110  14.483  -70.618  3.095 0.5000000000
14111  13.917  -71.016  3.675 0.5000000000
14124  15.118  -70.155  1.773 0.5000000000
14125  14.742  -70.535  2.500 0.5000000000
14137  18.800  -70.420  0.858 0.6999999881
14139  16.334  -71.066  0.357 0.6000000238
14141  15.325  -70.298  1.079 0.6000000238
14152  15.941  -70.294  -0.457 0.6000000238
14153  15.448  -69.869  0.293 0.6000000238
14167  17.385  -70.354  -0.909 0.5000000000
14168  16.710  -70.241  -1.053 0.6000000238
14169  16.308  -69.676  -1.074 0.6000000238
14939  15.160  -69.044  11.395 0.5000000000
14941  13.867  -69.657  11.909 0.6000000238
14949  15.140  -69.847  11.206 0.5000000000
14957  16.901  -69.325  10.010 0.6000000238
14958  16.136  -69.657  10.360 0.6000000238
14973  25.925  -70.062  7.243 0.5000000000
14976  23.315  -70.003  7.156 0.6000000238
14979  16.105  -70.099  7.642 0.5000000000
14986  26.218  -69.453  6.798 0.6000000238
15001  22.710  -69.430  5.754 0.6000000238
15002  21.993  -69.778  5.777 0.6000000238
15004  16.669  -69.539  4.907 0.6000000238
15024  15.461  -69.833  3.368 0.6000000238
15025  14.721  -70.233  3.087 0.5000000000
15037  22.149  -69.352  4.195 0.6000000238
15039  20.793  -69.915  3.185 0.6999999881
15054  21.302  -69.384  2.792 0.6999999881
15056  15.376  -69.636  1.814 0.5000000000
15066  20.326  -69.568  1.030 0.6000000238
15067  19.396  -69.883  0.703 0.6000000238
15080  18.783  -69.982  -0.171 0.6000000238
15913  15.735  -68.566  10.931 0.6000000238
15914  14.870  -68.284  11.204 0.6000000238
15920  18.405  -67.829  8.738 0.6000000238
15922  17.224  -68.530  10.107 0.6000000238
15928  18.080  -68.500  8.984 0.6000000238
15935  18.298  -68.505  8.194 0.6000000238
15942  25.596  -68.839  6.585 0.6000000238
15945  18.343  -68.510  7.200 0.6000000238
15953  27.060  -68.456  5.524 0.6000000238
15954  26.451  -68.748  6.191 0.6000000238
15955  25.707  -68.286  6.019 0.6000000238
15956  23.389  -68.965  5.523 0.6000000238
15974  24.165  -68.075  4.398 0.6000000238
15975  23.417  -68.638  4.669 0.6000000238
15977  17.254  -68.989  4.224 0.6000000238
15988  28.417  -68.142  3.263 0.5000000000
15992  16.956  -68.461  2.646 0.6000000238
15994  15.798  -69.171  1.937 0.6000000238
16003  22.495  -68.484  2.393 0.6000000238
16004  21.776  -68.672  1.629 0.5000000000
16005  17.558  -67.572  0.762 0.6000000238
16006  16.732  -68.383  1.643 0.6999999881
16007  16.123  -68.643  1.330 0.6999999881
16018  15.871  -68.582  0.619 0.5000000000
16029  20.628  -68.830  -0.890 0.5000000000
16031  16.513  -68.896  -1.014 0.6000000238
16043  19.279  -68.714  -1.524 0.5000000000
16057  20.327  -67.603  -1.527 0.5000000000
16058  19.625  -67.924  -1.576 0.5000000000
16856  13.992  -67.991  11.436 0.6000000238
16877  17.932  -67.454  9.268 0.6000000238
16891  18.614  -67.147  8.109 0.6000000238
16903  18.677  -67.140  7.242 0.5000000000
16915  18.511  -66.976  6.030 0.6999999881
16950  27.309  -67.427  4.603 0.6000000238
16954  20.758  -67.701  3.606 0.6000000238
16955  20.017  -67.721  3.984 0.6999999881
16957  18.120  -67.877  4.045 0.6999999881
16964  28.089  -67.291  3.516 0.6000000238
16965  25.172  -67.134  3.712 0.5000000000
16967  23.935  -67.825  3.382 0.6999999881
16976  24.371  -66.989  2.190 0.5000000000
16977  23.809  -67.570  2.560 0.6000000238
16980  19.290  -68.042  2.282 0.8000000119
16981  17.676  -68.120  1.768 0.6999999881
16986  28.620  -67.195  1.815 0.5000000000
16992  18.259  -67.322  0.328 0.6000000238
17001  19.714  -66.920  0.433 0.6000000238
17003  17.557  -67.542  -0.089 0.5000000000
17016  19.164  -67.552  -1.069 0.5000000000
17017  17.789  -68.206  -1.068 0.5000000000
17825  17.186  -66.915  9.244 0.6000000238
17826  16.097  -66.793  9.342 0.6000000238
17844  18.275  -66.273  8.066 0.6000000238
17845  17.735  -66.544  8.611 0.6000000238
17847  15.471  -66.363  8.672 0.6000000238
17850  12.650  -66.730  7.874 0.4000000060
17881  18.509  -66.275  6.679 0.5000000000
17882  13.140  -66.414  5.731 0.6000000238
17885  11.092  -65.926  6.523 0.5000000000
17899  19.086  -66.332  4.735 0.8000000119
17901  12.692  -66.090  5.064 0.5000000000
17914  26.456  -66.679  4.219 0.6000000238
17917  20.086  -67.036  4.661 0.6999999881
17923  28.096  -66.717  3.125 0.5000000000
17924  26.755  -66.219  3.821 0.6000000238
17928  21.530  -67.377  3.639 0.6999999881
17932  28.331  -66.541  2.503 0.5000000000
17935  25.650  -66.155  2.757 0.5000000000
17937  21.797  -66.873  2.591 0.6000000238
17943  25.343  -65.872  1.988 0.5000000000
17946  21.182  -66.748  1.546 0.6999999881
17959  19.752  -66.993  -0.565 0.5000000000
17972  20.484  -66.584  -0.809 0.5000000000
18794  15.972  -65.972  8.276 0.6000000238
18800  18.308  -64.795  6.865 0.6000000238
18803  15.461  -65.375  7.752 0.6000000238
18812  23.084  -65.481  5.932 0.6000000238
18813  22.124  -65.459  6.280 0.6999999881
18815  20.252  -64.808  5.689 0.6999999881
18817  13.902  -65.283  5.222 0.8000000119
18818  13.768  -65.979  6.084 0.6999999881
18820  11.103  -65.317  6.202 0.5000000000
18829  22.437  -65.982  5.582 0.8000000119
18830  21.521  -66.045  5.802 0.6999999881
18832  19.216  -65.485  4.853 0.8000000119
18833  18.645  -65.334  5.219 0.8000000119
18834  14.038  -64.465  4.823 0.6000000238
18836  12.377  -65.420  4.201 0.5000000000
18841  23.496  -65.810  4.250 0.5000000000
18842  22.719  -66.406  4.612 0.6000000238
18848  27.107  -65.746  3.357 0.6000000238
18850  23.061  -66.159  3.420 0.5000000000
18855  28.090  -65.693  2.406 0.5000000000
18857  26.797  -65.371  2.916 0.5000000000
18866  28.386  -65.441  1.710 0.5000000000
18867  27.740  -64.948  2.167 0.5000000000
18869  24.911  -65.624  1.116 0.5000000000
18870  21.321  -65.782  0.695 0.5000000000
18877  28.666  -65.346  0.943 0.5000000000
19725  16.027  -64.526  7.476 0.6999999881
19726  14.902  -64.574  7.166 0.8000000119
19735  23.732  -64.907  6.050 0.6000000238
19738  20.939  -64.574  6.432 0.8000000119
19739  18.263  -63.984  6.442 0.6000000238
19743  14.627  -64.560  5.920 0.6999999881
19752  19.423  -64.842  4.936 0.8000000119
19753  18.748  -64.783  4.980 0.8000000119
19765  24.068  -65.226  3.915 0.5000000000
19791  27.283  -64.241  1.808 0.5000000000
19803  25.486  -64.234  0.103 0.5000000000
20627  23.668  -63.205  7.229 0.5000000000
20628  22.821  -63.175  7.403 0.6000000238
20629  21.980  -63.090  7.377 0.6999999881
20644  16.751  -63.173  6.266 0.8000000119
20655  19.070  -63.956  4.575 0.8000000119
20657  17.684  -62.925  5.829 0.6000000238
20658  16.741  -62.857  5.208 0.8000000119
20659  15.609  -63.279  5.258 0.6000000238
20661  13.778  -63.684  4.267 0.6000000238
20662  13.370  -63.458  4.413 0.6000000238
20663  11.686  -63.880  5.450 0.4000000060
20676  14.013  -62.984  4.213 0.6000000238
20681  18.858  -63.064  3.634 0.8000000119
20682  18.441  -62.684  3.473 0.8000000119
20697  26.944  -63.650  1.255 0.5000000000
20708  28.278  -63.872  0.866 0.5000000000
21534  13.821  -62.343  11.094 0.4000000060
21545  15.771  -62.478  10.048 0.4000000060
21546  14.641  -62.419  10.796 0.4000000060
21560  14.306  -62.716  10.114 0.4000000060
21581  24.277  -62.590  7.343 0.5000000000
21582  23.346  -62.504  7.571 0.5000000000
21583  22.540  -62.461  7.523 0.5000000000
21606  20.109  -62.607  5.099 0.6999999881
21619  17.082  -62.639  3.884 0.6999999881
21620  16.202  -62.515  4.081 0.6999999881
21632  18.527  -61.966  3.152 0.6999999881
21635  15.787  -62.131  3.975 0.6999999881
21641  19.581  -61.833  3.229 0.8000000119
22465  15.498  -62.286  10.530 0.4000000060
22475  17.356  -61.513  9.658 0.3000000119
22486  16.047  -62.053  9.017 0.4000000060
22501  24.009  -61.269  7.687 0.5000000000
22503  22.229  -61.944  7.437 0.6999999881
22515  21.606  -61.925  7.130 0.6000000238
22517  11.612  -60.642  6.254 0.6000000238
22526  21.445  -61.268  6.560 0.6999999881
22529  12.228  -61.054  5.847 0.5000000000
22539  20.230  -61.849  4.442 0.8000000119
22540  15.438  -61.376  4.192 0.6999999881
22541  14.555  -61.179  4.652 0.8000000119
22553  20.139  -61.524  3.514 0.8000000119
22567  19.498  -61.259  2.697 0.6999999881
22568  18.795  -61.195  2.638 0.6999999881
23407  13.566  -60.823  11.888 0.5000000000
23423  19.632  -60.635  9.096 0.3000000119
23431  17.359  -61.346  8.443 0.3000000119
23432  16.422  -61.379  8.472 0.4000000060
23434  14.197  -60.820  8.346 0.5000000000
23490  13.576  -59.606  5.394 0.6999999881
23504  20.618  -60.998  4.016 0.6999999881
23506  14.331  -59.969  5.027 0.6999999881
23520  20.402  -60.798  3.154 0.6999999881
23523  15.879  -60.742  4.138 0.6999999881
23537  19.385  -60.582  2.452 0.6999999881
23539  18.294  -60.665  2.759 0.6999999881
24444  13.136  -59.687  7.927 0.6000000238
24446  11.183  -59.740  7.637 0.6000000238
24459  24.672  -59.699  7.468 0.3000000119
24460  23.906  -59.813  7.387 0.4000000060
24470  11.335  -59.417  7.254 0.6000000238
24476  24.235  -59.113  7.118 0.4000000060
24477  23.506  -59.276  6.808 0.4000000060
24481  11.840  -58.848  6.560 0.6000000238
24490  21.512  -59.695  5.275 0.5000000000
24492  12.906  -58.864  5.655 0.6999999881
24498  21.770  -58.925  4.816 0.5000000000
24499  21.312  -59.548  4.240 0.6000000238
24500  16.271  -58.928  4.231 0.5000000000
24510  20.587  -59.930  2.728 0.6000000238
24512  16.803  -59.648  3.775 0.6000000238
24523  19.206  -59.798  2.392 0.6000000238
25497  15.950  -58.612  7.151 0.4000000060
25499  12.843  -57.624  7.146 0.5000000000
25519  12.206  -58.085  6.713 0.6000000238
25524  13.549  -57.344  5.674 0.6999999881
25531  22.024  -58.414  4.329 0.6000000238
25533  17.081  -58.010  4.202 0.4000000060
25541  21.562  -58.673  2.976 0.4000000060
25543  17.625  -58.532  3.545 0.5000000000
25550  21.893  -57.995  2.932 0.3000000119
25551  21.312  -58.233  2.585 0.3000000119
26480  13.153  -57.014  6.904 0.4000000060
26491  24.363  -57.831  6.365 0.4000000060
26498  14.255  -56.180  6.750 0.5000000000
26499  13.679  -56.252  6.426 0.5000000000
26508  14.122  -55.986  5.593 0.6000000238
26509  13.616  -56.390  5.926 0.6000000238
26517  15.533  -56.542  4.795 0.5000000000
26518  14.761  -55.690  5.318 0.5000000000
26532  21.719  -57.451  2.567 0.3000000119
26533  21.119  -57.622  2.453 0.3000000119
26536  19.148  -57.938  2.987 0.4000000060
27410  16.995  -55.435  6.064 0.3000000119
27411  15.017  -54.938  6.189 0.5000000000
27412  14.189  -55.307  6.241 0.5000000000
27422  18.735  -55.378  5.677 0.3000000119
27425  15.374  -54.483  5.701 0.4000000060
27433  16.531  -55.492  4.631 0.3000000119
27435  14.928  -54.818  5.625 0.5000000000
27451  22.799  -56.152  2.525 0.3000000119
27454  20.919  -56.154  2.653 0.4000000060
28334  16.988  -54.100  5.097 0.3000000119
28335  16.306  -54.339  5.285 0.3000000119
28343  17.495  -54.029  4.674 0.3000000119
28350  23.431  -55.722  2.719 0.3000000119
29257  17.788  -53.625  4.900 0.3000000119
29272  24.436  -54.652  2.672 0.3000000119
30207  18.721  -52.970  4.741 0.3000000119
30222  18.988  -52.059  4.077 0.3000000119
30230  19.015  -52.052  3.968 0.3000000119
133727  24.711  -87.137  11.924 0.4000000060
133981  12.588  -63.985  4.826 0.5000000000
134094  25.791  -64.393  1.035 0.5000000000
135150  24.566  -85.953  19.934 0.3000000119
136091  18.257  -70.944  1.226 0.6000000238
136105  25.067  -82.642  0.794 0.6999999881
136310  19.498  -67.509  1.360 0.6999999881
136395  28.269  -84.060  11.016 0.3000000119
136525  25.140  -84.790  9.789 0.3000000119
136709  25.887  -85.235  15.912 0.3000000119
137218  25.379  -81.718  13.947 0.4000000060
137758  26.014  -81.052  2.038 0.8000000119
137829  18.366  -67.589  -0.547 0.5000000000
137950  25.303  -86.330  18.277 0.3000000119
138018  24.868  -68.446  6.017 0.5000000000
138041  26.404  -86.313  15.756 0.3000000119
138193  28.592  -66.033  1.167 0.5000000000
138222  25.197  -82.492  12.644 0.4000000060
138250  24.370  -63.268  6.910 0.5000000000
138392  18.524  -64.635  5.890 0.6999999881
138524  12.435  -61.028  8.822 0.5000000000
138527  18.438  -68.162  2.660 0.8000000119
138894  22.805  -68.566  3.241 0.6999999881
138913  15.090  -70.168  4.943 0.5000000000
139076  30.838  -90.547  8.785 0.5000000000
139078  28.480  -84.735  11.601 0.3000000119
139087  25.255  -83.101  11.390 0.4000000060
139118  17.008  -77.547  7.579 0.5000000000
139133  23.481  -91.942  14.084 0.4000000060
139228  19.843  -59.139  2.166 0.6000000238
139242  28.717  -89.204  11.891 0.3000000119
139424  25.143  -84.382  10.621 0.3000000119
139647  25.060  -90.596  8.878 0.4000000060
139891  37.934  -85.726  0.625 0.5000000000
139981  28.485  -86.686  5.950 0.4000000060
140262  29.263  -90.010  7.175 0.5000000000
140282  31.125  -90.696  13.219 0.3000000119
140584  31.619  -79.302  -0.337 0.6999999881
140706  32.217  -91.697  7.342 0.4000000060
140777  18.961  -58.891  2.575 0.6000000238
141442  27.707  -79.165  3.452 0.8000000119
141487  17.633  -57.633  4.009 0.4000000060
141596  31.465  -81.769  0.861 0.6000000238
141601  24.758  -88.178  8.817 0.3000000119
142335  32.485  -85.428  10.763 0.3000000119
142487  24.838  -83.663  13.762 0.4000000060
142517  24.981  -66.425  2.293 0.5000000000
142607  33.481  -83.262  11.966 0.3000000119
142882  25.312  -89.949  12.118 0.4000000060
142897  21.574  -69.900  5.247 0.6000000238
143292  24.699  -68.039  5.230 0.6000000238
143383  15.213  -73.522  6.127 0.5000000000
143765  34.006  -84.675  4.047 0.5000000000
143904  17.276  -68.817  -1.364 0.5000000000
144125  24.689  -86.115  12.134 0.4000000060
144367  36.967  -85.486  0.686 0.4000000060
144625  28.936  -86.928  10.109 0.4000000060
144895  24.716  -86.511  10.806 0.4000000060
144989  14.145  -70.624  4.810 0.5000000000
145074  38.733  -85.933  0.684 0.5000000000
145241  17.973  -61.346  3.061 0.6999999881
145911  25.633  -90.141  10.970 0.4000000060
146113  27.648  -69.195  5.084 0.6000000238
146485  20.151  -77.611  6.773 0.5000000000
147030  15.902  -69.954  5.479 0.6000000238
147050  21.040  -56.928  2.451 0.3000000119
147162  26.121  -86.690  15.022 0.4000000060
147172  22.479  -91.088  14.558 0.4000000060
147464  37.698  -87.263  5.494 0.3000000119
147540  30.554  -82.893  -6.156 0.5000000000
147577  22.212  -74.175  0.635 0.6000000238
147585  24.974  -83.978  15.099 0.3000000119
147631  16.168  -70.076  8.626 0.5000000000
147714  12.335  -58.852  7.541 0.6000000238
147759  30.145  -93.549  7.291 0.4000000060
147766  29.661  -88.442  10.501 0.3000000119
147926  24.377  -87.383  12.956 0.5000000000
148112  33.132  -86.821  9.123 0.3000000119
148298  12.032  -59.493  6.256 0.6000000238
148391  31.959  -76.600  3.166 0.5000000000
148439  25.960  -82.382  1.473 0.6999999881
148761  30.759  -83.813  2.050 0.6000000238
149418  21.699  -73.604  4.303 0.6000000238
149658  22.987  -69.652  6.511 0.6000000238
149784  25.824  -91.531  9.979 0.4000000060
149935  18.541  -63.410  4.082 0.8000000119
150077  18.475  -75.053  -0.576 0.5000000000
150280  16.747  -69.699  8.223 0.5000000000
150299  18.013  -65.260  7.530 0.6000000238
150357  27.326  -75.904  1.404 0.5000000000
150429  25.020  -83.314  -0.764 0.6999999881
150485  17.965  -74.971  8.517 0.6999999881
150509  23.191  -78.344  2.403 0.8999999762
150577  22.652  -72.435  -2.632 0.5000000000
150633  20.715  -66.026  5.598 0.8000000119
150767  20.162  -63.356  5.582 0.6999999881
150813  21.561  -56.975  2.430 0.3000000119
150814  20.653  -63.274  6.472 0.6999999881
151235  17.192  -78.631  6.240 0.6000000238
151289  22.396  -69.778  6.262 0.6000000238
151576  22.250  -57.732  3.349 0.4000000060
151859  18.869  -61.124  8.504 0.3000000119
152045  23.740  -71.565  8.410 0.6999999881
152050  25.827  -67.413  5.033 0.6000000238
152092  19.750  -77.104  8.238 0.6000000238
152302  31.673  -83.726  4.468 0.5000000000
152564  30.934  -77.047  1.537 0.6999999881
152617  11.708  -65.235  4.749 0.5000000000
152717  39.144  -85.830  1.458 0.3000000119
152777  26.686  -80.484  -1.830 0.5000000000
152797  20.970  -80.972  0.790 0.6999999881
153174  20.928  -61.307  5.941 0.6999999881
153268  33.929  -89.978  8.086 0.3000000119
153323  24.452  -61.853  7.537 0.4000000060
153338  31.696  -76.923  2.579 0.4000000060
153361  23.964  -72.805  6.345 0.6999999881
153497  34.030  -80.354  -2.848 0.6999999881
153515  31.079  -90.121  12.897 0.3000000119
153627  28.093  -84.626  8.076 0.5000000000
153795  15.124  -63.150  4.425 0.6999999881
153806  23.161  -81.832  0.983 0.8000000119
153816  21.147  -66.023  -0.811 0.5000000000
153867  28.575  -68.347  2.574 0.5000000000
154062  30.654  -75.327  4.305 0.6000000238
154073  19.505  -71.282  4.895 0.6000000238
154119  17.660  -74.290  8.223 0.6999999881
154203  18.487  -57.880  6.440 0.3000000119
154218  27.321  -77.970  3.587 0.6999999881
154393  15.587  -69.242  0.548 0.6000000238
154482  27.790  -77.156  3.632 0.6000000238
154553  28.669  -86.695  7.470 0.4000000060
154603  18.474  -67.819  5.697 0.6999999881
154671  26.122  -80.672  -1.951 0.5000000000
154683  26.510  -80.814  2.710 0.8000000119
154711  19.068  -63.381  3.950 0.8000000119
154762  11.329  -66.389  7.019 0.5000000000
154793  18.565  -73.608  8.342 0.6999999881
154904  33.442  -75.092  4.109 0.4000000060
154914  19.480  -67.194  4.429 0.6999999881
154953  32.180  -79.239  -2.227 0.6999999881
155222  19.887  -75.773  2.627 0.6000000238
155268  31.888  -85.255  0.951 0.4000000060
155405  29.082  -89.146  6.806 0.5000000000
155594  28.379  -68.755  3.693 0.5000000000
155833  36.323  -85.000  2.422 0.5000000000
155846  24.927  -84.960  11.165 0.3000000119
156027  20.403  -59.318  2.271 0.6000000238
156075  24.493  -53.827  2.103 0.3000000119
156351  18.469  -78.388  5.823 0.5000000000
156385  12.588  -57.695  6.400 0.6000000238
156422  21.853  -60.691  6.600 0.6000000238
156639  14.625  -62.705  4.181 0.6999999881
156640  27.502  -66.474  3.662 0.6000000238
156918  15.551  -69.977  10.685 0.5000000000
157070  26.945  -67.742  5.147 0.6000000238
157149  28.852  -86.798  9.471 0.4000000060
157209  31.458  -82.949  0.161 0.6000000238
157311  28.358  -84.622  9.450 0.5000000000
157698  28.537  -83.659  -4.235 0.6000000238
157801  24.057  -83.345  -1.936 0.5000000000
157964  18.100  -78.322  5.227 0.6000000238
158015  19.197  -80.160  -0.133 0.6000000238
158241  18.798  -76.418  0.376 0.6000000238
158468  25.678  -90.312  11.716 0.4000000060
158613  27.362  -77.244  0.681 0.5000000000
158637  24.744  -86.272  9.659 0.4000000060
158788  21.940  -73.248  4.661 0.5000000000
158871  20.083  -78.026  7.167 0.5000000000
159010  16.967  -67.856  1.031 0.6999999881
159042  39.940  -85.513  4.358 0.4000000060
159082  18.786  -74.870  4.867 0.6000000238
159101  26.139  -75.737  -1.956 0.6000000238
159259  31.229  -79.765  -1.335 0.8000000119
159284  19.054  -72.811  8.139 0.6999999881
159438  33.986  -78.953  -3.251 0.6999999881
159555  30.464  -93.170  7.772 0.4000000060
159836  37.864  -85.892  -0.485 0.3000000119
160053  15.532  -72.878  4.715 0.4000000060
160118  12.263  -60.425  8.384 0.5000000000
160226  13.408  -66.420  6.395 0.5000000000
160287  30.592  -92.581  8.170 0.4000000060
160531  18.204  -63.347  6.054 0.8000000119
160654  30.644  -76.361  3.315 0.6000000238
160785  25.742  -87.042  17.846 0.3000000119
160919  20.781  -75.157  8.962 0.6000000238
160938  28.756  -80.801  1.727 0.8000000119
160958  31.691  -86.535  11.132 0.3000000119
161016  36.955  -88.225  6.953 0.3000000119
161136  14.622  -70.843  2.533 0.6000000238
161287  19.130  -68.080  -1.569 0.5000000000
161379  21.665  -73.618  5.452 0.6000000238
161436  22.839  -73.091  -2.174 0.5000000000
161475  18.750  -52.631  4.308 0.3000000119
161546  29.362  -88.262  10.923 0.3000000119
161828  27.777  -83.479  -2.419 0.4000000060
161967  19.436  -62.348  3.497 0.8000000119
162030  21.477  -80.318  2.225 0.6999999881
162134  16.757  -78.257  6.681 0.6000000238
162174  32.610  -87.333  12.889 0.3000000119
162269  32.861  -89.811  8.717 0.4000000060
