#!ascii label  , from subject sub-v2s3x28813_ses-1 vox2ras=TkReg
810
14806  24.668  -62.170  -14.519 0.6000000238
14672  27.434  -62.197  -5.792 0.6999999881
14714  27.730  -61.592  -7.132 0.6999999881
16544  29.317  -60.918  -10.527 0.8999999762
15641  28.063  -60.612  -11.713 0.8000000119
15658  26.886  -61.023  -12.733 0.8000000119
15668  24.400  -61.306  -14.016 0.6000000238
15679  23.608  -61.257  -14.822 0.6999999881
15687  23.835  -61.504  -15.312 0.6999999881
15557  27.248  -61.469  -5.579 0.6999999881
111389  26.447  -62.119  -4.530 0.6999999881
15598  27.301  -60.933  -7.878 0.6000000238
15597  28.072  -61.029  -8.580 0.6999999881
16529  27.975  -60.561  -9.433 0.8000000119
125497  26.936  -60.202  -11.236 0.8000000119
15642  27.202  -60.476  -11.865 0.8000000119
16570  26.430  -60.514  -12.268 0.8000000119
15659  25.985  -60.856  -12.949 0.6000000238
15669  23.787  -61.095  -14.423 0.6000000238
16606  23.487  -60.756  -15.245 0.6999999881
16596  24.785  -60.226  -15.174 0.6999999881
16491  27.229  -60.644  -6.140 0.5000000000
15558  26.909  -61.434  -4.769 0.6000000238
16492  26.869  -60.124  -7.029 0.4000000060
16504  27.073  -60.921  -7.060 0.6000000238
16517  26.714  -60.201  -8.268 0.5000000000
16530  26.517  -59.940  -9.071 0.6000000238
127912  27.150  -60.324  -9.266 0.8000000119
107257  26.601  -60.009  -10.651 0.6999999881
16562  25.270  -59.709  -11.373 0.6999999881
16563  24.775  -59.863  -12.138 0.6999999881
16587  22.813  -59.876  -14.208 0.5000000000
16607  22.927  -59.792  -15.092 0.6000000238
17615  23.492  -59.756  -15.245 0.6000000238
17607  24.302  -59.567  -15.182 0.6000000238
17605  26.145  -59.689  -14.379 0.5000000000
17478  27.311  -59.928  -5.390 0.5000000000
16462  26.927  -60.629  -4.300 0.6000000238
15520  25.867  -61.109  -3.441 0.6000000238
16474  27.230  -60.732  -5.119 0.5000000000
17535  26.000  -59.212  -9.419 0.5000000000
17545  25.435  -59.133  -10.199 0.6000000238
17546  24.892  -59.029  -10.745 0.6000000238
17560  24.156  -59.104  -11.935 0.6000000238
17576  23.674  -59.340  -12.873 0.5000000000
16574  23.044  -59.408  -13.644 0.5000000000
18641  22.958  -59.070  -14.804 0.6000000238
119114  23.227  -59.144  -15.029 0.6000000238
18629  24.765  -58.662  -14.973 0.5000000000
19653  26.527  -57.629  -14.614 0.5000000000
124792  27.906  -57.188  -13.845 0.5000000000
18628  26.305  -58.647  -14.330 0.5000000000
17467  27.106  -59.799  -3.945 0.5000000000
121452  25.772  -60.468  -3.086 0.5000000000
17511  26.979  -59.297  -7.058 0.5000000000
18540  26.549  -59.069  -8.303 0.4000000060
18547  26.816  -58.702  -8.515 0.3000000119
18558  26.616  -58.596  -9.225 0.4000000060
18567  26.479  -58.440  -9.959 0.3000000119
19607  27.244  -57.906  -10.458 0.3000000119
18560  25.596  -59.022  -9.904 0.5000000000
18569  25.200  -58.984  -10.393 0.5000000000
18600  24.653  -58.697  -11.557 0.5000000000
18579  23.812  -58.946  -12.491 0.5000000000
18603  23.280  -58.949  -13.273 0.5000000000
18630  23.181  -58.332  -14.446 0.6000000238
18640  23.545  -58.261  -14.835 0.6000000238
18638  24.476  -57.742  -15.231 0.5000000000
20731  26.931  -56.707  -14.842 0.5000000000
19652  27.323  -57.420  -14.200 0.5000000000
17466  27.414  -59.232  -4.645 0.5000000000
18531  27.830  -58.249  -6.686 0.5000000000
18546  27.725  -58.367  -8.234 0.4000000060
18539  26.971  -58.827  -7.713 0.5000000000
19585  27.666  -58.266  -9.119 0.4000000060
20684  27.951  -57.323  -10.849 0.3000000119
19608  26.387  -58.173  -10.751 0.3000000119
19620  25.434  -58.024  -11.984 0.4000000060
18601  24.196  -58.576  -12.399 0.5000000000
18602  23.671  -58.447  -13.161 0.4000000060
19662  24.993  -57.099  -15.437 0.5000000000
20736  26.679  -55.948  -15.359 0.5000000000
19661  25.938  -56.770  -15.363 0.5000000000
21870  28.934  -56.166  -13.659 0.5000000000
112914  28.631  -55.628  -14.244 0.4000000060
20730  27.653  -56.610  -14.386 0.5000000000
17456  27.216  -58.892  -3.749 0.5000000000
118472  27.586  -58.531  -5.178 0.5000000000
19576  28.549  -57.867  -7.099 0.5000000000
19584  28.576  -58.012  -7.976 0.4000000060
19596  28.532  -57.810  -9.235 0.4000000060
19605  28.759  -57.065  -10.413 0.3000000119
106186  27.116  -57.511  -11.226 0.3000000119
19619  26.253  -57.759  -11.571 0.4000000060
19632  26.053  -57.180  -12.354 0.4000000060
19633  25.188  -57.382  -12.798 0.4000000060
19634  24.260  -57.727  -13.191 0.4000000060
20725  23.814  -57.076  -14.036 0.5000000000
20733  23.824  -56.832  -14.720 0.5000000000
19655  23.562  -57.623  -14.657 0.6000000238
21883  27.298  -55.280  -15.338 0.4000000060
21877  27.406  -55.934  -14.922 0.5000000000
19547  27.808  -57.809  -5.347 0.4000000060
19583  29.298  -57.572  -8.672 0.4000000060
19566  28.303  -57.635  -6.196 0.4000000060
19595  29.081  -57.419  -9.628 0.4000000060
20713  27.393  -56.183  -12.193 0.4000000060
19618  26.878  -56.958  -11.935 0.4000000060
20714  26.578  -56.350  -12.623 0.4000000060
20715  25.704  -56.563  -13.064 0.4000000060
20716  24.672  -56.660  -13.634 0.5000000000
124959  24.370  -55.739  -14.748 0.5000000000
21886  24.566  -55.524  -15.148 0.6000000238
113339  26.643  -55.178  -15.543 0.5000000000
24301  27.887  -53.919  -15.681 0.4000000060
23123  27.402  -54.581  -15.528 0.4000000060
19534  28.304  -57.134  -5.437 0.4000000060
19574  30.089  -57.217  -8.012 0.4000000060
19565  29.152  -57.344  -6.709 0.4000000060
20670  29.750  -57.132  -9.312 0.4000000060
20683  28.447  -56.560  -11.136 0.4000000060
21862  27.102  -55.468  -12.865 0.4000000060
23101  26.376  -54.979  -13.578 0.4000000060
120267  25.368  -56.032  -13.638 0.4000000060
123165  24.801  -55.291  -14.624 0.5000000000
23126  24.820  -54.851  -15.020 0.4000000060
21884  26.309  -54.863  -15.602 0.6000000238
20636  29.587  -56.671  -6.321 0.4000000060
20658  30.644  -56.650  -8.397 0.4000000060
20669  30.367  -56.479  -9.432 0.4000000060
118043  29.887  -56.205  -10.300 0.4000000060
21831  28.866  -55.793  -11.385 0.4000000060
21846  28.478  -55.305  -12.013 0.4000000060
21860  27.961  -54.789  -12.639 0.5000000000
21861  27.825  -55.549  -12.298 0.4000000060
23100  27.194  -54.558  -13.354 0.3000000119
23109  26.477  -54.206  -13.973 0.3000000119
23110  25.845  -54.611  -14.155 0.4000000060
23125  25.201  -54.205  -14.974 0.4000000060
24313  25.692  -53.746  -15.291 0.4000000060
23132  26.122  -54.366  -15.545 0.5000000000
20616  28.623  -56.521  -5.366 0.4000000060
21829  30.426  -55.697  -10.204 0.4000000060
21830  29.708  -55.544  -10.915 0.4000000060
21845  29.224  -55.045  -11.639 0.3000000119
122286  28.493  -54.182  -12.715 0.3000000119
24270  27.907  -53.953  -13.286 0.3000000119
24271  27.155  -53.864  -13.760 0.3000000119
24284  25.683  -53.841  -14.622 0.3000000119
110515  25.634  -52.925  -15.018 0.4000000060
25379  26.533  -52.307  -15.532 0.4000000060
20648  31.274  -56.194  -7.854 0.3000000119
21815  30.929  -55.730  -9.525 0.3000000119
117016  30.379  -55.056  -10.690 0.3000000119
23071  29.982  -54.724  -11.307 0.3000000119
24254  29.814  -53.612  -12.180 0.3000000119
23099  29.124  -53.929  -12.479 0.3000000119
25354  27.992  -52.545  -14.022 0.4000000060
24282  27.501  -53.254  -13.870 0.3000000119
25355  27.067  -52.553  -14.337 0.3000000119
120003  25.776  -52.934  -14.788 0.3000000119
25371  25.644  -52.115  -15.001 0.4000000060
26359  26.164  -51.516  -15.375 0.4000000060
113637  27.577  -51.049  -15.922 0.4000000060
25353  28.742  -52.829  -13.440 0.4000000060
128042  28.093  -51.939  -14.269 0.4000000060
26331  27.392  -51.765  -14.408 0.4000000060
26332  26.549  -51.917  -14.547 0.3000000119
26348  25.604  -51.219  -15.024 0.4000000060
27255  25.630  -50.277  -15.023 0.4000000060
28168  26.744  -49.165  -15.666 0.4000000060
26360  26.048  -50.676  -15.319 0.4000000060
27264  26.959  -50.215  -15.760 0.4000000060
27237  26.414  -50.489  -14.577 0.4000000060
27238  25.765  -50.704  -14.805 0.5000000000
124677  25.631  -49.917  -14.937 0.4000000060
28169  26.000  -49.135  -15.274 0.4000000060
112983  28.050  -50.322  -16.160 0.3000000119
14790  26.290  -61.679  -13.454 0.6999999881
16545  28.331  -60.499  -10.333 0.8000000119
16585  23.883  -60.497  -13.561 0.6000000238
16571  25.617  -60.256  -12.214 0.6999999881
15660  24.939  -60.582  -13.071 0.6999999881
124032  25.600  -58.901  -14.591 0.6000000238
17512  26.644  -59.642  -7.801 0.4000000060
17525  26.413  -59.510  -8.619 0.4000000060
16547  26.106  -59.635  -9.889 0.6999999881
17558  25.088  -59.290  -10.784 0.6999999881
111938  23.858  -59.823  -12.992 0.6999999881
119361  27.342  -58.708  -7.043 0.5000000000
128128  24.210  -58.955  -11.823 0.5000000000
18568  25.696  -58.757  -10.136 0.4000000060
19644  23.480  -57.657  -14.235 0.6000000238
20738  24.933  -56.252  -15.503 0.5000000000
21885  25.374  -55.444  -15.489 0.6000000238
20696  28.113  -56.005  -11.760 0.3000000119
124709  25.251  -54.688  -14.597 0.4000000060
20635  30.354  -56.357  -6.686 0.4000000060
24283  26.570  -53.309  -14.320 0.3000000119
25356  26.136  -52.417  -14.641 0.3000000119
27248  25.600  -50.546  -14.962 0.3000000119
28167  27.673  -49.485  -16.050 0.3000000119
12077  31.898  -65.488  -8.771 0.6000000238
11142  32.343  -65.473  -9.571 0.6000000238
11187  33.103  -66.769  -11.678 0.6000000238
11210  33.339  -66.733  -12.403 0.6000000238
10266  30.214  -67.318  -8.721 0.5000000000
11123  31.434  -66.194  -8.492 0.6000000238
13847  31.469  -63.866  -8.554 0.6999999881
108779  32.057  -64.511  -9.158 0.6999999881
11144  31.083  -67.001  -8.916 0.6000000238
12997  32.460  -64.763  -10.020 0.6000000238
111004  32.771  -65.197  -10.766 0.6000000238
13030  32.650  -64.434  -11.376 0.6000000238
110393  33.015  -65.181  -11.729 0.6000000238
11186  33.300  -65.920  -12.246 0.6000000238
12166  33.137  -65.423  -13.144 0.6000000238
12178  32.658  -65.545  -14.873 0.6999999881
11105  30.427  -66.325  -7.503 0.6000000238
12965  30.709  -64.761  -7.102 0.6999999881
11125  30.003  -67.042  -7.973 0.5000000000
12061  31.205  -65.082  -7.626 0.6999999881
12078  31.093  -65.915  -7.810 0.6999999881
14735  31.475  -63.144  -9.819 0.6999999881
13860  32.145  -63.862  -10.025 0.6999999881
13890  32.313  -63.755  -11.876 0.5000000000
13065  32.675  -64.667  -13.186 0.6000000238
13066  32.047  -64.296  -14.032 0.6000000238
12167  32.765  -65.154  -14.017 0.6999999881
107717  30.682  -64.397  -15.353 0.6999999881
115118  32.012  -65.450  -15.641 0.6999999881
12179  31.182  -65.072  -15.789 0.6999999881
14812  33.435  -62.506  -15.572 0.4000000060
111951  31.978  -63.566  -17.903 0.5000000000
13960  31.306  -63.700  -17.894 0.6000000238
13965  30.691  -64.551  -17.938 0.6000000238
118948  30.025  -65.151  -17.448 0.6999999881
113048  27.168  -66.691  -5.546 0.5000000000
11084  28.635  -66.467  -6.073 0.5000000000
12036  28.855  -65.816  -5.767 0.6000000238
11085  27.916  -66.896  -6.214 0.5000000000
115453  30.502  -64.100  -7.072 0.6999999881
113491  29.634  -65.350  -6.243 0.5000000000
12063  30.090  -65.933  -6.771 0.6000000238
13848  30.865  -63.230  -8.193 0.6999999881
13862  31.219  -63.083  -9.009 0.6999999881
13891  31.797  -63.184  -11.473 0.6999999881
13909  32.170  -63.782  -12.910 0.6000000238
13923  31.573  -63.608  -13.646 0.6000000238
13080  29.662  -64.387  -15.728 0.6999999881
13094  30.043  -64.981  -16.557 0.6999999881
13104  29.144  -65.115  -17.289 0.6999999881
122132  30.004  -64.990  -17.638 0.6000000238
13113  29.104  -65.041  -17.472 0.6000000238
11990  25.539  -65.496  -4.502 0.5000000000
11065  24.348  -66.600  -5.165 0.4000000060
12014  28.118  -65.435  -5.307 0.5000000000
11049  25.876  -66.200  -4.783 0.5000000000
108905  27.519  -66.077  -5.178 0.5000000000
12935  28.319  -64.490  -5.465 0.6000000238
12013  28.963  -65.013  -5.684 0.6000000238
14712  29.628  -62.837  -7.272 0.6999999881
13838  29.836  -63.699  -6.753 0.6000000238
14711  30.158  -62.605  -7.955 0.6999999881
14736  30.815  -62.384  -9.717 0.6999999881
14767  31.258  -62.655  -11.080 0.6999999881
14800  30.435  -62.718  -13.270 0.6999999881
13910  31.316  -63.050  -12.954 0.6999999881
13924  30.863  -63.246  -13.879 0.6999999881
13939  29.297  -63.710  -14.920 0.6999999881
13081  28.586  -64.539  -15.941 0.8000000119
13105  28.325  -65.157  -17.330 0.6999999881
14834  30.690  -62.374  -17.403 0.5000000000
14835  29.791  -63.296  -17.435 0.6000000238
13114  28.113  -65.038  -17.424 0.6000000238
11991  24.089  -65.584  -4.383 0.4000000060
11988  26.841  -64.945  -4.690 0.6000000238
11989  26.418  -65.562  -4.677 0.6000000238
13806  27.827  -63.862  -5.395 0.6000000238
14698  28.511  -62.972  -6.313 0.6000000238
15586  29.292  -62.101  -7.829 0.6000000238
126704  29.457  -61.491  -9.027 0.6999999881
14737  30.109  -61.772  -9.306 0.6999999881
15621  30.381  -61.725  -10.941 0.6999999881
14768  30.700  -62.189  -11.398 0.6999999881
15655  29.268  -61.554  -12.284 0.8000000119
15654  29.883  -61.848  -12.223 0.8000000119
14801  29.439  -62.508  -13.333 0.6000000238
13940  28.230  -63.858  -15.069 0.6000000238
13097  27.092  -64.813  -16.951 0.8000000119
13096  27.925  -65.116  -16.954 0.6999999881
15694  31.445  -61.541  -17.367 0.5000000000
15696  29.858  -62.243  -17.028 0.6000000238
117951  27.900  -62.935  -16.875 0.6999999881
15695  30.729  -61.302  -17.082 0.6000000238
12914  24.396  -64.837  -4.123 0.5000000000
112123  23.583  -64.968  -3.991 0.4000000060
11972  21.829  -65.213  -3.929 0.4000000060
12912  26.098  -64.630  -4.509 0.5000000000
118552  24.800  -65.398  -4.380 0.5000000000
13807  27.146  -63.563  -5.090 0.6000000238
14713  28.641  -62.313  -7.066 0.6000000238
15609  28.808  -61.083  -9.185 0.6999999881
15607  30.180  -61.553  -10.237 0.8000000119
15640  28.706  -60.974  -12.011 0.8000000119
14788  28.098  -61.971  -13.073 0.6000000238
13928  26.759  -63.382  -14.574 0.6000000238
13941  27.111  -64.054  -15.260 0.6999999881
13098  26.278  -64.356  -16.772 0.6999999881
14822  26.485  -62.813  -16.559 0.6999999881
15691  29.247  -62.033  -16.664 0.6000000238
124764  28.717  -61.542  -15.842 0.6000000238
117664  28.650  -61.299  -15.156 0.6000000238
15690  29.870  -61.475  -16.568 0.6000000238
15676  29.181  -61.296  -15.627 0.6000000238
14654  25.817  -62.893  -4.330 0.5000000000
13788  24.745  -64.103  -3.986 0.5000000000
108405  23.118  -64.278  -3.613 0.5000000000
106076  22.064  -64.314  -3.491 0.5000000000
14653  26.661  -62.861  -4.859 0.5000000000
13787  25.515  -63.861  -4.300 0.5000000000
14699  27.915  -62.245  -6.427 0.6000000238
14789  27.230  -61.800  -13.239 0.6999999881
116093  25.546  -62.389  -14.246 0.6000000238
13929  25.557  -63.399  -14.967 0.6000000238
13951  24.838  -63.478  -16.121 0.6000000238
122107  25.404  -63.124  -16.489 0.6999999881
13957  25.026  -63.458  -16.300 0.6000000238
15682  28.050  -61.745  -15.751 0.6999999881
17622  30.989  -59.969  -16.601 0.5000000000
16592  29.545  -60.970  -14.996 0.4000000060
14636  25.111  -62.510  -3.664 0.5000000000
14637  24.343  -62.951  -3.519 0.5000000000
127360  23.102  -62.995  -3.130 0.5000000000
14639  22.481  -62.767  -2.940 0.5000000000
14641  20.149  -62.622  -3.492 0.5000000000
14642  19.310  -62.365  -3.958 0.5000000000
15686  24.036  -62.190  -15.405 0.6000000238
14830  24.499  -62.959  -16.089 0.6000000238
16603  25.734  -61.188  -15.357 0.4000000060
15677  26.809  -61.207  -14.910 0.5000000000
120462  27.621  -60.663  -14.351 0.4000000060
17602  29.878  -60.412  -13.942 0.4000000060
16593  28.630  -60.677  -14.293 0.5000000000
15536  25.836  -61.945  -3.899 0.6000000238
15522  24.342  -62.080  -3.099 0.5000000000
14626  23.422  -61.967  -2.732 0.5000000000
14640  21.773  -62.318  -2.896 0.5000000000
116275  20.910  -62.087  -3.301 0.5000000000
15525  20.198  -61.775  -3.794 0.5000000000
15538  19.828  -61.501  -4.640 0.4000000060
114294  19.290  -61.397  -6.565 0.5000000000
15581  19.213  -61.288  -7.518 0.4000000060
15601  18.537  -61.046  -9.026 0.4000000060
126608  17.590  -61.204  -10.212 0.4000000060
16604  24.907  -60.986  -15.471 0.6000000238
16594  26.266  -60.578  -14.642 0.4000000060
17603  27.851  -59.999  -13.634 0.4000000060
16584  28.982  -59.984  -13.413 0.4000000060
15521  24.658  -61.325  -2.857 0.5000000000
15509  23.952  -61.292  -2.620 0.4000000060
15511  22.222  -61.490  -2.738 0.4000000060
16445  21.901  -61.000  -2.908 0.5000000000
118497  21.469  -60.167  -3.909 0.4000000060
15559  20.423  -60.981  -5.598 0.5000000000
16476  20.934  -60.440  -5.237 0.4000000060
16494  20.051  -60.632  -6.825 0.5000000000
15579  20.215  -60.941  -6.453 0.5000000000
127048  19.789  -60.549  -7.166 0.3000000119
16518  18.678  -60.842  -8.742 0.3000000119
16519  17.959  -60.619  -9.404 0.3000000119
17604  26.982  -59.410  -13.866 0.4000000060
16441  25.236  -60.169  -2.679 0.5000000000
16442  23.785  -60.524  -2.512 0.5000000000
16443  23.044  -60.344  -2.593 0.4000000060
17457  26.654  -59.417  -3.315 0.4000000060
17444  25.346  -59.352  -2.583 0.4000000060
17446  23.607  -59.750  -2.518 0.4000000060
18486  23.956  -58.356  -2.549 0.4000000060
18493  26.694  -58.569  -3.126 0.4000000060
18484  25.469  -58.408  -2.526 0.4000000060
118511  24.699  -58.134  -2.474 0.4000000060
19513  26.567  -57.753  -2.934 0.4000000060
19515  25.103  -57.528  -2.472 0.4000000060
19526  23.608  -57.657  -2.804 0.4000000060
19527  23.035  -57.430  -3.282 0.4000000060
19514  25.905  -57.613  -2.570 0.4000000060
18492  27.155  -57.973  -3.518 0.3000000119
20579  24.651  -56.743  -2.585 0.4000000060
20589  23.698  -56.826  -2.923 0.4000000060
20590  22.899  -56.654  -3.511 0.4000000060
19524  27.476  -57.230  -3.963 0.4000000060
20603  22.238  -56.600  -4.005 0.4000000060
21742  22.036  -55.934  -4.339 0.4000000060
20602  27.859  -55.953  -4.386 0.3000000119
20586  27.306  -56.282  -3.702 0.4000000060
21713  25.988  -55.955  -2.737 0.4000000060
21714  25.123  -55.983  -2.644 0.4000000060
20588  24.239  -55.968  -2.887 0.4000000060
21729  22.633  -55.949  -3.834 0.4000000060
110532  23.922  -55.232  -3.426 0.3000000119
14805  24.855  -62.893  -14.945 0.6000000238
119373  27.209  -62.763  -5.334 0.5000000000
16610  24.309  -61.582  -15.731 0.6000000238
17593  27.615  -59.103  -13.504 0.4000000060
109478  32.729  -66.765  -10.994 0.6000000238
112019  32.677  -63.671  -17.683 0.5000000000
126868  31.861  -61.006  -17.413 0.5000000000
13964  31.555  -64.358  -18.135 0.5000000000
14833  31.529  -62.716  -17.608 0.4000000060
115849  30.651  -63.466  -17.692 0.6000000238
117290  26.228  -66.657  -5.282 0.5000000000
108935  30.087  -62.293  -12.710 0.6999999881
14827  28.750  -63.120  -17.147 0.6000000238
13824  29.068  -63.672  -6.269 0.6000000238
13925  29.897  -63.085  -14.053 0.6999999881
13082  27.543  -64.599  -16.061 0.8000000119
13115  27.445  -64.788  -17.351 0.6999999881
11992  23.214  -65.689  -4.340 0.4000000060
14802  28.438  -62.531  -13.577 0.6000000238
13927  27.855  -63.187  -14.374 0.6000000238
14829  26.103  -63.829  -16.819 0.6999999881
13955  26.776  -64.337  -17.093 0.6999999881
16614  31.058  -60.329  -17.027 0.5000000000
124161  31.578  -60.483  -17.317 0.5000000000
14821  27.526  -62.450  -16.409 0.6999999881
122250  29.210  -61.541  -16.179 0.6000000238
14804  26.510  -62.544  -13.998 0.6999999881
13942  26.033  -64.112  -15.583 0.6999999881
13950  25.488  -63.983  -16.484 0.6999999881
15683  27.109  -61.969  -15.742 0.6000000238
16601  29.749  -61.113  -15.968 0.6000000238
16591  30.264  -60.570  -14.788 0.6000000238
13771  24.350  -63.628  -3.701 0.5000000000
13772  23.618  -63.470  -3.454 0.5000000000
113393  21.824  -63.292  -3.119 0.4000000060
14823  24.381  -62.899  -15.839 0.6000000238
15684  25.991  -62.136  -15.957 0.6000000238
15602  17.742  -61.394  -9.238 0.3000000119
110276  26.965  -60.280  -14.214 0.5000000000
114823  29.184  -59.123  -13.006 0.4000000060
15537  20.579  -61.079  -4.491 0.5000000000
107449  19.441  -61.051  -7.912 0.4000000060
15610  18.313  -60.932  -9.270 0.4000000060
19525  26.924  -57.093  -3.302 0.4000000060
116211  26.292  -56.913  -2.760 0.4000000060
11159  35.564  -66.368  -10.138 0.3000000119
114087  36.718  -66.498  -11.347 0.3000000119
8834  36.485  -69.063  -19.035 0.4000000060
9591  37.393  -68.671  -18.399 0.4000000060
8830  37.947  -69.599  -18.776 0.4000000060
8101  38.498  -70.846  -18.495 0.4000000060
10409  35.738  -67.301  -18.524 0.4000000060
117236  35.681  -68.611  -18.613 0.4000000060
9592  35.060  -68.251  -18.188 0.4000000060
119502  34.613  -68.472  -17.284 0.5000000000
8824  34.333  -68.850  -16.283 0.5000000000
9589  34.196  -67.902  -16.557 0.5000000000
11257  36.324  -66.791  -16.940 0.4000000060
9594  37.024  -68.296  -18.893 0.5000000000
8835  35.705  -69.508  -18.668 0.5000000000
8786  33.605  -69.113  -14.810 0.5000000000
10401  36.681  -67.660  -17.005 0.5000000000
10405  36.937  -67.619  -18.256 0.5000000000
10400  37.072  -68.283  -16.341 0.5000000000
9587  37.552  -68.948  -16.866 0.4000000060
9586  38.354  -69.343  -16.785 0.4000000060
8094  39.282  -70.931  -17.549 0.4000000060
8828  39.757  -70.554  -17.196 0.4000000060
8061  39.232  -70.916  -16.162 0.3000000119
8783  38.950  -69.773  -14.866 0.4000000060
13103  34.986  -64.614  -16.706 0.4000000060
116382  34.992  -65.994  -18.440 0.4000000060
12206  34.243  -65.464  -18.392 0.4000000060
12197  35.503  -65.258  -16.787 0.4000000060
12200  35.683  -65.574  -17.636 0.4000000060
12205  35.726  -65.960  -18.179 0.4000000060
11266  34.958  -66.719  -18.453 0.4000000060
10407  34.255  -67.072  -18.130 0.5000000000
12187  35.608  -65.829  -15.871 0.4000000060
118392  36.264  -66.299  -17.680 0.4000000060
10408  36.528  -67.353  -18.379 0.4000000060
11262  33.257  -66.626  -17.881 0.5000000000
10403  33.807  -67.269  -17.140 0.5000000000
9578  33.983  -68.241  -15.500 0.5000000000
10383  33.626  -67.339  -15.059 0.6000000238
11239  33.389  -66.644  -14.601 0.6000000238
9560  33.617  -68.247  -14.458 0.6000000238
12188  31.427  -65.543  -16.354 0.6000000238
11250  32.633  -65.946  -15.625 0.6000000238
115029  33.571  -67.376  -14.159 0.5000000000
9576  38.898  -68.859  -16.343 0.4000000060
125918  33.174  -65.656  -13.630 0.5000000000
8092  40.292  -70.349  -16.876 0.4000000060
8059  40.463  -70.249  -16.662 0.4000000060
8807  39.629  -70.387  -15.639 0.4000000060
13117  33.641  -64.951  -18.342 0.4000000060
13118  32.773  -64.925  -18.418 0.5000000000
11268  32.799  -66.088  -18.317 0.5000000000
11269  31.974  -66.040  -18.086 0.5000000000
11258  33.191  -66.792  -16.721 0.5000000000
12202  31.401  -65.751  -17.747 0.5000000000
11249  33.205  -66.583  -15.607 0.6000000238
12203  30.817  -65.419  -17.544 0.6000000238
11260  31.993  -65.895  -16.402 0.6000000238
11122  34.971  -66.843  -8.966 0.3000000119
12137  37.990  -65.865  -11.305 0.3000000119
110500  40.254  -67.584  -13.645 0.3000000119
13093  34.659  -64.167  -15.858 0.4000000060
13949  34.125  -63.432  -15.740 0.4000000060
13953  34.283  -63.976  -16.701 0.4000000060
13116  34.376  -64.937  -18.162 0.4000000060
13111  33.157  -64.341  -18.038 0.4000000060
13119  31.922  -64.962  -18.353 0.5000000000
13959  32.347  -64.278  -18.162 0.4000000060
12209  31.563  -65.548  -18.168 0.5000000000
114139  33.069  -66.088  -14.955 0.6000000238
10365  33.482  -66.754  -13.743 0.5000000000
13958  33.529  -63.816  -17.306 0.4000000060
10410  35.010  -67.469  -18.401 0.4000000060
125732  33.397  -68.956  -14.308 0.5000000000
9530  40.428  -68.259  -14.308 0.3000000119
13109  34.649  -64.640  -17.503 0.4000000060
12207  33.273  -65.536  -18.452 0.5000000000
119464  32.692  -66.476  -17.309 0.5000000000
11264  31.984  -66.169  -17.368 0.6000000238
24292  25.544  -53.063  -15.004 0.3000000119
8042  33.262  -70.125  -15.076 0.5000000000
8060  40.054  -70.641  -16.459 0.3000000119
8077  40.147  -70.676  -16.926 0.4000000060
8093  39.999  -70.738  -17.078 0.4000000060
8102  38.064  -70.616  -19.254 0.4000000060
8806  40.470  -70.226  -16.010 0.4000000060
8819  40.664  -69.730  -16.646 0.4000000060
8820  40.322  -69.881  -16.899 0.4000000060
8821  39.033  -70.013  -17.217 0.4000000060
8822  38.185  -69.634  -17.500 0.4000000060
8829  38.704  -70.510  -17.936 0.4000000060
8832  38.235  -70.233  -18.893 0.4000000060
9577  37.797  -68.625  -16.212 0.4000000060
9588  37.090  -68.345  -17.238 0.4000000060
9595  36.262  -67.970  -18.760 0.5000000000
9596  35.552  -67.881  -18.563 0.4000000060
10323  32.568  -67.475  -11.268 0.6000000238
10362  40.966  -67.603  -14.008 0.3000000119
10393  36.570  -67.486  -15.830 0.5000000000
10394  33.698  -67.300  -16.069 0.5000000000
10402  34.293  -67.676  -17.403 0.5000000000
10404  37.033  -68.118  -18.704 0.5000000000
10406  34.624  -67.751  -17.955 0.5000000000
11050  24.845  -66.119  -4.662 0.5000000000
11062  28.102  -66.278  -5.561 0.5000000000
11063  26.766  -66.196  -4.964 0.5000000000
11064  25.317  -66.635  -5.147 0.5000000000
11083  29.333  -66.268  -6.398 0.5000000000
11087  25.677  -66.976  -5.820 0.5000000000
11106  29.655  -66.686  -7.227 0.6000000238
11124  30.752  -66.664  -8.213 0.5000000000
11141  35.511  -66.310  -9.316 0.3000000119
11143  31.900  -66.438  -9.316 0.6000000238
11158  36.320  -66.053  -10.525 0.3000000119
11226  33.380  -66.211  -13.167 0.5000000000
11240  33.193  -65.968  -14.142 0.5000000000
11259  32.630  -66.326  -16.465 0.6000000238
11261  36.507  -66.719  -17.971 0.4000000060
11263  32.467  -66.308  -17.876 0.5000000000
11265  35.745  -66.558  -18.374 0.4000000060
11267  33.958  -66.178  -18.467 0.4000000060
12015  27.230  -65.520  -4.900 0.6000000238
12035  30.301  -65.261  -6.724 0.6999999881
12062  30.669  -65.537  -7.219 0.6999999881
12138  33.060  -66.013  -11.257 0.6000000238
12154  33.041  -65.113  -12.533 0.6000000238
12189  30.725  -65.444  -16.869 0.6000000238
12196  36.028  -65.981  -17.069 0.4000000060
12198  31.325  -65.759  -17.115 0.6000000238
12199  36.162  -66.111  -17.893 0.4000000060
12201  35.073  -65.314  -18.128 0.4000000060
12204  36.197  -66.457  -18.117 0.4000000060
12208  32.340  -65.551  -18.375 0.5000000000
12210  31.049  -65.446  -17.912 0.5000000000
12897  23.988  -64.229  -3.756 0.5000000000
12913  25.182  -64.715  -4.288 0.5000000000
12915  22.688  -65.087  -3.894 0.4000000060
12936  27.488  -64.605  -5.031 0.6000000238
12937  26.785  -64.266  -4.759 0.6000000238
12949  30.146  -64.594  -6.620 0.6999999881
12950  29.456  -64.417  -6.208 0.6000000238
12951  28.882  -64.267  -5.852 0.6000000238
12978  31.570  -64.730  -8.288 0.6999999881
12979  31.071  -64.133  -7.671 0.6999999881
13015  32.490  -64.390  -10.629 0.6000000238
13050  32.698  -64.457  -12.279 0.6000000238
13078  32.048  -64.953  -14.888 0.6999999881
13079  31.460  -64.486  -14.909 0.6999999881
13083  26.534  -64.477  -16.235 0.6999999881
13084  25.773  -64.256  -16.320 0.6999999881
13095  28.865  -65.077  -16.813 0.6999999881
13106  27.598  -65.072  -17.332 0.6999999881
13107  26.909  -64.646  -17.111 0.6999999881
13108  35.262  -65.012  -17.412 0.4000000060
13110  33.924  -64.490  -17.783 0.4000000060
13112  30.580  -65.177  -17.817 0.6000000238
13120  31.165  -65.083  -18.134 0.5000000000
13770  24.991  -63.336  -3.905 0.5000000000
13773  22.707  -63.530  -3.273 0.5000000000
13786  26.339  -63.654  -4.626 0.5000000000
13825  28.423  -63.694  -5.800 0.6000000238
13826  27.783  -63.016  -5.711 0.6000000238
13837  30.390  -63.410  -7.458 0.6999999881
13861  31.698  -63.679  -9.285 0.6999999881
13872  32.266  -63.757  -10.978 0.6000000238
13873  31.711  -63.198  -10.610 0.6999999881
13926  28.888  -63.004  -14.263 0.6000000238
13937  31.233  -63.870  -14.450 0.6000000238
13938  30.318  -63.721  -14.715 0.6000000238
13943  25.206  -63.977  -15.971 0.6000000238
13954  27.610  -63.916  -17.260 0.6999999881
13956  26.163  -64.225  -16.816 0.6999999881
13961  29.833  -64.416  -17.680 0.6000000238
13962  28.921  -64.412  -17.528 0.6000000238
13963  28.091  -64.423  -17.442 0.6000000238
14627  22.631  -62.028  -2.711 0.5000000000
14638  23.640  -62.661  -3.159 0.5000000000
14673  26.996  -62.160  -5.153 0.5000000000
14697  29.187  -63.061  -6.697 0.6000000238
14725  29.808  -61.950  -8.528 0.6999999881
14746  31.226  -62.690  -10.361 0.6999999881
14747  30.775  -62.186  -10.611 0.6999999881
14786  31.210  -62.661  -12.005 0.6999999881
14787  28.874  -62.075  -12.892 0.8000000119
14791  25.333  -61.492  -13.701 0.6999999881
14803  27.507  -62.565  -13.767 0.6999999881
14814  24.738  -63.293  -15.664 0.6000000238
14815  24.311  -62.668  -15.295 0.6000000238
14820  28.498  -62.108  -16.421 0.6000000238
14824  24.228  -62.339  -15.761 0.6000000238
14828  27.027  -63.440  -16.904 0.6999999881
14832  32.207  -62.857  -17.491 0.5000000000
15510  23.053  -61.212  -2.561 0.4000000060
15523  21.536  -61.535  -3.078 0.5000000000
15524  20.933  -61.297  -3.651 0.5000000000
15535  26.455  -61.282  -4.033 0.6000000238
15560  19.745  -61.337  -5.897 0.5000000000
15578  27.429  -61.522  -6.385 0.6999999881
15580  19.791  -61.069  -7.135 0.5000000000
15587  28.317  -61.567  -7.818 0.6000000238
15588  19.084  -61.101  -8.380 0.4000000060
15596  28.965  -61.534  -8.488 0.6999999881
15599  19.209  -60.977  -8.316 0.3000000119
15600  18.821  -61.018  -8.695 0.3000000119
15608  29.482  -61.220  -9.685 0.6999999881
15611  17.915  -61.027  -9.864 0.4000000060
15622  29.933  -61.347  -10.937 0.6999999881
15638  30.099  -61.672  -11.566 0.6999999881
15639  29.421  -61.167  -11.510 0.8000000119
15656  28.581  -61.545  -12.558 0.8000000119
15657  27.864  -61.149  -12.485 0.8000000119
15678  23.977  -61.889  -14.844 0.6999999881
15685  24.895  -62.035  -16.121 0.6000000238
15692  24.018  -61.699  -15.626 0.6999999881
16444  22.426  -60.757  -2.720 0.4000000060
16452  26.467  -60.368  -3.539 0.5000000000
16453  25.233  -60.906  -2.931 0.5000000000
16461  27.226  -60.082  -4.629 0.5000000000
16463  21.075  -60.611  -4.212 0.4000000060
16493  20.512  -60.501  -6.090 0.5000000000
16505  26.843  -60.393  -7.622 0.5000000000
16506  19.574  -60.876  -7.625 0.3000000119
16528  28.822  -60.776  -9.862 0.8000000119
16531  17.635  -60.678  -10.175 0.4000000060
16546  27.189  -60.184  -9.944 0.8000000119
16548  25.687  -59.601  -10.635 0.6999999881
16559  28.644  -60.624  -11.173 0.8000000119
16560  27.627  -60.305  -10.994 0.8000000119
16561  26.228  -60.102  -11.441 0.8000000119
16572  24.292  -60.040  -12.760 0.6999999881
16573  23.274  -59.926  -13.569 0.6999999881
16586  23.199  -60.505  -14.418 0.6000000238
16595  25.523  -60.390  -14.870 0.6000000238
16597  23.204  -60.691  -14.986 0.6999999881
16598  22.881  -60.209  -14.998 0.6000000238
16602  27.796  -61.301  -14.904 0.6000000238
16605  24.088  -60.665  -15.423 0.6999999881
16609  30.453  -60.817  -16.544 0.6000000238
16611  24.112  -61.529  -15.648 0.6999999881
17443  26.122  -58.996  -2.753 0.4000000060
17445  24.471  -59.795  -2.482 0.4000000060
17458  25.981  -59.811  -2.918 0.4000000060
17498  27.213  -59.671  -6.273 0.5000000000
17526  18.314  -60.532  -8.595 0.3000000119
17559  24.643  -59.277  -11.417 0.6999999881
17575  24.204  -59.521  -12.291 0.6000000238
17591  29.848  -59.643  -13.187 0.4000000060
17594  22.758  -59.396  -14.111 0.5000000000
17606  25.228  -59.559  -14.805 0.6000000238
17608  22.773  -59.677  -14.662 0.5000000000
18483  26.192  -58.282  -2.710 0.4000000060
18485  24.674  -58.875  -2.472 0.4000000060
18487  23.366  -58.991  -2.692 0.4000000060
18494  23.147  -58.215  -2.996 0.4000000060
18500  27.536  -58.141  -4.423 0.5000000000
18501  22.367  -58.034  -3.653 0.4000000060
18514  27.436  -59.097  -5.625 0.5000000000
18532  27.372  -58.874  -6.415 0.5000000000
18538  27.840  -58.328  -7.455 0.4000000060
18548  26.289  -58.970  -8.891 0.4000000060
18559  25.977  -58.893  -9.503 0.3000000119
18577  25.385  -58.545  -10.949 0.5000000000
18578  24.547  -59.013  -11.293 0.5000000000
18618  23.113  -58.448  -13.831 0.5000000000
18619  22.860  -59.024  -13.799 0.5000000000
18627  27.071  -58.402  -13.902 0.5000000000
18631  22.786  -58.984  -14.281 0.6000000238
18639  23.881  -58.649  -15.091 0.6000000238
19516  24.276  -57.527  -2.568 0.4000000060
19535  27.839  -57.249  -4.766 0.3000000119
19536  22.470  -57.202  -3.701 0.4000000060
19567  27.668  -58.334  -5.906 0.5000000000
19575  29.326  -57.555  -7.599 0.4000000060
19606  28.128  -57.778  -9.979 0.3000000119
19635  23.543  -57.825  -13.736 0.6000000238
19654  25.500  -57.887  -14.972 0.5000000000
19663  24.274  -56.974  -15.295 0.6000000238
19664  23.812  -57.212  -15.034 0.6000000238
20578  25.537  -56.777  -2.555 0.4000000060
20587  26.646  -56.339  -3.116 0.4000000060
20601  28.195  -56.553  -4.856 0.4000000060
20615  29.159  -56.179  -5.602 0.4000000060
20637  28.879  -56.963  -5.946 0.4000000060
20649  30.599  -56.622  -7.515 0.4000000060
20650  29.913  -57.042  -7.146 0.4000000060
20659  30.103  -57.088  -8.755 0.4000000060
20682  29.558  -56.821  -10.005 0.4000000060
20697  27.662  -56.743  -11.524 0.4000000060
20723  28.354  -56.522  -13.893 0.5000000000
20724  24.158  -56.324  -14.474 0.5000000000
20732  24.127  -55.965  -14.936 0.5000000000
20737  25.942  -55.820  -15.610 0.5000000000
20739  24.132  -56.379  -15.124 0.6000000238
21728  23.398  -55.976  -3.386 0.4000000060
21789  31.111  -56.018  -7.055 0.4000000060
21804  31.162  -56.066  -8.709 0.3000000119
21863  26.153  -55.803  -13.317 0.4000000060
21871  25.473  -55.301  -13.996 0.4000000060
21872  24.739  -55.856  -14.193 0.5000000000
21876  28.003  -55.981  -14.505 0.5000000000
21878  24.497  -55.353  -14.977 0.5000000000
21892  25.768  -54.904  -15.532 0.6000000238
21893  25.126  -54.885  -15.267 0.6000000238
22971  24.495  -54.537  -3.516 0.3000000119
23084  30.252  -53.977  -11.586 0.3000000119
23085  29.530  -54.321  -11.907 0.3000000119
23086  28.816  -54.615  -12.248 0.3000000119
23124  26.781  -54.484  -15.631 0.6000000238
23133  25.544  -54.428  -15.347 0.5000000000
24269  28.652  -53.572  -13.029 0.4000000060
24281  28.178  -53.252  -13.522 0.4000000060
24302  27.308  -54.043  -15.695 0.4000000060
24303  25.420  -53.637  -15.022 0.4000000060
24304  25.252  -54.297  -15.096 0.4000000060
24312  26.652  -53.731  -15.624 0.5000000000
25363  25.603  -52.197  -14.968 0.3000000119
25380  25.779  -52.153  -15.107 0.4000000060
26333  25.868  -51.609  -14.769 0.3000000119
26341  25.571  -51.360  -14.983 0.4000000060
26358  27.082  -51.716  -15.740 0.4000000060
27265  26.097  -49.818  -15.325 0.4000000060
28138  25.627  -49.948  -14.927 0.5000000000
28149  25.655  -49.515  -15.040 0.4000000060
28166  28.595  -49.621  -16.331 0.3000000119
29106  26.911  -48.283  -15.726 0.3000000119
107236  26.103  -52.967  -15.366 0.4000000060
107746  27.238  -58.216  -9.776 0.3000000119
107771  29.500  -62.079  -12.680 0.8000000119
109650  24.024  -59.161  -2.466 0.4000000060
109740  20.983  -62.951  -3.193 0.5000000000
111378  30.529  -62.479  -8.762 0.6999999881
111487  29.208  -56.330  -10.714 0.4000000060
111561  30.472  -62.189  -12.095 0.8000000119
112152  25.184  -61.656  -3.320 0.5000000000
114260  18.289  -61.354  -8.462 0.3000000119
114839  27.205  -60.497  -8.709 0.6000000238
116035  25.581  -63.848  -16.591 0.6999999881
116574  22.832  -60.180  -14.729 0.6000000238
116686  23.938  -57.688  -15.136 0.6000000238
117163  26.457  -51.193  -14.564 0.4000000060
118091  26.768  -51.034  -15.626 0.4000000060
118122  24.759  -58.119  -12.397 0.4000000060
118194  28.388  -58.022  -8.669 0.4000000060
120488  31.797  -63.263  -12.246 0.5000000000
121025  24.268  -62.200  -16.001 0.6000000238
121153  24.552  -60.664  -2.614 0.5000000000
122228  24.818  -58.949  -10.858 0.6000000238
122292  26.039  -55.268  -15.612 0.6000000238
123331  18.614  -61.401  -7.903 0.4000000060
123754  23.036  -62.489  -2.873 0.5000000000
123882  25.432  -55.388  -2.864 0.4000000060
123893  24.716  -62.853  -16.209 0.6000000238
124877  27.737  -56.637  -4.362 0.4000000060
125800  29.691  -61.529  -11.920 0.8000000119
126031  17.785  -60.405  -9.100 0.3000000119
126067  30.733  -62.551  -12.609 0.6999999881
126814  27.480  -48.780  -15.940 0.3000000119
127076  32.556  -65.413  -10.161 0.6000000238
127158  31.475  -65.489  -8.185 0.6999999881
127855  26.437  -67.024  -5.870 0.5000000000
127864  21.305  -60.122  -4.671 0.4000000060
127950  24.786  -54.868  -14.957 0.5000000000
128136  34.135  -64.228  -17.294 0.4000000060
