#!ascii label  , from subject sub-v2s3x28831_ses-1 vox2ras=TkReg
922
33017  -14.151  -72.280  65.027 0.0000000000
137307  -37.345  -52.684  64.818 0.0000000000
59714  -43.021  -47.108  59.397 0.0000000000
61683  -48.933  -45.001  52.353 0.0000000000
137951  -35.453  -58.436  64.086 0.0000000000
58798  -46.600  -48.505  55.803 0.0000000000
67919  -49.933  -39.590  46.322 0.0000000000
70897  -55.700  -36.537  45.544 0.0000000000
52277  -40.671  -54.424  62.377 0.0000000000
55535  -40.886  -51.265  57.859 0.0000000000
59676  -38.316  -47.811  62.214 0.0000000000
37266  -14.511  -69.294  69.547 0.0000000000
40583  -18.267  -65.038  69.638 0.0000000000
40585  -22.978  -66.002  68.879 0.0000000000
141887  -26.967  -67.786  67.359 0.0000000000
39507  -31.386  -66.186  65.626 0.0000000000
43770  -35.378  -62.292  65.927 0.0000000000
46757  -38.151  -58.984  64.247 0.0000000000
54449  -47.059  -52.712  55.783 0.0000000000
73780  -56.772  -33.510  44.766 0.0000000000
53297  -39.086  -52.852  64.935 0.0000000000
55500  -39.704  -51.524  63.043 0.0000000000
56551  -37.817  -50.249  64.276 0.0000000000
39497  -15.758  -66.840  67.051 0.0000000000
39476  -16.270  -67.163  69.654 0.0000000000
42778  -31.144  -63.214  65.837 0.0000000000
147736  -32.824  -64.651  65.229 0.0000000000
45683  -33.315  -61.285  66.284 0.0000000000
51253  -36.793  -55.708  63.314 0.0000000000
47832  -35.842  -58.061  66.133 0.0000000000
50172  -37.501  -55.866  65.337 0.0000000000
50183  -38.989  -56.499  63.951 0.0000000000
57609  -42.540  -49.690  60.423 0.0000000000
54434  -44.184  -52.251  57.259 0.0000000000
56602  -45.909  -51.047  59.368 0.0000000000
59788  -47.815  -47.077  53.899 0.0000000000
57697  -49.792  -49.276  54.384 0.0000000000
147496  -50.527  -47.246  52.068 0.0000000000
61697  -49.335  -45.325  50.749 0.0000000000
66905  -54.118  -40.565  48.838 0.0000000000
66892  -50.706  -41.484  49.527 0.0000000000
45709  -34.549  -60.411  63.417 0.0000000000
59816  -46.022  -47.134  50.732 0.0000000000
68934  -53.149  -38.256  45.947 0.0000000000
67922  -56.339  -39.079  46.142 0.0000000000
72853  -57.218  -34.615  43.278 0.0000000000
50225  -42.245  -56.056  60.812 0.0000000000
54412  -40.157  -52.670  60.412 0.0000000000
57607  -39.701  -49.830  60.630 0.0000000000
34042  -14.659  -71.788  68.327 0.0000000000
38381  -19.628  -66.612  68.950 0.0000000000
41705  -20.764  -64.213  69.518 0.0000000000
37280  -21.946  -68.016  68.640 0.0000000000
36175  -23.164  -69.117  68.130 0.0000000000
141109  -26.068  -70.257  67.527 0.0000000000
35072  -28.140  -70.430  66.208 0.0000000000
38400  -29.519  -67.620  66.813 0.0000000000
38450  -32.557  -67.467  63.687 0.0000000000
46728  -34.759  -59.633  66.650 0.0000000000
132602  -36.521  -60.873  65.904 0.0000000000
141035  -38.714  -61.828  63.145 0.0000000000
46771  -40.443  -59.588  62.342 0.0000000000
49058  -41.256  -57.662  62.071 0.0000000000
56612  -48.009  -49.992  57.163 0.0000000000
64868  -47.574  -41.758  49.468 0.0000000000
63754  -49.246  -43.290  51.561 0.0000000000
33006  -13.798  -72.458  66.810 0.0000000000
148825  -37.673  -52.719  65.414 0.0000000000
55462  -38.491  -51.581  65.231 0.0000000000
55490  -37.711  -51.155  64.582 0.0000000000
137604  -31.578  -62.719  64.587 0.0000000000
43768  -32.157  -62.158  65.954 0.0000000000
44759  -32.473  -61.583  65.187 0.0000000000
52269  -37.011  -54.475  63.913 0.0000000000
51242  -36.651  -55.489  65.391 0.0000000000
52261  -37.115  -53.995  65.412 0.0000000000
52262  -38.083  -54.427  65.366 0.0000000000
133932  -44.066  -50.207  60.318 0.0000000000
58711  -44.732  -48.766  59.766 0.0000000000
60705  -48.305  -46.333  52.567 0.0000000000
60698  -49.895  -46.263  53.755 0.0000000000
136983  -49.923  -46.151  52.898 0.0000000000
143701  -49.919  -46.889  51.031 0.0000000000
137303  -49.475  -45.366  51.494 0.0000000000
65976  -54.791  -41.407  47.092 0.0000000000
64873  -53.438  -42.168  49.172 0.0000000000
65974  -53.039  -41.974  46.423 0.0000000000
69936  -52.971  -37.602  44.162 0.0000000000
126417  -54.175  -37.374  45.364 0.0000000000
68925  -54.941  -38.171  47.112 0.0000000000
69916  -55.772  -37.774  46.076 0.0000000000
68943  -56.759  -38.399  44.623 0.0000000000
69929  -56.805  -36.837  45.174 0.0000000000
72844  -57.438  -34.774  44.288 0.0000000000
52286  -41.651  -54.790  61.488 0.0000000000
52293  -42.093  -54.575  60.898 0.0000000000
53317  -40.639  -53.694  61.749 0.0000000000
57554  -38.810  -48.971  63.129 0.0000000000
55507  -39.515  -50.600  62.148 0.0000000000
57570  -39.203  -48.508  62.386 0.0000000000
58691  -40.309  -48.080  61.705 0.0000000000
59686  -39.321  -46.819  62.004 0.0000000000
34032  -15.925  -70.790  68.673 0.0000000000
35036  -15.056  -69.415  69.808 0.0000000000
40569  -17.271  -66.260  69.733 0.0000000000
42751  -22.143  -63.824  68.139 0.0000000000
41707  -22.233  -64.903  69.230 0.0000000000
39473  -21.567  -66.534  69.393 0.0000000000
38365  -22.557  -67.057  68.999 0.0000000000
36174  -22.685  -68.764  67.989 0.0000000000
37264  -23.380  -67.486  68.649 0.0000000000
130997  -26.523  -68.790  67.907 0.0000000000
35071  -27.132  -70.613  66.395 0.0000000000
128174  -27.730  -69.187  67.473 0.0000000000
40610  -30.730  -65.540  66.217 0.0000000000
142061  -29.925  -66.387  66.085 0.0000000000
144822  -30.573  -66.783  66.073 0.0000000000
37295  -30.603  -68.559  66.454 0.0000000000
38419  -31.389  -67.523  66.005 0.0000000000
37322  -32.312  -68.541  64.387 0.0000000000
38421  -31.839  -66.645  64.795 0.0000000000
42779  -34.198  -63.006  65.988 0.0000000000
41757  -33.762  -64.532  64.373 0.0000000000
42792  -34.541  -63.851  64.722 0.0000000000
42781  -35.873  -62.760  65.300 0.0000000000
45701  -34.087  -60.034  64.467 0.0000000000
47830  -34.944  -58.761  65.858 0.0000000000
47834  -36.979  -57.885  65.459 0.0000000000
46743  -36.015  -59.116  66.468 0.0000000000
46756  -37.521  -59.537  65.153 0.0000000000
44761  -37.594  -61.323  64.599 0.0000000000
138138  -38.279  -59.861  64.293 0.0000000000
46758  -38.954  -58.877  63.419 0.0000000000
51249  -40.393  -55.551  63.016 0.0000000000
50190  -40.391  -56.575  62.820 0.0000000000
135024  -40.930  -55.972  62.395 0.0000000000
50213  -41.791  -56.112  61.398 0.0000000000
37282  -14.226  -68.776  67.793 0.0000000000
37276  -13.975  -69.451  68.856 0.0000000000
34029  -13.354  -70.815  69.349 0.0000000000
53342  -41.542  -53.493  58.485 0.0000000000
53351  -42.322  -53.770  57.034 0.0000000000
128039  -45.459  -52.833  56.682 0.0000000000
58782  -46.091  -48.477  56.477 0.0000000000
58761  -47.008  -48.192  57.966 0.0000000000
58784  -47.958  -48.124  57.120 0.0000000000
56650  -50.390  -50.213  52.487 0.0000000000
56636  -48.891  -50.930  54.622 0.0000000000
65924  -50.284  -42.027  50.077 0.0000000000
143586  -48.622  -41.195  49.144 0.0000000000
64848  -49.193  -42.040  50.470 0.0000000000
64834  -48.349  -42.533  50.982 0.0000000000
64835  -49.314  -42.527  50.875 0.0000000000
62746  -49.270  -43.852  50.247 0.0000000000
141535  -54.599  -34.947  43.960 0.0000000000
71906  -56.467  -35.297  44.964 0.0000000000
73778  -55.644  -33.687  44.492 0.0000000000
151769  -55.729  -31.979  44.450 0.0000000000
53305  -39.963  -53.655  63.469 0.0000000000
54404  -39.873  -52.625  63.117 0.0000000000
54400  -39.630  -51.711  64.276 0.0000000000
56535  -38.992  -50.345  64.559 0.0000000000
58648  -38.070  -48.806  63.318 0.0000000000
38392  -14.914  -68.140  67.993 0.0000000000
38368  -15.697  -67.927  69.824 0.0000000000
41714  -17.638  -64.609  68.642 0.0000000000
41729  -31.397  -64.202  66.373 0.0000000000
40621  -32.210  -65.442  65.268 0.0000000000
42765  -32.131  -63.517  66.362 0.0000000000
43758  -33.128  -62.377  66.423 0.0000000000
43759  -34.085  -62.242  66.363 0.0000000000
49043  -36.317  -57.068  63.482 0.0000000000
49028  -35.850  -57.277  65.399 0.0000000000
50169  -36.198  -56.685  65.441 0.0000000000
49014  -36.496  -56.883  65.484 0.0000000000
49016  -37.321  -57.224  65.136 0.0000000000
49030  -38.228  -57.133  64.448 0.0000000000
50182  -38.319  -56.200  64.704 0.0000000000
134823  -39.110  -54.602  64.533 0.0000000000
38411  -14.763  -67.892  66.321 0.0000000000
56599  -41.001  -50.401  58.564 0.0000000000
55537  -42.322  -51.560  57.251 0.0000000000
56601  -43.203  -50.729  59.273 0.0000000000
55529  -44.732  -51.424  59.015 0.0000000000
136980  -46.567  -51.843  57.972 0.0000000000
58812  -47.477  -47.640  54.816 0.0000000000
58800  -48.670  -47.947  56.255 0.0000000000
59780  -49.129  -46.737  55.109 0.0000000000
58825  -50.513  -48.467  53.077 0.0000000000
67908  -51.809  -39.666  47.691 0.0000000000
66912  -50.384  -40.164  47.891 0.0000000000
66902  -52.052  -40.660  49.431 0.0000000000
64852  -52.297  -42.010  50.214 0.0000000000
53309  -37.369  -53.331  62.447 0.0000000000
52275  -36.995  -54.924  62.850 0.0000000000
58759  -44.366  -47.706  58.294 0.0000000000
58823  -46.085  -48.876  53.866 0.0000000000
58837  -46.591  -48.305  52.569 0.0000000000
130295  -47.061  -47.711  52.081 0.0000000000
145872  -47.651  -46.287  51.553 0.0000000000
68922  -52.140  -38.929  46.622 0.0000000000
68913  -53.527  -38.873  47.623 0.0000000000
67912  -55.067  -39.491  47.612 0.0000000000
136109  -55.364  -40.875  45.965 0.0000000000
71908  -56.884  -35.697  44.816 0.0000000000
70920  -57.178  -36.036  44.056 0.0000000000
51283  -42.797  -55.008  60.481 0.0000000000
53334  -41.522  -53.701  59.508 0.0000000000
54419  -40.098  -52.421  59.339 0.0000000000
134697  -39.740  -51.708  61.910 0.0000000000
55517  -39.471  -51.173  59.890 0.0000000000
55526  -39.753  -50.613  59.243 0.0000000000
147371  -41.057  -49.542  60.216 0.0000000000
58675  -41.866  -47.671  61.471 0.0000000000
55506  -37.374  -50.943  62.342 0.0000000000
57569  -37.352  -49.082  61.862 0.0000000000
59697  -37.716  -47.225  60.807 0.0000000000
148056  -14.633  -72.236  66.654 0.0000000000
126954  -16.010  -71.434  67.118 0.0000000000
39501  -20.165  -66.308  67.669 0.0000000000
42746  -17.982  -63.717  67.192 0.0000000000
41715  -18.249  -64.025  68.674 0.0000000000
130640  -19.382  -64.370  69.619 0.0000000000
38371  -21.017  -66.935  69.214 0.0000000000
35068  -23.381  -70.097  66.293 0.0000000000
126626  -24.751  -70.842  66.115 0.0000000000
38417  -27.736  -67.661  66.691 0.0000000000
39503  -28.762  -67.539  66.619 0.0000000000
37285  -28.795  -67.953  67.364 0.0000000000
36195  -29.429  -69.647  66.539 0.0000000000
36206  -29.967  -69.929  65.827 0.0000000000
39532  -32.334  -66.080  64.446 0.0000000000
45700  -33.443  -60.480  65.047 0.0000000000
138308  -34.076  -60.469  66.553 0.0000000000
44746  -35.103  -61.019  66.642 0.0000000000
47813  -35.500  -58.630  66.405 0.0000000000
45687  -35.726  -59.860  66.572 0.0000000000
43771  -36.075  -62.112  65.635 0.0000000000
43772  -36.653  -61.972  65.288 0.0000000000
43800  -37.797  -62.705  63.503 0.0000000000
135638  -40.712  -60.297  61.815 0.0000000000
47864  -39.573  -58.269  63.063 0.0000000000
136455  -40.875  -58.307  62.255 0.0000000000
146318  -40.898  -58.902  61.126 0.0000000000
47904  -41.501  -57.629  61.187 0.0000000000
32996  -13.837  -71.861  68.587 0.0000000000
58737  -45.949  -48.155  58.904 0.0000000000
56604  -47.124  -50.200  58.201 0.0000000000
55548  -47.608  -51.343  56.677 0.0000000000
57678  -48.758  -49.706  56.028 0.0000000000
55549  -48.076  -51.017  56.183 0.0000000000
54463  -47.905  -52.771  54.296 0.0000000000
129565  -46.281  -45.487  50.484 0.0000000000
139010  -47.638  -44.634  51.426 0.0000000000
135392  -48.648  -40.579  47.901 0.0000000000
65957  -47.403  -41.078  48.031 0.0000000000
63782  -46.530  -42.974  50.110 0.0000000000
62729  -47.468  -43.707  51.194 0.0000000000
62714  -49.131  -43.711  51.805 0.0000000000
61698  -49.334  -44.452  51.345 0.0000000000
54399  -37.573  -51.932  64.900 0.0000000000
135587  -37.396  -51.993  64.182 0.0000000000
43813  -31.977  -62.985  62.993 0.0000000000
43783  -31.938  -62.143  64.874 0.0000000000
44772  -32.594  -61.915  63.990 0.0000000000
52270  -37.097  -53.674  64.697 0.0000000000
52260  -36.763  -54.684  65.070 0.0000000000
53295  -37.328  -53.223  65.289 0.0000000000
53281  -37.404  -53.303  65.383 0.0000000000
60647  -43.018  -46.880  60.055 0.0000000000
58695  -43.943  -48.502  60.182 0.0000000000
59715  -43.648  -47.424  59.562 0.0000000000
60706  -48.948  -45.672  53.045 0.0000000000
136921  -49.371  -45.923  53.360 0.0000000000
60707  -49.134  -45.548  52.680 0.0000000000
60716  -49.587  -45.723  52.125 0.0000000000
61691  -49.025  -44.615  51.917 0.0000000000
65992  -54.578  -41.285  46.100 0.0000000000
65975  -53.962  -41.694  46.705 0.0000000000
70908  -55.117  -36.148  44.952 0.0000000000
69938  -54.657  -36.859  45.144 0.0000000000
69926  -54.976  -37.148  46.081 0.0000000000
69927  -55.767  -37.215  45.868 0.0000000000
130822  -56.392  -36.728  45.446 0.0000000000
52278  -41.267  -54.933  62.023 0.0000000000
52285  -41.031  -54.312  61.855 0.0000000000
53311  -40.424  -53.818  62.277 0.0000000000
58659  -38.568  -48.342  62.580 0.0000000000
58672  -39.320  -47.585  62.038 0.0000000000
59685  -38.530  -47.061  61.998 0.0000000000
36161  -14.570  -69.487  69.407 0.0000000000
135467  -14.742  -69.042  69.863 0.0000000000
40582  -17.579  -65.294  69.366 0.0000000000
41716  -22.537  -64.647  68.665 0.0000000000
42740  -21.848  -64.129  68.912 0.0000000000
40584  -22.531  -65.715  69.165 0.0000000000
40575  -22.787  -66.100  68.909 0.0000000000
39475  -22.953  -66.507  68.779 0.0000000000
39477  -23.348  -66.096  68.649 0.0000000000
38384  -26.819  -67.926  67.719 0.0000000000
37281  -26.249  -68.133  67.953 0.0000000000
36178  -27.184  -68.459  67.761 0.0000000000
40611  -31.326  -65.486  66.006 0.0000000000
39506  -30.966  -66.215  65.948 0.0000000000
131474  -30.951  -66.962  65.948 0.0000000000
38402  -31.044  -67.356  66.117 0.0000000000
38403  -31.333  -66.916  65.689 0.0000000000
38420  -31.542  -66.937  65.329 0.0000000000
43769  -34.752  -62.494  66.115 0.0000000000
42780  -34.988  -63.080  65.576 0.0000000000
42793  -35.569  -63.391  64.761 0.0000000000
47847  -34.950  -58.833  64.592 0.0000000000
46745  -37.425  -58.615  65.158 0.0000000000
46744  -36.674  -58.639  65.938 0.0000000000
45702  -37.924  -60.487  64.563 0.0000000000
45704  -39.015  -59.748  63.459 0.0000000000
52272  -40.319  -54.547  63.104 0.0000000000
138048  -40.840  -55.158  62.484 0.0000000000
51254  -41.277  -55.550  62.107 0.0000000000
37277  -14.682  -68.796  68.848 0.0000000000
36160  -13.819  -69.889  69.389 0.0000000000
54427  -41.141  -52.724  58.025 0.0000000000
53350  -41.708  -53.289  57.516 0.0000000000
54433  -41.563  -52.502  57.345 0.0000000000
54448  -46.463  -52.675  56.650 0.0000000000
53366  -46.413  -53.297  55.746 0.0000000000
53375  -46.734  -53.738  55.075 0.0000000000
53376  -47.366  -53.246  54.739 0.0000000000
58783  -47.093  -48.152  57.097 0.0000000000
58799  -47.574  -47.879  56.421 0.0000000000
67918  -49.145  -39.806  46.267 0.0000000000
64850  -50.434  -41.936  49.978 0.0000000000
64849  -49.682  -42.200  50.224 0.0000000000
127425  -39.512  -53.629  64.303 0.0000000000
127793  -39.786  -52.672  64.004 0.0000000000
54386  -39.260  -51.997  64.923 0.0000000000
56533  -38.028  -50.446  64.803 0.0000000000
55474  -38.376  -50.744  64.917 0.0000000000
57524  -38.142  -49.898  64.420 0.0000000000
57538  -38.282  -49.455  64.005 0.0000000000
57537  -38.000  -49.489  63.909 0.0000000000
38393  -15.333  -67.668  67.162 0.0000000000
41723  -17.212  -64.690  67.837 0.0000000000
42791  -31.031  -63.093  64.939 0.0000000000
42777  -30.746  -63.877  66.069 0.0000000000
41738  -30.857  -64.296  66.340 0.0000000000
42764  -31.485  -63.544  66.248 0.0000000000
42753  -31.756  -63.858  66.348 0.0000000000
44751  -32.731  -61.582  65.994 0.0000000000
43757  -32.283  -62.749  66.343 0.0000000000
44743  -32.864  -61.928  66.366 0.0000000000
44744  -33.577  -61.588  66.413 0.0000000000
50188  -36.463  -56.279  63.954 0.0000000000
49029  -36.052  -56.778  64.662 0.0000000000
50181  -36.332  -56.120  65.104 0.0000000000
51233  -36.767  -55.554  65.533 0.0000000000
50170  -36.497  -56.279  65.408 0.0000000000
50171  -36.801  -56.026  65.497 0.0000000000
141345  -37.034  -56.633  65.447 0.0000000000
151195  -37.629  -56.611  65.013 0.0000000000
53296  -38.639  -53.687  65.031 0.0000000000
52271  -39.794  -54.301  63.814 0.0000000000
38412  -15.409  -67.260  66.307 0.0000000000
56587  -41.525  -50.077  59.469 0.0000000000
56600  -42.060  -50.557  58.735 0.0000000000
56588  -42.609  -50.316  59.743 0.0000000000
135559  -44.636  -50.257  60.133 0.0000000000
56590  -44.331  -50.783  59.724 0.0000000000
55519  -45.264  -51.118  59.529 0.0000000000
55540  -46.120  -51.830  58.399 0.0000000000
55531  -46.334  -51.357  58.685 0.0000000000
59779  -48.360  -47.022  55.017 0.0000000000
59789  -48.814  -46.465  54.405 0.0000000000
60699  -50.308  -46.719  53.316 0.0000000000
59790  -50.388  -47.485  53.630 0.0000000000
59801  -50.518  -47.664  52.630 0.0000000000
58838  -50.747  -48.781  52.263 0.0000000000
131494  -50.375  -48.493  51.358 0.0000000000
67900  -53.527  -39.991  48.956 0.0000000000
67899  -52.528  -39.897  48.665 0.0000000000
66903  -52.971  -40.688  49.511 0.0000000000
64851  -51.533  -41.997  50.235 0.0000000000
52284  -37.228  -54.276  62.075 0.0000000000
136649  -46.208  -48.777  53.060 0.0000000000
59806  -45.841  -47.974  51.136 0.0000000000
59807  -46.648  -47.534  51.425 0.0000000000
59808  -47.581  -46.914  51.800 0.0000000000
60714  -46.903  -46.738  51.172 0.0000000000
68942  -53.328  -37.862  45.042 0.0000000000
140081  -52.463  -38.344  45.199 0.0000000000
146871  -51.767  -38.628  45.422 0.0000000000
68933  -52.309  -38.641  45.971 0.0000000000
67909  -52.516  -39.229  47.483 0.0000000000
68923  -52.897  -38.655  46.750 0.0000000000
68926  -55.444  -38.291  46.699 0.0000000000
68915  -55.057  -38.840  47.356 0.0000000000
129450  -56.034  -39.759  46.711 0.0000000000
66925  -55.652  -40.410  47.245 0.0000000000
66934  -56.306  -39.789  45.836 0.0000000000
66946  -55.642  -40.306  45.270 0.0000000000
66947  -56.265  -39.743  44.973 0.0000000000
147385  -56.882  -37.601  44.549 0.0000000000
72834  -56.691  -34.394  44.793 0.0000000000
72823  -56.771  -35.193  44.825 0.0000000000
72835  -57.023  -34.778  44.715 0.0000000000
72854  -57.609  -34.407  43.771 0.0000000000
71936  -57.459  -35.248  43.987 0.0000000000
50236  -42.753  -56.347  60.388 0.0000000000
50226  -42.898  -55.664  60.478 0.0000000000
53325  -40.863  -53.455  60.999 0.0000000000
53326  -41.586  -53.907  60.523 0.0000000000
53333  -40.803  -53.231  59.948 0.0000000000
53341  -40.852  -52.957  58.910 0.0000000000
54407  -39.887  -52.457  62.533 0.0000000000
56580  -39.485  -50.070  61.228 0.0000000000
55511  -39.404  -50.929  60.923 0.0000000000
56585  -39.566  -50.453  60.193 0.0000000000
143647  -39.807  -50.113  59.842 0.0000000000
56586  -40.311  -50.016  59.315 0.0000000000
57608  -40.095  -49.609  60.272 0.0000000000
58673  -40.396  -46.756  61.907 0.0000000000
58692  -41.422  -48.285  61.471 0.0000000000
33007  -15.259  -71.978  66.967 0.0000000000
34043  -15.344  -71.788  67.890 0.0000000000
134963  -16.258  -70.268  68.597 0.0000000000
38359  -16.376  -67.560  69.999 0.0000000000
38380  -18.542  -66.937  68.905 0.0000000000
39488  -19.425  -66.586  68.088 0.0000000000
39489  -20.017  -66.436  68.119 0.0000000000
42758  -18.510  -63.309  66.790 0.0000000000
41724  -17.800  -64.058  67.901 0.0000000000
41704  -20.029  -64.175  69.674 0.0000000000
41690  -19.732  -64.931  69.788 0.0000000000
41691  -20.508  -64.902  69.715 0.0000000000
38372  -21.551  -67.266  69.019 0.0000000000
38363  -21.163  -66.892  69.260 0.0000000000
37269  -21.521  -67.390  69.040 0.0000000000
38395  -20.716  -67.003  68.049 0.0000000000
37284  -21.551  -67.702  67.952 0.0000000000
141812  -21.966  -68.289  67.409 0.0000000000
36185  -22.653  -68.902  66.925 0.0000000000
35048  -23.002  -69.218  67.377 0.0000000000
35067  -22.750  -69.764  65.891 0.0000000000
35059  -23.374  -70.041  67.081 0.0000000000
35051  -25.312  -69.979  67.971 0.0000000000
35061  -25.467  -70.517  67.218 0.0000000000
129480  -24.744  -70.692  66.860 0.0000000000
35070  -25.475  -70.822  66.451 0.0000000000
126625  -26.228  -70.881  66.012 0.0000000000
35083  -27.637  -70.690  65.557 0.0000000000
126621  -28.426  -70.582  65.367 0.0000000000
148457  -28.168  -70.588  64.289 0.0000000000
128837  -29.936  -66.978  66.326 0.0000000000
39504  -29.456  -66.948  66.255 0.0000000000
125939  -29.284  -67.385  66.598 0.0000000000
38399  -28.685  -67.663  67.036 0.0000000000
37286  -29.475  -68.187  67.049 0.0000000000
126446  -29.033  -68.869  67.099 0.0000000000
36197  -30.975  -69.003  66.092 0.0000000000
36196  -30.303  -69.312  66.267 0.0000000000
36207  -30.813  -69.496  65.547 0.0000000000
35085  -30.357  -70.027  65.056 0.0000000000
37309  -32.217  -67.796  64.332 0.0000000000
36225  -32.716  -69.001  63.762 0.0000000000
37323  -32.602  -68.276  63.668 0.0000000000
40633  -32.423  -65.483  64.915 0.0000000000
45708  -33.757  -60.772  63.926 0.0000000000
46741  -34.583  -59.436  66.233 0.0000000000
46740  -33.956  -59.906  65.672 0.0000000000
45694  -34.228  -60.069  66.542 0.0000000000
45685  -34.414  -60.401  66.614 0.0000000000
147539  -35.769  -57.795  65.932 0.0000000000
47831  -35.469  -58.378  66.235 0.0000000000
45695  -36.357  -60.129  66.223 0.0000000000
44747  -35.859  -60.764  66.479 0.0000000000
44754  -36.273  -61.468  65.847 0.0000000000
44755  -36.921  -61.423  65.302 0.0000000000
43786  -37.981  -62.017  63.685 0.0000000000
136740  -39.979  -60.082  62.715 0.0000000000
46783  -40.745  -59.814  62.044 0.0000000000
49031  -39.167  -57.362  63.605 0.0000000000
49057  -40.749  -57.499  62.464 0.0000000000
47880  -41.100  -58.506  61.913 0.0000000000
47892  -41.166  -58.577  61.534 0.0000000000
49067  -41.403  -57.702  61.684 0.0000000000
131349  -41.680  -56.779  61.159 0.0000000000
34038  -14.309  -71.422  68.805 0.0000000000
133038  -13.735  -71.291  69.131 0.0000000000
33001  -14.492  -72.183  67.650 0.0000000000
55538  -43.202  -51.855  57.221 0.0000000000
54445  -42.633  -52.724  56.350 0.0000000000
54446  -43.402  -52.543  56.326 0.0000000000
127685  -45.261  -47.833  58.676 0.0000000000
57635  -47.618  -49.587  57.693 0.0000000000
57634  -47.181  -49.024  58.168 0.0000000000
56611  -47.507  -50.598  57.590 0.0000000000
55532  -46.946  -51.153  58.121 0.0000000000
56617  -47.764  -50.784  56.933 0.0000000000
58801  -49.172  -47.916  55.830 0.0000000000
57655  -48.845  -48.684  56.289 0.0000000000
57679  -49.332  -48.921  55.554 0.0000000000
55570  -48.673  -51.666  54.127 0.0000000000
55551  -47.850  -51.559  55.747 0.0000000000
54464  -48.429  -52.351  53.907 0.0000000000
148643  -46.868  -45.125  50.947 0.0000000000
62728  -46.710  -44.555  50.747 0.0000000000
66901  -50.980  -40.717  48.992 0.0000000000
66911  -49.402  -40.354  47.928 0.0000000000
66900  -50.072  -40.767  48.767 0.0000000000
65922  -48.531  -41.592  49.743 0.0000000000
65940  -47.850  -41.293  48.889 0.0000000000
65939  -46.979  -41.507  48.568 0.0000000000
64867  -46.565  -42.025  49.076 0.0000000000
64846  -46.147  -42.630  49.469 0.0000000000
128420  -47.270  -42.408  50.036 0.0000000000
63767  -49.145  -42.820  51.430 0.0000000000
63766  -48.387  -43.050  51.523 0.0000000000
63753  -49.098  -43.250  51.730 0.0000000000
62713  -48.511  -43.686  51.781 0.0000000000
62715  -49.197  -43.752  51.598 0.0000000000
62730  -49.393  -43.623  51.177 0.0000000000
53282  -38.078  -52.908  65.468 0.0000000000
54369  -38.564  -52.261  65.334 0.0000000000
54368  -37.965  -52.200  65.425 0.0000000000
55461  -37.910  -51.449  65.150 0.0000000000
43782  -31.572  -62.655  65.457 0.0000000000
43767  -31.701  -62.836  66.135 0.0000000000
145179  -36.857  -55.078  63.882 0.0000000000
51247  -36.596  -55.535  64.499 0.0000000000
52251  -36.883  -54.873  65.565 0.0000000000
51234  -36.980  -55.233  65.595 0.0000000000
51235  -37.567  -55.020  65.455 0.0000000000
52252  -37.198  -54.309  65.497 0.0000000000
52253  -37.769  -53.686  65.467 0.0000000000
57590  -42.848  -49.012  61.024 0.0000000000
57610  -43.509  -49.703  60.563 0.0000000000
57591  -43.552  -49.099  60.595 0.0000000000
57611  -44.250  -49.578  60.338 0.0000000000
57612  -45.084  -49.797  59.902 0.0000000000
60696  -48.642  -46.280  53.473 0.0000000000
60697  -49.328  -46.115  53.960 0.0000000000
60708  -50.404  -46.800  52.551 0.0000000000
59818  -50.315  -47.310  51.503 0.0000000000
60717  -50.280  -46.504  52.091 0.0000000000
60729  -49.965  -46.257  51.513 0.0000000000
65943  -54.232  -41.090  48.858 0.0000000000
66896  -53.577  -41.031  49.344 0.0000000000
64899  -54.381  -41.552  48.471 0.0000000000
64922  -53.515  -42.133  47.381 0.0000000000
69925  -54.041  -37.697  46.084 0.0000000000
68924  -53.959  -38.209  46.913 0.0000000000
69914  -54.716  -37.749  46.625 0.0000000000
69915  -55.286  -37.698  46.451 0.0000000000
68927  -56.004  -38.310  46.113 0.0000000000
68935  -56.530  -38.294  45.491 0.0000000000
69928  -56.381  -37.469  45.633 0.0000000000
69939  -56.809  -37.538  45.056 0.0000000000
69940  -56.958  -36.959  44.757 0.0000000000
139392  -56.592  -32.913  44.892 0.0000000000
73781  -57.188  -33.930  44.650 0.0000000000
73782  -57.292  -33.210  44.586 0.0000000000
73791  -57.744  -34.018  44.119 0.0000000000
73801  -57.577  -33.834  42.922 0.0000000000
51272  -42.215  -55.339  61.067 0.0000000000
53318  -41.402  -54.126  61.298 0.0000000000
140684  -39.488  -50.309  63.372 0.0000000000
56571  -39.358  -49.475  62.589 0.0000000000
57586  -39.636  -49.237  61.638 0.0000000000
57587  -40.012  -49.114  61.195 0.0000000000
58690  -39.675  -48.469  61.827 0.0000000000
60631  -40.029  -46.298  61.569 0.0000000000
34030  -14.245  -70.734  69.242 0.0000000000
34039  -15.139  -71.225  68.635 0.0000000000
34031  -15.167  -70.438  69.036 0.0000000000
35040  -15.334  -69.726  69.294 0.0000000000
35041  -15.998  -69.653  69.028 0.0000000000
129291  -19.290  -66.476  69.157 0.0000000000
136225  -21.191  -65.724  69.665 0.0000000000
41693  -21.859  -65.306  69.503 0.0000000000
40574  -22.133  -66.050  69.336 0.0000000000
37262  -22.191  -67.508  69.097 0.0000000000
36164  -22.340  -68.265  68.480 0.0000000000
37271  -22.703  -68.021  69.218 0.0000000000
37272  -23.177  -68.046  68.802 0.0000000000
36166  -23.490  -68.573  68.501 0.0000000000
35052  -26.204  -69.574  67.971 0.0000000000
129473  -26.235  -70.585  66.837 0.0000000000
127363  -26.798  -70.199  67.328 0.0000000000
35062  -27.755  -70.064  67.065 0.0000000000
35063  -28.669  -70.033  66.685 0.0000000000
41737  -30.007  -65.264  66.141 0.0000000000
128572  -29.839  -65.421  65.869 0.0000000000
40609  -30.162  -65.686  66.124 0.0000000000
38401  -30.468  -67.385  66.397 0.0000000000
37287  -30.145  -68.020  66.735 0.0000000000
36208  -31.453  -68.940  65.607 0.0000000000
38436  -31.848  -67.373  64.904 0.0000000000
38437  -32.168  -66.971  64.303 0.0000000000
41747  -33.463  -63.656  65.705 0.0000000000
135121  -33.629  -64.225  64.993 0.0000000000
41759  -36.107  -63.586  64.142 0.0000000000
42794  -36.417  -63.114  64.578 0.0000000000
46781  -35.203  -59.977  62.930 0.0000000000
46768  -34.746  -59.617  63.932 0.0000000000
46755  -34.422  -59.339  65.114 0.0000000000
47833  -36.274  -57.736  65.879 0.0000000000
148956  -36.007  -58.344  66.320 0.0000000000
139911  -36.776  -59.582  65.956 0.0000000000
45696  -37.129  -60.499  65.448 0.0000000000
44762  -38.306  -61.224  63.889 0.0000000000
45703  -38.635  -60.494  63.783 0.0000000000
46770  -39.742  -59.243  62.857 0.0000000000
130161  -39.722  -56.009  63.507 0.0000000000
50189  -39.679  -56.772  63.382 0.0000000000
138347  -41.150  -56.822  62.240 0.0000000000
138343  -41.508  -56.898  61.777 0.0000000000
50200  -41.442  -56.156  61.941 0.0000000000
51260  -41.608  -55.482  61.655 0.0000000000
37292  -13.761  -69.036  67.105 0.0000000000
36181  -13.491  -69.449  67.926 0.0000000000
36170  -13.035  -70.032  68.975 0.0000000000
35038  -13.873  -70.199  69.418 0.0000000000
54435  -45.051  -52.508  57.314 0.0000000000
147000  -44.792  -53.162  55.942 0.0000000000
53365  -45.667  -53.305  55.946 0.0000000000
134530  -45.597  -48.287  57.084 0.0000000000
58760  -46.088  -48.013  58.131 0.0000000000
130762  -46.469  -48.177  57.463 0.0000000000
58762  -47.558  -48.644  57.584 0.0000000000
57636  -48.114  -48.942  57.318 0.0000000000
147827  -49.176  -50.061  55.094 0.0000000000
65942  -49.951  -41.352  49.495 0.0000000000
65923  -49.421  -41.603  49.808 0.0000000000
64847  -48.407  -42.035  50.374 0.0000000000
145524  -49.060  -42.377  50.942 0.0000000000
63768  -49.325  -43.021  51.278 0.0000000000
71916  -55.970  -35.859  45.269 0.0000000000
71915  -55.513  -35.263  44.764 0.0000000000
72833  -56.257  -34.409  44.812 0.0000000000
73779  -56.617  -33.272  44.820 0.0000000000
73790  -55.887  -32.684  44.672 0.0000000000
150086  -56.778  -32.553  45.264 0.0000000000
141470  -56.805  -32.087  45.402 0.0000000000
53306  -40.260  -53.788  62.810 0.0000000000
147972  -40.092  -53.314  62.731 0.0000000000
53310  -39.967  -53.181  63.167 0.0000000000
129376  -39.824  -51.892  63.732 0.0000000000
55475  -39.161  -51.163  64.816 0.0000000000
139023  -39.346  -50.083  64.058 0.0000000000
56552  -38.793  -49.701  64.196 0.0000000000
58649  -38.294  -48.885  63.352 0.0000000000
58658  -38.125  -48.285  62.744 0.0000000000
37267  -14.972  -68.655  69.744 0.0000000000
38367  -15.275  -68.097  68.962 0.0000000000
127068  -15.790  -67.351  69.022 0.0000000000
138243  -16.159  -66.700  69.026 0.0000000000
145310  -16.960  -65.773  69.306 0.0000000000
40597  -17.040  -65.234  68.652 0.0000000000
38397  -26.599  -67.684  67.178 0.0000000000
133260  -30.291  -64.662  66.082 0.0000000000
132320  -31.016  -64.800  66.420 0.0000000000
136595  -31.585  -64.823  66.181 0.0000000000
40620  -31.850  -65.326  65.677 0.0000000000
133398  -32.373  -64.746  65.606 0.0000000000
41739  -32.714  -63.932  65.964 0.0000000000
42766  -32.787  -63.122  66.374 0.0000000000
41740  -33.147  -63.429  66.148 0.0000000000
42767  -33.479  -62.982  66.289 0.0000000000
49042  -35.818  -57.671  64.149 0.0000000000
49013  -36.144  -57.289  65.640 0.0000000000
49015  -36.705  -57.248  65.502 0.0000000000
47849  -37.717  -57.984  64.693 0.0000000000
51243  -38.307  -55.316  64.997 0.0000000000
51244  -39.075  -55.632  64.260 0.0000000000
51248  -39.785  -55.104  63.715 0.0000000000
133742  -14.752  -68.240  67.156 0.0000000000
56609  -40.784  -50.756  58.215 0.0000000000
55536  -41.616  -51.635  57.408 0.0000000000
56610  -41.590  -50.940  57.888 0.0000000000
55528  -42.843  -51.206  58.166 0.0000000000
125859  -43.990  -51.643  58.132 0.0000000000
56589  -43.442  -50.301  60.150 0.0000000000
150750  -43.817  -51.260  58.984 0.0000000000
55539  -45.131  -52.029  58.223 0.0000000000
54436  -46.013  -52.349  57.651 0.0000000000
54437  -46.810  -52.028  57.435 0.0000000000
143772  -47.253  -47.960  55.565 0.0000000000
59770  -47.959  -47.419  55.774 0.0000000000
59771  -48.688  -47.301  55.760 0.0000000000
58813  -49.733  -47.923  55.003 0.0000000000
60690  -49.577  -46.424  54.448 0.0000000000
59782  -50.153  -47.353  54.420 0.0000000000
58814  -50.232  -48.250  54.045 0.0000000000
57698  -50.281  -49.101  53.495 0.0000000000
67907  -51.028  -39.701  47.329 0.0000000000
66924  -50.341  -39.759  46.971 0.0000000000
66913  -51.450  -40.139  48.308 0.0000000000
66893  -51.594  -41.452  49.842 0.0000000000
65928  -53.173  -41.487  49.700 0.0000000000
66894  -52.512  -41.384  49.988 0.0000000000
65925  -51.285  -41.950  50.164 0.0000000000
53304  -37.369  -53.003  63.715 0.0000000000
138947  -37.418  -52.331  62.948 0.0000000000
47863  -36.248  -57.795  63.095 0.0000000000
50199  -36.703  -56.516  62.824 0.0000000000
52276  -37.196  -53.957  63.235 0.0000000000
59732  -42.757  -47.550  58.444 0.0000000000
59733  -43.660  -47.462  58.825 0.0000000000
59749  -43.395  -47.808  57.874 0.0000000000
126092  -43.974  -48.225  57.279 0.0000000000
58797  -45.625  -48.844  55.559 0.0000000000
58811  -46.682  -48.430  54.751 0.0000000000
58824  -46.818  -48.082  53.693 0.0000000000
59799  -47.180  -47.646  52.958 0.0000000000
59800  -47.754  -47.008  52.685 0.0000000000
60715  -48.343  -46.021  52.067 0.0000000000
67931  -50.904  -38.807  45.359 0.0000000000
67920  -50.767  -39.290  46.378 0.0000000000
67921  -51.595  -39.269  46.914 0.0000000000
146141  -53.262  -39.459  48.267 0.0000000000
67910  -54.033  -39.414  48.307 0.0000000000
68914  -54.470  -38.779  47.652 0.0000000000
67911  -54.576  -39.453  47.957 0.0000000000
67902  -54.555  -40.037  48.215 0.0000000000
65960  -55.127  -41.073  48.003 0.0000000000
65977  -55.446  -41.035  46.848 0.0000000000
66931  -53.934  -41.129  45.291 0.0000000000
67944  -56.409  -39.269  44.384 0.0000000000
70898  -56.404  -36.094  45.214 0.0000000000
70899  -56.745  -36.255  45.078 0.0000000000
69950  -57.032  -36.506  44.432 0.0000000000
71917  -57.132  -35.671  44.458 0.0000000000
52302  -42.223  -54.389  60.089 0.0000000000
52303  -42.915  -54.823  59.697 0.0000000000
52312  -42.154  -54.182  59.102 0.0000000000
54426  -40.417  -51.984  58.392 0.0000000000
54405  -40.141  -53.192  62.396 0.0000000000
54408  -40.173  -52.784  61.610 0.0000000000
54411  -39.641  -51.868  60.727 0.0000000000
54418  -39.664  -51.937  59.794 0.0000000000
55518  -39.726  -51.487  59.083 0.0000000000
55527  -40.218  -51.035  58.498 0.0000000000
56598  -40.341  -50.503  58.679 0.0000000000
57588  -40.718  -49.037  61.034 0.0000000000
57589  -41.918  -49.038  61.109 0.0000000000
142233  -42.161  -48.443  61.261 0.0000000000
60658  -42.399  -46.677  59.945 0.0000000000
56560  -37.566  -50.095  63.291 0.0000000000
56570  -37.280  -49.979  62.187 0.0000000000
57553  -37.701  -49.235  62.994 0.0000000000
147688  -37.839  -48.628  62.696 0.0000000000
58671  -37.801  -48.247  61.913 0.0000000000
59684  -37.963  -47.377  61.669 0.0000000000
60629  -38.233  -46.893  61.518 0.0000000000
59713  -42.179  -47.195  59.056 0.0000000000
33011  -14.393  -72.304  65.867 0.0000000000
33012  -15.152  -72.088  66.069 0.0000000000
34047  -15.697  -71.737  66.338 0.0000000000
37258  -15.303  -68.696  70.015 0.0000000000
145189  -15.778  -68.774  70.073 0.0000000000
41702  -18.053  -64.589  69.239 0.0000000000
39471  -19.842  -66.102  69.766 0.0000000000
39472  -20.745  -66.234  69.747 0.0000000000
38370  -20.065  -66.644  69.440 0.0000000000
38382  -20.648  -66.899  68.876 0.0000000000
147849  -22.381  -68.597  67.479 0.0000000000
133745  -23.789  -67.931  68.543 0.0000000000
36176  -23.872  -69.238  68.314 0.0000000000
35049  -23.525  -69.705  67.752 0.0000000000
35069  -24.014  -70.511  66.593 0.0000000000
35082  -26.914  -70.854  65.479 0.0000000000
38416  -26.536  -67.538  66.588 0.0000000000
38398  -27.785  -67.706  67.149 0.0000000000
38418  -28.946  -67.101  66.127 0.0000000000
38385  -27.761  -67.836  67.466 0.0000000000
36179  -28.178  -68.486  67.548 0.0000000000
151258  -28.905  -69.568  66.874 0.0000000000
36188  -29.858  -68.802  66.770 0.0000000000
35073  -29.106  -70.306  65.939 0.0000000000
144326  -29.144  -70.463  65.038 0.0000000000
39520  -31.982  -66.042  64.968 0.0000000000
40645  -32.989  -65.129  64.512 0.0000000000
133170  -32.884  -65.882  63.809 0.0000000000
39547  -32.619  -66.660  63.774 0.0000000000
44773  -33.446  -61.524  63.454 0.0000000000
44760  -33.019  -61.155  64.523 0.0000000000
44752  -32.978  -61.019  65.607 0.0000000000
45693  -33.714  -60.609  66.121 0.0000000000
45684  -33.900  -60.902  66.511 0.0000000000
44745  -34.331  -61.291  66.532 0.0000000000
43760  -34.931  -61.848  66.419 0.0000000000
47848  -35.400  -58.072  65.324 0.0000000000
46742  -35.085  -58.945  66.602 0.0000000000
46729  -35.189  -59.223  66.658 0.0000000000
45686  -35.132  -60.100  66.710 0.0000000000
44753  -35.599  -61.568  66.246 0.0000000000
43784  -36.587  -62.512  64.932 0.0000000000
42795  -37.187  -62.911  64.164 0.0000000000
43785  -37.263  -62.180  64.531 0.0000000000
47850  -38.528  -58.087  63.809 0.0000000000
49044  -39.990  -57.423  62.946 0.0000000000
140320  -40.371  -58.076  62.629 0.0000000000
47865  -40.371  -58.793  62.511 0.0000000000
47902  -40.657  -57.066  60.172 0.0000000000
49075  -41.487  -57.026  60.586 0.0000000000
33000  -13.597  -72.351  67.957 0.0000000000
54444  -42.105  -52.218  56.859 0.0000000000
59734  -44.460  -47.635  59.103 0.0000000000
58736  -45.169  -47.908  59.256 0.0000000000
56592  -45.895  -50.047  59.309 0.0000000000
58738  -46.608  -48.540  58.515 0.0000000000
57626  -46.650  -49.627  58.698 0.0000000000
56603  -46.522  -50.713  58.800 0.0000000000
55541  -46.932  -51.588  57.772 0.0000000000
54450  -47.421  -51.867  56.283 0.0000000000
58785  -48.405  -48.413  56.764 0.0000000000
57654  -48.466  -49.373  56.750 0.0000000000
56618  -48.291  -50.314  56.509 0.0000000000
56626  -48.562  -50.610  55.648 0.0000000000
54457  -47.628  -52.264  55.242 0.0000000000
60726  -45.685  -46.291  50.295 0.0000000000
60727  -46.413  -46.334  50.665 0.0000000000
61689  -47.108  -45.765  51.104 0.0000000000
61690  -48.125  -45.368  51.794 0.0000000000
66923  -49.654  -40.032  47.035 0.0000000000
126758  -48.705  -40.269  47.021 0.0000000000
126111  -47.862  -40.643  47.418 0.0000000000
65941  -49.173  -40.913  48.796 0.0000000000
65958  -48.228  -40.912  48.357 0.0000000000
66910  -47.055  -40.847  47.358 0.0000000000
63781  -45.805  -43.308  49.697 0.0000000000
64833  -47.356  -43.003  50.789 0.0000000000
126995  -48.735  -44.369  51.967 0.0000000000
61711  -49.258  -44.503  50.583 0.0000000000
61710  -48.876  -45.304  50.110 0.0000000000
35058  -22.923  -69.520  66.638 0.0000000000
35060  -24.061  -70.328  67.360 0.0000000000
35084  -29.683  -70.239  65.296 0.0000000000
36156  -14.915  -69.157  70.007 0.0000000000
36157  -15.338  -69.085  70.067 0.0000000000
36165  -23.097  -68.621  68.589 0.0000000000
36173  -22.388  -68.426  68.034 0.0000000000
36186  -27.063  -69.399  67.649 0.0000000000
36187  -28.384  -69.404  67.131 0.0000000000
37263  -22.842  -67.547  68.965 0.0000000000
37270  -21.961  -67.869  69.028 0.0000000000
37273  -23.849  -67.348  68.310 0.0000000000
37279  -21.448  -67.561  68.574 0.0000000000
37297  -31.767  -67.784  65.626 0.0000000000
37308  -32.083  -68.118  65.047 0.0000000000
38364  -21.859  -67.052  69.191 0.0000000000
38366  -23.119  -67.018  68.738 0.0000000000
39474  -22.341  -66.578  69.111 0.0000000000
39478  -23.432  -66.518  68.528 0.0000000000
39505  -30.386  -66.259  66.057 0.0000000000
39519  -31.658  -66.147  65.340 0.0000000000
41708  -22.815  -65.523  68.913 0.0000000000
41728  -30.452  -64.955  66.300 0.0000000000
41730  -32.046  -64.356  66.148 0.0000000000
45721  -40.712  -60.350  61.904 0.0000000000
50224  -42.051  -56.620  60.559 0.0000000000
53362  -42.033  -53.037  56.729 0.0000000000
53372  -43.160  -53.061  55.920 0.0000000000
54385  -37.621  -52.516  65.272 0.0000000000
54432  -41.067  -51.994  57.717 0.0000000000
54438  -47.244  -51.674  57.148 0.0000000000
54447  -44.415  -52.740  56.396 0.0000000000
54456  -43.933  -53.255  55.791 0.0000000000
54458  -48.140  -51.939  54.737 0.0000000000
55491  -39.617  -50.961  64.054 0.0000000000
55530  -45.641  -51.481  58.942 0.0000000000
55542  -47.364  -51.251  57.426 0.0000000000
55547  -42.732  -52.159  56.757 0.0000000000
55552  -48.360  -51.300  55.206 0.0000000000
56534  -38.313  -49.986  64.561 0.0000000000
56561  -39.139  -49.561  63.657 0.0000000000
56591  -45.239  -50.629  59.799 0.0000000000
57539  -38.653  -49.316  63.754 0.0000000000
57714  -50.121  -49.935  53.334 0.0000000000
57715  -50.578  -49.401  52.708 0.0000000000
58657  -38.074  -48.274  62.737 0.0000000000
58674  -41.137  -47.424  61.695 0.0000000000
58712  -45.601  -48.849  59.417 0.0000000000
58713  -46.248  -48.971  59.051 0.0000000000
59677  -38.603  -47.624  62.123 0.0000000000
59700  -43.499  -47.509  60.060 0.0000000000
59716  -44.267  -47.789  59.589 0.0000000000
59763  -48.209  -47.675  56.452 0.0000000000
59772  -49.312  -47.270  55.374 0.0000000000
59781  -49.746  -46.974  54.818 0.0000000000
60630  -38.949  -46.670  61.595 0.0000000000
60691  -50.173  -46.715  54.167 0.0000000000
64854  -53.438  -41.799  49.507 0.0000000000
64874  -54.094  -41.866  48.899 0.0000000000
64898  -53.887  -42.113  48.385 0.0000000000
65926  -52.067  -41.909  50.283 0.0000000000
65927  -52.632  -41.717  50.031 0.0000000000
65959  -54.357  -41.727  47.680 0.0000000000
66895  -52.848  -41.076  49.831 0.0000000000
66904  -53.563  -40.663  49.206 0.0000000000
66914  -54.650  -40.603  48.398 0.0000000000
66915  -55.067  -40.183  47.791 0.0000000000
66932  -54.687  -40.774  45.252 0.0000000000
66933  -55.879  -40.443  46.336 0.0000000000
67901  -54.099  -40.030  48.635 0.0000000000
67932  -56.553  -39.149  45.267 0.0000000000
68932  -51.551  -38.924  46.096 0.0000000000
70900  -56.930  -36.327  44.802 0.0000000000
71907  -56.689  -35.734  44.958 0.0000000000
74803  -56.704  -32.108  45.246 0.0000000000
74804  -56.869  -32.423  45.357 0.0000000000
129395  -16.142  -68.122  70.080 0.0000000000
131490  -29.724  -66.137  65.889 0.0000000000
140168  -55.660  -39.059  46.895 0.0000000000
142206  -15.734  -69.181  69.803 0.0000000000
143871  -53.632  -41.390  49.329 0.0000000000
144861  -47.063  -52.125  56.758 0.0000000000
146786  -15.772  -70.233  68.852 0.0000000000
147096  -34.189  -63.540  65.408 0.0000000000
147598  -55.539  -39.743  47.297 0.0000000000
147715  -46.592  -51.562  58.214 0.0000000000
151328  -22.632  -68.771  67.563 0.0000000000
