#!ascii label  , from subject sub-v2s3x28753_ses-1 vox2ras=TkReg
1931
134408  -46.196  -24.635  52.442 0.0000000000
55366  -34.376  -28.797  66.160 0.0000000000
63210  -41.904  -22.832  40.557 0.0000000000
121855  -39.375  -29.577  43.652 0.0000000000
57816  -52.848  -27.753  45.882 0.0000000000
60814  -39.957  -24.920  61.353 0.0000000000
138269  -36.100  -35.558  61.263 0.0000000000
54485  -34.624  -29.965  51.570 0.0000000000
121864  -24.209  -27.960  64.023 0.0000000000
71077  -54.202  -13.743  42.608 0.0000000000
51450  -29.953  -33.240  57.188 0.0000000000
57790  -43.419  -27.615  48.535 0.0000000000
55701  -45.340  -29.825  44.441 0.0000000000
55602  -49.015  -29.451  50.814 0.0000000000
124601  -42.397  -22.930  56.725 0.0000000000
55540  -40.918  -29.443  56.412 0.0000000000
56625  -40.261  -28.051  51.974 0.0000000000
56700  -36.601  -28.964  47.358 0.0000000000
69033  -57.203  -16.321  39.887 0.0000000000
129387  -29.300  -27.772  65.640 0.0000000000
55488  -27.475  -29.747  59.345 0.0000000000
55473  -32.923  -29.849  60.506 0.0000000000
58912  -46.547  -26.510  43.284 0.0000000000
58675  -38.810  -27.002  64.114 0.0000000000
55478  -38.263  -30.002  60.537 0.0000000000
52355  -42.320  -31.935  60.674 0.0000000000
52395  -34.793  -32.660  56.332 0.0000000000
59747  -20.938  -25.129  63.679 0.0000000000
63134  -48.589  -22.180  48.862 0.0000000000
63179  -46.986  -22.464  44.647 0.0000000000
67997  -52.844  -17.468  44.941 0.0000000000
132699  -47.169  -18.270  40.915 0.0000000000
69063  -48.517  -16.514  37.377 0.0000000000
55506  -23.350  -29.249  58.175 0.0000000000
51410  -33.939  -33.553  61.248 0.0000000000
56628  -44.616  -28.130  52.296 0.0000000000
56674  -46.675  -28.490  49.710 0.0000000000
57741  -47.314  -27.962  53.620 0.0000000000
63050  -44.073  -22.713  54.410 0.0000000000
58814  -41.947  -25.492  54.103 0.0000000000
59893  -43.226  -25.599  52.201 0.0000000000
56655  -42.306  -28.617  50.905 0.0000000000
61068  -41.687  -23.916  35.892 0.0000000000
65156  -41.519  -20.814  36.728 0.0000000000
126766  -31.696  -28.659  66.072 0.0000000000
126653  -30.532  -29.091  63.120 0.0000000000
55408  -33.702  -28.743  63.865 0.0000000000
55757  -39.618  -30.433  41.979 0.0000000000
55704  -48.943  -29.310  44.944 0.0000000000
56790  -46.578  -28.646  42.534 0.0000000000
121849  -50.931  -27.587  42.624 0.0000000000
59973  -50.200  -25.569  40.655 0.0000000000
57841  -49.251  -27.246  44.579 0.0000000000
59753  -39.693  -26.056  62.962 0.0000000000
141505  -41.309  -28.648  63.263 0.0000000000
56539  -43.087  -28.187  60.980 0.0000000000
54467  -37.483  -30.199  53.992 0.0000000000
54432  -38.318  -30.892  56.440 0.0000000000
53399  -35.164  -30.933  54.175 0.0000000000
57822  -37.976  -27.421  45.136 0.0000000000
63155  -47.965  -22.733  46.661 0.0000000000
67024  -51.766  -18.790  42.488 0.0000000000
70066  -50.995  -15.533  42.151 0.0000000000
128222  -47.960  -16.069  39.770 0.0000000000
70086  -51.540  -15.090  40.237 0.0000000000
70136  -53.711  -15.937  36.135 0.0000000000
124645  -22.730  -26.210  63.999 0.0000000000
57652  -22.408  -27.682  60.899 0.0000000000
55448  -24.082  -28.912  61.042 0.0000000000
54411  -29.789  -30.730  56.933 0.0000000000
54442  -27.606  -30.526  55.265 0.0000000000
51469  -27.414  -32.945  55.657 0.0000000000
52338  -38.402  -33.650  61.429 0.0000000000
52366  -36.553  -32.017  59.765 0.0000000000
51362  -35.079  -34.429  63.375 0.0000000000
128942  -41.628  -27.513  46.048 0.0000000000
54538  -41.913  -30.580  44.172 0.0000000000
56723  -44.646  -29.167  46.632 0.0000000000
55651  -48.150  -29.789  47.544 0.0000000000
137578  -51.337  -29.633  48.285 0.0000000000
60834  -40.731  -24.170  58.703 0.0000000000
57667  -42.966  -27.829  58.881 0.0000000000
58791  -41.755  -26.101  56.743 0.0000000000
144486  -40.348  -28.077  54.320 0.0000000000
55579  -37.781  -29.549  51.214 0.0000000000
124467  -35.325  -29.466  49.334 0.0000000000
55615  -39.295  -29.316  49.498 0.0000000000
56704  -40.298  -28.231  47.746 0.0000000000
71103  -55.765  -14.611  41.215 0.0000000000
73188  -57.258  -12.370  39.765 0.0000000000
56503  -26.369  -27.792  64.542 0.0000000000
55451  -26.149  -28.853  61.559 0.0000000000
121907  -28.821  -29.143  62.440 0.0000000000
121358  -29.831  -30.243  60.204 0.0000000000
53343  -31.841  -31.107  57.662 0.0000000000
56787  -42.604  -28.466  42.253 0.0000000000
59983  -47.296  -24.527  39.952 0.0000000000
59960  -43.500  -25.236  42.199 0.0000000000
56482  -37.082  -28.147  65.900 0.0000000000
54335  -36.065  -29.145  64.107 0.0000000000
55412  -38.973  -29.439  63.984 0.0000000000
127898  -40.585  -31.257  61.318 0.0000000000
50304  -39.474  -34.359  60.953 0.0000000000
54398  -42.320  -30.849  58.433 0.0000000000
52374  -38.913  -32.771  58.564 0.0000000000
50327  -36.206  -34.575  57.935 0.0000000000
133597  -48.277  -22.978  53.359 0.0000000000
58641  -34.975  -26.380  66.876 0.0000000000
60771  -38.184  -24.460  64.497 0.0000000000
61890  -39.247  -23.418  62.510 0.0000000000
136135  -49.749  -27.214  54.090 0.0000000000
56632  -51.969  -28.574  52.622 0.0000000000
57777  -50.177  -28.174  50.541 0.0000000000
63105  -50.053  -22.139  50.801 0.0000000000
57782  -47.966  -27.213  49.145 0.0000000000
59936  -45.944  -25.312  48.471 0.0000000000
62109  -44.531  -23.970  46.250 0.0000000000
126537  -43.628  -22.548  43.492 0.0000000000
64168  -52.157  -21.214  43.877 0.0000000000
65109  -48.124  -20.833  42.210 0.0000000000
65136  -44.366  -20.292  40.444 0.0000000000
137506  -44.685  -18.489  38.113 0.0000000000
144340  -52.816  -16.385  38.647 0.0000000000
144409  -20.315  -28.100  61.913 0.0000000000
53392  -22.635  -31.698  53.590 0.0000000000
55522  -25.426  -29.581  57.763 0.0000000000
54463  -25.162  -30.762  53.590 0.0000000000
55476  -35.275  -29.341  60.277 0.0000000000
53346  -34.398  -31.327  58.608 0.0000000000
51425  -32.144  -33.547  58.803 0.0000000000
51371  -30.694  -33.291  63.078 0.0000000000
130678  -45.525  -26.421  52.504 0.0000000000
56616  -46.014  -28.088  53.188 0.0000000000
59896  -46.539  -26.170  52.787 0.0000000000
140775  -44.878  -23.262  52.931 0.0000000000
60907  -43.389  -23.982  53.468 0.0000000000
59894  -44.797  -25.447  52.134 0.0000000000
127229  -43.796  -27.810  52.095 0.0000000000
62160  -42.324  -23.651  39.555 0.0000000000
62165  -41.633  -23.145  38.192 0.0000000000
63237  -41.349  -22.408  36.787 0.0000000000
64210  -41.503  -21.720  38.330 0.0000000000
127332  -32.927  -28.763  66.531 0.0000000000
129964  -32.883  -28.823  65.366 0.0000000000
122365  -34.249  -28.987  65.246 0.0000000000
54571  -37.961  -31.023  42.624 0.0000000000
53470  -39.184  -31.277  42.830 0.0000000000
126888  -51.352  -28.651  45.054 0.0000000000
56753  -49.847  -28.769  44.020 0.0000000000
57844  -52.030  -28.046  44.423 0.0000000000
57857  -51.327  -27.539  43.719 0.0000000000
130524  -50.041  -27.618  45.894 0.0000000000
59766  -40.334  -26.021  61.991 0.0000000000
57635  -41.678  -27.480  62.386 0.0000000000
58719  -41.751  -27.130  61.614 0.0000000000
121465  -36.471  -30.144  53.023 0.0000000000
54455  -36.096  -30.678  54.312 0.0000000000
54464  -34.979  -30.607  53.272 0.0000000000
53397  -33.626  -31.368  53.319 0.0000000000
57855  -38.177  -27.822  43.713 0.0000000000
56765  -36.734  -27.983  42.878 0.0000000000
56785  -37.028  -29.095  42.506 0.0000000000
69003  -52.758  -16.501  43.480 0.0000000000
71076  -53.216  -14.188  42.409 0.0000000000
70076  -51.262  -14.870  41.641 0.0000000000
71088  -52.696  -14.228  41.363 0.0000000000
58670  -23.223  -27.019  64.492 0.0000000000
57624  -23.405  -27.807  63.103 0.0000000000
143870  -23.913  -28.127  63.477 0.0000000000
52393  -29.718  -32.207  56.212 0.0000000000
53367  -29.163  -31.563  55.848 0.0000000000
51463  -28.429  -32.986  56.434 0.0000000000
51461  -27.281  -33.865  56.880 0.0000000000
51449  -27.874  -33.841  58.008 0.0000000000
49176  -36.946  -34.978  61.764 0.0000000000
51391  -36.627  -34.149  61.997 0.0000000000
49174  -35.855  -35.225  62.434 0.0000000000
57799  -42.552  -27.514  47.210 0.0000000000
56721  -42.977  -28.432  45.922 0.0000000000
57801  -44.228  -27.763  47.889 0.0000000000
55601  -48.196  -29.129  50.376 0.0000000000
56689  -46.894  -29.087  48.390 0.0000000000
134015  -48.636  -29.577  48.882 0.0000000000
55652  -49.222  -29.804  47.808 0.0000000000
55619  -50.193  -29.806  49.523 0.0000000000
60844  -41.676  -23.564  57.504 0.0000000000
59826  -41.461  -25.914  57.463 0.0000000000
59836  -41.682  -25.057  56.535 0.0000000000
126641  -40.995  -26.985  52.635 0.0000000000
57721  -41.208  -26.867  54.632 0.0000000000
56615  -40.094  -27.907  52.745 0.0000000000
142683  -39.200  -29.017  52.688 0.0000000000
55581  -39.288  -29.167  51.215 0.0000000000
55599  -38.149  -29.508  50.472 0.0000000000
55582  -40.116  -28.890  50.755 0.0000000000
56670  -42.439  -28.436  50.127 0.0000000000
133002  -41.036  -28.389  48.881 0.0000000000
56685  -41.753  -27.953  48.618 0.0000000000
57810  -40.949  -27.486  46.495 0.0000000000
143209  -27.793  -27.750  65.055 0.0000000000
120978  -27.809  -28.287  63.666 0.0000000000
56521  -28.667  -28.486  63.740 0.0000000000
139435  -31.698  -29.461  62.137 0.0000000000
55453  -30.367  -29.924  61.489 0.0000000000
55472  -31.302  -30.172  60.505 0.0000000000
54377  -31.009  -30.411  58.951 0.0000000000
54378  -31.998  -30.476  58.830 0.0000000000
54540  -43.768  -30.348  44.721 0.0000000000
55717  -42.260  -30.268  43.589 0.0000000000
56768  -43.940  -29.349  43.500 0.0000000000
121085  -46.336  -28.479  40.905 0.0000000000
56808  -45.341  -28.328  41.164 0.0000000000
56842  -45.150  -28.486  39.750 0.0000000000
58927  -48.147  -26.157  42.374 0.0000000000
59971  -47.972  -24.913  40.699 0.0000000000
135298  -46.804  -25.318  41.563 0.0000000000
59982  -45.338  -24.734  40.730 0.0000000000
58924  -44.820  -26.209  43.244 0.0000000000
57599  -38.048  -27.645  65.319 0.0000000000
139300  -37.946  -28.893  65.284 0.0000000000
55396  -39.383  -28.625  64.711 0.0000000000
54357  -41.873  -30.504  61.422 0.0000000000
54345  -40.852  -30.099  62.411 0.0000000000
52341  -41.334  -32.430  61.308 0.0000000000
51394  -39.938  -33.641  61.476 0.0000000000
51415  -41.184  -33.333  60.854 0.0000000000
56570  -42.904  -28.737  57.567 0.0000000000
56565  -43.455  -28.897  59.012 0.0000000000
55525  -42.017  -29.684  57.319 0.0000000000
53370  -36.974  -31.644  56.680 0.0000000000
53359  -38.201  -31.783  57.400 0.0000000000
52384  -36.717  -32.718  57.631 0.0000000000
51442  -37.450  -34.033  58.578 0.0000000000
55647  -36.460  -29.339  48.070 0.0000000000
61869  -38.473  -23.546  63.695 0.0000000000
62969  -41.833  -22.188  59.899 0.0000000000
59878  -48.892  -25.087  53.564 0.0000000000
137691  -52.242  -25.704  53.532 0.0000000000
59910  -52.187  -26.100  52.390 0.0000000000
56646  -52.008  -28.835  51.283 0.0000000000
59908  -51.202  -25.873  51.678 0.0000000000
63104  -49.021  -22.393  50.552 0.0000000000
126461  -49.161  -23.810  51.117 0.0000000000
62058  -47.793  -23.604  50.387 0.0000000000
58876  -46.907  -26.130  49.224 0.0000000000
62077  -46.648  -23.742  49.464 0.0000000000
128978  -47.561  -22.830  46.001 0.0000000000
62111  -45.854  -23.155  47.078 0.0000000000
63166  -45.422  -22.839  45.405 0.0000000000
62131  -43.948  -23.431  44.811 0.0000000000
63191  -45.562  -22.106  43.774 0.0000000000
65091  -53.078  -20.189  44.150 0.0000000000
127803  -49.563  -18.321  41.946 0.0000000000
66050  -49.316  -19.941  41.997 0.0000000000
66049  -48.352  -19.613  41.655 0.0000000000
65107  -46.297  -20.688  41.844 0.0000000000
66063  -46.017  -19.597  40.758 0.0000000000
66078  -44.470  -19.384  39.320 0.0000000000
67055  -45.530  -18.388  39.377 0.0000000000
69046  -47.939  -16.384  38.737 0.0000000000
68073  -46.562  -17.064  37.826 0.0000000000
68090  -47.012  -16.901  36.649 0.0000000000
70089  -56.729  -15.847  40.871 0.0000000000
70087  -54.024  -14.921  40.198 0.0000000000
69052  -54.790  -16.554  38.699 0.0000000000
55485  -22.804  -28.529  59.332 0.0000000000
55484  -21.357  -28.907  58.998 0.0000000000
55518  -21.765  -29.409  57.423 0.0000000000
54437  -21.431  -30.815  55.645 0.0000000000
54424  -22.388  -30.274  55.601 0.0000000000
121091  -26.869  -29.468  60.569 0.0000000000
55487  -25.579  -29.480  59.932 0.0000000000
55509  -26.939  -29.680  58.756 0.0000000000
54453  -26.479  -30.594  54.377 0.0000000000
48082  -26.910  -36.245  54.007 0.0000000000
120921  -37.421  -29.159  62.446 0.0000000000
55434  -35.966  -28.748  62.395 0.0000000000
136534  -36.914  -29.246  60.758 0.0000000000
135903  -34.661  -33.456  60.547 0.0000000000
53331  -35.214  -31.305  58.957 0.0000000000
52363  -34.038  -32.842  59.047 0.0000000000
51440  -33.426  -32.904  58.703 0.0000000000
128259  -32.693  -33.539  59.617 0.0000000000
130385  -29.653  -33.583  61.203 0.0000000000
56657  -44.251  -28.432  50.922 0.0000000000
56672  -45.197  -27.890  49.145 0.0000000000
124953  -45.876  -28.518  51.362 0.0000000000
139392  -46.587  -28.640  51.486 0.0000000000
55566  -47.999  -29.107  52.632 0.0000000000
61982  -43.110  -22.844  55.574 0.0000000000
60870  -42.132  -24.276  55.966 0.0000000000
60885  -43.003  -23.784  54.426 0.0000000000
140652  -42.619  -25.436  52.706 0.0000000000
57754  -42.069  -26.944  51.915 0.0000000000
56639  -41.464  -28.552  51.088 0.0000000000
57768  -42.252  -27.953  51.611 0.0000000000
122151  -43.634  -28.444  51.359 0.0000000000
65170  -41.913  -20.214  35.108 0.0000000000
56492  -30.445  -28.039  66.013 0.0000000000
55388  -30.302  -28.701  64.375 0.0000000000
55389  -31.178  -28.764  64.457 0.0000000000
55407  -32.124  -28.841  63.911 0.0000000000
55432  -33.245  -29.047  62.023 0.0000000000
126581  -46.928  -29.665  45.057 0.0000000000
55720  -45.567  -29.271  43.790 0.0000000000
56772  -48.112  -28.688  43.311 0.0000000000
56792  -48.914  -28.503  42.435 0.0000000000
142345  -48.755  -28.060  41.085 0.0000000000
120980  -49.992  -27.109  39.899 0.0000000000
58930  -50.504  -26.461  41.371 0.0000000000
58914  -50.107  -26.767  42.782 0.0000000000
58894  -47.226  -27.168  44.971 0.0000000000
58676  -39.557  -27.033  63.637 0.0000000000
57616  -40.600  -27.966  64.149 0.0000000000
57625  -40.832  -27.626  63.438 0.0000000000
56530  -42.386  -28.093  62.237 0.0000000000
54359  -42.805  -29.786  60.636 0.0000000000
55548  -39.334  -29.606  55.150 0.0000000000
54434  -40.175  -29.996  56.483 0.0000000000
137712  -38.194  -30.314  55.183 0.0000000000
53378  -36.291  -31.239  55.509 0.0000000000
52407  -35.412  -31.788  55.763 0.0000000000
52405  -33.742  -32.680  55.222 0.0000000000
52415  -33.455  -32.357  54.478 0.0000000000
56734  -36.788  -28.015  46.006 0.0000000000
57834  -35.588  -27.687  44.375 0.0000000000
64128  -49.990  -21.456  47.660 0.0000000000
63133  -47.725  -22.622  48.573 0.0000000000
125709  -49.327  -22.194  46.958 0.0000000000
63169  -49.376  -22.850  45.580 0.0000000000
63181  -49.479  -22.711  44.854 0.0000000000
129253  -53.336  -16.097  45.421 0.0000000000
67006  -53.538  -19.222  43.854 0.0000000000
68993  -53.446  -17.389  43.933 0.0000000000
68021  -51.061  -17.819  42.476 0.0000000000
68032  -49.093  -17.299  41.640 0.0000000000
68039  -47.335  -17.243  40.667 0.0000000000
70074  -48.923  -15.802  40.936 0.0000000000
70083  -49.448  -15.446  40.577 0.0000000000
142456  -50.345  -15.888  39.229 0.0000000000
125216  -57.501  -16.663  38.520 0.0000000000
69070  -55.349  -16.481  37.999 0.0000000000
70138  -55.433  -15.722  36.365 0.0000000000
60788  -21.820  -24.721  63.918 0.0000000000
58696  -21.632  -25.955  62.215 0.0000000000
57633  -22.698  -27.028  62.438 0.0000000000
56535  -23.233  -28.131  61.334 0.0000000000
137866  -23.512  -28.937  59.462 0.0000000000
54392  -28.856  -30.051  58.214 0.0000000000
54409  -27.653  -29.743  57.043 0.0000000000
54430  -28.439  -30.834  55.653 0.0000000000
52404  -27.579  -32.080  55.140 0.0000000000
129108  -26.728  -33.685  55.155 0.0000000000
49251  -26.748  -35.147  55.330 0.0000000000
50333  -26.990  -34.381  56.589 0.0000000000
130896  -38.582  -31.608  60.518 0.0000000000
53332  -37.068  -31.179  59.684 0.0000000000
52352  -37.014  -32.834  60.402 0.0000000000
51390  -35.892  -33.834  62.036 0.0000000000
51389  -34.346  -33.666  62.605 0.0000000000
56749  -39.935  -28.800  44.153 0.0000000000
55699  -40.844  -30.385  44.165 0.0000000000
56736  -41.878  -28.794  45.058 0.0000000000
55662  -43.707  -29.962  45.581 0.0000000000
54526  -45.045  -30.325  45.713 0.0000000000
56688  -45.991  -28.469  48.473 0.0000000000
55649  -45.956  -29.545  47.050 0.0000000000
55683  -46.865  -30.143  45.999 0.0000000000
138137  -48.679  -29.645  46.079 0.0000000000
55667  -49.858  -29.551  46.366 0.0000000000
55669  -52.643  -28.608  46.740 0.0000000000
60833  -40.413  -24.592  59.508 0.0000000000
124094  -41.226  -26.828  59.882 0.0000000000
58746  -41.517  -26.820  58.895 0.0000000000
145558  -42.348  -27.291  57.889 0.0000000000
56590  -42.077  -27.510  56.590 0.0000000000
58803  -41.768  -25.949  55.901 0.0000000000
57709  -41.651  -26.708  55.761 0.0000000000
56588  -40.337  -28.632  55.006 0.0000000000
56600  -39.285  -29.139  53.951 0.0000000000
121407  -37.766  -29.679  52.338 0.0000000000
55578  -36.169  -29.670  51.572 0.0000000000
55576  -34.975  -29.604  50.808 0.0000000000
55597  -36.515  -29.520  50.209 0.0000000000
55613  -37.772  -29.506  49.391 0.0000000000
55631  -38.109  -29.392  48.595 0.0000000000
56653  -40.829  -28.835  50.119 0.0000000000
55633  -39.537  -29.144  48.766 0.0000000000
56702  -38.842  -28.633  47.470 0.0000000000
137674  -39.349  -27.470  46.051 0.0000000000
57823  -39.822  -27.425  45.436 0.0000000000
72145  -54.726  -13.630  41.992 0.0000000000
72147  -56.285  -13.056  41.668 0.0000000000
72161  -56.593  -13.637  40.957 0.0000000000
71114  -57.515  -15.274  40.007 0.0000000000
71125  -58.222  -15.205  39.152 0.0000000000
69056  -59.129  -15.784  38.198 0.0000000000
56502  -25.568  -27.724  64.632 0.0000000000
120602  -24.950  -28.379  63.191 0.0000000000
56529  -26.277  -28.436  62.943 0.0000000000
120694  -26.690  -28.716  62.127 0.0000000000
121095  -27.810  -29.590  60.933 0.0000000000
55428  -29.681  -29.092  62.902 0.0000000000
121093  -29.643  -30.022  61.068 0.0000000000
143592  -28.630  -30.048  59.787 0.0000000000
55511  -29.450  -30.219  58.799 0.0000000000
54412  -30.439  -30.726  57.513 0.0000000000
52381  -31.060  -32.493  56.907 0.0000000000
54574  -40.813  -30.760  43.378 0.0000000000
55759  -41.205  -29.170  42.283 0.0000000000
56788  -44.316  -28.387  42.225 0.0000000000
61029  -43.888  -24.416  39.924 0.0000000000
61017  -42.600  -23.987  41.109 0.0000000000
56480  -35.522  -28.389  66.311 0.0000000000
54320  -35.384  -29.077  65.221 0.0000000000
54322  -36.665  -29.217  65.083 0.0000000000
54337  -37.485  -29.573  63.690 0.0000000000
55437  -38.299  -29.504  62.147 0.0000000000
55414  -40.617  -29.044  63.712 0.0000000000
143161  -40.062  -30.102  62.482 0.0000000000
54368  -38.910  -30.289  60.852 0.0000000000
140853  -39.223  -32.532  60.955 0.0000000000
51393  -39.269  -33.923  61.574 0.0000000000
49198  -37.471  -35.239  60.603 0.0000000000
57653  -42.872  -27.714  60.390 0.0000000000
54383  -43.257  -30.146  59.762 0.0000000000
138933  -42.373  -31.794  59.600 0.0000000000
142045  -39.425  -31.012  57.214 0.0000000000
53349  -40.421  -31.823  58.376 0.0000000000
145871  -41.043  -33.018  59.625 0.0000000000
51429  -38.991  -33.968  59.415 0.0000000000
50318  -37.591  -34.613  59.044 0.0000000000
55609  -33.597  -29.637  49.112 0.0000000000
62030  -46.442  -23.098  52.886 0.0000000000
60933  -47.613  -24.272  52.847 0.0000000000
60789  -22.272  -24.762  64.477 0.0000000000
57594  -24.390  -27.046  65.567 0.0000000000
120479  -26.068  -27.257  66.096 0.0000000000
57608  -26.962  -27.488  66.121 0.0000000000
56465  -30.521  -27.924  67.347 0.0000000000
56466  -31.898  -28.437  67.573 0.0000000000
124145  -33.711  -28.485  67.237 0.0000000000
57586  -34.488  -27.949  67.352 0.0000000000
133159  -35.515  -27.324  66.454 0.0000000000
58651  -36.834  -26.520  65.566 0.0000000000
59730  -37.839  -25.833  64.803 0.0000000000
60770  -37.810  -24.574  65.022 0.0000000000
138071  -38.166  -25.107  64.702 0.0000000000
59752  -39.036  -25.416  63.486 0.0000000000
60805  -39.322  -24.539  62.666 0.0000000000
61891  -39.652  -23.891  61.700 0.0000000000
122503  -40.057  -23.910  60.721 0.0000000000
61923  -40.765  -23.593  59.488 0.0000000000
61924  -41.487  -23.068  58.912 0.0000000000
63051  -44.848  -22.197  54.247 0.0000000000
59877  -47.999  -25.145  53.148 0.0000000000
141389  -48.580  -27.676  53.875 0.0000000000
139955  -49.653  -29.413  53.309 0.0000000000
60888  -51.468  -24.785  54.021 0.0000000000
56607  -51.361  -28.479  53.855 0.0000000000
121393  -50.876  -29.529  52.066 0.0000000000
55604  -51.936  -29.397  50.475 0.0000000000
56678  -53.283  -28.997  49.348 0.0000000000
56692  -50.712  -28.436  48.518 0.0000000000
59907  -50.260  -25.334  51.414 0.0000000000
57776  -49.079  -27.359  50.409 0.0000000000
56691  -49.780  -28.284  47.913 0.0000000000
136305  -48.323  -27.687  47.216 0.0000000000
58890  -46.956  -27.142  46.144 0.0000000000
58893  -46.189  -26.767  45.624 0.0000000000
62100  -46.011  -23.308  47.927 0.0000000000
59939  -44.882  -24.927  46.984 0.0000000000
58897  -44.599  -26.091  45.066 0.0000000000
59949  -43.484  -25.075  44.106 0.0000000000
129967  -43.044  -23.845  43.194 0.0000000000
63203  -42.762  -22.729  42.441 0.0000000000
64153  -50.881  -21.737  44.091 0.0000000000
136943  -50.061  -22.046  43.561 0.0000000000
65113  -52.253  -20.730  43.030 0.0000000000
65111  -50.065  -21.175  42.655 0.0000000000
64164  -48.117  -21.858  43.279 0.0000000000
64162  -45.783  -21.621  43.012 0.0000000000
64192  -44.608  -21.163  41.902 0.0000000000
64197  -42.297  -21.611  40.508 0.0000000000
65143  -42.468  -20.702  39.204 0.0000000000
66099  -42.619  -19.754  37.449 0.0000000000
66105  -43.015  -19.057  36.135 0.0000000000
68048  -45.943  -17.646  39.068 0.0000000000
67093  -45.160  -17.850  36.750 0.0000000000
67106  -43.760  -18.613  34.753 0.0000000000
71101  -53.341  -14.230  40.765 0.0000000000
69028  -51.835  -16.066  39.193 0.0000000000
124960  -50.915  -16.536  37.850 0.0000000000
69068  -53.455  -16.482  37.614 0.0000000000
69066  -51.606  -16.555  37.343 0.0000000000
69086  -49.665  -16.545  36.682 0.0000000000
57643  -21.125  -27.243  61.530 0.0000000000
55449  -24.577  -28.808  61.514 0.0000000000
55486  -24.918  -29.346  60.026 0.0000000000
121985  -24.140  -29.486  58.384 0.0000000000
143959  -26.163  -29.611  56.685 0.0000000000
55547  -25.113  -29.699  55.754 0.0000000000
54426  -24.064  -29.726  55.964 0.0000000000
53393  -23.587  -31.432  53.056 0.0000000000
55393  -35.263  -28.904  64.192 0.0000000000
121293  -34.233  -28.912  61.780 0.0000000000
55474  -33.807  -29.622  60.283 0.0000000000
55497  -35.995  -30.253  59.479 0.0000000000
137921  -34.877  -30.226  59.241 0.0000000000
54379  -33.422  -30.390  58.879 0.0000000000
126290  -32.947  -31.358  57.908 0.0000000000
52382  -31.808  -32.454  57.436 0.0000000000
51437  -30.606  -33.388  57.733 0.0000000000
50275  -34.246  -34.661  63.980 0.0000000000
51374  -33.790  -33.745  63.691 0.0000000000
122091  -32.474  -33.428  61.881 0.0000000000
51407  -31.325  -33.565  60.432 0.0000000000
51406  -30.302  -33.610  60.275 0.0000000000
51422  -29.040  -33.698  59.187 0.0000000000
59895  -45.791  -25.409  52.415 0.0000000000
58845  -46.151  -27.272  52.933 0.0000000000
144209  -46.407  -25.326  52.587 0.0000000000
62029  -45.711  -23.642  52.545 0.0000000000
62028  -44.718  -23.910  52.520 0.0000000000
60931  -45.307  -24.555  52.272 0.0000000000
62166  -42.200  -23.627  38.523 0.0000000000
62159  -41.718  -23.143  39.147 0.0000000000
63223  -41.508  -22.498  38.770 0.0000000000
63217  -41.651  -22.615  39.681 0.0000000000
55365  -33.609  -28.822  66.291 0.0000000000
55377  -33.575  -28.900  65.631 0.0000000000
121281  -34.118  -28.901  65.805 0.0000000000
138505  -38.502  -30.925  42.991 0.0000000000
53484  -38.617  -31.271  42.620 0.0000000000
54552  -39.069  -31.176  43.122 0.0000000000
56739  -52.940  -28.146  45.090 0.0000000000
55706  -52.147  -28.051  44.498 0.0000000000
56754  -52.716  -28.020  44.882 0.0000000000
127230  -51.423  -27.609  44.601 0.0000000000
57815  -51.388  -27.876  46.208 0.0000000000
59776  -41.059  -26.523  61.676 0.0000000000
59789  -40.380  -25.887  61.096 0.0000000000
54486  -35.492  -29.931  52.031 0.0000000000
54474  -35.660  -30.237  52.780 0.0000000000
56767  -38.524  -29.002  43.388 0.0000000000
56766  -37.654  -28.432  43.053 0.0000000000
55737  -37.995  -29.925  42.836 0.0000000000
71078  -54.613  -13.709  43.655 0.0000000000
71067  -53.555  -14.759  43.571 0.0000000000
57614  -23.898  -27.409  64.694 0.0000000000
56517  -24.381  -28.281  63.322 0.0000000000
52380  -30.252  -32.696  56.698 0.0000000000
52379  -29.409  -32.819  56.530 0.0000000000
121148  -28.753  -33.376  57.412 0.0000000000
49187  -36.518  -35.284  61.732 0.0000000000
49175  -36.457  -35.081  62.122 0.0000000000
49186  -35.867  -35.468  61.992 0.0000000000
57800  -43.390  -27.621  47.546 0.0000000000
57781  -44.306  -27.707  48.873 0.0000000000
55617  -48.098  -29.264  49.397 0.0000000000
55618  -49.065  -29.611  49.689 0.0000000000
55638  -49.520  -29.795  48.717 0.0000000000
55603  -49.868  -29.680  50.265 0.0000000000
129004  -42.169  -22.895  57.378 0.0000000000
60853  -41.777  -23.814  57.014 0.0000000000
60860  -41.920  -24.053  56.516 0.0000000000
57752  -40.646  -27.481  52.311 0.0000000000
57739  -40.528  -27.344  53.103 0.0000000000
56624  -39.665  -28.517  52.365 0.0000000000
56637  -39.835  -28.662  51.604 0.0000000000
56638  -40.597  -28.484  51.334 0.0000000000
56671  -43.383  -27.964  49.600 0.0000000000
56686  -42.524  -27.901  49.130 0.0000000000
57789  -42.573  -27.577  48.145 0.0000000000
56490  -28.541  -27.719  65.476 0.0000000000
56505  -28.376  -28.017  64.495 0.0000000000
56506  -29.210  -28.380  64.321 0.0000000000
121357  -31.912  -29.819  61.242 0.0000000000
125513  -32.071  -30.074  60.281 0.0000000000
55492  -31.612  -30.267  59.670 0.0000000000
55493  -32.630  -30.221  59.477 0.0000000000
55700  -44.514  -30.218  44.603 0.0000000000
128586  -43.881  -29.999  44.101 0.0000000000
55719  -44.721  -29.456  43.817 0.0000000000
56826  -46.923  -28.527  40.296 0.0000000000
56825  -45.649  -28.458  40.372 0.0000000000
128951  -47.443  -26.467  43.016 0.0000000000
59962  -47.973  -25.554  41.641 0.0000000000
58926  -46.937  -26.074  42.390 0.0000000000
144253  -46.025  -25.873  42.118 0.0000000000
58911  -45.604  -26.458  43.673 0.0000000000
132042  -38.488  -28.106  65.426 0.0000000000
57609  -38.811  -27.720  64.886 0.0000000000
120551  -42.117  -30.972  61.066 0.0000000000
53311  -41.776  -31.552  61.231 0.0000000000
52342  -41.886  -32.251  61.123 0.0000000000
51396  -41.354  -32.962  61.306 0.0000000000
52354  -41.814  -32.651  60.835 0.0000000000
55541  -42.309  -29.083  56.973 0.0000000000
55526  -42.698  -29.354  57.535 0.0000000000
144303  -41.603  -29.406  56.776 0.0000000000
52396  -35.620  -32.374  56.670 0.0000000000
52398  -37.031  -32.078  57.269 0.0000000000
52383  -35.898  -32.937  57.426 0.0000000000
51465  -35.145  -33.284  57.041 0.0000000000
56699  -35.832  -28.756  47.035 0.0000000000
59909  -51.818  -26.005  51.995 0.0000000000
63135  -49.431  -21.750  49.187 0.0000000000
64117  -50.324  -21.355  49.395 0.0000000000
63121  -48.682  -22.143  49.853 0.0000000000
63103  -48.111  -22.823  50.199 0.0000000000
62078  -47.307  -23.296  49.858 0.0000000000
63120  -47.842  -22.678  49.457 0.0000000000
63180  -47.886  -22.801  45.366 0.0000000000
63167  -46.561  -22.716  45.586 0.0000000000
122833  -46.002  -22.560  44.902 0.0000000000
63192  -46.550  -22.126  43.863 0.0000000000
68968  -51.403  -16.262  45.528 0.0000000000
68984  -52.078  -17.020  45.042 0.0000000000
122624  -51.972  -18.058  44.569 0.0000000000
125391  -53.011  -18.489  44.500 0.0000000000
67032  -48.078  -18.692  41.389 0.0000000000
67033  -49.017  -19.058  41.759 0.0000000000
66048  -47.416  -19.282  41.306 0.0000000000
66047  -46.753  -19.774  41.268 0.0000000000
66064  -46.616  -19.046  40.798 0.0000000000
67042  -45.884  -18.852  40.175 0.0000000000
67043  -46.485  -18.346  40.408 0.0000000000
121462  -48.664  -16.350  38.108 0.0000000000
125021  -47.889  -16.537  37.774 0.0000000000
69084  -47.877  -16.664  36.855 0.0000000000
69085  -48.798  -16.562  36.760 0.0000000000
70105  -56.749  -16.177  40.412 0.0000000000
69031  -55.309  -16.419  39.606 0.0000000000
69032  -56.309  -16.499  39.738 0.0000000000
128594  -20.439  -25.960  63.326 0.0000000000
55505  -23.074  -28.832  58.746 0.0000000000
127008  -22.454  -28.986  58.021 0.0000000000
55519  -22.749  -29.373  57.291 0.0000000000
55535  -22.562  -29.731  56.458 0.0000000000
55536  -23.243  -29.548  56.819 0.0000000000
142931  -27.555  -29.719  60.043 0.0000000000
137817  -26.833  -29.632  59.730 0.0000000000
49274  -26.633  -35.676  53.195 0.0000000000
55458  -37.617  -29.246  61.428 0.0000000000
121514  -36.775  -28.921  61.817 0.0000000000
54367  -37.709  -29.627  60.574 0.0000000000
51427  -34.377  -33.173  59.656 0.0000000000
138978  -33.946  -33.480  60.227 0.0000000000
51426  -33.535  -33.372  59.479 0.0000000000
51409  -33.248  -33.511  60.372 0.0000000000
56642  -44.308  -28.419  51.737 0.0000000000
56658  -45.082  -28.434  51.158 0.0000000000
56643  -45.164  -28.452  52.080 0.0000000000
57758  -46.457  -27.918  53.395 0.0000000000
56630  -46.396  -28.472  52.974 0.0000000000
56617  -46.847  -28.271  53.386 0.0000000000
56645  -47.067  -28.785  52.234 0.0000000000
56631  -47.323  -28.724  53.175 0.0000000000
60871  -42.691  -23.601  55.347 0.0000000000
59876  -43.099  -24.756  52.863 0.0000000000
58842  -42.499  -26.220  52.200 0.0000000000
57755  -42.889  -27.319  51.821 0.0000000000
57756  -44.506  -27.718  52.400 0.0000000000
56627  -43.513  -28.159  51.716 0.0000000000
61057  -42.395  -24.427  36.990 0.0000000000
64217  -41.425  -21.606  37.303 0.0000000000
65163  -41.839  -20.145  36.120 0.0000000000
55362  -31.100  -28.377  66.000 0.0000000000
55374  -30.585  -28.437  65.230 0.0000000000
55375  -31.465  -28.613  65.446 0.0000000000
127221  -32.992  -28.755  64.055 0.0000000000
121709  -32.869  -28.909  63.076 0.0000000000
55756  -38.861  -30.405  41.533 0.0000000000
138211  -47.902  -29.351  44.759 0.0000000000
55722  -47.432  -29.057  44.148 0.0000000000
56752  -48.550  -28.907  44.091 0.0000000000
56774  -50.804  -28.310  43.182 0.0000000000
56773  -49.452  -28.621  43.198 0.0000000000
56793  -50.260  -28.241  42.397 0.0000000000
121086  -48.273  -28.445  41.700 0.0000000000
120713  -49.598  -28.024  41.667 0.0000000000
57877  -50.325  -27.334  41.357 0.0000000000
56810  -50.492  -27.613  41.945 0.0000000000
57842  -50.527  -27.275  44.105 0.0000000000
58902  -50.738  -27.142  43.315 0.0000000000
58901  -49.601  -26.983  43.683 0.0000000000
58913  -48.570  -26.617  43.173 0.0000000000
58900  -48.315  -27.001  44.200 0.0000000000
59742  -39.502  -26.334  63.311 0.0000000000
131733  -40.283  -27.517  63.802 0.0000000000
58688  -40.242  -26.933  63.159 0.0000000000
57636  -42.305  -27.711  62.084 0.0000000000
57627  -41.942  -27.834  62.498 0.0000000000
55460  -42.792  -28.423  61.522 0.0000000000
125109  -42.641  -29.249  61.301 0.0000000000
55461  -43.083  -28.895  60.808 0.0000000000
54458  -38.265  -30.011  54.405 0.0000000000
54459  -38.761  -29.977  55.161 0.0000000000
54457  -37.593  -30.417  54.840 0.0000000000
53390  -36.375  -30.843  54.911 0.0000000000
53389  -35.706  -31.156  54.933 0.0000000000
53388  -34.897  -31.561  54.916 0.0000000000
52416  -34.127  -31.950  54.773 0.0000000000
53387  -33.842  -31.667  54.079 0.0000000000
57821  -37.135  -27.595  45.352 0.0000000000
145001  -36.536  -27.738  45.445 0.0000000000
57836  -37.222  -27.416  44.600 0.0000000000
64138  -49.687  -21.787  46.666 0.0000000000
130403  -50.019  -22.283  45.080 0.0000000000
63157  -49.589  -22.511  45.982 0.0000000000
63170  -49.802  -22.569  45.292 0.0000000000
64152  -50.100  -22.283  44.545 0.0000000000
70036  -54.041  -14.742  45.067 0.0000000000
71054  -53.528  -13.928  45.858 0.0000000000
143725  -53.908  -14.391  45.387 0.0000000000
70047  -53.713  -15.619  45.112 0.0000000000
68012  -53.517  -17.868  44.089 0.0000000000
68994  -53.517  -16.878  44.347 0.0000000000
69002  -51.788  -15.873  42.809 0.0000000000
135304  -52.135  -16.960  43.043 0.0000000000
128098  -51.103  -16.688  42.539 0.0000000000
139252  -50.036  -17.245  42.167 0.0000000000
69011  -50.165  -15.976  41.933 0.0000000000
69010  -49.359  -16.330  41.553 0.0000000000
71086  -50.900  -14.793  41.058 0.0000000000
70084  -50.128  -15.033  40.867 0.0000000000
70100  -50.181  -15.395  40.079 0.0000000000
70099  -49.460  -15.683  39.715 0.0000000000
70101  -51.170  -15.630  39.639 0.0000000000
129678  -57.053  -16.340  37.349 0.0000000000
69093  -55.913  -16.169  37.212 0.0000000000
59749  -22.254  -25.290  63.579 0.0000000000
58683  -22.476  -26.027  62.921 0.0000000000
122349  -23.737  -28.510  61.966 0.0000000000
57634  -23.272  -27.954  62.200 0.0000000000
56536  -23.844  -28.693  61.485 0.0000000000
56547  -23.436  -28.663  60.159 0.0000000000
54410  -29.071  -30.260  57.192 0.0000000000
126751  -28.447  -30.217  56.562 0.0000000000
54431  -29.173  -30.816  56.332 0.0000000000
52391  -28.068  -32.567  55.741 0.0000000000
139718  -28.398  -31.705  55.464 0.0000000000
52403  -26.990  -32.947  55.230 0.0000000000
50339  -26.759  -34.368  55.746 0.0000000000
134629  -27.046  -33.646  55.996 0.0000000000
138520  -27.466  -33.964  57.569 0.0000000000
50325  -27.245  -34.421  57.395 0.0000000000
52353  -38.022  -32.529  60.639 0.0000000000
51413  -37.400  -33.592  61.282 0.0000000000
51376  -35.843  -34.417  62.653 0.0000000000
127943  -34.966  -33.630  61.696 0.0000000000
124885  -35.229  -33.905  62.836 0.0000000000
56735  -41.145  -28.316  44.880 0.0000000000
56750  -40.702  -29.037  44.407 0.0000000000
57825  -42.216  -28.123  45.650 0.0000000000
56722  -43.792  -29.010  46.187 0.0000000000
56738  -43.239  -29.369  45.644 0.0000000000
55663  -44.450  -29.942  45.993 0.0000000000
56673  -45.963  -28.230  49.428 0.0000000000
140727  -46.605  -28.542  48.980 0.0000000000
55635  -47.198  -29.635  47.676 0.0000000000
56709  -46.395  -29.250  47.708 0.0000000000
55650  -46.641  -29.771  47.147 0.0000000000
55665  -46.323  -30.091  46.572 0.0000000000
55666  -47.271  -29.953  46.855 0.0000000000
55684  -47.702  -29.894  46.299 0.0000000000
144716  -48.098  -29.892  46.791 0.0000000000
122201  -50.291  -29.833  48.073 0.0000000000
55653  -50.053  -29.708  47.226 0.0000000000
55654  -51.333  -29.455  47.427 0.0000000000
55668  -51.193  -29.308  46.546 0.0000000000
55655  -52.389  -29.092  47.723 0.0000000000
59802  -40.454  -25.732  58.954 0.0000000000
141657  -40.916  -24.887  58.073 0.0000000000
128872  -41.611  -25.780  57.069 0.0000000000
58781  -41.935  -26.695  57.605 0.0000000000
122726  -42.237  -27.194  57.310 0.0000000000
59858  -42.355  -24.478  55.066 0.0000000000
59846  -41.846  -25.156  55.952 0.0000000000
120796  -41.969  -25.298  55.110 0.0000000000
57720  -40.634  -27.434  54.000 0.0000000000
56602  -40.784  -27.779  54.905 0.0000000000
125261  -41.452  -27.518  55.670 0.0000000000
55553  -39.646  -29.167  54.709 0.0000000000
56601  -39.848  -28.559  54.141 0.0000000000
55564  -38.601  -29.387  52.555 0.0000000000
55563  -36.978  -29.684  51.835 0.0000000000
120772  -36.817  -29.545  51.002 0.0000000000
125793  -38.688  -29.455  50.090 0.0000000000
142153  -38.122  -29.520  49.911 0.0000000000
55614  -38.491  -29.460  49.370 0.0000000000
143176  -37.387  -29.467  48.827 0.0000000000
120605  -40.923  -28.711  50.770 0.0000000000
56654  -41.599  -28.661  50.451 0.0000000000
56684  -40.282  -28.668  48.612 0.0000000000
56683  -39.508  -28.804  48.068 0.0000000000
56703  -39.608  -28.188  47.279 0.0000000000
56720  -39.006  -27.942  46.725 0.0000000000
57809  -40.148  -27.442  46.199 0.0000000000
57824  -40.803  -27.515  45.591 0.0000000000
57839  -40.325  -27.960  44.785 0.0000000000
73180  -56.639  -12.499  41.292 0.0000000000
142654  -56.890  -13.239  40.686 0.0000000000
72162  -57.010  -14.282  40.423 0.0000000000
133143  -57.227  -13.305  40.117 0.0000000000
72183  -57.708  -14.057  38.944 0.0000000000
145470  -58.407  -14.780  38.166 0.0000000000
70116  -58.755  -15.888  39.103 0.0000000000
71126  -59.088  -15.660  38.260 0.0000000000
123950  -25.754  -27.969  64.054 0.0000000000
56519  -26.352  -28.083  63.814 0.0000000000
55427  -28.225  -28.684  63.000 0.0000000000
55426  -27.298  -28.524  62.878 0.0000000000
55452  -27.777  -29.023  62.043 0.0000000000
141279  -30.639  -28.884  63.820 0.0000000000
55405  -30.039  -28.875  63.703 0.0000000000
55471  -30.475  -30.201  60.729 0.0000000000
55470  -28.876  -30.004  60.480 0.0000000000
55490  -29.253  -30.190  59.636 0.0000000000
55491  -30.073  -30.314  59.349 0.0000000000
54395  -31.578  -30.679  58.167 0.0000000000
145546  -30.897  -30.578  58.134 0.0000000000
54413  -31.217  -30.957  57.569 0.0000000000
53357  -30.906  -31.488  56.973 0.0000000000
127206  -31.544  -31.682  57.288 0.0000000000
127519  -41.494  -30.424  44.323 0.0000000000
54554  -40.379  -30.882  43.489 0.0000000000
54555  -41.681  -30.625  43.803 0.0000000000
55740  -42.472  -29.314  43.067 0.0000000000
55739  -41.625  -30.085  43.119 0.0000000000
56786  -41.932  -29.002  42.543 0.0000000000
139988  -45.805  -28.641  42.664 0.0000000000
56770  -45.305  -28.901  43.188 0.0000000000
56789  -45.130  -28.533  42.470 0.0000000000
56823  -43.900  -27.916  40.785 0.0000000000
58948  -50.632  -26.084  40.324 0.0000000000
59994  -50.077  -25.878  39.613 0.0000000000
61030  -46.119  -24.425  40.045 0.0000000000
59969  -44.386  -25.233  41.370 0.0000000000
59981  -44.240  -24.729  40.692 0.0000000000
61019  -43.574  -24.931  41.390 0.0000000000
134602  -43.243  -24.564  40.847 0.0000000000
61018  -42.954  -24.559  41.723 0.0000000000
56481  -36.232  -28.240  66.088 0.0000000000
55380  -36.192  -28.840  65.574 0.0000000000
55368  -36.728  -28.511  65.775 0.0000000000
55395  -38.608  -29.094  64.773 0.0000000000
127145  -37.572  -29.259  64.955 0.0000000000
55394  -38.016  -29.493  64.222 0.0000000000
55436  -37.752  -29.597  63.001 0.0000000000
121721  -38.401  -29.715  63.255 0.0000000000
56508  -40.638  -28.421  64.007 0.0000000000
121451  -40.275  -30.570  61.749 0.0000000000
54343  -39.240  -30.100  61.840 0.0000000000
54355  -39.756  -30.763  61.093 0.0000000000
53319  -39.220  -31.189  60.718 0.0000000000
53320  -40.048  -31.786  60.979 0.0000000000
50298  -40.105  -34.015  61.257 0.0000000000
50296  -38.737  -34.395  61.327 0.0000000000
49189  -37.999  -34.945  60.970 0.0000000000
50303  -38.649  -34.613  60.566 0.0000000000
58747  -42.360  -27.364  59.787 0.0000000000
57660  -43.059  -27.815  59.699 0.0000000000
54417  -42.798  -30.043  57.945 0.0000000000
55498  -43.438  -29.523  59.438 0.0000000000
54399  -43.172  -30.502  58.837 0.0000000000
53335  -43.089  -30.667  59.537 0.0000000000
53351  -42.787  -31.208  59.226 0.0000000000
54433  -39.206  -30.600  56.558 0.0000000000
54414  -39.884  -30.655  57.064 0.0000000000
52386  -38.423  -32.289  58.013 0.0000000000
53348  -39.736  -31.783  58.098 0.0000000000
52375  -39.812  -32.492  58.635 0.0000000000
52376  -40.723  -32.476  59.003 0.0000000000
51445  -40.288  -33.170  59.352 0.0000000000
51443  -38.711  -33.457  58.926 0.0000000000
51441  -36.791  -34.082  58.263 0.0000000000
50317  -36.890  -34.631  58.514 0.0000000000
49214  -36.969  -35.108  59.108 0.0000000000
49225  -36.351  -35.164  58.405 0.0000000000
55596  -35.599  -29.509  50.219 0.0000000000
121466  -34.708  -29.559  50.051 0.0000000000
55610  -34.430  -29.490  49.233 0.0000000000
60778  -21.801  -24.263  64.717 0.0000000000
57595  -25.260  -26.926  66.157 0.0000000000
129417  -30.274  -27.892  66.635 0.0000000000
140598  -34.884  -27.417  66.942 0.0000000000
57587  -35.185  -27.929  66.983 0.0000000000
58652  -37.387  -26.735  64.995 0.0000000000
59729  -37.396  -25.682  65.381 0.0000000000
61858  -37.779  -23.787  64.815 0.0000000000
60772  -38.553  -25.147  64.184 0.0000000000
60784  -38.555  -24.410  63.834 0.0000000000
62931  -38.785  -22.836  63.182 0.0000000000
61880  -38.826  -23.924  63.230 0.0000000000
62967  -40.112  -22.852  60.885 0.0000000000
61912  -40.591  -23.262  60.198 0.0000000000
62968  -41.033  -22.462  60.310 0.0000000000
62980  -42.152  -22.298  59.473 0.0000000000
62997  -42.508  -22.386  58.754 0.0000000000
62010  -45.524  -22.685  53.333 0.0000000000
123856  -47.473  -23.187  52.960 0.0000000000
60908  -48.398  -23.994  53.256 0.0000000000
59879  -49.556  -25.615  53.871 0.0000000000
138423  -48.938  -26.057  53.753 0.0000000000
143935  -49.092  -27.295  53.937 0.0000000000
56604  -48.910  -28.572  54.208 0.0000000000
56605  -49.707  -28.579  54.386 0.0000000000
57743  -52.096  -27.186  53.186 0.0000000000
57742  -51.664  -27.640  53.533 0.0000000000
56621  -51.832  -28.284  53.257 0.0000000000
141882  -51.555  -28.969  53.486 0.0000000000
55570  -51.774  -29.170  52.194 0.0000000000
55586  -51.411  -29.495  51.219 0.0000000000
55587  -52.153  -29.197  51.059 0.0000000000
57778  -51.298  -28.485  50.983 0.0000000000
56662  -52.569  -28.904  50.280 0.0000000000
56661  -51.509  -28.634  50.201 0.0000000000
56693  -52.200  -28.622  48.491 0.0000000000
56676  -50.847  -28.494  49.456 0.0000000000
64091  -50.677  -21.487  50.298 0.0000000000
145916  -51.073  -24.594  51.598 0.0000000000
62043  -50.204  -24.006  51.350 0.0000000000
59919  -48.354  -25.077  50.621 0.0000000000
58870  -48.670  -26.153  50.539 0.0000000000
58878  -48.151  -26.879  49.970 0.0000000000
57783  -48.690  -27.674  49.512 0.0000000000
57792  -48.596  -27.865  48.647 0.0000000000
57803  -48.523  -27.854  47.817 0.0000000000
57791  -47.982  -27.380  48.436 0.0000000000
58885  -46.952  -26.730  47.899 0.0000000000
58884  -46.053  -26.134  47.934 0.0000000000
58889  -45.944  -26.500  46.526 0.0000000000
58883  -45.695  -26.140  47.277 0.0000000000
63143  -47.774  -22.630  47.632 0.0000000000
63132  -46.809  -22.944  48.293 0.0000000000
63142  -46.783  -22.877  47.390 0.0000000000
62110  -45.130  -23.560  46.681 0.0000000000
127203  -45.406  -23.738  47.453 0.0000000000
60999  -44.566  -24.553  46.440 0.0000000000
59943  -44.495  -25.185  46.262 0.0000000000
59946  -44.105  -25.383  45.495 0.0000000000
59950  -43.914  -25.619  44.646 0.0000000000
59945  -43.670  -24.850  44.941 0.0000000000
63189  -43.667  -23.069  44.087 0.0000000000
62137  -43.358  -23.743  43.813 0.0000000000
139184  -43.129  -23.078  43.254 0.0000000000
62145  -42.774  -23.492  42.585 0.0000000000
63204  -43.290  -22.319  42.862 0.0000000000
142699  -52.083  -20.581  44.286 0.0000000000
65089  -51.100  -21.312  44.325 0.0000000000
64154  -51.809  -21.315  44.074 0.0000000000
64166  -50.547  -22.038  43.895 0.0000000000
64167  -51.368  -21.528  43.696 0.0000000000
67015  -53.384  -19.205  43.415 0.0000000000
66031  -53.467  -19.819  43.532 0.0000000000
66040  -52.463  -19.831  42.639 0.0000000000
65126  -48.651  -20.351  42.016 0.0000000000
66038  -50.276  -20.485  42.376 0.0000000000
65110  -49.086  -21.017  42.430 0.0000000000
64180  -48.627  -21.467  42.731 0.0000000000
137103  -47.589  -21.295  42.603 0.0000000000
64163  -46.912  -21.705  43.222 0.0000000000
135647  -46.570  -21.170  42.470 0.0000000000
65123  -44.505  -20.683  41.165 0.0000000000
64191  -43.582  -21.294  41.511 0.0000000000
64198  -43.064  -21.106  40.753 0.0000000000
65134  -42.752  -20.932  39.984 0.0000000000
65135  -43.586  -20.554  40.190 0.0000000000
66091  -44.196  -19.100  38.512 0.0000000000
66077  -43.746  -19.705  38.974 0.0000000000
137728  -43.388  -19.462  38.000 0.0000000000
135481  -43.116  -19.243  37.069 0.0000000000
67080  -44.007  -18.832  37.684 0.0000000000
69016  -47.533  -16.519  40.303 0.0000000000
68049  -46.516  -17.229  39.611 0.0000000000
69026  -47.162  -16.589  39.422 0.0000000000
68072  -45.971  -17.426  37.222 0.0000000000
67092  -44.407  -18.239  36.274 0.0000000000
71090  -55.294  -13.692  41.644 0.0000000000
71102  -54.522  -14.004  41.108 0.0000000000
135426  -53.249  -16.327  38.945 0.0000000000
135001  -53.181  -15.891  39.631 0.0000000000
69029  -52.529  -16.197  39.066 0.0000000000
69049  -51.219  -16.245  38.725 0.0000000000
142513  -51.791  -16.536  38.102 0.0000000000
69091  -54.000  -16.273  36.935 0.0000000000
69069  -54.381  -16.450  37.797 0.0000000000
69090  -53.025  -16.358  36.708 0.0000000000
69088  -51.312  -16.519  36.604 0.0000000000
69087  -50.521  -16.546  36.567 0.0000000000
57644  -21.979  -27.117  61.324 0.0000000000
58712  -21.770  -26.533  61.780 0.0000000000
56534  -21.521  -27.700  60.887 0.0000000000
55504  -21.534  -29.164  58.200 0.0000000000
56555  -21.131  -28.619  59.782 0.0000000000
54422  -20.700  -30.730  57.114 0.0000000000
53381  -21.907  -31.700  54.371 0.0000000000
53375  -21.290  -31.697  55.215 0.0000000000
52411  -22.148  -32.444  53.936 0.0000000000
51494  -22.946  -32.965  52.721 0.0000000000
56528  -25.338  -28.513  62.691 0.0000000000
55424  -24.991  -28.701  62.010 0.0000000000
55450  -25.358  -28.904  61.358 0.0000000000
121090  -25.324  -29.557  59.274 0.0000000000
55507  -24.989  -29.561  58.471 0.0000000000
121268  -24.504  -29.444  59.248 0.0000000000
54429  -27.765  -30.088  56.044 0.0000000000
55539  -26.895  -29.644  56.577 0.0000000000
54428  -27.166  -29.951  55.661 0.0000000000
54452  -25.646  -30.427  54.251 0.0000000000
54440  -25.978  -30.047  54.966 0.0000000000
123296  -25.182  -30.050  54.862 0.0000000000
54439  -24.365  -30.017  55.120 0.0000000000
54450  -23.715  -30.447  54.490 0.0000000000
54462  -24.130  -30.771  53.662 0.0000000000
49252  -27.027  -35.711  55.739 0.0000000000
126733  -26.994  -35.949  54.924 0.0000000000
54328  -35.650  -29.153  64.686 0.0000000000
55392  -34.973  -29.076  64.922 0.0000000000
55457  -35.909  -29.014  61.139 0.0000000000
121697  -35.164  -28.778  62.008 0.0000000000
121986  -34.997  -29.028  61.131 0.0000000000
55475  -34.406  -29.284  60.684 0.0000000000
54382  -36.721  -30.347  59.674 0.0000000000
120825  -36.119  -31.098  59.354 0.0000000000
53347  -34.714  -30.721  58.845 0.0000000000
54380  -34.219  -30.271  59.066 0.0000000000
54397  -33.975  -30.744  58.565 0.0000000000
54396  -33.221  -30.818  58.309 0.0000000000
53345  -33.620  -31.319  58.281 0.0000000000
51439  -32.732  -33.027  58.318 0.0000000000
139525  -32.495  -32.407  57.776 0.0000000000
130567  -32.011  -33.143  57.920 0.0000000000
51452  -31.284  -33.128  57.471 0.0000000000
51438  -31.309  -33.458  58.253 0.0000000000
50274  -33.560  -34.514  64.278 0.0000000000
51360  -33.823  -34.063  64.383 0.0000000000
123707  -33.177  -33.810  64.417 0.0000000000
51372  -31.563  -33.365  63.532 0.0000000000
142196  -31.866  -33.365  62.473 0.0000000000
128298  -31.617  -33.433  61.469 0.0000000000
122423  -31.092  -33.336  62.304 0.0000000000
51405  -29.110  -33.763  60.166 0.0000000000
51423  -29.950  -33.631  59.292 0.0000000000
139849  -45.301  -27.493  52.701 0.0000000000
57757  -45.326  -28.029  52.872 0.0000000000
145993  -45.807  -27.934  53.170 0.0000000000
58846  -47.027  -27.188  53.215 0.0000000000
61994  -44.484  -22.907  53.624 0.0000000000
61993  -43.723  -23.315  53.968 0.0000000000
62009  -44.128  -23.543  53.116 0.0000000000
133448  -43.885  -25.013  52.207 0.0000000000
130479  -43.990  -25.829  51.989 0.0000000000
58843  -43.584  -26.734  51.952 0.0000000000
58844  -44.571  -26.630  52.236 0.0000000000
144562  -43.151  -24.178  39.493 0.0000000000
61036  -42.955  -24.130  38.783 0.0000000000
62175  -41.985  -23.770  37.586 0.0000000000
62185  -41.756  -23.893  36.665 0.0000000000
62184  -41.405  -23.217  36.195 0.0000000000
62174  -41.515  -23.196  37.220 0.0000000000
63228  -41.436  -22.446  37.785 0.0000000000
55364  -32.243  -28.746  66.423 0.0000000000
55376  -32.228  -28.776  65.762 0.0000000000
125071  -32.934  -28.864  66.026 0.0000000000
55391  -33.538  -28.853  64.817 0.0000000000
54572  -39.554  -31.159  42.634 0.0000000000
142842  -50.224  -28.942  44.692 0.0000000000
55705  -51.223  -28.459  44.027 0.0000000000
56775  -51.560  -28.008  43.688 0.0000000000
124476  -51.170  -27.481  43.273 0.0000000000
141678  -51.656  -27.813  43.974 0.0000000000
128957  -50.277  -27.407  45.019 0.0000000000
59765  -39.742  -25.646  62.551 0.0000000000
58703  -40.438  -26.518  62.577 0.0000000000
58704  -41.273  -26.904  62.197 0.0000000000
58720  -42.403  -27.612  61.600 0.0000000000
54475  -37.265  -30.000  53.175 0.0000000000
54466  -36.683  -30.334  53.754 0.0000000000
54465  -35.844  -30.469  53.554 0.0000000000
53398  -34.362  -31.112  53.692 0.0000000000
53409  -34.182  -30.814  52.903 0.0000000000
53408  -33.423  -31.054  52.546 0.0000000000
57837  -38.573  -27.503  44.469 0.0000000000
121495  -37.236  -27.530  43.684 0.0000000000
70058  -54.202  -14.519  44.716 0.0000000000
70056  -53.343  -16.011  43.951 0.0000000000
134029  -52.581  -15.117  42.966 0.0000000000
140325  -51.689  -15.132  42.292 0.0000000000
71075  -52.147  -14.601  41.915 0.0000000000
71087  -51.725  -14.551  41.186 0.0000000000
71100  -52.242  -14.589  40.610 0.0000000000
57623  -22.986  -27.063  63.532 0.0000000000
56527  -23.926  -28.407  62.689 0.0000000000
56537  -24.187  -28.698  61.887 0.0000000000
53368  -29.814  -31.438  56.346 0.0000000000
52392  -28.951  -32.338  55.898 0.0000000000
51462  -27.612  -33.293  56.325 0.0000000000
122451  -27.812  -33.543  57.123 0.0000000000
50295  -37.105  -34.494  61.728 0.0000000000
51392  -37.339  -34.198  61.708 0.0000000000
50289  -36.608  -34.823  62.080 0.0000000000
50288  -36.131  -34.849  62.435 0.0000000000
50287  -35.471  -34.886  63.000 0.0000000000
57811  -42.423  -27.684  46.366 0.0000000000
57812  -43.253  -27.945  46.657 0.0000000000
56706  -44.080  -28.207  46.988 0.0000000000
56707  -44.854  -28.468  47.346 0.0000000000
56675  -47.432  -28.739  50.008 0.0000000000
56690  -47.308  -28.878  49.111 0.0000000000
55636  -47.836  -29.478  48.456 0.0000000000
55637  -48.664  -29.693  48.260 0.0000000000
121087  -50.597  -29.869  48.859 0.0000000000
61938  -41.292  -23.798  58.017 0.0000000000
60843  -41.345  -24.707  57.449 0.0000000000
126597  -41.548  -24.910  56.968 0.0000000000
58813  -41.504  -26.163  53.750 0.0000000000
57740  -41.015  -26.798  53.431 0.0000000000
143207  -40.153  -27.954  53.576 0.0000000000
56614  -39.577  -28.597  53.240 0.0000000000
55565  -39.200  -29.082  52.015 0.0000000000
139705  -38.549  -29.403  51.695 0.0000000000
55580  -38.644  -29.414  50.855 0.0000000000
55600  -39.354  -29.259  50.388 0.0000000000
56669  -41.550  -28.480  49.542 0.0000000000
56705  -41.036  -28.119  48.157 0.0000000000
57797  -40.308  -27.741  46.946 0.0000000000
57788  -41.796  -27.628  47.724 0.0000000000
127790  -41.742  -27.479  46.859 0.0000000000
56504  -27.252  -27.913  64.316 0.0000000000
55403  -28.952  -28.828  63.176 0.0000000000
55430  -31.147  -29.306  62.618 0.0000000000
55429  -30.397  -29.510  62.278 0.0000000000
55454  -31.087  -29.702  61.796 0.0000000000
141047  -31.025  -30.051  61.157 0.0000000000
120597  -30.713  -30.291  59.907 0.0000000000
54539  -42.640  -30.352  44.535 0.0000000000
54556  -42.453  -30.527  43.979 0.0000000000
54557  -43.183  -30.323  44.272 0.0000000000
55718  -43.101  -29.918  43.639 0.0000000000
55741  -43.468  -28.769  42.826 0.0000000000
56809  -47.099  -28.576  41.593 0.0000000000
142606  -45.894  -28.432  41.886 0.0000000000
56824  -44.777  -28.263  40.564 0.0000000000
58936  -48.962  -25.788  41.710 0.0000000000
59972  -49.228  -25.326  41.013 0.0000000000
121861  -46.513  -24.742  40.767 0.0000000000
59970  -45.505  -25.430  41.538 0.0000000000
128688  -45.082  -26.045  42.368 0.0000000000
59961  -44.077  -25.792  42.803 0.0000000000
56483  -37.806  -28.035  65.707 0.0000000000
56493  -37.717  -28.417  65.594 0.0000000000
55382  -38.613  -28.536  65.182 0.0000000000
122887  -39.423  -29.063  64.406 0.0000000000
55439  -41.819  -29.123  62.554 0.0000000000
55438  -41.143  -29.406  62.956 0.0000000000
54346  -41.569  -29.911  62.140 0.0000000000
54356  -41.242  -30.733  61.564 0.0000000000
53310  -41.250  -31.726  61.351 0.0000000000
138494  -40.787  -32.342  61.346 0.0000000000
132319  -40.684  -33.084  61.475 0.0000000000
51395  -40.651  -33.512  61.306 0.0000000000
50311  -40.075  -34.078  60.547 0.0000000000
128460  -43.049  -28.339  58.025 0.0000000000
57682  -43.208  -28.331  58.636 0.0000000000
56571  -43.299  -28.856  58.305 0.0000000000
55527  -43.172  -29.321  57.953 0.0000000000
54416  -41.675  -30.383  57.680 0.0000000000
53371  -37.619  -31.246  56.450 0.0000000000
144958  -38.101  -31.371  56.880 0.0000000000
53358  -37.587  -31.712  57.080 0.0000000000
52385  -37.592  -32.414  57.737 0.0000000000
52373  -38.030  -33.149  58.496 0.0000000000
51455  -37.140  -33.317  58.171 0.0000000000
51454  -36.379  -33.601  57.889 0.0000000000
55629  -35.920  -29.407  48.616 0.0000000000
59707  -35.465  -25.395  66.650 0.0000000000
61868  -38.136  -23.660  64.213 0.0000000000
62920  -38.282  -22.782  63.906 0.0000000000
63961  -41.543  -21.781  60.392 0.0000000000
62012  -48.985  -23.256  53.616 0.0000000000
60909  -49.199  -24.089  53.617 0.0000000000
60886  -49.754  -24.642  53.823 0.0000000000
59859  -50.243  -25.226  54.053 0.0000000000
58832  -52.401  -26.251  53.189 0.0000000000
58848  -52.258  -26.804  52.780 0.0000000000
132895  -51.862  -28.555  52.045 0.0000000000
58847  -51.935  -26.856  52.234 0.0000000000
58857  -51.410  -26.943  51.829 0.0000000000
57769  -50.590  -27.798  51.383 0.0000000000
64118  -50.649  -21.069  48.783 0.0000000000
63122  -49.599  -21.739  50.147 0.0000000000
62060  -49.567  -22.980  51.090 0.0000000000
62059  -48.621  -23.258  50.732 0.0000000000
60968  -48.441  -24.129  50.797 0.0000000000
136386  -47.444  -24.870  50.134 0.0000000000
58877  -47.521  -26.443  49.505 0.0000000000
59931  -47.111  -25.558  49.693 0.0000000000
60984  -46.752  -24.575  49.614 0.0000000000
137043  -46.092  -24.349  48.895 0.0000000000
63154  -46.680  -22.859  46.504 0.0000000000
63153  -45.676  -23.030  46.216 0.0000000000
62121  -44.842  -23.329  45.908 0.0000000000
62120  -44.201  -23.744  45.515 0.0000000000
63165  -44.580  -23.096  45.157 0.0000000000
63178  -45.138  -22.563  44.585 0.0000000000
63190  -44.398  -22.398  43.885 0.0000000000
67003  -51.288  -19.163  44.275 0.0000000000
67004  -52.635  -19.350  44.357 0.0000000000
65090  -52.588  -20.851  44.037 0.0000000000
67023  -50.601  -18.550  42.274 0.0000000000
129999  -51.285  -19.435  42.360 0.0000000000
66051  -50.192  -19.486  42.129 0.0000000000
128035  -47.624  -20.156  41.680 0.0000000000
65108  -47.174  -20.722  42.062 0.0000000000
65125  -46.803  -20.312  41.616 0.0000000000
65138  -46.111  -20.200  41.282 0.0000000000
65137  -45.260  -20.092  40.784 0.0000000000
65145  -44.054  -19.978  39.745 0.0000000000
66062  -45.425  -19.483  40.281 0.0000000000
66079  -45.159  -19.103  39.681 0.0000000000
67068  -44.858  -18.718  38.949 0.0000000000
69045  -47.183  -16.683  38.304 0.0000000000
129068  -46.634  -17.063  37.149 0.0000000000
68089  -46.412  -17.207  36.641 0.0000000000
136076  -56.211  -15.570  41.067 0.0000000000
70088  -55.380  -15.319  40.833 0.0000000000
70103  -54.971  -15.949  40.246 0.0000000000
69030  -54.167  -16.229  39.484 0.0000000000
69111  -52.961  -15.971  35.828 0.0000000000
125406  -52.412  -16.291  36.143 0.0000000000
57632  -20.525  -27.138  62.267 0.0000000000
122506  -22.655  -28.279  59.874 0.0000000000
56545  -21.950  -28.003  60.178 0.0000000000
56556  -22.011  -28.340  59.397 0.0000000000
54423  -21.052  -30.728  56.374 0.0000000000
127033  -21.744  -30.174  56.275 0.0000000000
53376  -21.854  -30.964  54.841 0.0000000000
53382  -22.369  -31.150  54.215 0.0000000000
55468  -26.118  -29.160  60.955 0.0000000000
121092  -26.143  -29.478  60.217 0.0000000000
121089  -26.108  -29.638  59.410 0.0000000000
55508  -25.943  -29.659  58.416 0.0000000000
54454  -27.173  -30.817  54.670 0.0000000000
54441  -26.894  -30.228  55.014 0.0000000000
53384  -26.027  -30.943  53.699 0.0000000000
53407  -24.946  -31.763  52.484 0.0000000000
49283  -26.149  -35.404  52.188 0.0000000000
48094  -26.813  -36.550  53.230 0.0000000000
48083  -27.155  -37.142  53.811 0.0000000000
142514  -36.528  -29.154  63.628 0.0000000000
55410  -35.888  -28.828  63.478 0.0000000000
55435  -36.644  -28.938  62.876 0.0000000000
51428  -35.203  -33.018  59.882 0.0000000000
52365  -35.656  -32.101  59.490 0.0000000000
52364  -34.728  -32.295  59.091 0.0000000000
52372  -33.924  -32.100  58.577 0.0000000000
121836  -32.929  -33.397  58.944 0.0000000000
140418  -31.930  -33.628  59.723 0.0000000000
123971  -29.851  -33.366  63.491 0.0000000000
51388  -30.176  -33.403  62.221 0.0000000000
120785  -44.270  -28.102  49.961 0.0000000000
121457  -45.137  -28.185  50.170 0.0000000000
125022  -45.909  -28.342  50.394 0.0000000000
56629  -45.561  -28.242  52.743 0.0000000000
56644  -46.056  -28.558  52.224 0.0000000000
56659  -46.650  -28.548  50.631 0.0000000000
56660  -47.356  -28.766  51.010 0.0000000000
55583  -48.093  -29.081  51.509 0.0000000000
55584  -48.920  -29.426  51.917 0.0000000000
61968  -42.509  -23.327  56.075 0.0000000000
144020  -42.315  -24.972  54.387 0.0000000000
60906  -42.741  -24.484  53.947 0.0000000000
59875  -42.443  -25.109  53.488 0.0000000000
58828  -41.963  -25.672  53.022 0.0000000000
58827  -41.572  -26.467  52.591 0.0000000000
57753  -41.401  -27.223  51.992 0.0000000000
56626  -41.154  -28.001  51.577 0.0000000000
56640  -42.065  -28.387  51.240 0.0000000000
56641  -42.855  -28.421  51.311 0.0000000000
56656  -43.291  -28.465  50.691 0.0000000000
135944  -41.430  -22.884  35.517 0.0000000000
56491  -29.886  -28.027  65.468 0.0000000000
55373  -29.823  -28.386  64.774 0.0000000000
55406  -31.236  -28.987  63.451 0.0000000000
55390  -32.096  -28.703  64.954 0.0000000000
121165  -31.893  -29.101  62.855 0.0000000000
55431  -32.397  -29.286  62.116 0.0000000000
55455  -32.817  -29.472  61.412 0.0000000000
55721  -46.310  -29.341  44.181 0.0000000000
56771  -46.998  -28.812  43.341 0.0000000000
56791  -47.623  -28.604  42.482 0.0000000000
120710  -47.924  -28.428  40.914 0.0000000000
56827  -47.659  -28.330  40.150 0.0000000000
142794  -48.777  -27.768  40.170 0.0000000000
57890  -49.637  -27.485  40.803 0.0000000000
57891  -50.455  -26.705  40.677 0.0000000000
58938  -50.601  -25.986  40.837 0.0000000000
57866  -50.814  -26.941  42.255 0.0000000000
58929  -50.495  -26.563  41.765 0.0000000000
58928  -49.415  -26.274  42.185 0.0000000000
122587  -47.221  -26.738  43.916 0.0000000000
57615  -39.783  -27.753  64.438 0.0000000000
56509  -41.117  -28.102  63.548 0.0000000000
58689  -41.009  -27.217  62.759 0.0000000000
56522  -41.697  -28.144  62.865 0.0000000000
55415  -41.935  -28.501  62.615 0.0000000000
54347  -42.143  -29.616  61.775 0.0000000000
54358  -42.343  -30.156  61.094 0.0000000000
54369  -42.522  -30.706  60.632 0.0000000000
55549  -40.008  -29.423  55.546 0.0000000000
144575  -40.437  -29.457  56.058 0.0000000000
54446  -39.329  -29.988  55.799 0.0000000000
54445  -38.589  -30.412  55.819 0.0000000000
54444  -37.743  -30.718  55.721 0.0000000000
54456  -36.867  -30.530  54.506 0.0000000000
54443  -36.963  -30.777  55.259 0.0000000000
53379  -36.986  -31.218  55.967 0.0000000000
51471  -34.073  -33.096  55.955 0.0000000000
52406  -34.501  -32.257  55.490 0.0000000000
52414  -32.813  -32.775  54.145 0.0000000000
52425  -33.163  -32.008  53.751 0.0000000000
56718  -37.137  -28.469  46.686 0.0000000000
56717  -36.320  -28.471  46.566 0.0000000000
56733  -36.040  -28.066  45.820 0.0000000000
57820  -36.046  -27.654  45.063 0.0000000000
56748  -34.798  -28.056  44.340 0.0000000000
57853  -35.943  -27.559  43.617 0.0000000000
56764  -35.292  -27.815  43.485 0.0000000000
135296  -50.065  -21.513  48.474 0.0000000000
63145  -49.443  -21.961  48.060 0.0000000000
63144  -48.646  -22.367  47.807 0.0000000000
136318  -48.664  -22.547  47.001 0.0000000000
64145  -49.871  -22.115  45.801 0.0000000000
63156  -49.088  -22.782  46.280 0.0000000000
63168  -48.622  -22.946  45.867 0.0000000000
127436  -48.873  -22.906  45.305 0.0000000000
131701  -48.328  -22.668  44.677 0.0000000000
68970  -53.278  -17.039  45.014 0.0000000000
67998  -53.309  -18.230  44.396 0.0000000000
68986  -53.427  -17.454  44.503 0.0000000000
68011  -53.489  -18.448  43.902 0.0000000000
67025  -52.839  -19.019  42.879 0.0000000000
68022  -52.049  -17.933  42.795 0.0000000000
68031  -48.657  -18.058  41.569 0.0000000000
68030  -47.875  -17.663  41.217 0.0000000000
141497  -48.405  -17.242  41.377 0.0000000000
69009  -48.589  -16.508  41.227 0.0000000000
69017  -48.227  -16.159  40.594 0.0000000000
125430  -49.664  -15.470  41.216 0.0000000000
70098  -48.712  -15.714  40.168 0.0000000000
123121  -48.815  -16.080  39.120 0.0000000000
69027  -49.686  -16.038  38.943 0.0000000000
69047  -49.496  -16.269  38.308 0.0000000000
69054  -56.835  -16.800  39.131 0.0000000000
69053  -55.829  -16.792  38.919 0.0000000000
69071  -56.387  -16.569  38.177 0.0000000000
69092  -54.929  -16.178  37.099 0.0000000000
70137  -54.538  -15.818  36.296 0.0000000000
59758  -21.234  -25.521  62.839 0.0000000000
59759  -22.046  -25.532  62.707 0.0000000000
58697  -22.195  -26.130  62.182 0.0000000000
58713  -22.237  -26.746  61.784 0.0000000000
57645  -22.604  -27.406  61.605 0.0000000000
56546  -22.952  -28.126  60.501 0.0000000000
120915  -27.973  -29.822  58.655 0.0000000000
55510  -27.524  -29.726  57.966 0.0000000000
55524  -28.269  -29.910  57.591 0.0000000000
53377  -27.830  -31.140  55.033 0.0000000000
53386  -27.166  -31.496  54.604 0.0000000000
49221  -27.058  -35.029  57.056 0.0000000000
121192  -38.469  -30.726  60.356 0.0000000000
53333  -37.669  -30.358  59.999 0.0000000000
53318  -37.879  -31.367  60.092 0.0000000000
140195  -37.297  -31.953  60.068 0.0000000000
51412  -36.482  -33.551  61.132 0.0000000000
52351  -36.103  -32.942  60.149 0.0000000000
51411  -35.555  -33.465  60.858 0.0000000000
55698  -40.157  -30.226  43.839 0.0000000000
141733  -40.423  -29.764  44.161 0.0000000000
56751  -41.379  -29.645  44.639 0.0000000000
55680  -42.115  -30.076  44.817 0.0000000000
56737  -42.602  -29.205  45.382 0.0000000000
55681  -43.000  -30.080  45.198 0.0000000000
54524  -43.574  -30.325  45.157 0.0000000000
54525  -44.285  -30.359  45.292 0.0000000000
140322  -45.075  -30.384  45.096 0.0000000000
56687  -45.063  -28.072  48.203 0.0000000000
56708  -45.619  -28.799  47.598 0.0000000000
56724  -45.311  -29.180  46.972 0.0000000000
55664  -45.356  -29.971  46.414 0.0000000000
55682  -45.867  -30.331  45.878 0.0000000000
55702  -45.889  -30.036  45.104 0.0000000000
142911  -46.387  -30.117  45.546 0.0000000000
55703  -47.804  -29.673  45.547 0.0000000000
143663  -48.938  -29.841  46.987 0.0000000000
55685  -49.923  -29.329  45.477 0.0000000000
138258  -50.888  -29.222  45.825 0.0000000000
55686  -52.158  -28.610  45.826 0.0000000000
56726  -53.256  -27.982  46.604 0.0000000000
60825  -40.177  -24.942  60.338 0.0000000000
58731  -40.340  -26.016  60.100 0.0000000000
59815  -41.120  -25.943  58.019 0.0000000000
58764  -41.846  -26.759  58.186 0.0000000000
122550  -42.411  -27.352  58.326 0.0000000000
57681  -42.761  -27.804  58.106 0.0000000000
56579  -42.330  -28.385  56.823 0.0000000000
56578  -41.564  -28.850  56.343 0.0000000000
58802  -41.665  -26.032  54.899 0.0000000000
121881  -41.898  -26.695  56.528 0.0000000000
56589  -41.074  -28.327  55.669 0.0000000000
140131  -40.729  -29.037  55.810 0.0000000000
55552  -38.999  -29.593  54.533 0.0000000000
55551  -38.703  -29.579  53.896 0.0000000000
55558  -38.926  -29.301  53.271 0.0000000000
55557  -38.134  -29.779  53.364 0.0000000000
139833  -36.965  -29.866  52.551 0.0000000000
54487  -36.295  -29.894  52.323 0.0000000000
55577  -35.442  -29.664  51.298 0.0000000000
146186  -35.492  -29.555  50.811 0.0000000000
55611  -36.192  -29.484  49.422 0.0000000000
55598  -37.459  -29.543  50.243 0.0000000000
55612  -37.014  -29.517  49.463 0.0000000000
55630  -36.722  -29.454  48.720 0.0000000000
55648  -37.275  -29.339  48.047 0.0000000000
56701  -37.439  -28.908  47.329 0.0000000000
55616  -40.038  -29.054  49.890 0.0000000000
56668  -40.613  -28.751  49.384 0.0000000000
55634  -39.968  -29.045  49.224 0.0000000000
55632  -38.907  -29.347  48.793 0.0000000000
56682  -38.781  -29.175  48.162 0.0000000000
56681  -38.093  -29.069  47.720 0.0000000000
56719  -38.078  -28.361  46.857 0.0000000000
57808  -38.496  -27.638  45.999 0.0000000000
126154  -38.937  -27.382  45.289 0.0000000000
57838  -39.449  -27.692  44.620 0.0000000000
57856  -39.042  -28.196  43.901 0.0000000000
72130  -55.086  -13.352  43.007 0.0000000000
72146  -55.525  -13.265  42.293 0.0000000000
131455  -55.927  -12.943  42.264 0.0000000000
71091  -55.971  -13.734  41.506 0.0000000000
71092  -56.325  -14.032  41.034 0.0000000000
134339  -56.501  -15.104  40.993 0.0000000000
70090  -57.053  -15.712  40.724 0.0000000000
70106  -57.513  -15.782  40.298 0.0000000000
73196  -57.497  -13.243  39.330 0.0000000000
72173  -57.466  -14.267  39.651 0.0000000000
70107  -58.232  -15.881  39.801 0.0000000000
69034  -57.935  -16.030  40.016 0.0000000000
69035  -58.559  -16.032  39.531 0.0000000000
122836  -58.467  -16.349  38.827 0.0000000000
69072  -58.207  -16.525  37.900 0.0000000000
69074  -59.664  -15.813  37.484 0.0000000000
69094  -58.839  -16.518  37.235 0.0000000000
57606  -24.726  -27.629  64.691 0.0000000000
56501  -24.987  -28.075  63.916 0.0000000000
56518  -25.583  -28.272  63.445 0.0000000000
56520  -26.994  -28.226  63.528 0.0000000000
143277  -26.887  -29.117  61.376 0.0000000000
55387  -29.742  -28.648  64.198 0.0000000000
55404  -29.382  -28.732  63.694 0.0000000000
122136  -29.605  -29.625  61.944 0.0000000000
121094  -28.721  -29.611  61.526 0.0000000000
55469  -28.207  -29.889  60.156 0.0000000000
55489  -28.099  -29.887  59.523 0.0000000000
120564  -28.708  -30.034  59.114 0.0000000000
54393  -29.638  -30.351  57.871 0.0000000000
54394  -30.241  -30.403  58.462 0.0000000000
53356  -30.315  -31.250  56.778 0.0000000000
52394  -30.415  -32.008  56.505 0.0000000000
51451  -30.691  -33.117  57.092 0.0000000000
137487  -35.318  -35.622  61.591 0.0000000000
54553  -39.650  -31.195  43.112 0.0000000000
54573  -40.123  -31.120  43.101 0.0000000000
55738  -40.272  -30.855  42.732 0.0000000000
129597  -40.912  -30.349  42.771 0.0000000000
55758  -40.412  -29.801  42.220 0.0000000000
139118  -39.904  -29.249  41.582 0.0000000000
56769  -44.472  -28.840  43.015 0.0000000000
123844  -45.017  -28.325  41.828 0.0000000000
56806  -43.474  -28.064  41.697 0.0000000000
56805  -42.528  -27.891  41.388 0.0000000000
59984  -49.510  -25.394  40.120 0.0000000000
122725  -45.048  -24.401  40.031 0.0000000000
61028  -42.817  -24.111  40.234 0.0000000000
62151  -42.185  -23.491  40.488 0.0000000000
55355  -34.807  -28.589  66.470 0.0000000000
142030  -34.982  -28.796  65.957 0.0000000000
55379  -35.470  -28.903  65.587 0.0000000000
54321  -35.944  -29.130  65.164 0.0000000000
54329  -36.310  -29.298  64.557 0.0000000000
55381  -37.125  -28.901  65.444 0.0000000000
54330  -37.082  -29.446  64.433 0.0000000000
54336  -36.708  -29.438  63.963 0.0000000000
55411  -37.115  -29.396  63.339 0.0000000000
55459  -38.365  -29.683  61.112 0.0000000000
56507  -40.054  -28.278  64.539 0.0000000000
55397  -40.059  -28.801  64.315 0.0000000000
55413  -39.865  -29.344  63.882 0.0000000000
54338  -40.361  -29.610  63.135 0.0000000000
54344  -39.409  -29.792  63.049 0.0000000000
143264  -38.858  -29.853  62.583 0.0000000000
52340  -40.106  -33.054  61.527 0.0000000000
52339  -39.355  -33.680  61.510 0.0000000000
125335  -38.302  -34.108  61.570 0.0000000000
126566  -37.706  -34.658  61.430 0.0000000000
49188  -37.279  -35.172  61.268 0.0000000000
49197  -36.804  -35.465  60.901 0.0000000000
58732  -41.206  -26.635  60.938 0.0000000000
58733  -42.175  -27.375  60.798 0.0000000000
125443  -42.864  -27.816  61.030 0.0000000000
57668  -43.301  -28.302  59.315 0.0000000000
56557  -43.380  -28.831  59.684 0.0000000000
56548  -43.254  -28.573  60.316 0.0000000000
54370  -42.957  -30.285  60.203 0.0000000000
53322  -42.908  -30.728  59.988 0.0000000000
52367  -42.207  -32.250  60.221 0.0000000000
54435  -41.134  -29.899  57.021 0.0000000000
54415  -40.649  -30.534  57.365 0.0000000000
53362  -41.145  -31.158  58.175 0.0000000000
53360  -39.308  -31.493  57.632 0.0000000000
53361  -40.069  -31.203  57.684 0.0000000000
126599  -41.157  -31.880  58.753 0.0000000000
52377  -41.603  -32.315  59.472 0.0000000000
51430  -41.513  -32.960  60.256 0.0000000000
134399  -40.737  -33.584  60.182 0.0000000000
129482  -39.857  -33.849  59.758 0.0000000000
50310  -39.282  -34.323  60.143 0.0000000000
50319  -38.205  -34.018  58.977 0.0000000000
50309  -38.342  -34.550  59.702 0.0000000000
49206  -37.569  -35.037  59.806 0.0000000000
128971  -36.953  -35.456  59.995 0.0000000000
122460  -36.246  -35.634  60.309 0.0000000000
56715  -34.585  -28.558  46.238 0.0000000000
60932  -46.794  -23.950  52.610 0.0000000000
63067  -47.641  -22.359  53.744 0.0000000000
59737  -22.583  -25.498  64.448 0.0000000000
59724  -22.681  -25.296  65.310 0.0000000000
58657  -22.931  -26.276  65.001 0.0000000000
58658  -23.493  -26.752  65.328 0.0000000000
56488  -26.240  -27.558  65.327 0.0000000000
120707  -27.059  -27.689  65.199 0.0000000000
56489  -27.726  -27.627  65.789 0.0000000000
141879  -28.978  -27.646  66.089 0.0000000000
56463  -28.969  -27.622  66.780 0.0000000000
56477  -29.687  -27.759  66.235 0.0000000000
56478  -30.849  -28.218  66.612 0.0000000000
55363  -31.500  -28.534  66.542 0.0000000000
55351  -31.876  -28.627  66.948 0.0000000000
55352  -32.478  -28.674  66.985 0.0000000000
55353  -33.248  -28.662  66.993 0.0000000000
55354  -34.017  -28.680  66.746 0.0000000000
56469  -34.297  -28.379  67.090 0.0000000000
56470  -35.019  -28.249  66.870 0.0000000000
56471  -35.669  -28.073  66.559 0.0000000000
57598  -36.387  -27.780  66.098 0.0000000000
58642  -35.857  -26.241  66.444 0.0000000000
58650  -36.133  -26.887  65.846 0.0000000000
145550  -36.574  -27.256  65.646 0.0000000000
130852  -37.173  -27.561  65.577 0.0000000000
58662  -38.052  -26.879  64.546 0.0000000000
144649  -37.762  -25.151  65.107 0.0000000000
59731  -38.346  -25.953  64.292 0.0000000000
59741  -38.899  -26.163  63.715 0.0000000000
60795  -38.990  -24.699  63.333 0.0000000000
60796  -39.322  -25.267  63.068 0.0000000000
59775  -39.760  -25.013  62.068 0.0000000000
62942  -39.229  -22.513  62.405 0.0000000000
61902  -39.591  -22.786  61.755 0.0000000000
134419  -40.395  -24.012  60.033 0.0000000000
61913  -41.352  -22.844  59.796 0.0000000000
61939  -41.939  -22.926  58.056 0.0000000000
62998  -43.394  -21.905  58.527 0.0000000000
61954  -42.909  -22.366  57.299 0.0000000000
61969  -43.222  -22.417  56.281 0.0000000000
128109  -47.056  -25.107  52.736 0.0000000000
59897  -47.513  -26.189  53.174 0.0000000000
58829  -47.960  -27.220  53.514 0.0000000000
127496  -48.338  -26.122  53.510 0.0000000000
56603  -48.084  -28.084  53.824 0.0000000000
55559  -48.177  -29.003  53.505 0.0000000000
55567  -48.845  -29.349  52.963 0.0000000000
60887  -50.657  -24.406  54.125 0.0000000000
58815  -50.239  -26.191  54.124 0.0000000000
59861  -51.647  -25.540  53.989 0.0000000000
133332  -51.133  -26.224  54.167 0.0000000000
58816  -50.614  -27.084  54.130 0.0000000000
55555  -50.285  -29.009  54.426 0.0000000000
55568  -49.841  -29.515  52.425 0.0000000000
55585  -50.099  -29.621  51.262 0.0000000000
121088  -50.925  -29.705  50.286 0.0000000000
55620  -51.119  -29.756  49.510 0.0000000000
144183  -51.434  -29.654  48.950 0.0000000000
56663  -52.929  -29.109  50.123 0.0000000000
55622  -53.321  -29.035  49.755 0.0000000000
55639  -52.295  -29.277  48.573 0.0000000000
55656  -52.825  -28.773  48.130 0.0000000000
56711  -52.973  -28.230  47.549 0.0000000000
56710  -51.607  -28.409  47.668 0.0000000000
60949  -51.285  -25.148  51.730 0.0000000000
126391  -49.804  -27.366  51.039 0.0000000000
60969  -49.218  -24.657  51.172 0.0000000000
58871  -49.539  -26.343  51.022 0.0000000000
57784  -49.486  -28.126  49.829 0.0000000000
140623  -50.902  -28.321  47.001 0.0000000000
57804  -49.569  -28.046  46.847 0.0000000000
57814  -48.658  -27.664  46.439 0.0000000000
58881  -47.350  -26.782  48.685 0.0000000000
57813  -47.516  -27.334  47.017 0.0000000000
137180  -47.898  -27.501  46.143 0.0000000000
58899  -46.268  -26.795  44.715 0.0000000000
62090  -46.970  -23.073  49.137 0.0000000000
62089  -46.274  -23.533  48.708 0.0000000000
60991  -45.667  -23.933  48.204 0.0000000000
60995  -45.280  -24.438  47.600 0.0000000000
59940  -45.438  -25.352  47.645 0.0000000000
58888  -45.057  -25.831  46.771 0.0000000000
130566  -45.424  -26.441  45.329 0.0000000000
58898  -45.458  -26.487  44.505 0.0000000000
58910  -44.665  -26.185  44.167 0.0000000000
59954  -43.937  -25.745  43.724 0.0000000000
59953  -43.375  -25.188  43.217 0.0000000000
61003  -43.736  -24.102  45.003 0.0000000000
61010  -43.257  -24.479  43.550 0.0000000000
61013  -42.988  -24.407  42.650 0.0000000000
61012  -42.660  -23.800  41.884 0.0000000000
62144  -42.461  -23.109  41.881 0.0000000000
145171  -42.207  -22.834  41.268 0.0000000000
63182  -49.871  -22.424  44.087 0.0000000000
63194  -48.834  -22.399  44.034 0.0000000000
67005  -53.370  -19.164  44.140 0.0000000000
65100  -53.154  -20.361  43.846 0.0000000000
65099  -52.610  -20.828  43.673 0.0000000000
66039  -51.347  -20.283  42.513 0.0000000000
65112  -51.220  -21.168  42.944 0.0000000000
64182  -50.544  -21.688  43.294 0.0000000000
64181  -49.629  -21.635  42.938 0.0000000000
64165  -49.218  -21.986  43.421 0.0000000000
63193  -47.613  -22.226  43.918 0.0000000000
143890  -46.203  -21.874  43.460 0.0000000000
64161  -44.874  -21.884  43.335 0.0000000000
64193  -45.594  -21.124  42.218 0.0000000000
64179  -44.761  -21.543  42.685 0.0000000000
64178  -43.799  -21.672  42.415 0.0000000000
64177  -42.941  -21.986  42.126 0.0000000000
64190  -42.640  -21.763  41.314 0.0000000000
64196  -41.778  -22.145  40.147 0.0000000000
64204  -42.004  -21.417  39.684 0.0000000000
64211  -41.793  -21.159  38.818 0.0000000000
65150  -41.690  -20.830  37.810 0.0000000000
65144  -43.291  -20.316  39.470 0.0000000000
65152  -43.007  -20.099  38.703 0.0000000000
65157  -41.975  -20.197  37.083 0.0000000000
66104  -42.442  -19.615  36.574 0.0000000000
66111  -42.404  -19.556  35.593 0.0000000000
68038  -46.719  -17.604  40.291 0.0000000000
67056  -46.162  -17.991  39.829 0.0000000000
67069  -45.370  -18.131  38.553 0.0000000000
68061  -46.491  -17.026  38.757 0.0000000000
67081  -45.287  -17.972  37.666 0.0000000000
130053  -44.538  -18.339  37.219 0.0000000000
67098  -43.663  -18.582  35.725 0.0000000000
71089  -53.718  -13.883  41.620 0.0000000000
71113  -52.977  -14.914  40.072 0.0000000000
69048  -50.322  -16.267  38.466 0.0000000000
69065  -50.087  -16.442  37.866 0.0000000000
69051  -53.828  -16.477  38.463 0.0000000000
127618  -53.042  -16.487  38.265 0.0000000000
69089  -52.107  -16.478  36.737 0.0000000000
69067  -52.500  -16.547  37.593 0.0000000000
146025  -50.945  -16.561  37.135 0.0000000000
122086  -50.273  -16.530  37.265 0.0000000000
58711  -21.160  -26.556  61.988 0.0000000000
143991  -20.771  -28.065  61.207 0.0000000000
52402  -21.292  -32.604  55.453 0.0000000000
139584  -20.970  -31.365  55.942 0.0000000000
52410  -21.618  -32.436  54.686 0.0000000000
55423  -24.588  -28.535  62.531 0.0000000000
144543  -24.523  -28.676  61.951 0.0000000000
55467  -25.445  -29.239  60.581 0.0000000000
55466  -24.684  -29.078  60.810 0.0000000000
121170  -24.096  -29.206  60.034 0.0000000000
133834  -23.769  -29.272  59.068 0.0000000000
55520  -23.772  -29.500  57.420 0.0000000000
55523  -26.837  -29.625  57.698 0.0000000000
123248  -26.104  -29.598  57.357 0.0000000000
54427  -26.253  -29.760  55.902 0.0000000000
55538  -25.448  -29.557  56.837 0.0000000000
55521  -24.696  -29.534  57.618 0.0000000000
55537  -24.476  -29.571  56.723 0.0000000000
126882  -23.770  -29.591  56.645 0.0000000000
54438  -23.408  -30.119  55.339 0.0000000000
53383  -23.102  -30.914  53.851 0.0000000000
52421  -23.134  -32.190  52.760 0.0000000000
53405  -23.757  -32.015  52.416 0.0000000000
49265  -26.730  -35.401  54.331 0.0000000000
55378  -34.796  -28.951  65.577 0.0000000000
121744  -34.401  -28.880  64.515 0.0000000000
55409  -34.500  -28.722  63.681 0.0000000000
137754  -35.128  -28.701  63.474 0.0000000000
55433  -34.680  -28.692  62.810 0.0000000000
123320  -33.846  -28.814  62.870 0.0000000000
55456  -33.561  -29.336  61.107 0.0000000000
145609  -37.094  -29.744  60.082 0.0000000000
55477  -36.230  -29.552  59.982 0.0000000000
55496  -35.402  -29.883  59.594 0.0000000000
54381  -35.410  -30.569  59.176 0.0000000000
55495  -34.545  -29.752  59.753 0.0000000000
55494  -33.606  -30.003  59.610 0.0000000000
129035  -32.754  -30.528  58.660 0.0000000000
141206  -32.422  -30.855  58.038 0.0000000000
52371  -33.172  -32.140  58.098 0.0000000000
145951  -32.751  -31.850  57.769 0.0000000000
53344  -32.280  -31.625  57.641 0.0000000000
123873  -35.290  -35.481  62.490 0.0000000000
49164  -35.125  -35.275  63.086 0.0000000000
49163  -34.591  -35.154  63.528 0.0000000000
51375  -34.585  -33.955  63.568 0.0000000000
122090  -33.376  -33.533  62.330 0.0000000000
51373  -32.657  -33.505  63.331 0.0000000000
128260  -33.065  -33.499  61.254 0.0000000000
51408  -32.331  -33.524  60.640 0.0000000000
128270  -30.688  -33.473  61.289 0.0000000000
51424  -31.084  -33.629  59.315 0.0000000000
140532  -30.529  -33.551  58.554 0.0000000000
51436  -29.616  -33.548  58.250 0.0000000000
51435  -28.450  -33.722  58.594 0.0000000000
51434  -27.822  -34.062  58.969 0.0000000000
49199  -37.989  -34.909  60.366 0.0000000000
50276  -34.833  -34.828  63.569 0.0000000000
50297  -39.539  -34.088  61.461 0.0000000000
50372  -26.399  -34.877  52.886 0.0000000000
51347  -33.032  -33.998  64.691 0.0000000000
51361  -34.431  -34.338  63.912 0.0000000000
51377  -36.510  -34.486  62.113 0.0000000000
51414  -40.598  -33.781  60.881 0.0000000000
51444  -39.426  -33.291  59.117 0.0000000000
51486  -22.874  -33.741  52.856 0.0000000000
52343  -42.246  -31.517  60.911 0.0000000000
52387  -39.138  -32.050  58.131 0.0000000000
52397  -36.386  -32.177  57.029 0.0000000000
53321  -42.539  -31.194  60.415 0.0000000000
53334  -42.677  -31.421  59.997 0.0000000000
53350  -41.965  -31.594  58.901 0.0000000000
53369  -36.259  -31.684  56.287 0.0000000000
53372  -38.753  -31.255  57.103 0.0000000000
53394  -24.597  -31.209  53.017 0.0000000000
54408  -21.338  -30.075  56.934 0.0000000000
54425  -23.243  -29.775  56.139 0.0000000000
54449  -22.734  -30.623  54.683 0.0000000000
54451  -24.721  -30.377  54.306 0.0000000000
54523  -43.224  -30.352  44.794 0.0000000000
54537  -41.191  -30.712  43.887 0.0000000000
54588  -39.005  -31.155  42.016 0.0000000000
55367  -36.019  -28.540  65.935 0.0000000000
55425  -25.774  -28.673  62.092 0.0000000000
55440  -42.376  -28.771  62.065 0.0000000000
55479  -43.257  -29.439  60.113 0.0000000000
55512  -43.414  -29.641  58.648 0.0000000000
55534  -21.960  -29.612  56.793 0.0000000000
55554  -49.331  -28.973  54.361 0.0000000000
55560  -48.992  -29.208  53.861 0.0000000000
55561  -49.982  -29.257  54.023 0.0000000000
55562  -50.845  -29.162  54.035 0.0000000000
55569  -50.786  -29.377  53.174 0.0000000000
55588  -52.678  -29.158  50.377 0.0000000000
55621  -52.185  -29.374  49.404 0.0000000000
55640  -53.228  -28.957  49.041 0.0000000000
55670  -53.023  -28.486  47.349 0.0000000000
55687  -53.199  -28.110  45.815 0.0000000000
56468  -33.157  -28.363  67.631 0.0000000000
56494  -39.280  -28.183  64.948 0.0000000000
56538  -42.737  -27.914  61.625 0.0000000000
56564  -22.211  -28.638  58.713 0.0000000000
56606  -50.638  -28.573  54.312 0.0000000000
56618  -47.797  -28.499  53.669 0.0000000000
56619  -48.559  -28.811  54.009 0.0000000000
56620  -51.056  -28.987  54.199 0.0000000000
56647  -52.152  -29.008  51.275 0.0000000000
56677  -52.901  -28.836  49.413 0.0000000000
56694  -52.998  -28.823  48.510 0.0000000000
56712  -53.003  -28.345  47.616 0.0000000000
56716  -35.489  -28.442  46.359 0.0000000000
56725  -52.674  -27.878  46.766 0.0000000000
56807  -44.454  -28.154  41.386 0.0000000000
57626  -41.421  -27.748  62.945 0.0000000000
57654  -43.199  -28.008  60.423 0.0000000000
57661  -43.310  -28.274  59.897 0.0000000000
57695  -42.668  -28.006  57.419 0.0000000000
57722  -48.601  -28.226  54.005 0.0000000000
57723  -49.206  -27.999  54.172 0.0000000000
57724  -50.152  -27.953  54.246 0.0000000000
57725  -51.031  -27.842  54.098 0.0000000000
57759  -51.966  -27.753  52.529 0.0000000000
57760  -52.078  -27.777  52.955 0.0000000000
57770  -51.389  -28.178  51.742 0.0000000000
57771  -51.655  -27.922  52.124 0.0000000000
57793  -49.514  -28.272  49.006 0.0000000000
57796  -39.690  -27.719  46.638 0.0000000000
57798  -41.034  -27.709  47.329 0.0000000000
57802  -47.733  -27.297  47.866 0.0000000000
57807  -37.598  -27.848  46.007 0.0000000000
57817  -53.131  -28.039  45.482 0.0000000000
57826  -47.783  -27.394  45.535 0.0000000000
57827  -48.840  -27.469  45.512 0.0000000000
57828  -52.519  -27.849  45.085 0.0000000000
57835  -36.444  -27.429  44.247 0.0000000000
57840  -48.227  -27.329  44.945 0.0000000000
57843  -51.969  -27.911  44.490 0.0000000000
57854  -36.457  -27.575  43.427 0.0000000000
57878  -50.651  -26.901  41.595 0.0000000000
58705  -41.972  -27.413  62.002 0.0000000000
58765  -42.458  -27.384  58.975 0.0000000000
58830  -48.710  -26.866  53.690 0.0000000000
58831  -49.350  -26.557  53.905 0.0000000000
58856  -50.440  -26.615  51.374 0.0000000000
58869  -47.827  -25.855  50.148 0.0000000000
58880  -46.512  -26.150  48.648 0.0000000000
58892  -44.732  -25.910  45.903 0.0000000000
58915  -50.952  -27.110  42.804 0.0000000000
58925  -45.837  -26.301  42.808 0.0000000000
58937  -50.090  -25.770  41.289 0.0000000000
58939  -50.592  -26.280  40.896 0.0000000000
58958  -50.362  -26.150  39.772 0.0000000000
59748  -21.730  -25.116  63.260 0.0000000000
59860  -50.949  -25.375  54.206 0.0000000000
59880  -52.566  -25.488  53.112 0.0000000000
59898  -52.513  -25.778  52.796 0.0000000000
59920  -49.174  -25.513  51.031 0.0000000000
59930  -46.468  -25.339  49.154 0.0000000000
59935  -45.641  -24.607  48.193 0.0000000000
59985  -50.459  -25.832  40.182 0.0000000000
60929  -43.904  -24.245  52.653 0.0000000000
60930  -44.508  -24.586  52.267 0.0000000000
60967  -47.142  -24.008  50.098 0.0000000000
61000  -44.901  -24.190  46.945 0.0000000000
61004  -44.103  -24.541  45.731 0.0000000000
61007  -43.490  -24.341  44.325 0.0000000000
62130  -43.610  -23.723  44.426 0.0000000000
62147  -42.289  -23.302  41.230 0.0000000000
62150  -41.789  -23.153  39.944 0.0000000000
62207  -41.587  -22.977  35.016 0.0000000000
63177  -44.270  -22.864  44.549 0.0000000000
63205  -44.053  -21.994  43.166 0.0000000000
63208  -42.493  -22.473  41.677 0.0000000000
63211  -42.148  -22.315  40.930 0.0000000000
64183  -51.998  -21.184  43.473 0.0000000000
64203  -41.575  -21.914  39.289 0.0000000000
64225  -41.310  -21.571  36.306 0.0000000000
65122  -43.824  -20.754  40.816 0.0000000000
65124  -45.414  -20.640  41.530 0.0000000000
65127  -49.460  -20.580  42.286 0.0000000000
65151  -42.294  -20.491  38.411 0.0000000000
65162  -41.485  -20.832  35.744 0.0000000000
66022  -53.440  -19.836  43.933 0.0000000000
66041  -53.109  -20.314  43.224 0.0000000000
66061  -44.790  -19.713  40.052 0.0000000000
66090  -42.722  -19.994  38.084 0.0000000000
67091  -43.728  -18.710  36.793 0.0000000000
67099  -44.373  -18.226  35.308 0.0000000000
67999  -53.473  -18.332  44.185 0.0000000000
68023  -52.957  -18.037  43.447 0.0000000000
68040  -47.920  -16.789  41.005 0.0000000000
68050  -46.965  -16.906  40.125 0.0000000000
68060  -45.923  -17.517  38.184 0.0000000000
68074  -47.187  -16.783  37.413 0.0000000000
68985  -53.338  -17.702  44.542 0.0000000000
69018  -57.275  -15.943  40.483 0.0000000000
69050  -52.447  -16.458  38.389 0.0000000000
69055  -58.908  -16.045  38.995 0.0000000000
69064  -49.362  -16.464  37.474 0.0000000000
69073  -59.089  -16.193  38.066 0.0000000000
70075  -50.457  -15.169  41.449 0.0000000000
70085  -50.837  -15.072  40.466 0.0000000000
70102  -52.180  -15.517  39.762 0.0000000000
70104  -55.987  -16.107  40.596 0.0000000000
71099  -51.407  -14.732  40.746 0.0000000000
121181  -29.231  -27.964  64.987 0.0000000000
121243  -23.570  -28.582  60.926 0.0000000000
121259  -47.171  -28.525  40.780 0.0000000000
122645  -38.858  -30.434  43.284 0.0000000000
122950  -23.593  -27.666  63.944 0.0000000000
123675  -51.694  -29.559  49.961 0.0000000000
123807  -35.489  -28.677  65.961 0.0000000000
124342  -46.515  -26.670  47.151 0.0000000000
124635  -44.441  -25.696  42.015 0.0000000000
125293  -46.040  -22.360  44.322 0.0000000000
126918  -53.318  -29.017  49.604 0.0000000000
128253  -43.389  -30.126  59.278 0.0000000000
128952  -46.098  -28.913  43.290 0.0000000000
129072  -35.999  -29.541  50.864 0.0000000000
129301  -51.986  -26.648  53.525 0.0000000000
129356  -42.248  -20.249  37.773 0.0000000000
129366  -56.687  -14.562  40.796 0.0000000000
130331  -39.599  -30.842  43.444 0.0000000000
130439  -43.414  -23.051  54.843 0.0000000000
130898  -42.710  -30.744  60.286 0.0000000000
131584  -51.480  -27.686  45.414 0.0000000000
131861  -57.834  -16.453  39.403 0.0000000000
131913  -51.713  -25.335  51.905 0.0000000000
133430  -53.931  -14.017  43.267 0.0000000000
133447  -57.081  -15.262  40.632 0.0000000000
135203  -37.835  -27.458  44.313 0.0000000000
137860  -38.754  -31.742  57.658 0.0000000000
138604  -34.207  -33.999  64.082 0.0000000000
138947  -34.474  -31.429  54.332 0.0000000000
139181  -36.675  -27.500  44.944 0.0000000000
139397  -53.315  -19.700  43.004 0.0000000000
140272  -41.741  -28.133  56.208 0.0000000000
140286  -22.627  -32.488  53.281 0.0000000000
140479  -50.419  -26.442  39.953 0.0000000000
140545  -51.933  -27.787  53.194 0.0000000000
141251  -51.384  -26.962  53.885 0.0000000000
141359  -52.411  -29.316  50.011 0.0000000000
142181  -53.529  -16.512  44.853 0.0000000000
142364  -45.420  -26.303  46.068 0.0000000000
142574  -41.549  -27.915  45.409 0.0000000000
143067  -43.566  -19.045  37.399 0.0000000000
143317  -32.738  -28.750  64.649 0.0000000000
143695  -45.430  -30.316  45.469 0.0000000000
143768  -48.378  -28.451  53.930 0.0000000000
144335  -46.232  -26.629  44.022 0.0000000000
144634  -51.981  -16.335  38.681 0.0000000000
145423  -39.181  -29.185  48.447 0.0000000000
145580  -51.742  -26.203  53.886 0.0000000000
145981  -40.310  -25.334  59.698 0.0000000000
146056  -43.009  -22.373  56.838 0.0000000000
146132  -35.345  -28.658  62.875 0.0000000000
146170  -47.764  -24.314  50.438 0.0000000000
