#!ascii label  , from subject sub-v2s3x28753_ses-1 vox2ras=TkReg
2060
10381  39.840  -76.459  8.606 0.2000000030
10376  40.427  -76.466  9.282 0.2000000030
11117  40.559  -76.224  7.920 0.2000000030
135902  39.588  -76.724  9.504 0.2000000030
11134  40.215  -75.934  6.918 0.1000000015
10375  40.756  -76.357  10.040 0.3000000119
11106  40.788  -76.285  8.651 0.2000000030
11133  41.224  -75.974  7.416 0.1000000015
125112  40.718  -75.691  6.472 0.1000000015
11940  41.995  -75.126  5.803 0.1000000015
142447  40.008  -75.656  5.622 0.1000000015
12749  42.349  -74.033  4.290 0.1000000015
11150  40.753  -75.403  5.309 0.1000000015
11956  41.197  -75.136  4.333 0.1000000015
12768  42.061  -73.594  3.630 0.2000000030
11973  41.383  -74.503  3.715 0.1000000015
11939  42.914  -75.285  7.062 0.1000000015
11938  43.336  -74.686  6.256 0.1000000015
11116  41.544  -76.021  8.338 0.2000000030
11149  41.667  -75.559  6.710 0.1000000015
13599  42.894  -73.035  3.590 0.1000000015
15101  43.208  -71.075  2.657 0.2000000030
13619  43.223  -72.454  3.277 0.2000000030
146441  43.002  -70.385  2.719 0.1000000015
13620  42.312  -72.766  3.338 0.2000000030
127532  43.051  -68.856  2.824 0.2000000030
15924  42.456  -69.682  3.166 0.1000000015
16765  41.879  -68.802  3.494 0.1000000015
137328  44.090  -74.096  6.085 0.1000000015
11955  42.141  -74.532  4.986 0.1000000015
16782  44.068  -69.028  2.362 0.2000000030
16763  43.906  -67.970  2.472 0.2000000030
17636  43.281  -67.276  3.018 0.2000000030
16764  42.569  -67.939  3.243 0.2000000030
17637  42.259  -66.934  3.617 0.1000000015
16741  41.346  -67.853  3.976 0.2000000030
12748  43.247  -74.111  5.246 0.1000000015
136808  44.251  -73.006  4.980 0.1000000015
12767  43.228  -73.474  4.432 0.1000000015
13618  44.204  -72.106  3.760 0.2000000030
15100  44.713  -70.574  3.079 0.2000000030
15122  44.467  -70.220  2.586 0.3000000119
18580  42.864  -65.926  3.778 0.3000000119
17616  41.275  -66.971  4.259 0.2000000030
123736  39.914  -67.871  4.532 0.2000000030
144920  45.087  -68.719  2.491 0.3000000119
14360  43.625  -71.725  2.915 0.2000000030
129083  44.116  -66.145  3.294 0.3000000119
19464  43.312  -64.950  4.242 0.3000000119
20387  42.792  -64.150  4.696 0.3000000119
19465  42.181  -65.166  4.399 0.3000000119
128531  41.703  -66.165  4.267 0.2000000030
17617  40.453  -67.365  4.502 0.2000000030
17618  39.717  -67.458  4.723 0.2000000030
20385  45.191  -64.720  4.739 0.4000000060
19482  45.161  -65.691  3.609 0.3000000119
19463  44.642  -64.952  4.155 0.3000000119
17652  44.876  -67.546  2.378 0.2000000030
17635  44.345  -66.940  2.646 0.2000000030
19447  41.779  -64.465  4.961 0.3000000119
18562  40.742  -66.451  4.650 0.2000000030
128099  40.873  -64.693  5.343 0.2000000030
18540  40.192  -65.852  5.315 0.2000000030
20348  44.604  -64.167  5.704 0.3000000119
20386  44.049  -63.996  4.646 0.3000000119
137544  41.568  -63.741  5.508 0.2000000030
20370  40.014  -64.795  5.810 0.2000000030
20369  40.734  -63.846  5.868 0.2000000030
19431  39.293  -64.710  6.368 0.1000000015
19448  39.149  -65.773  5.905 0.2000000030
126576  39.403  -66.528  5.384 0.2000000030
125187  43.401  -63.751  6.324 0.3000000119
21215  42.402  -63.183  6.108 0.3000000119
20349  43.352  -63.492  5.435 0.3000000119
21216  41.518  -63.044  6.789 0.2000000030
21229  41.672  -63.081  6.249 0.3000000119
21217  40.611  -62.759  7.153 0.2000000030
21228  42.331  -63.248  5.678 0.3000000119
21230  40.871  -62.908  6.634 0.1000000015
21231  40.023  -63.003  6.709 0.1000000015
20352  38.686  -64.303  6.791 0.1000000015
126321  39.422  -63.821  6.632 0.1000000015
21218  39.651  -62.766  7.328 0.1000000015
19432  38.408  -65.300  6.507 0.1000000015
127990  43.100  -64.189  7.347 0.3000000119
20341  41.991  -63.773  7.626 0.2000000030
20329  41.485  -64.142  8.687 0.2000000030
21194  40.220  -63.833  9.870 0.2000000030
21195  39.611  -63.437  10.011 0.1000000015
21205  41.050  -63.337  7.750 0.1000000015
21199  39.952  -63.377  9.015 0.1000000015
21206  40.254  -62.856  7.931 0.1000000015
137260  40.264  -62.708  7.028 0.1000000015
137750  38.792  -62.807  7.587 0.1000000015
20342  38.172  -63.762  7.310 0.1000000015
22061  39.006  -62.842  10.284 0.1000000015
22065  38.455  -62.272  9.598 0.1000000015
22064  39.132  -62.785  9.253 0.1000000015
22075  38.544  -62.270  8.593 0.1000000015
22090  39.183  -62.517  7.878 0.1000000015
128499  37.780  -61.956  8.540 0.1000000015
136325  38.309  -62.361  8.046 0.1000000015
22963  37.987  -61.869  10.924 0.1000000015
22981  37.190  -61.540  8.956 0.1000000015
22091  37.423  -62.569  8.109 0.1000000015
22062  38.465  -62.307  10.566 0.1000000015
15102  42.152  -70.654  3.255 0.1000000015
17419  35.424  -67.385  17.308 0.5000000000
17382  36.910  -67.013  19.205 0.5000000000
17402  35.467  -67.177  18.429 0.5000000000
123133  34.310  -67.499  17.221 0.5000000000
15699  39.280  -69.611  21.076 0.2000000030
15717  38.528  -69.124  20.838 0.2000000030
16518  37.600  -67.849  20.253 0.3000000119
17368  37.007  -67.376  19.910 0.5000000000
145265  36.240  -67.035  19.276 0.5000000000
17383  35.633  -67.113  19.259 0.5000000000
17384  34.636  -67.158  19.126 0.5000000000
17403  34.538  -67.300  18.133 0.5000000000
17435  34.015  -67.750  16.425 0.5000000000
17420  33.354  -67.572  17.100 0.5000000000
17456  33.622  -68.155  15.786 0.5000000000
15795  33.991  -69.147  14.259 0.5000000000
15700  37.737  -69.530  21.315 0.3000000119
15701  36.944  -69.204  21.180 0.3000000119
16519  36.592  -67.897  20.422 0.5000000000
18352  33.917  -67.155  18.671 0.5000000000
17404  33.516  -67.343  17.944 0.5000000000
17436  33.014  -67.852  16.430 0.5000000000
17457  32.551  -68.161  15.769 0.5000000000
14272  34.885  -71.065  12.256 0.4000000060
15007  34.601  -70.506  12.810 0.5000000000
145769  34.248  -70.076  13.133 0.5000000000
16614  33.012  -68.968  14.364 0.5000000000
122719  35.696  -71.429  12.487 0.4000000060
14888  38.769  -70.510  21.765 0.3000000119
14910  36.927  -70.066  21.802 0.4000000060
128040  36.162  -69.548  21.524 0.4000000060
16520  35.611  -67.991  20.555 0.5000000000
16521  34.630  -68.121  20.690 0.5000000000
136418  35.017  -67.382  19.993 0.5000000000
18332  33.652  -66.967  19.318 0.5000000000
17385  34.068  -67.166  19.847 0.5000000000
18353  33.169  -66.893  18.725 0.5000000000
17421  32.466  -67.141  18.001 0.5000000000
139910  32.180  -67.768  16.309 0.5000000000
144043  32.521  -68.638  14.694 0.6000000238
15816  33.605  -69.848  13.034 0.5000000000
15807  33.308  -69.413  13.653 0.5000000000
16615  32.325  -69.043  13.590 0.5000000000
14279  36.178  -71.901  11.836 0.4000000060
13330  40.701  -72.130  26.286 0.1000000015
13332  38.913  -72.215  25.995 0.1000000015
14117  37.931  -71.822  26.536 0.1000000015
13349  39.522  -72.322  25.295 0.1000000015
13350  38.760  -72.252  25.226 0.1000000015
14127  37.536  -71.771  25.774 0.1000000015
13358  39.094  -72.369  24.561 0.1000000015
14133  38.284  -72.098  24.713 0.1000000015
14128  36.558  -71.478  25.274 0.1000000015
14158  38.656  -71.406  22.505 0.2000000030
14139  38.183  -71.843  23.273 0.1000000015
14909  37.873  -70.291  21.777 0.3000000119
14890  36.500  -70.755  22.459 0.4000000060
14911  35.976  -70.202  22.088 0.4000000060
135062  34.218  -67.575  20.332 0.5000000000
18323  33.245  -66.790  19.945 0.5000000000
18333  32.827  -66.614  19.379 0.5000000000
136511  32.442  -66.648  18.763 0.5000000000
17458  31.691  -67.767  15.702 0.5000000000
15008  33.924  -70.325  12.562 0.5000000000
13495  37.799  -72.400  12.629 0.5000000000
14065  42.462  -71.469  29.659 0.1000000015
13290  42.796  -71.795  27.991 0.1000000015
13291  41.314  -71.963  27.963 0.1000000015
13312  40.743  -72.135  27.147 0.1000000015
13313  39.879  -72.229  26.684 0.1000000015
13314  39.022  -72.175  26.926 0.1000000015
14104  38.318  -71.763  27.616 0.1000000015
13292  40.142  -72.069  27.963 0.1000000015
146625  39.760  -72.167  27.314 0.1000000015
142578  36.979  -71.514  26.775 0.1000000015
14872  33.701  -70.439  24.724 0.2000000030
14873  32.973  -70.074  24.856 0.2000000030
13366  39.535  -72.354  23.689 0.1000000015
131401  37.832  -71.899  24.064 0.1000000015
139654  37.192  -71.664  24.115 0.1000000015
14135  36.628  -71.485  24.462 0.1000000015
14871  34.496  -70.754  24.526 0.2000000030
14140  37.428  -71.624  23.438 0.2000000030
14141  36.729  -71.433  23.649 0.1000000015
14876  35.448  -70.946  23.389 0.2000000030
14892  34.165  -70.309  23.001 0.2000000030
15674  33.166  -70.063  24.020 0.2000000030
15675  32.365  -69.633  24.196 0.2000000030
14160  36.963  -71.277  22.908 0.2000000030
126917  35.702  -70.704  22.688 0.2000000030
15702  35.320  -69.668  21.789 0.3000000119
15704  33.643  -69.051  21.855 0.3000000119
17360  32.900  -68.037  21.125 0.4000000060
17370  33.493  -67.433  20.445 0.5000000000
16601  32.083  -68.643  14.263 0.5000000000
15818  31.534  -68.669  11.991 0.5000000000
16630  31.344  -68.098  12.638 0.5000000000
16616  31.604  -68.403  13.485 0.5000000000
15817  32.282  -69.780  11.851 0.5000000000
16629  31.764  -68.876  12.801 0.5000000000
18372  31.525  -66.918  17.384 0.5000000000
15021  33.566  -70.636  11.801 0.5000000000
15009  33.056  -70.165  12.281 0.5000000000
15808  32.554  -69.535  12.797 0.5000000000
17469  31.434  -67.988  14.186 0.5000000000
14280  35.176  -71.667  11.468 0.5000000000
15020  34.258  -70.750  12.199 0.5000000000
17468  31.973  -68.334  15.010 0.6000000238
13496  37.000  -72.200  12.240 0.4000000060
14045  42.924  -70.980  30.405 0.1000000015
14084  41.888  -71.748  28.795 0.1000000015
14066  41.158  -71.536  29.599 0.1000000015
14809  39.779  -70.731  30.005 0.1000000015
142738  38.827  -69.535  30.069 0.1000000015
14085  40.603  -71.853  28.777 0.1000000015
14067  40.088  -71.465  29.501 0.1000000015
14086  39.561  -71.821  28.703 0.1000000015
14088  37.807  -71.364  28.345 0.1000000015
14105  37.409  -71.490  27.516 0.1000000015
146933  36.357  -71.291  26.784 0.1000000015
14854  34.541  -70.621  26.651 0.1000000015
14129  35.851  -71.247  25.635 0.1000000015
14864  34.287  -70.692  25.580 0.2000000030
14865  33.423  -70.332  25.526 0.2000000030
14870  35.151  -71.021  25.140 0.1000000015
143936  33.271  -69.218  22.240 0.3000000119
15688  32.881  -69.377  22.714 0.3000000119
15681  32.182  -69.268  23.332 0.2000000030
16493  32.869  -68.780  21.936 0.3000000119
16494  32.117  -68.788  22.577 0.2000000030
17371  32.728  -67.143  20.602 0.4000000060
17361  31.574  -67.376  21.472 0.3000000119
18324  32.389  -66.415  20.048 0.4000000060
17372  31.985  -66.871  20.812 0.4000000060
129984  31.361  -66.979  11.874 0.5000000000
18448  31.266  -66.430  12.600 0.5000000000
17484  31.181  -67.604  13.360 0.5000000000
18334  31.957  -66.296  19.230 0.5000000000
20290  31.629  -64.846  13.018 0.5000000000
18429  30.815  -65.517  14.142 0.5000000000
129195  30.960  -66.799  13.327 0.5000000000
127877  30.904  -67.209  14.079 0.6000000238
19293  31.051  -66.287  17.870 0.5000000000
18354  31.752  -66.597  18.332 0.5000000000
20271  31.426  -64.291  13.699 0.5000000000
19336  30.589  -65.285  14.698 0.5000000000
18428  30.739  -66.364  14.049 0.6000000238
122889  31.237  -67.562  14.902 0.5000000000
17437  31.482  -67.255  16.453 0.5000000000
18414  30.735  -66.788  14.789 0.5000000000
127349  38.659  -72.530  13.027 0.4000000060
146485  38.282  -72.564  12.236 0.4000000060
17289  37.864  -66.692  29.966 0.1000000015
15614  38.397  -68.888  30.131 0.1000000015
134561  36.650  -67.562  29.925 0.1000000015
14068  39.097  -71.298  29.317 0.1000000015
14810  38.715  -70.454  29.715 0.1000000015
129967  37.162  -70.133  29.430 0.1000000015
144025  36.678  -69.529  29.612 0.1000000015
126048  37.866  -70.516  29.401 0.1000000015
15627  36.307  -70.008  29.242 0.1000000015
130102  35.988  -69.328  29.540 0.1000000015
14841  36.365  -70.799  28.187 0.1000000015
14829  35.183  -70.208  28.364 0.1000000015
14843  34.850  -70.476  27.553 0.1000000015
15648  33.218  -69.930  27.195 0.2000000030
15656  32.968  -70.001  26.533 0.2000000030
15666  31.679  -69.340  25.618 0.2000000030
15665  32.323  -69.698  25.152 0.2000000030
15682  31.636  -69.098  23.971 0.2000000030
24641  31.693  -59.648  17.864 0.2000000030
16495  31.370  -68.233  22.555 0.2000000030
23752  32.172  -60.182  17.215 0.2000000030
23753  31.264  -60.312  17.357 0.2000000030
23754  30.487  -60.607  17.621 0.2000000030
22865  29.730  -61.769  17.500 0.2000000030
17358  31.233  -67.765  22.009 0.2000000030
23777  31.712  -60.760  16.671 0.2000000030
22888  31.295  -61.356  16.156 0.2000000030
22889  30.515  -61.643  16.372 0.2000000030
21959  29.878  -62.047  16.802 0.2000000030
134795  29.602  -62.474  17.465 0.3000000119
21087  29.601  -63.237  17.455 0.2000000030
20207  29.712  -63.929  17.825 0.4000000060
129138  32.223  -62.162  14.881 0.2000000030
22903  31.785  -61.742  15.546 0.3000000119
21997  30.949  -61.969  15.645 0.3000000119
21975  30.214  -62.533  15.977 0.4000000060
21098  29.715  -62.903  16.753 0.3000000119
20221  29.706  -63.781  16.960 0.4000000060
20206  30.207  -64.780  18.259 0.5000000000
19254  31.301  -65.773  19.468 0.4000000060
21150  32.410  -63.249  13.455 0.5000000000
21151  31.714  -63.523  13.816 0.4000000060
21131  31.338  -63.194  14.449 0.4000000060
21114  30.887  -62.766  15.140 0.4000000060
21115  30.329  -63.324  15.508 0.4000000060
123298  30.178  -64.135  15.597 0.5000000000
20220  29.934  -64.444  16.403 0.5000000000
125253  30.000  -64.614  17.297 0.5000000000
19274  31.237  -66.022  18.695 0.5000000000
20256  31.205  -63.880  14.213 0.5000000000
20257  30.889  -64.641  14.331 0.5000000000
19322  30.440  -65.541  15.286 0.5000000000
18415  30.573  -65.977  14.714 0.5000000000
18401  31.027  -67.085  15.598 0.5000000000
18384  30.805  -66.563  16.258 0.5000000000
18373  30.781  -66.344  17.034 0.5000000000
20040  37.152  -63.964  29.718 0.1000000015
19140  37.630  -64.564  29.716 0.1000000015
127426  37.292  -65.198  29.549 0.1000000015
131409  36.093  -64.542  29.407 0.1000000015
126229  36.007  -66.842  29.781 0.1000000015
18222  35.470  -66.446  29.679 0.1000000015
17290  35.657  -67.696  29.758 0.1000000015
18223  34.729  -66.587  29.684 0.1000000015
15629  34.338  -68.911  29.205 0.1000000015
16432  33.874  -68.194  29.366 0.1000000015
14830  34.380  -69.998  28.143 0.1000000015
15642  32.683  -69.365  27.879 0.2000000030
16446  32.003  -68.778  28.130 0.2000000030
130580  32.438  -69.653  26.963 0.2000000030
15676  31.697  -69.277  24.756 0.2000000030
16487  31.518  -68.715  23.252 0.2000000030
24625  31.289  -59.175  18.610 0.1000000015
23739  30.835  -59.839  18.086 0.2000000030
22846  29.800  -61.138  18.077 0.2000000030
17362  30.832  -67.149  21.810 0.2000000030
24616  31.012  -58.868  19.419 0.1000000015
24626  30.522  -59.507  18.931 0.1000000015
23732  29.921  -60.095  19.386 0.1000000015
23741  29.679  -60.730  18.920 0.1000000015
130524  29.513  -62.022  18.184 0.1000000015
21077  29.537  -63.057  18.277 0.2000000030
18325  31.635  -66.208  20.403 0.3000000119
18318  31.227  -66.663  21.133 0.2000000030
21943  29.495  -62.392  19.050 0.1000000015
21061  29.604  -63.285  19.263 0.1000000015
20190  29.780  -63.987  18.732 0.3000000119
19242  31.246  -65.654  20.096 0.2000000030
121733  30.329  -65.447  16.776 0.5000000000
133788  30.372  -65.260  17.600 0.5000000000
128058  30.664  -65.630  18.163 0.5000000000
136565  30.188  -65.046  15.829 0.5000000000
143870  30.554  -66.073  16.524 0.5000000000
19294  30.605  -65.831  17.501 0.5000000000
19305  30.438  -65.849  16.010 0.5000000000
20025  36.183  -63.487  30.444 0.1000000015
20939  35.834  -62.972  29.475 0.1000000015
20042  35.766  -63.587  29.300 0.1000000015
20041  36.536  -63.711  29.547 0.1000000015
20940  35.154  -62.829  29.049 0.1000000015
124231  35.348  -65.681  29.552 0.1000000015
18225  32.958  -66.438  29.422 0.1000000015
143355  33.803  -65.432  29.462 0.1000000015
17293  33.259  -67.450  29.428 0.1000000015
136566  32.481  -67.876  29.098 0.2000000030
15649  31.801  -69.101  27.419 0.2000000030
16458  31.108  -68.716  26.937 0.2000000030
16470  30.605  -68.398  25.606 0.2000000030
137692  31.110  -68.900  25.202 0.2000000030
16488  31.023  -68.578  23.918 0.2000000030
128506  30.314  -67.660  23.338 0.2000000030
17359  30.631  -67.593  22.589 0.2000000030
24608  30.998  -58.946  20.264 0.1000000015
24617  30.376  -59.426  19.856 0.1000000015
23724  29.556  -60.869  19.832 0.1000000015
22837  29.485  -61.837  19.803 0.1000000015
19239  30.194  -65.544  21.195 0.1000000015
18319  30.480  -66.361  21.526 0.2000000030
18315  30.138  -66.766  22.285 0.2000000030
21918  29.468  -62.167  20.506 0.1000000015
21933  29.516  -62.676  19.909 0.1000000015
20167  29.876  -64.034  19.574 0.1000000015
19243  30.586  -65.239  20.388 0.2000000030
18326  30.880  -65.958  20.765 0.2000000030
21795  33.898  -61.939  30.103 0.1000000015
21794  34.815  -62.026  29.765 0.1000000015
22701  32.460  -60.822  29.254 0.1000000015
20953  35.079  -62.304  29.163 0.1000000015
22700  34.020  -61.066  28.929 0.1000000015
21828  34.340  -61.642  28.822 0.1000000015
20044  33.385  -64.595  29.160 0.1000000015
20043  34.537  -64.024  29.223 0.1000000015
137714  31.455  -66.875  28.572 0.1000000015
17299  31.306  -67.535  28.312 0.1000000015
18245  30.983  -66.854  28.046 0.1000000015
17307  30.799  -67.522  27.629 0.1000000015
16459  30.616  -68.254  26.457 0.2000000030
144788  30.258  -67.937  25.251 0.2000000030
16489  30.420  -68.015  23.943 0.2000000030
17345  30.096  -67.695  24.650 0.2000000030
18316  29.583  -66.117  22.948 0.1000000015
18310  29.904  -67.076  23.075 0.2000000030
24597  33.063  -59.519  21.501 0.1000000015
23714  31.475  -60.264  22.101 0.1000000015
129804  30.798  -59.884  21.574 0.1000000015
23716  29.619  -60.712  20.767 0.1000000015
18320  29.828  -65.898  22.007 0.2000000030
22816  29.915  -60.912  22.023 0.1000000015
22817  29.632  -61.121  21.440 0.1000000015
22826  29.501  -61.434  20.635 0.1000000015
21913  29.470  -62.863  20.841 0.1000000015
131802  29.863  -64.101  20.241 0.1000000015
19244  29.910  -64.651  20.809 0.2000000030
23601  32.618  -60.503  28.745 0.1000000015
22719  33.115  -60.733  28.391 0.1000000015
21829  33.370  -61.471  28.115 0.1000000015
122224  32.555  -64.547  28.743 0.1000000015
18234  31.413  -66.182  28.363 0.1000000015
18246  30.619  -66.808  27.379 0.1000000015
17308  30.389  -67.419  26.832 0.2000000030
19172  29.818  -66.079  25.880 0.1000000015
17319  29.912  -66.801  26.172 0.1000000015
18271  29.673  -66.522  25.375 0.2000000030
17332  29.881  -67.309  25.380 0.2000000030
19202  29.535  -65.389  24.622 0.1000000015
18289  29.527  -66.329  24.518 0.2000000030
21896  32.413  -62.124  23.011 0.1000000015
22797  31.277  -61.724  23.146 0.1000000015
21882  30.861  -62.303  23.504 0.1000000015
21883  30.256  -62.540  23.467 0.1000000015
20126  29.520  -64.449  23.879 0.1000000015
135631  29.411  -65.160  23.427 0.1000000015
19224  29.422  -65.767  23.884 0.1000000015
131450  32.325  -60.036  21.857 0.1000000015
23699  32.420  -60.866  22.363 0.1000000015
22798  30.346  -61.334  22.665 0.1000000015
22785  30.462  -61.951  23.187 0.1000000015
21897  29.839  -62.090  22.895 0.1000000015
21898  29.503  -62.560  22.264 0.1000000015
21026  29.420  -63.603  22.598 0.1000000015
20143  29.394  -64.403  23.097 0.1000000015
19236  29.514  -65.209  22.580 0.1000000015
22799  29.657  -61.628  22.154 0.1000000015
144543  29.435  -62.680  21.573 0.1000000015
21034  29.439  -63.265  21.666 0.1000000015
19240  29.685  -65.031  21.740 0.1000000015
23633  32.512  -60.561  27.446 0.1000000015
20963  32.562  -63.043  27.611 0.1000000015
20066  32.048  -64.185  27.978 0.1000000015
139342  31.273  -65.596  27.553 0.1000000015
19171  30.288  -66.078  26.452 0.1000000015
20108  32.821  -65.515  24.960 0.1000000015
20125  32.269  -64.434  24.365 0.1000000015
19201  31.291  -65.040  25.607 0.1000000015
20093  30.563  -65.099  25.583 0.1000000015
19188  30.105  -65.583  25.797 0.1000000015
21010  33.552  -63.870  23.345 0.1000000015
20124  33.238  -64.773  24.025 0.1000000015
21001  31.278  -63.914  24.541 0.1000000015
20109  31.751  -64.894  25.100 0.1000000015
20111  30.195  -64.479  24.823 0.1000000015
20094  29.899  -65.069  25.173 0.1000000015
21880  32.830  -63.048  23.283 0.1000000015
21011  31.936  -63.414  23.950 0.1000000015
21002  30.476  -63.795  24.417 0.1000000015
20112  29.696  -64.664  24.530 0.1000000015
142989  29.427  -65.057  24.099 0.1000000015
20964  31.951  -64.301  27.358 0.1000000015
142440  32.272  -64.087  26.846 0.1000000015
19170  31.464  -65.352  26.975 0.1000000015
20078  32.203  -65.048  26.699 0.1000000015
124467  30.745  -65.605  26.361 0.1000000015
19223  33.843  -65.778  24.423 0.1000000015
124888  32.983  -65.745  25.654 0.1000000015
19169  32.398  -65.434  26.179 0.1000000015
20123  34.062  -64.747  23.520 0.1000000015
19200  32.144  -65.411  25.667 0.1000000015
15719  36.996  -68.485  20.718 0.4000000060
135750  32.365  -67.491  17.063 0.5000000000
16502  36.149  -68.772  20.968 0.4000000060
16503  35.110  -68.883  21.158 0.4000000060
13348  40.629  -72.211  25.403 0.1000000015
14119  36.541  -71.447  26.106 0.1000000015
14159  37.755  -71.373  22.754 0.2000000030
16504  34.160  -68.711  21.274 0.4000000060
16522  33.779  -68.137  20.833 0.4000000060
14046  41.763  -71.190  30.212 0.1000000015
14878  33.924  -70.409  23.837 0.3000000119
14866  32.860  -70.036  25.527 0.2000000030
121908  35.274  -71.020  24.237 0.2000000030
14877  34.686  -70.713  23.623 0.2000000030
124188  34.931  -70.558  22.865 0.2000000030
14893  33.409  -69.961  23.210 0.3000000119
15686  34.613  -70.001  22.363 0.3000000119
142499  32.779  -69.684  23.466 0.2000000030
125495  32.237  -67.529  21.178 0.3000000119
17498  31.192  -67.298  12.582 0.5000000000
137521  40.843  -71.023  30.245 0.1000000015
14801  39.667  -69.613  30.217 0.1000000015
15625  38.008  -69.858  29.825 0.1000000015
14087  38.653  -71.611  28.522 0.1000000015
14089  37.007  -71.092  28.237 0.1000000015
14827  37.422  -70.843  28.911 0.1000000015
146562  35.944  -71.054  27.103 0.1000000015
14107  35.855  -71.162  26.438 0.1000000015
14863  35.161  -70.955  26.063 0.1000000015
14844  34.030  -70.220  27.331 0.1000000015
14855  33.644  -70.323  26.410 0.2000000030
16506  32.009  -68.130  21.806 0.3000000119
142260  31.760  -66.032  19.865 0.4000000060
19368  31.535  -65.632  12.605 0.5000000000
19348  31.129  -65.794  13.354 0.5000000000
19367  32.026  -65.137  12.203 0.5000000000
16422  37.800  -68.012  30.142 0.1000000015
18220  37.060  -66.228  29.722 0.1000000015
15626  37.408  -69.238  29.906 0.1000000015
16430  35.791  -68.479  29.718 0.1000000015
132179  35.964  -70.372  28.594 0.1000000015
15640  35.535  -69.813  29.064 0.1000000015
15628  35.175  -69.098  29.394 0.1000000015
15658  31.686  -69.300  26.520 0.2000000030
24640  32.587  -59.509  17.673 0.2000000030
23778  30.846  -60.928  16.810 0.2000000030
22864  30.179  -61.328  17.161 0.2000000030
125157  29.513  -61.471  18.951 0.1000000015
22887  32.231  -61.241  16.095 0.2000000030
20189  30.305  -64.655  19.209 0.4000000060
21996  31.565  -62.603  14.729 0.5000000000
136805  31.466  -62.247  15.184 0.4000000060
22902  32.727  -61.607  15.469 0.2000000030
21097  29.886  -63.506  16.150 0.5000000000
19275  30.726  -65.367  18.941 0.5000000000
19255  30.765  -65.212  19.682 0.3000000119
138530  32.810  -62.716  13.735 0.5000000000
21130  32.093  -62.769  14.134 0.5000000000
21132  30.699  -63.787  14.852 0.5000000000
20240  30.436  -64.738  15.070 0.5000000000
20924  36.640  -63.573  29.781 0.1000000015
19141  36.949  -64.467  29.509 0.1000000015
18221  36.321  -65.633  29.552 0.1000000015
16431  34.861  -68.187  29.555 0.1000000015
18224  33.877  -66.576  29.630 0.1000000015
17292  34.256  -67.416  29.610 0.1000000015
15641  33.976  -69.397  28.627 0.1000000015
16441  32.681  -68.664  28.672 0.2000000030
16442  31.857  -68.143  28.572 0.2000000030
23740  30.179  -60.298  18.484 0.1000000015
20926  35.332  -62.530  30.100 0.1000000015
124550  35.062  -64.814  29.386 0.1000000015
20941  34.638  -62.232  28.802 0.1000000015
17294  32.464  -67.136  29.243 0.1000000015
17298  31.865  -67.358  28.881 0.2000000030
16447  31.278  -68.324  27.787 0.2000000030
17331  30.217  -67.711  25.968 0.2000000030
24607  31.798  -58.871  20.639 0.1000000015
24599  31.252  -59.355  21.037 0.1000000015
24600  30.464  -59.596  20.783 0.1000000015
23723  29.849  -60.084  20.375 0.1000000015
21809  34.372  -61.545  29.408 0.1000000015
21796  32.674  -62.252  30.204 0.1000000015
21810  33.370  -61.297  29.518 0.1000000015
23602  31.667  -60.465  28.954 0.1000000015
137178  33.288  -60.718  29.038 0.1000000015
22699  34.572  -61.589  29.040 0.1000000015
20057  33.739  -63.386  28.756 0.1000000015
20954  33.462  -62.421  28.259 0.1000000015
19142  32.668  -65.478  29.182 0.1000000015
18233  32.018  -66.409  28.999 0.1000000015
19152  31.901  -65.425  28.643 0.1000000015
19161  31.008  -66.138  27.665 0.1000000015
18311  29.601  -66.545  23.652 0.2000000030
24598  32.081  -59.377  21.290 0.1000000015
23701  30.538  -60.539  22.128 0.1000000015
23715  29.980  -60.303  21.388 0.1000000015
133516  29.457  -62.030  21.381 0.1000000015
127266  29.594  -63.761  20.855 0.1000000015
23617  32.528  -60.353  28.123 0.1000000015
20058  32.531  -63.731  28.247 0.1000000015
20059  31.913  -64.689  28.277 0.1000000015
19153  31.468  -65.452  28.090 0.1000000015
141317  30.637  -66.304  27.043 0.1000000015
18254  30.328  -66.663  26.785 0.1000000015
19189  29.666  -65.745  25.299 0.1000000015
21881  31.670  -62.535  23.545 0.1000000015
126705  32.107  -61.445  22.769 0.1000000015
23700  31.320  -60.950  22.629 0.1000000015
21012  30.870  -62.995  24.006 0.1000000015
21013  30.083  -63.252  23.874 0.1000000015
21884  29.656  -62.905  23.189 0.1000000015
127809  29.460  -64.490  22.341 0.1000000015
22733  32.702  -61.149  27.404 0.1000000015
21842  32.572  -62.075  27.197 0.1000000015
20067  31.662  -64.939  27.833 0.1000000015
125969  30.916  -65.853  27.024 0.1000000015
19199  33.608  -66.057  25.310 0.1000000015
19187  31.393  -65.356  26.188 0.1000000015
20110  30.846  -64.454  25.080 0.1000000015
133371  32.807  -63.901  23.755 0.1000000015
145419  32.832  -65.376  26.264 0.1000000015
143126  34.229  -66.336  24.980 0.1000000015
19186  33.382  -65.881  25.955 0.1000000015
15731  41.839  -69.697  18.654 0.1000000015
15749  40.866  -69.508  18.201 0.1000000015
16515  40.815  -68.678  19.001 0.1000000015
16516  40.014  -68.316  19.547 0.1000000015
145636  39.381  -68.201  19.911 0.1000000015
14918  41.261  -69.590  20.369 0.1000000015
15698  40.219  -69.647  20.830 0.1000000015
14933  42.223  -70.143  18.604 0.2000000030
15750  40.240  -69.189  17.860 0.2000000030
16549  40.129  -68.590  17.888 0.1000000015
15751  39.504  -69.119  17.381 0.2000000030
16530  40.154  -68.291  18.628 0.1000000015
16517  38.654  -68.214  20.221 0.1000000015
15762  39.647  -68.685  17.430 0.2000000030
16531  39.335  -67.819  19.300 0.2000000030
16550  39.498  -67.974  18.071 0.2000000030
17399  38.584  -67.620  17.695 0.2000000030
16532  38.430  -67.587  19.685 0.3000000119
17381  37.755  -67.269  19.480 0.3000000119
17380  38.641  -67.397  18.840 0.3000000119
16559  38.609  -68.148  16.850 0.2000000030
142138  37.871  -69.122  16.523 0.2000000030
143470  37.800  -67.306  17.700 0.2000000030
15764  38.389  -68.624  16.547 0.2000000030
13446  35.818  -72.133  17.260 0.1000000015
15752  38.491  -69.231  17.111 0.2000000030
15763  39.040  -68.679  17.015 0.2000000030
17401  37.074  -67.082  18.243 0.3000000119
128846  36.274  -66.994  18.749 0.4000000060
14959  36.293  -70.407  17.231 0.1000000015
14958  37.294  -69.793  17.224 0.1000000015
16573  38.022  -68.105  16.295 0.2000000030
17431  37.408  -67.722  16.333 0.2000000030
14222  35.879  -71.156  17.876 0.1000000015
122924  36.329  -67.203  17.806 0.4000000060
15765  36.924  -69.518  16.309 0.2000000030
14239  36.111  -72.043  16.700 0.1000000015
14231  35.852  -71.216  17.053 0.1000000015
16574  37.324  -68.165  15.891 0.2000000030
17432  36.588  -67.829  15.858 0.2000000030
141249  36.096  -68.132  15.379 0.4000000060
17434  35.011  -67.636  16.409 0.4000000060
146840  36.450  -69.449  15.741 0.3000000119
15778  36.990  -68.766  15.744 0.3000000119
14969  35.984  -70.334  16.298 0.2000000030
139966  35.798  -69.973  15.445 0.4000000060
17454  35.669  -67.845  15.686 0.4000000060
15786  35.626  -69.400  14.923 0.4000000060
25575  33.568  -58.264  18.588 0.1000000015
24624  32.182  -59.044  18.378 0.1000000015
17455  34.696  -67.968  15.701 0.4000000060
16590  35.955  -68.626  15.060 0.4000000060
15785  36.352  -69.010  15.314 0.3000000119
16598  35.216  -69.050  14.589 0.4000000060
24623  33.033  -58.817  18.105 0.1000000015
25593  33.873  -58.561  17.816 0.1000000015
16592  34.266  -68.435  15.164 0.5000000000
16599  34.613  -68.797  14.666 0.5000000000
16593  33.091  -68.560  15.102 0.5000000000
24639  33.445  -59.348  17.473 0.1000000015
23751  33.079  -60.083  17.096 0.1000000015
24664  33.946  -60.005  16.976 0.1000000015
23776  32.666  -60.681  16.603 0.1000000015
14932  42.919  -70.513  18.848 0.1000000015
15716  41.560  -69.332  19.275 0.1000000015
144888  39.868  -69.199  20.605 0.1000000015
130392  40.581  -68.868  20.020 0.1000000015
135515  42.311  -69.834  19.816 0.1000000015
14906  41.821  -70.283  20.830 0.1000000015
14908  39.727  -70.388  21.473 0.1000000015
14217  41.915  -70.441  18.509 0.1000000015
136677  37.252  -67.325  17.225 0.3000000119
15777  37.718  -68.629  16.111 0.2000000030
17433  35.877  -67.575  16.333 0.4000000060
16589  36.622  -68.362  15.492 0.3000000119
16591  35.307  -68.345  15.105 0.4000000060
14171  42.322  -70.961  21.400 0.1000000015
10315  27.016  -76.105  14.683 0.1000000015
11025  27.038  -75.871  14.049 0.1000000015
11065  29.085  -75.158  12.411 0.1000000015
10316  26.476  -76.432  14.381 0.1000000015
11875  29.384  -74.513  12.973 0.1000000015
10303  26.677  -76.577  15.104 0.1000000015
9605  26.301  -77.249  15.489 0.1000000015
8870  25.351  -78.694  16.056 0.1000000015
9615  25.489  -77.257  14.432 0.1000000015
6774  27.398  -81.401  21.587 0.1000000015
5003  28.074  -84.163  16.309 0.1000000015
5589  26.473  -83.122  16.182 0.1000000015
11826  28.782  -74.390  14.453 0.1000000015
146676  26.503  -82.390  16.280 0.1000000015
137314  27.600  -75.387  14.020 0.1000000015
7547  25.654  -80.383  16.324 0.1000000015
125894  29.389  -73.984  13.844 0.1000000015
8202  24.947  -79.586  16.129 0.1000000015
11874  30.262  -74.389  12.738 0.1000000015
6128  29.660  -82.737  22.596 0.1000000015
6775  26.425  -80.883  21.269 0.1000000015
7493  25.931  -79.783  20.449 0.1000000015
6101  31.298  -82.968  24.612 0.1000000015
138493  29.863  -82.326  23.170 0.1000000015
6773  28.273  -81.802  21.888 0.1000000015
7479  27.907  -81.007  21.820 0.1000000015
8168  25.978  -79.840  18.861 0.1000000015
130083  29.675  -86.285  18.254 0.1000000015
4428  30.235  -86.415  16.634 0.1000000015
11010  28.364  -74.926  14.944 0.1000000015
10302  27.402  -76.155  15.245 0.1000000015
9594  26.768  -77.800  16.149 0.1000000015
11825  29.401  -73.823  14.679 0.1000000015
11873  31.151  -74.258  12.795 0.1000000015
11889  30.750  -74.824  12.167 0.1000000015
7480  27.165  -80.374  21.438 0.1000000015
8138  26.344  -79.188  20.257 0.1000000015
133954  30.356  -82.367  23.731 0.1000000015
6757  29.226  -81.831  22.859 0.1000000015
129771  27.927  -80.218  21.974 0.1000000015
8814  26.773  -78.611  20.046 0.1000000015
8167  26.438  -79.210  19.000 0.1000000015
137868  27.628  -80.821  18.460 0.1000000015
6174  28.438  -82.592  18.473 0.1000000015
126844  28.925  -84.174  18.462 0.1000000015
122063  29.866  -84.013  18.533 0.1000000015
4973  29.744  -85.191  18.451 0.1000000015
3858  31.406  -86.786  17.672 0.1000000015
4427  31.015  -86.696  16.926 0.1000000015
135953  30.596  -85.796  16.712 0.1000000015
128495  28.883  -84.123  16.410 0.1000000015
7545  27.548  -80.234  16.467 0.1000000015
10301  28.058  -76.362  15.757 0.1000000015
9604  27.278  -76.963  15.801 0.1000000015
8194  27.984  -79.255  16.462 0.1000000015
128200  27.082  -79.442  16.487 0.1000000015
12626  29.991  -73.493  14.291 0.1000000015
143231  29.906  -74.064  13.270 0.1000000015
136888  27.949  -78.163  19.338 0.1000000015
6092  31.745  -82.878  25.485 0.1000000015
6748  30.556  -81.939  24.413 0.1000000015
6749  29.649  -81.564  23.584 0.1000000015
7466  28.908  -80.886  23.163 0.1000000015
8802  27.661  -78.365  21.319 0.1000000015
8813  27.360  -78.211  20.445 0.1000000015
8165  27.826  -79.244  18.623 0.1000000015
6823  29.448  -81.505  18.539 0.1000000015
135456  30.380  -83.213  18.563 0.1000000015
4971  32.274  -85.841  18.502 0.1000000015
6724  31.004  -81.867  25.282 0.1000000015
7437  30.292  -81.004  25.068 0.1000000015
6735  29.867  -81.170  24.316 0.1000000015
7453  28.761  -79.790  23.427 0.1000000015
8114  27.954  -79.170  22.090 0.1000000015
4972  30.700  -85.266  18.516 0.1000000015
4395  31.642  -86.313  18.329 0.1000000015
4426  31.531  -86.613  17.332 0.1000000015
124341  30.235  -83.439  16.677 0.1000000015
130334  29.663  -84.087  16.564 0.1000000015
6194  29.588  -82.513  16.558 0.1000000015
5587  29.240  -83.295  16.513 0.1000000015
146114  28.753  -81.214  16.498 0.1000000015
8193  28.861  -79.194  16.432 0.1000000015
139306  28.926  -80.615  16.487 0.1000000015
6850  27.701  -81.668  16.445 0.1000000015
10286  28.844  -76.541  16.123 0.1000000015
9593  27.786  -77.778  16.306 0.1000000015
8867  28.350  -78.513  16.417 0.1000000015
11799  29.435  -74.308  15.798 0.1000000015
12606  29.963  -73.351  15.021 0.1000000015
133975  31.120  -73.719  13.441 0.1000000015
12646  30.633  -73.465  13.902 0.1000000015
12645  32.519  -73.465  13.817 0.1000000015
12624  31.532  -73.249  14.080 0.1000000015
8824  28.625  -78.085  19.409 0.1000000015
136268  28.575  -79.242  18.664 0.1000000015
6082  32.079  -82.799  26.184 0.1000000015
124517  31.895  -81.254  26.873 0.1000000015
7421  30.803  -80.812  25.877 0.1000000015
7423  29.662  -80.076  24.720 0.1000000015
8097  28.362  -78.898  22.858 0.1000000015
8812  27.942  -77.758  20.618 0.1000000015
8164  29.346  -79.687  18.674 0.1000000015
6173  30.001  -82.328  18.551 0.1000000015
5568  31.929  -84.636  18.677 0.1000000015
6723  31.523  -81.719  26.205 0.1000000015
7452  29.329  -80.539  23.884 0.1000000015
4970  32.895  -85.370  18.704 0.1000000015
129100  32.878  -86.010  18.345 0.1000000015
127353  32.083  -86.259  17.405 0.1000000015
133774  33.097  -85.098  17.508 0.1000000015
5586  31.267  -84.382  16.951 0.1000000015
5582  32.151  -83.906  17.307 0.1000000015
6192  31.158  -83.078  16.938 0.1000000015
7542  30.408  -80.631  16.571 0.1000000015
6847  30.505  -81.430  16.632 0.1000000015
130389  29.716  -75.845  16.588 0.1000000015
10285  30.339  -76.170  16.987 0.1000000015
9591  29.727  -76.731  16.411 0.1000000015
133729  29.530  -77.634  16.334 0.1000000015
126869  30.135  -79.885  16.491 0.1000000015
126926  29.298  -79.882  16.461 0.1000000015
10999  29.973  -75.173  16.919 0.1000000015
8866  29.248  -78.404  16.381 0.1000000015
11000  29.462  -75.074  16.314 0.1000000015
11786  30.419  -74.354  17.113 0.1000000015
12593  30.032  -73.550  15.810 0.1000000015
12625  30.725  -73.078  14.692 0.1000000015
12603  32.446  -72.852  14.704 0.1000000015
7397  33.333  -81.648  27.927 0.1000000015
6694  33.151  -82.736  27.341 0.1000000015
7410  30.733  -79.915  26.178 0.1000000015
8076  29.814  -79.089  25.316 0.1000000015
8841  29.033  -78.727  18.942 0.1000000015
6695  32.509  -81.475  27.338 0.1000000015
7422  30.262  -80.016  25.539 0.1000000015
8087  29.326  -78.898  24.546 0.1000000015
9520  28.699  -77.405  22.274 0.1000000015
8823  29.415  -78.197  19.580 0.1000000015
8163  30.289  -79.752  18.883 0.1000000015
7520  30.793  -80.445  18.835 0.1000000015
6171  31.681  -82.660  18.732 0.1000000015
7506  30.945  -79.837  19.176 0.1000000015
6170  32.494  -83.092  18.942 0.1000000015
5566  33.589  -84.908  19.150 0.1000000015
4987  33.656  -85.528  17.856 0.1000000015
5581  33.970  -84.840  17.590 0.1000000015
4986  34.379  -85.096  17.891 0.1000000015
6187  32.561  -82.934  17.402 0.1000000015
6839  32.174  -82.068  17.255 0.1000000015
6846  31.295  -81.942  16.889 0.1000000015
131350  31.069  -79.924  16.571 0.1000000015
7541  31.195  -80.912  16.697 0.1000000015
9590  30.661  -77.043  16.563 0.1000000015
8191  30.602  -79.279  16.434 0.1000000015
10275  30.945  -75.989  17.769 0.1000000015
10284  31.160  -76.721  17.059 0.1000000015
10992  30.525  -75.282  17.540 0.1000000015
12592  30.472  -73.598  16.576 0.1000000015
136329  30.737  -73.013  16.035 0.1000000015
13460  31.124  -72.751  15.419 0.1000000015
13471  31.532  -72.776  14.842 0.1000000015
9518  30.122  -76.930  22.735 0.1000000015
9529  30.484  -77.301  22.035 0.1000000015
7385  33.446  -80.614  28.338 0.1000000015
7398  32.644  -80.483  27.735 0.1000000015
146980  32.034  -79.965  27.335 0.1000000015
8066  31.061  -79.202  26.534 0.1000000015
9519  29.334  -77.050  22.394 0.1000000015
8810  30.561  -78.180  20.637 0.1000000015
8137  30.978  -78.920  20.155 0.1000000015
7409  31.432  -80.318  26.712 0.1000000015
8766  28.972  -77.634  23.512 0.1000000015
9544  29.210  -77.225  20.954 0.1000000015
8148  31.327  -79.592  19.723 0.1000000015
6808  32.730  -81.608  19.495 0.1000000015
5558  34.220  -84.371  19.651 0.1000000015
7505  31.557  -80.356  19.315 0.1000000015
6820  32.229  -82.070  18.988 0.1000000015
4985  34.828  -84.864  18.229 0.1000000015
6186  33.440  -82.972  17.487 0.1000000015
6838  32.814  -81.536  17.286 0.1000000015
6845  32.000  -81.219  16.995 0.1000000015
143213  32.730  -78.984  16.518 0.1000000015
125994  31.960  -80.322  16.742 0.1000000015
9580  31.914  -77.102  17.160 0.1000000015
9589  31.428  -77.394  16.647 0.1000000015
8863  31.604  -78.157  16.419 0.1000000015
10274  31.587  -76.501  17.841 0.1000000015
10988  31.527  -75.774  18.504 0.1000000015
11785  31.031  -74.300  17.783 0.1000000015
135363  31.664  -77.448  26.857 0.1000000015
8698  33.020  -78.888  28.322 0.1000000015
8710  31.870  -78.195  27.220 0.1000000015
9454  30.922  -77.103  25.487 0.1000000015
9474  30.472  -76.918  24.721 0.1000000015
121830  30.987  -77.270  22.710 0.1000000015
7371  34.787  -80.810  29.299 0.1000000015
8037  34.272  -79.821  29.236 0.1000000015
8056  32.453  -79.415  27.738 0.1000000015
8723  31.415  -78.335  26.705 0.1000000015
9455  30.155  -77.586  25.274 0.1000000015
146868  29.452  -77.305  23.863 0.1000000015
8801  30.942  -77.917  21.453 0.1000000015
8800  31.771  -78.393  21.698 0.1000000015
7491  32.726  -80.516  20.568 0.1000000015
7492  32.018  -80.036  20.081 0.1000000015
6161  34.741  -83.903  20.353 0.1000000015
5557  34.840  -84.500  19.745 0.1000000015
5565  35.179  -84.213  18.357 0.1000000015
6185  34.446  -82.939  17.562 0.1000000015
7535  33.668  -81.109  17.306 0.1000000015
7540  32.784  -80.660  17.031 0.1000000015
8188  33.551  -79.266  16.689 0.1000000015
10273  32.307  -76.849  17.905 0.1000000015
134563  32.531  -78.290  16.568 0.1000000015
10981  31.873  -75.290  19.099 0.1000000015
11774  32.196  -74.560  19.189 0.1000000015
9418  32.741  -77.861  28.286 0.1000000015
133112  31.413  -76.863  26.067 0.1000000015
9493  30.962  -76.700  24.093 0.1000000015
8709  32.364  -78.489  27.697 0.1000000015
9473  31.043  -76.581  24.748 0.1000000015
8124  32.054  -79.142  21.311 0.1000000015
8123  32.825  -79.528  21.552 0.1000000015
7478  33.131  -80.273  21.289 0.1000000015
7490  33.553  -81.050  21.001 0.1000000015
6150  35.112  -83.538  21.143 0.1000000015
5550  35.173  -83.960  20.387 0.1000000015
6819  35.708  -82.438  17.992 0.1000000015
129850  35.219  -82.483  17.702 0.1000000015
8181  35.383  -79.842  17.311 0.1000000015
6835  35.519  -81.636  17.672 0.1000000015
8861  34.193  -78.830  16.855 0.1000000015
8187  34.438  -79.573  16.968 0.1000000015
9577  34.369  -77.959  17.654 0.1000000015
8862  33.351  -78.539  16.706 0.1000000015
10267  33.416  -76.841  18.934 0.1000000015
10272  33.043  -77.169  18.105 0.1000000015
9587  33.074  -77.920  16.835 0.1000000015
10987  32.173  -75.935  19.054 0.1000000015
12565  32.623  -73.695  19.158 0.1000000015
13420  33.718  -72.653  19.367 0.1000000015
9427  32.184  -77.671  27.572 0.1000000015
10153  31.496  -76.473  26.706 0.1000000015
10180  31.360  -76.294  24.021 0.1000000015
8788  32.222  -78.035  22.226 0.1000000015
8799  32.547  -78.766  21.821 0.1000000015
10145  32.311  -77.193  28.106 0.1000000015
10214  31.433  -76.715  23.362 0.1000000015
8122  33.784  -79.943  21.739 0.1000000015
6137  35.491  -82.851  21.596 0.1000000015
6160  35.552  -83.674  19.838 0.1000000015
6806  35.797  -82.607  19.173 0.1000000015
6818  36.177  -81.449  18.300 0.1000000015
8840  35.279  -78.324  17.927 0.1000000015
126506  34.933  -79.129  17.085 0.1000000015
8854  34.749  -78.571  17.272 0.1000000015
10257  32.923  -76.126  19.597 0.1000000015
10979  33.068  -75.298  20.111 0.1000000015
11765  33.509  -74.362  20.203 0.1000000015
13406  34.819  -72.514  20.203 0.1000000015
14211  35.644  -71.394  19.366 0.1000000015
10874  31.412  -75.938  27.477 0.1000000015
10146  31.858  -76.904  27.474 0.1000000015
10888  31.084  -75.534  26.459 0.1000000015
10919  31.417  -75.556  24.173 0.1000000015
10943  32.530  -75.918  22.742 0.1000000015
8787  33.086  -78.333  22.043 0.1000000015
10904  31.219  -75.712  24.951 0.1000000015
10197  31.810  -76.210  23.246 0.1000000015
7477  34.097  -80.742  21.571 0.1000000015
6771  35.484  -82.202  22.170 0.1000000015
140440  35.986  -81.722  19.584 0.1000000015
8179  36.594  -80.183  18.131 0.1000000015
8180  36.264  -80.033  17.750 0.1000000015
11747  40.370  -74.573  20.896 0.1000000015
11748  39.281  -74.878  21.323 0.1000000015
11749  38.423  -75.152  21.443 0.1000000015
10966  36.761  -75.833  21.183 0.1000000015
9542  35.732  -77.007  20.286 0.1000000015
8839  36.190  -78.760  18.319 0.1000000015
8853  35.713  -79.110  17.556 0.1000000015
12536  39.311  -73.958  21.136 0.1000000015
12537  38.338  -74.014  21.298 0.1000000015
11750  36.891  -74.897  21.236 0.1000000015
9570  35.653  -78.105  18.748 0.1000000015
12547  40.851  -73.654  20.347 0.1000000015
12548  39.881  -73.370  20.627 0.1000000015
12549  38.843  -73.203  20.836 0.1000000015
135888  36.621  -74.071  21.177 0.1000000015
10968  34.751  -75.312  20.596 0.1000000015
10256  33.837  -76.545  19.764 0.1000000015
13403  40.625  -72.603  19.969 0.1000000015
14186  39.363  -72.400  20.299 0.1000000015
138075  37.971  -73.157  20.941 0.1000000015
10969  33.880  -75.253  20.381 0.1000000015
13405  36.124  -72.330  20.481 0.1000000015
11764  34.310  -74.385  20.510 0.1000000015
14209  37.285  -70.969  19.797 0.1000000015
145879  35.432  -72.191  20.249 0.1000000015
10875  30.722  -74.939  27.196 0.1000000015
10889  30.600  -74.366  26.233 0.1000000015
11701  30.734  -74.181  25.232 0.1000000015
11729  31.595  -74.741  23.689 0.1000000015
11700  31.106  -74.728  24.533 0.1000000015
11728  32.228  -74.600  23.374 0.1000000015
10212  33.312  -76.587  22.415 0.1000000015
9515  33.954  -77.769  22.087 0.1000000015
8113  34.609  -79.626  22.162 0.1000000015
8121  34.793  -80.604  22.165 0.1000000015
6770  35.896  -82.378  22.118 0.1000000015
145543  36.069  -82.368  21.043 0.1000000015
135655  36.184  -80.476  19.991 0.1000000015
8819  37.031  -78.431  20.167 0.1000000015
8162  36.515  -79.493  18.153 0.1000000015
10954  39.273  -75.846  21.418 0.1000000015
10229  37.839  -76.633  21.253 0.1000000015
10244  37.190  -77.095  20.901 0.1000000015
8821  36.472  -78.529  19.111 0.1000000015
10953  40.338  -76.134  21.135 0.1000000015
13416  41.595  -71.998  19.318 0.1000000015
11659  30.495  -74.329  27.833 0.1000000015
12490  30.965  -73.024  25.884 0.1000000015
127396  30.707  -73.595  25.759 0.1000000015
11716  32.467  -74.055  23.796 0.1000000015
11715  33.222  -74.143  23.987 0.1000000015
12513  31.313  -73.911  24.244 0.1000000015
11727  33.025  -74.573  23.439 0.1000000015
10941  34.012  -75.957  22.770 0.1000000015
10211  34.481  -76.921  22.554 0.1000000015
9514  35.046  -77.971  22.526 0.1000000015
8112  35.698  -80.755  22.898 0.1000000015
7475  36.111  -81.911  22.641 0.1000000015
8134  36.291  -79.887  21.031 0.1000000015
7489  36.403  -81.292  21.824 0.1000000015
8807  37.514  -78.159  20.721 0.1000000015
135739  37.104  -78.732  21.532 0.1000000015
8147  36.713  -79.303  19.512 0.1000000015
130436  39.855  -76.935  21.271 0.1000000015
9540  37.434  -78.029  20.527 0.1000000015
8161  36.636  -79.818  18.696 0.1000000015
11760  42.345  -75.439  20.357 0.1000000015
10952  41.330  -77.056  20.971 0.1000000015
9556  36.799  -78.327  19.844 0.1000000015
12546  42.668  -74.324  19.802 0.1000000015
134628  41.610  -74.526  20.316 0.1000000015
13351  31.665  -72.915  25.768 0.1000000015
12503  32.113  -73.261  24.990 0.1000000015
12511  32.774  -73.689  24.416 0.1000000015
11714  34.018  -74.659  23.865 0.1000000015
10196  34.943  -76.361  23.121 0.1000000015
10210  35.405  -77.421  23.032 0.1000000015
131595  35.567  -78.984  22.912 0.1000000015
8785  36.518  -79.824  23.527 0.1000000015
139070  36.545  -81.120  23.139 0.1000000015
8797  37.175  -79.608  23.053 0.1000000015
8120  36.631  -79.625  22.004 0.1000000015
9528  38.050  -77.740  21.301 0.1000000015
8796  37.652  -78.424  21.856 0.1000000015
9527  38.786  -77.534  21.600 0.1000000015
11761  41.436  -75.819  20.686 0.1000000015
12562  43.010  -73.175  19.429 0.1000000015
14205  42.338  -71.264  18.796 0.1000000015
12489  32.603  -73.015  25.852 0.1000000015
11698  34.564  -74.108  25.253 0.1000000015
11699  33.826  -73.988  24.682 0.1000000015
11697  35.224  -74.436  25.423 0.1000000015
11713  34.735  -74.547  24.688 0.1000000015
10195  35.750  -76.918  23.606 0.1000000015
10918  35.023  -75.178  24.112 0.1000000015
9513  35.878  -78.656  23.292 0.1000000015
8765  36.598  -79.351  23.731 0.1000000015
8784  36.769  -80.068  23.642 0.1000000015
129870  37.106  -79.801  23.860 0.1000000015
8782  38.170  -78.062  22.113 0.1000000015
10227  39.408  -77.314  21.434 0.1000000015
10965  42.050  -76.414  20.684 0.1000000015
140030  40.688  -77.392  21.091 0.1000000015
145973  42.841  -71.683  19.125 0.1000000015
14216  42.534  -70.639  18.692 0.1000000015
10903  35.628  -75.136  24.912 0.1000000015
10917  35.681  -75.708  24.326 0.1000000015
10916  36.320  -76.061  24.778 0.1000000015
10178  36.935  -77.303  24.678 0.1000000015
10194  36.413  -77.456  24.109 0.1000000015
9472  37.084  -78.476  24.366 0.1000000015
8764  37.162  -79.454  24.082 0.1000000015
8763  37.632  -79.282  23.990 0.1000000015
8762  38.055  -78.553  23.229 0.1000000015
12544  44.348  -73.323  19.653 0.1000000015
11759  43.094  -75.014  19.981 0.1000000015
9510  40.542  -77.411  21.303 0.1000000015
14203  43.933  -71.847  19.462 0.1000000015
10902  36.449  -75.578  25.474 0.1000000015
9453  38.502  -77.894  25.832 0.1000000015
10163  37.101  -76.577  25.334 0.1000000015
10175  39.088  -77.295  24.843 0.1000000015
141777  38.514  -78.235  25.259 0.1000000015
9471  37.710  -78.520  24.824 0.1000000015
10915  39.655  -76.490  23.858 0.1000000015
8746  38.109  -79.044  24.190 0.1000000015
9491  38.383  -78.290  23.495 0.1000000015
11758  43.844  -74.388  20.012 0.1000000015
11745  44.172  -74.494  20.776 0.1000000015
11746  43.420  -75.180  20.537 0.1000000015
10951  42.013  -76.807  20.877 0.1000000015
10208  41.260  -77.264  21.086 0.1000000015
9511  39.865  -77.523  22.049 0.1000000015
14184  44.566  -71.609  19.650 0.1000000015
10938  42.644  -76.171  21.214 0.1000000015
10914  40.259  -75.538  24.245 0.1000000015
9470  38.359  -78.570  24.544 0.1000000015
140213  38.105  -78.932  24.690 0.1000000015
10927  40.516  -76.187  23.077 0.1000000015
10176  39.164  -77.373  23.461 0.1000000015
11739  42.382  -75.435  22.379 0.1000000015
10926  41.388  -75.844  22.622 0.1000000015
10193  40.147  -77.174  22.464 0.1000000015
10939  41.896  -76.676  21.475 0.1000000015
10209  40.696  -77.497  21.380 0.1000000015
137613  29.950  -87.041  16.575 0.1000000015
5001  29.633  -85.145  16.540 0.1000000015
141932  28.866  -82.605  16.508 0.1000000015
122949  28.262  -83.232  16.425 0.1000000015
6196  27.330  -82.587  16.380 0.1000000015
11044  28.027  -75.169  13.441 0.1000000015
124155  26.858  -81.765  16.353 0.1000000015
11855  28.678  -74.592  13.667 0.1000000015
8869  26.330  -78.593  16.353 0.1000000015
7546  26.639  -80.274  16.425 0.1000000015
8881  25.812  -77.926  15.831 0.1000000015
8882  25.005  -78.105  15.348 0.1000000015
8195  25.953  -79.456  16.413 0.1000000015
6138  27.757  -82.385  21.641 0.1000000015
5588  27.232  -83.770  16.238 0.1000000015
5002  28.489  -85.133  16.282 0.1000000015
6851  26.319  -81.092  16.358 0.1000000015
132754  28.493  -81.167  22.362 0.1000000015
7522  27.335  -79.919  18.522 0.1000000015
4396  30.654  -86.381  18.320 0.1000000015
3838  30.780  -87.143  17.493 0.1000000015
146347  28.613  -75.874  15.808 0.1000000015
8125  27.389  -79.418  21.443 0.1000000015
7467  28.372  -80.057  22.647 0.1000000015
8843  27.414  -78.613  18.979 0.1000000015
135831  28.710  -81.928  18.499 0.1000000015
124648  27.878  -81.808  18.447 0.1000000015
139018  29.144  -80.616  18.542 0.1000000015
131904  29.208  -82.445  18.516 0.1000000015
4411  32.069  -86.489  17.733 0.1000000015
4999  31.435  -85.858  16.947 0.1000000015
7544  28.133  -80.897  16.472 0.1000000015
11009  28.864  -75.093  15.646 0.1000000015
9592  29.050  -77.187  16.267 0.1000000015
6822  30.549  -81.402  18.645 0.1000000015
125439  31.239  -83.417  18.648 0.1000000015
5569  30.894  -84.271  18.576 0.1000000015
122908  29.149  -79.606  24.075 0.1000000015
6848  29.798  -81.718  16.560 0.1000000015
6193  30.422  -82.327  16.673 0.1000000015
7543  29.667  -80.545  16.513 0.1000000015
8192  29.846  -79.051  16.404 0.1000000015
129380  28.557  -77.465  20.548 0.1000000015
6709  32.274  -82.200  26.765 0.1000000015
8767  28.567  -77.928  22.950 0.1000000015
9531  28.411  -77.494  21.378 0.1000000015
6172  30.853  -82.429  18.636 0.1000000015
5567  32.721  -84.310  18.906 0.1000000015
6188  31.816  -82.738  17.203 0.1000000015
136250  30.806  -77.769  16.409 0.1000000015
8075  30.431  -79.166  25.949 0.1000000015
8150  29.850  -78.981  19.160 0.1000000015
8811  29.733  -77.758  20.345 0.1000000015
6821  31.427  -81.740  18.778 0.1000000015
8149  30.620  -79.244  19.452 0.1000000015
6163  33.060  -82.597  19.351 0.1000000015
5559  33.355  -83.800  19.323 0.1000000015
4959  34.361  -85.067  19.177 0.1000000015
129161  34.077  -83.888  17.577 0.1000000015
8190  31.984  -79.459  16.541 0.1000000015
11782  31.553  -74.703  18.610 0.1000000015
12576  31.376  -73.304  17.477 0.1000000015
12604  31.480  -72.674  16.167 0.1000000015
123163  30.976  -76.976  23.334 0.1000000015
9543  30.057  -77.425  21.183 0.1000000015
8046  32.974  -79.793  28.168 0.1000000015
8724  30.766  -78.413  26.210 0.1000000015
8735  29.613  -78.144  25.016 0.1000000015
7504  32.385  -80.759  19.727 0.1000000015
6792  33.175  -81.292  20.186 0.1000000015
6807  33.583  -82.243  19.977 0.1000000015
135511  34.687  -83.908  17.722 0.1000000015
8189  32.774  -79.795  16.705 0.1000000015
10269  31.993  -76.364  18.462 0.1000000015
12571  31.711  -73.644  18.181 0.1000000015
9438  31.163  -77.665  26.239 0.1000000015
8789  31.405  -77.696  22.172 0.1000000015
8135  32.361  -79.831  20.945 0.1000000015
6151  34.460  -83.172  20.835 0.1000000015
6169  35.592  -83.273  18.552 0.1000000015
7539  33.658  -80.146  16.956 0.1000000015
7534  34.755  -80.663  17.317 0.1000000015
10268  32.632  -76.545  18.690 0.1000000015
10980  32.413  -75.312  19.573 0.1000000015
12570  32.340  -73.216  18.527 0.1000000015
127701  31.345  -76.035  25.818 0.1000000015
8798  33.434  -79.122  21.838 0.1000000015
6790  34.884  -82.799  21.550 0.1000000015
6834  36.109  -81.540  17.966 0.1000000015
7532  36.442  -80.794  17.970 0.1000000015
8855  33.894  -78.222  17.042 0.1000000015
9571  34.755  -77.745  18.468 0.1000000015
12564  33.338  -73.440  19.748 0.1000000015
12569  32.950  -72.897  19.016 0.1000000015
12563  34.068  -72.894  20.095 0.1000000015
13419  34.431  -72.285  19.637 0.1000000015
10213  32.136  -76.764  22.745 0.1000000015
6789  35.814  -82.903  20.472 0.1000000015
7518  36.386  -80.696  18.551 0.1000000015
10245  34.281  -76.084  20.359 0.1000000015
13418  35.115  -71.887  19.852 0.1000000015
136951  34.754  -73.460  20.524 0.1000000015
12552  35.514  -72.884  20.567 0.1000000015
14190  35.812  -71.653  20.093 0.1000000015
10931  32.022  -75.304  23.100 0.1000000015
7465  35.687  -81.514  22.671 0.1000000015
143709  36.196  -81.716  20.991 0.1000000015
10955  37.651  -75.552  21.378 0.1000000015
141895  37.489  -74.493  21.332 0.1000000015
10967  35.684  -75.499  20.847 0.1000000015
130092  35.218  -76.236  20.516 0.1000000015
10255  34.855  -76.959  19.934 0.1000000015
9557  35.931  -77.712  19.612 0.1000000015
8838  36.803  -79.103  18.796 0.1000000015
137834  37.295  -73.569  21.142 0.1000000015
11762  36.135  -74.738  21.014 0.1000000015
13402  41.867  -73.253  19.751 0.1000000015
13404  38.274  -72.496  20.561 0.1000000015
11763  35.214  -74.510  20.761 0.1000000015
135765  35.746  -73.787  20.872 0.1000000015
12551  36.385  -73.201  20.871 0.1000000015
14189  36.679  -71.678  20.241 0.1000000015
14937  36.942  -70.475  19.154 0.1000000015
14210  36.375  -71.089  19.687 0.1000000015
8808  36.917  -78.760  20.388 0.1000000015
137578  38.717  -76.406  21.418 0.1000000015
10228  38.577  -77.329  21.380 0.1000000015
10243  37.905  -77.566  21.169 0.1000000015
13415  42.491  -72.256  19.309 0.1000000015
122639  35.671  -79.776  22.858 0.1000000015
131373  36.679  -80.954  22.723 0.1000000015
12545  43.520  -73.937  19.533 0.1000000015
12561  43.931  -72.821  19.304 0.1000000015
143667  38.904  -77.741  22.732 0.1000000015
8747  37.706  -79.171  24.453 0.1000000015
14984  35.499  -70.526  14.905 0.3000000119
136174  35.201  -69.788  14.482 0.3000000119
15793  34.825  -69.697  14.132 0.3000000119
15794  34.602  -69.257  14.312 0.4000000060
14997  35.171  -70.368  14.064 0.3000000119
15806  34.224  -69.623  13.718 0.4000000060
10328  41.774  -76.154  13.646 0.1000000015
11039  42.188  -75.149  13.762 0.1000000015
12640  42.181  -73.918  13.894 0.2000000030
12657  40.174  -73.110  12.714 0.3000000119
15022  32.728  -70.366  11.386 0.4000000060
139108  37.587  -72.481  11.827 0.4000000060
13482  40.499  -73.175  13.610 0.2000000030
13494  39.125  -72.832  12.251 0.3000000119
13505  36.757  -72.404  11.403 0.4000000060
14281  34.170  -71.237  11.437 0.4000000060
9626  40.561  -77.783  13.579 0.1000000015
12656  41.160  -73.354  13.116 0.3000000119
13506  35.794  -72.307  10.867 0.4000000060
127535  34.490  -71.725  10.795 0.4000000060
10338  41.227  -77.085  13.392 0.1000000015
15831  32.065  -69.889  10.978 0.5000000000
12655  42.119  -73.658  13.402 0.2000000030
13504  38.224  -72.872  11.520 0.3000000119
14290  34.963  -72.125  10.642 0.4000000060
15841  31.761  -69.315  10.715 0.4000000060
130278  31.338  -67.881  11.761 0.4000000060
128587  37.398  -72.824  11.038 0.4000000060
13515  36.574  -72.733  10.571 0.4000000060
14291  34.405  -72.010  9.948 0.4000000060
14297  33.734  -71.450  9.484 0.4000000060
15030  33.258  -70.911  10.907 0.5000000000
10350  41.178  -76.940  12.343 0.2000000030
10337  41.821  -76.252  12.850 0.2000000030
11056  42.754  -74.823  12.483 0.2000000030
12666  40.853  -73.409  12.115 0.2000000030
11843  42.515  -74.344  13.624 0.2000000030
12668  38.955  -73.305  11.132 0.3000000119
13514  38.081  -73.266  10.603 0.3000000119
138952  35.873  -72.685  10.097 0.4000000060
12667  39.886  -73.328  11.652 0.3000000119
12687  37.213  -73.198  10.111 0.4000000060
13516  35.176  -72.459  10.016 0.4000000060
15031  32.545  -70.418  10.457 0.5000000000
15840  32.102  -69.830  10.206 0.5000000000
124796  31.513  -67.988  10.911 0.4000000060
13523  36.381  -72.986  9.653 0.4000000060
14296  34.279  -71.865  9.182 0.4000000060
15032  33.076  -70.960  9.914 0.5000000000
15033  32.585  -70.278  9.606 0.5000000000
16661  31.704  -68.638  10.437 0.4000000060
11077  42.288  -75.588  12.349 0.2000000030
12654  42.652  -73.822  12.768 0.2000000030
147255  41.625  -73.495  11.696 0.2000000030
12675  40.787  -73.478  11.208 0.2000000030
12676  39.793  -73.502  10.699 0.4000000060
12677  38.871  -73.505  10.218 0.3000000119
16669  32.227  -68.578  9.674 0.5000000000
17528  31.839  -67.302  10.711 0.4000000060
139014  31.521  -67.378  11.290 0.4000000060
12688  37.055  -73.261  9.151 0.4000000060
13524  35.592  -72.666  9.338 0.4000000060
15038  32.799  -69.892  8.898 0.5000000000
10349  41.834  -76.006  11.589 0.2000000030
12664  42.631  -73.687  11.762 0.2000000030
18461  32.199  -66.060  11.189 0.4000000060
12674  42.037  -73.447  11.026 0.2000000030
13534  36.250  -72.802  8.632 0.4000000060
13525  34.822  -72.329  9.234 0.4000000060
9647  40.412  -77.456  11.767 0.2000000030
11895  43.281  -74.003  10.839 0.2000000030
12685  40.976  -73.443  10.283 0.3000000119
12686  39.719  -73.512  9.834 0.4000000060
19385  31.697  -66.033  11.845 0.4000000060
14300  33.990  -71.399  8.752 0.5000000000
16668  32.751  -68.999  8.950 0.5000000000
20270  32.014  -63.951  13.175 0.4000000060
10364  41.008  -76.629  11.075 0.2000000030
137230  42.510  -75.287  11.675 0.2000000030
13533  37.049  -72.997  8.414 0.4000000060
13535  35.328  -72.370  8.569 0.4000000060
16667  33.033  -67.980  9.181 0.5000000000
147109  32.896  -66.704  10.067 0.4000000060
11103  43.176  -74.626  10.453 0.2000000030
12673  43.074  -73.646  10.950 0.2000000030
12699  38.698  -73.415  8.708 0.4000000060
15050  34.611  -70.578  7.767 0.5000000000
137126  33.293  -69.358  8.548 0.5000000000
10365  40.205  -77.026  10.664 0.2000000030
125147  38.955  -73.506  9.460 0.4000000060
12678  38.038  -73.440  9.556 0.3000000119
14299  35.134  -71.898  8.051 0.5000000000
15036  33.955  -70.716  8.306 0.5000000000
17543  32.455  -67.766  9.741 0.5000000000
143740  40.061  -76.700  9.912 0.2000000030
128488  33.172  -62.969  13.242 0.4000000060
132015  32.950  -62.309  14.298 0.2000000030
20289  32.310  -64.344  12.477 0.4000000060
19384  32.413  -65.409  11.487 0.4000000060
11093  42.516  -75.383  10.805 0.2000000030
140378  40.461  -73.350  9.505 0.4000000060
126134  32.973  -67.227  9.675 0.4000000060
19401  32.774  -65.712  10.837 0.4000000060
11094  41.673  -75.960  10.358 0.2000000030
137444  43.605  -73.828  10.470 0.2000000030
12684  42.781  -73.416  10.321 0.2000000030
11104  42.581  -75.463  9.868 0.2000000030
21169  33.462  -63.691  12.193 0.4000000060
19383  33.222  -64.997  11.174 0.4000000060
19382  34.093  -65.007  10.841 0.4000000060
15851  34.116  -70.052  7.897 0.5000000000
16679  33.563  -68.576  8.572 0.5000000000
18481  33.155  -66.082  10.295 0.4000000060
12698  39.647  -73.412  9.026 0.4000000060
12718  37.749  -73.278  8.579 0.4000000060
124478  36.838  -72.496  7.836 0.3000000119
14312  35.661  -71.695  7.713 0.4000000060
15868  34.862  -69.650  7.560 0.5000000000
11901  43.546  -74.585  9.740 0.2000000030
20306  33.472  -64.288  11.638 0.4000000060
17542  33.577  -67.246  9.370 0.5000000000
17561  34.100  -67.633  8.867 0.5000000000
14311  36.386  -71.755  7.538 0.4000000060
136351  35.168  -71.200  7.718 0.5000000000
141621  35.686  -69.713  7.311 0.5000000000
129681  35.938  -71.029  7.447 0.5000000000
21170  32.792  -63.600  12.720 0.4000000060
20307  32.678  -64.651  11.791 0.4000000060
16691  34.852  -68.860  7.755 0.5000000000
130431  36.319  -72.083  14.962 0.3000000119
14265  36.006  -71.630  13.642 0.3000000119
15006  35.287  -70.879  13.257 0.2000000030
13470  37.253  -72.761  15.239 0.2000000030
13486  36.761  -72.232  14.040 0.3000000119
129497  37.253  -72.285  13.224 0.3000000119
14271  36.498  -71.851  12.843 0.3000000119
138806  38.341  -72.753  14.507 0.2000000030
13485  38.067  -72.532  13.596 0.2000000030
12641  41.262  -73.538  13.975 0.2000000030
10377  38.741  -77.058  9.856 0.1000000015
10378  38.145  -76.739  9.200 0.1000000015
13563  43.638  -72.145  7.207 0.1000000015
14240  35.692  -70.984  16.044 0.1000000015
14251  35.597  -71.228  14.393 0.2000000030
123039  36.148  -72.625  16.568 0.1000000015
13456  36.546  -72.709  16.030 0.1000000015
13455  37.454  -73.221  15.426 0.1000000015
10366  39.440  -77.162  10.297 0.1000000015
11909  43.533  -74.864  8.801 0.1000000015
12695  44.133  -73.894  9.451 0.1000000015
12715  43.608  -73.178  8.892 0.1000000015
137721  42.446  -72.640  8.471 0.1000000015
12714  44.333  -73.584  8.070 0.1000000015
13549  43.319  -72.619  7.980 0.1000000015
13550  41.678  -72.435  7.710 0.1000000015
14320  42.832  -71.574  6.544 0.1000000015
130690  40.705  -70.980  6.339 0.1000000015
15058  41.732  -71.021  6.113 0.1000000015
15071  41.053  -70.446  5.959 0.1000000015
130859  35.897  -71.579  15.614 0.2000000030
12697  40.701  -73.118  8.890 0.1000000015
124127  37.816  -72.457  7.561 0.3000000119
12683  43.684  -73.618  10.029 0.1000000015
131772  42.207  -72.821  9.055 0.1000000015
13551  40.396  -72.584  7.535 0.2000000030
13552  38.684  -72.463  7.369 0.3000000119
14324  37.787  -70.998  6.908 0.3000000119
15063  36.943  -69.943  6.851 0.3000000119
137278  39.029  -76.648  9.145 0.1000000015
11105  41.495  -76.053  9.294 0.1000000015
127278  39.466  -72.582  7.375 0.2000000030
146871  38.345  -71.023  6.768 0.3000000119
13565  40.906  -72.141  7.025 0.1000000015
131097  39.797  -70.880  6.470 0.2000000030
15881  38.643  -69.403  6.587 0.3000000119
15059  40.216  -70.071  6.234 0.1000000015
15070  41.908  -70.351  5.644 0.1000000015
15879  40.346  -69.050  6.169 0.1000000015
14934  40.631  -70.298  18.444 0.1000000015
14951  38.905  -69.668  18.072 0.1000000015
124087  34.477  -68.349  8.249 0.4000000060
16690  35.727  -68.965  7.489 0.4000000060
15047  36.875  -70.853  7.148 0.3000000119
15048  36.185  -70.223  7.161 0.4000000060
15867  36.386  -69.468  7.150 0.4000000060
15865  37.444  -68.909  6.957 0.4000000060
16688  37.670  -68.337  7.404 0.4000000060
16708  38.101  -68.755  6.830 0.4000000060
16687  38.385  -68.156  7.167 0.5000000000
15880  39.531  -69.269  6.423 0.3000000119
16707  38.983  -68.448  6.709 0.5000000000
15891  42.267  -69.381  5.365 0.2000000030
15892  41.080  -69.672  5.783 0.1000000015
16706  39.702  -67.786  6.704 0.4000000060
143565  43.006  -70.448  5.217 0.1000000015
16721  41.213  -68.623  5.803 0.2000000030
15069  44.324  -71.533  5.187 0.1000000015
15080  44.098  -70.742  4.720 0.1000000015
16720  42.232  -68.110  5.476 0.2000000030
14345  44.491  -71.495  4.375 0.1000000015
143107  44.608  -70.539  4.141 0.1000000015
17541  34.224  -66.857  9.423 0.4000000060
18492  33.583  -66.578  9.805 0.3000000119
17540  34.979  -67.082  9.205 0.4000000060
16677  36.383  -68.283  7.895 0.4000000060
16678  35.432  -68.268  8.037 0.4000000060
16689  36.802  -68.794  7.341 0.4000000060
127363  36.209  -67.705  8.614 0.4000000060
17571  38.274  -67.753  7.706 0.4000000060
16686  39.015  -67.671  7.277 0.5000000000
17583  39.767  -67.321  7.100 0.4000000060
17581  41.422  -67.466  6.121 0.3000000119
16705  40.455  -68.066  6.319 0.4000000060
17582  40.533  -67.171  6.723 0.4000000060
16740  44.822  -68.335  3.958 0.2000000030
17615  44.234  -67.752  4.526 0.2000000030
17593  42.442  -67.244  5.673 0.2000000030
15902  45.336  -68.856  3.344 0.1000000015
15903  44.544  -69.669  4.115 0.2000000030
137522  41.220  -74.053  3.433 0.1000000015
18491  34.904  -66.464  9.683 0.4000000060
146168  34.726  -65.989  10.072 0.4000000060
17539  36.508  -67.189  9.287 0.4000000060
125294  37.730  -67.678  8.804 0.4000000060
17538  37.133  -67.550  8.993 0.4000000060
17558  38.409  -67.625  8.619 0.4000000060
126539  38.790  -67.422  7.916 0.4000000060
17570  39.447  -67.187  7.727 0.3000000119
18524  41.129  -66.526  7.092 0.4000000060
17569  40.249  -66.848  7.412 0.4000000060
18539  42.279  -66.724  6.183 0.3000000119
128468  41.432  -66.760  6.613 0.4000000060
16739  45.779  -67.786  3.399 0.2000000030
17614  45.572  -67.374  4.020 0.2000000030
17592  43.289  -67.540  5.114 0.2000000030
15941  45.226  -69.011  2.818 0.2000000030
12770  40.207  -74.334  3.520 0.1000000015
123310  40.687  -73.807  3.527 0.1000000015
14362  41.748  -72.276  3.483 0.1000000015
136001  34.262  -64.372  11.374 0.3000000119
19399  35.954  -65.483  10.494 0.4000000060
19400  34.980  -65.381  10.490 0.3000000119
18489  36.656  -66.700  9.747 0.4000000060
18476  38.175  -66.823  10.170 0.4000000060
18488  37.397  -67.120  9.565 0.4000000060
17537  38.265  -67.516  9.388 0.4000000060
144830  37.679  -67.515  9.197 0.4000000060
17557  39.377  -67.544  8.768 0.4000000060
17536  39.194  -67.688  9.379 0.4000000060
18501  40.803  -66.935  8.550 0.4000000060
17556  40.422  -67.523  9.124 0.3000000119
18513  46.157  -66.893  6.463 0.3000000119
18514  43.606  -66.507  6.726 0.3000000119
18499  42.925  -66.750  7.810 0.3000000119
18515  41.925  -66.459  7.405 0.3000000119
18500  41.674  -66.738  8.257 0.3000000119
19481  46.048  -66.033  3.464 0.2000000030
18561  46.314  -66.597  4.163 0.2000000030
135353  46.209  -66.557  4.835 0.3000000119
127627  45.685  -66.571  5.612 0.2000000030
18523  42.127  -66.421  6.727 0.3000000119
17613  46.185  -66.878  3.555 0.2000000030
17591  44.769  -67.106  4.678 0.2000000030
16761  45.733  -67.598  2.758 0.2000000030
21185  34.159  -63.775  11.863 0.3000000119
21167  35.507  -63.271  12.396 0.3000000119
21184  35.056  -63.863  11.655 0.3000000119
20304  35.789  -64.371  11.297 0.4000000060
20305  34.975  -64.642  11.064 0.3000000119
19380  38.193  -65.456  11.172 0.3000000119
19381  37.377  -65.192  11.025 0.4000000060
133379  39.037  -66.797  10.492 0.4000000060
18460  38.568  -66.144  10.798 0.4000000060
19397  37.722  -65.944  10.656 0.4000000060
18475  39.917  -67.186  10.558 0.4000000060
17527  39.079  -67.439  9.956 0.4000000060
17525  40.749  -67.755  10.221 0.3000000119
17526  39.828  -67.690  9.887 0.4000000060
17552  46.009  -67.878  8.006 0.3000000119
17553  44.134  -67.506  8.401 0.2000000030
17533  43.718  -68.174  9.389 0.2000000030
136943  42.345  -68.012  9.742 0.2000000030
122658  41.139  -67.789  9.701 0.3000000119
17535  40.109  -67.687  9.577 0.3000000119
18497  46.571  -67.434  7.146 0.3000000119
18498  44.784  -67.102  7.332 0.3000000119
17554  42.619  -67.438  8.827 0.2000000030
17555  41.466  -67.489  9.157 0.2000000030
19462  45.928  -65.584  4.176 0.2000000030
126050  46.506  -65.509  5.484 0.3000000119
18521  47.025  -66.533  5.921 0.3000000119
21168  34.283  -62.913  12.789 0.3000000119
21149  33.591  -63.187  12.731 0.3000000119
127744  34.039  -63.356  12.370 0.3000000119
16659  43.140  -68.547  10.721 0.2000000030
17524  41.613  -67.875  10.709 0.2000000030
17511  40.868  -67.417  11.036 0.2000000030
16657  45.175  -68.685  10.184 0.2000000030
16665  43.396  -68.543  10.102 0.2000000030
16666  42.574  -68.291  10.272 0.2000000030
16660  42.302  -68.159  10.554 0.2000000030
22027  33.659  -62.474  13.790 0.2000000030
14359  44.402  -71.326  3.425 0.1000000015
15079  45.011  -69.999  3.414 0.1000000015
20365  45.553  -64.766  5.241 0.3000000119
18578  46.053  -66.661  3.140 0.2000000030
14998  34.730  -70.181  13.515 0.3000000119
14950  40.081  -69.578  18.045 0.1000000015
124654  41.707  -73.148  9.659 0.1000000015
12717  38.401  -73.088  7.900 0.3000000119
22026  34.461  -62.549  13.437 0.3000000119
12696  43.214  -73.226  9.654 0.1000000015
18480  34.028  -65.806  10.248 0.3000000119
140754  39.616  -73.163  8.052 0.3000000119
14310  37.317  -71.742  7.320 0.2000000030
145671  39.003  -72.929  7.650 0.2000000030
126840  37.625  -72.599  14.352 0.1000000015
11115  42.627  -75.580  8.962 0.1000000015
11908  44.113  -74.261  8.549 0.1000000015
12716  41.108  -72.799  8.255 0.1000000015
13564  42.254  -72.064  7.199 0.1000000015
14321  41.389  -71.593  6.623 0.1000000015
14322  40.195  -71.622  6.663 0.1000000015
14309  38.305  -71.664  7.036 0.3000000119
143062  39.997  -72.222  6.971 0.2000000030
15062  37.535  -70.332  6.788 0.4000000060
15866  37.054  -69.311  6.949 0.4000000060
146026  39.544  -71.363  6.628 0.3000000119
14323  38.963  -71.052  6.663 0.3000000119
15060  39.246  -70.172  6.490 0.3000000119
142950  35.738  -67.275  9.098 0.4000000060
17572  37.649  -67.802  8.056 0.4000000060
15890  43.463  -69.806  4.784 0.2000000030
16719  43.462  -68.618  4.769 0.2000000030
18490  35.798  -66.681  9.603 0.4000000060
17559  37.039  -67.884  8.378 0.4000000060
18478  36.313  -66.177  10.146 0.4000000060
18522  43.267  -66.455  6.163 0.3000000119
18538  43.772  -66.837  5.452 0.2000000030
19398  36.844  -65.660  10.563 0.4000000060
20315  36.483  -64.874  10.963 0.4000000060
19445  46.181  -65.463  4.930 0.2000000030
19446  46.623  -65.969  5.391 0.2000000030
20303  36.587  -64.246  11.602 0.4000000060
17531  46.380  -68.083  8.624 0.2000000030
16663  45.637  -68.489  9.494 0.2000000030
16664  44.656  -68.635  9.821 0.2000000030
131316  37.143  -64.627  11.414 0.3000000119
21183  35.996  -63.767  11.883 0.2000000030
20286  37.402  -64.135  12.096 0.3000000119
132596  34.687  -63.294  12.311 0.2000000030
21148  35.892  -62.786  13.125 0.2000000030
13484  38.887  -72.723  14.104 0.1000000015
12619  39.061  -73.360  14.953 0.1000000015
124894  39.582  -73.209  14.542 0.1000000015
12618  40.570  -73.618  14.376 0.1000000015
13483  39.645  -72.824  13.572 0.1000000015
12642  40.336  -73.226  14.143 0.1000000015
21995  33.122  -61.888  14.874 0.1000000015
22010  33.828  -62.010  14.557 0.1000000015
21993  35.436  -61.751  15.261 0.1000000015
22917  34.702  -61.786  14.922 0.1000000015
22025  35.385  -62.419  13.829 0.1000000015
22009  35.410  -62.007  14.654 0.1000000015
22036  35.040  -62.746  12.907 0.1000000015
144710  35.990  -62.233  14.497 0.1000000015
22024  36.296  -62.524  13.933 0.1000000015
21166  36.337  -63.319  12.596 0.1000000015
20287  36.705  -63.768  12.170 0.2000000030
21147  36.729  -62.943  13.309 0.1000000015
21146  37.536  -63.173  13.494 0.2000000030
19366  38.777  -65.048  11.753 0.2000000030
21145  38.387  -63.384  13.679 0.2000000030
21164  37.974  -63.715  12.856 0.2000000030
20285  38.341  -64.378  12.301 0.2000000030
20302  37.879  -64.775  11.578 0.2000000030
21144  39.220  -63.560  13.930 0.2000000030
20269  38.935  -63.972  13.037 0.2000000030
129287  39.074  -64.591  12.425 0.2000000030
137409  38.865  -65.696  11.289 0.2000000030
18459  39.403  -66.279  11.106 0.2000000030
142876  40.295  -66.528  11.434 0.2000000030
18458  41.176  -66.938  11.754 0.1000000015
21128  38.716  -63.102  14.540 0.2000000030
19365  39.566  -65.125  12.223 0.2000000030
19379  39.425  -65.623  11.645 0.2000000030
19378  40.055  -65.741  11.933 0.1000000015
18447  40.765  -66.125  12.182 0.1000000015
122258  34.587  -62.198  14.208 0.1000000015
21994  33.836  -61.589  15.392 0.1000000015
22901  34.881  -61.553  15.722 0.1000000015
21992  36.161  -61.948  15.172 0.1000000015
21165  37.131  -63.475  12.729 0.2000000030
20347  46.223  -65.049  5.910 0.2000000030
18512  47.208  -66.869  6.703 0.2000000030
18520  47.084  -66.025  6.084 0.2000000030
20340  44.773  -64.581  6.844 0.2000000030
18496  47.177  -66.878  7.344 0.2000000030
19425  46.695  -65.605  6.902 0.2000000030
19410  47.134  -66.248  7.408 0.2000000030
17551  46.956  -67.532  7.565 0.2000000030
19411  46.374  -65.778  7.996 0.1000000015
135497  44.760  -65.409  8.558 0.2000000030
18485  46.801  -66.755  8.200 0.2000000030
125502  46.967  -67.506  7.980 0.2000000030
19413  43.344  -65.093  8.956 0.1000000015
19407  44.160  -65.653  9.529 0.1000000015
19406  45.751  -66.086  9.048 0.1000000015
20321  41.430  -64.518  9.779 0.1000000015
20322  40.719  -64.015  9.372 0.1000000015
22006  38.219  -62.674  15.158 0.1000000015
17530  46.466  -67.660  8.902 0.1000000015
133107  43.549  -65.789  10.424 0.1000000015
18486  46.104  -66.968  9.473 0.1000000015
19396  42.096  -65.003  10.252 0.1000000015
19408  42.914  -65.353  9.843 0.1000000015
20314  40.772  -64.234  10.268 0.1000000015
20313  41.452  -64.642  10.694 0.1000000015
21182  39.667  -63.257  10.979 0.1000000015
139278  39.110  -62.900  15.413 0.1000000015
21988  39.073  -62.702  16.000 0.1000000015
16658  44.211  -68.728  10.462 0.1000000015
17523  45.870  -68.334  9.763 0.1000000015
18487  44.888  -66.319  10.111 0.1000000015
18473  45.492  -66.960  10.613 0.1000000015
19377  42.117  -65.156  11.025 0.1000000015
21181  40.388  -63.568  11.494 0.1000000015
21180  41.128  -63.884  11.905 0.1000000015
21113  39.729  -62.984  15.986 0.1000000015
126568  45.381  -67.108  11.897 0.1000000015
16656  45.243  -68.590  10.703 0.1000000015
18444  44.611  -66.241  12.227 0.1000000015
18456  45.021  -66.652  11.591 0.1000000015
18472  45.884  -67.682  10.079 0.1000000015
17522  45.535  -68.166  10.822 0.1000000015
18457  43.961  -65.983  11.725 0.1000000015
20283  42.669  -64.602  12.523 0.1000000015
19362  43.205  -65.335  12.089 0.1000000015
19376  43.062  -65.609  11.215 0.1000000015
18474  44.224  -66.301  10.961 0.1000000015
22020  41.492  -62.989  13.468 0.1000000015
20284  41.880  -64.252  12.236 0.1000000015
20299  42.383  -64.945  11.755 0.1000000015
21162  41.455  -63.512  12.736 0.1000000015
21126  40.083  -63.360  15.390 0.1000000015
21127  39.445  -63.321  14.715 0.1000000015
16645  44.120  -68.709  11.135 0.1000000015
21142  42.551  -63.659  13.573 0.1000000015
20265  42.946  -64.328  13.253 0.1000000015
21143  41.966  -63.433  13.318 0.1000000015
16628  43.285  -68.366  11.602 0.1000000015
19412  43.907  -64.785  8.004 0.1000000015
20328  42.616  -64.490  8.352 0.1000000015
20300  41.612  -64.538  11.461 0.1000000015
21163  40.599  -63.299  12.306 0.1000000015
17508  45.345  -67.792  11.904 0.1000000015
15083  38.521  -70.365  4.680 0.1000000015
141729  37.735  -70.041  4.706 0.1000000015
14335  37.121  -71.609  5.303 0.1000000015
13583  35.805  -72.349  5.333 0.1000000015
12772  34.977  -73.124  4.942 0.1000000015
11988  34.824  -73.899  3.536 0.1000000015
132440  39.276  -69.946  4.501 0.1000000015
142883  38.417  -69.468  4.610 0.1000000015
14336  36.135  -71.688  5.290 0.1000000015
13582  36.694  -72.342  5.418 0.1000000015
130955  38.873  -68.642  4.627 0.1000000015
17619  39.308  -67.950  4.679 0.1000000015
123779  40.759  -68.878  4.076 0.1000000015
15905  39.963  -69.457  4.354 0.1000000015
14334  38.048  -71.629  5.175 0.1000000015
15906  37.303  -69.430  4.703 0.1000000015
16742  40.432  -68.101  4.335 0.1000000015
124380  37.942  -68.711  4.738 0.1000000015
17594  39.107  -67.296  5.079 0.1000000015
18542  38.619  -66.726  5.613 0.1000000015
16723  37.590  -68.081  5.071 0.1000000015
16722  38.521  -68.001  4.871 0.1000000015
17595  38.187  -67.452  5.321 0.1000000015
16743  39.777  -68.568  4.453 0.1000000015
12002  35.050  -74.381  2.794 0.1000000015
3824  31.946  -86.623  18.019 0.1000000015
3825  31.251  -86.887  17.975 0.1000000015
3859  30.953  -87.036  17.216 0.1000000015
4391  33.900  -85.515  18.108 0.1000000015
4392  33.252  -85.882  18.094 0.1000000015
4393  32.568  -86.301  18.063 0.1000000015
4394  32.337  -86.322  18.219 0.1000000015
4429  29.317  -86.164  16.425 0.1000000015
4967  35.020  -84.822  18.974 0.1000000015
4968  34.401  -85.212  18.437 0.1000000015
4969  33.643  -85.511  18.551 0.1000000015
4988  32.798  -86.053  17.745 0.1000000015
4989  32.216  -85.424  17.302 0.1000000015
5000  30.457  -84.741  16.714 0.1000000015
5556  35.194  -84.288  19.639 0.1000000015
5570  29.033  -83.258  18.497 0.1000000015
5579  34.811  -84.411  17.916 0.1000000015
5580  34.456  -84.522  17.721 0.1000000015
6149  35.502  -83.410  20.970 0.1000000015
6162  33.902  -83.364  19.904 0.1000000015
6184  35.225  -83.443  17.884 0.1000000015
6195  28.257  -82.238  16.480 0.1000000015
6758  28.883  -82.079  22.337 0.1000000015
6769  36.173  -82.125  22.067 0.1000000015
6772  34.475  -81.687  21.556 0.1000000015
6791  34.035  -82.017  20.836 0.1000000015
6809  31.943  -81.194  19.141 0.1000000015
6824  28.540  -81.163  18.486 0.1000000015
6836  34.571  -81.806  17.497 0.1000000015
6837  33.618  -82.074  17.443 0.1000000015
6849  28.995  -81.848  16.528 0.1000000015
7399  32.058  -80.670  27.211 0.1000000015
7464  36.360  -81.389  23.048 0.1000000015
7474  36.381  -81.530  22.833 0.1000000015
7476  34.868  -81.367  22.112 0.1000000015
7481  26.295  -80.142  21.023 0.1000000015
7519  31.282  -80.984  18.856 0.1000000015
7521  29.955  -80.550  18.630 0.1000000015
7523  26.580  -80.491  18.547 0.1000000015
7533  35.924  -80.763  17.651 0.1000000015
8045  33.571  -79.720  28.633 0.1000000015
8065  31.731  -79.115  27.212 0.1000000015
8096  28.805  -78.612  23.705 0.1000000015
8110  36.699  -80.565  23.285 0.1000000015
8111  36.582  -80.685  23.335 0.1000000015
8126  26.990  -78.847  20.734 0.1000000015
8127  26.618  -79.555  20.940 0.1000000015
8136  31.665  -79.386  20.534 0.1000000015
8151  26.314  -79.120  19.665 0.1000000015
8166  27.068  -79.228  18.727 0.1000000015
8734  30.180  -78.357  25.651 0.1000000015
8748  29.204  -77.937  24.258 0.1000000015
8783  37.618  -78.909  23.049 0.1000000015
8786  34.791  -78.750  22.329 0.1000000015
8790  28.197  -78.139  22.181 0.1000000015
8809  31.336  -78.681  20.979 0.1000000015
8820  36.875  -78.777  19.556 0.1000000015
8822  30.231  -78.499  19.834 0.1000000015
8825  27.406  -78.185  19.738 0.1000000015
8826  26.824  -78.720  19.380 0.1000000015
8842  28.236  -78.601  18.881 0.1000000015
8844  26.895  -78.889  18.957 0.1000000015
8864  30.709  -78.555  16.371 0.1000000015
8865  30.078  -78.144  16.339 0.1000000015
8868  27.374  -78.552  16.426 0.1000000015
9451  38.879  -77.994  25.595 0.1000000015
9452  38.761  -78.077  25.767 0.1000000015
9492  36.337  -78.278  23.743 0.1000000015
9494  30.151  -76.838  23.778 0.1000000015
9495  29.472  -77.068  23.174 0.1000000015
9496  28.944  -77.345  22.883 0.1000000015
9512  38.605  -77.865  22.376 0.1000000015
9516  32.682  -77.495  22.279 0.1000000015
9517  31.715  -77.300  22.734 0.1000000015
9526  39.566  -77.461  21.678 0.1000000015
9530  29.653  -77.092  21.808 0.1000000015
9541  36.601  -77.500  20.301 0.1000000015
9545  27.706  -77.894  20.161 0.1000000015
9558  28.944  -77.562  20.071 0.1000000015
9559  28.171  -77.741  19.934 0.1000000015
9572  33.869  -77.455  18.297 0.1000000015
9578  33.499  -77.685  17.459 0.1000000015
9579  32.680  -77.411  17.293 0.1000000015
9588  32.233  -77.675  16.717 0.1000000015
9603  28.286  -77.114  16.167 0.1000000015
9606  25.531  -77.477  15.129 0.1000000015
9614  25.986  -76.908  14.781 0.1000000015
10164  31.227  -76.396  25.308 0.1000000015
10177  37.749  -77.777  25.349 0.1000000015
10179  36.074  -76.494  24.172 0.1000000015
10225  40.881  -77.485  21.090 0.1000000015
10226  40.362  -77.378  21.303 0.1000000015
10246  33.526  -75.925  20.162 0.1000000015
10266  34.255  -77.226  19.151 0.1000000015
10905  30.889  -75.117  25.486 0.1000000015
10928  35.368  -75.941  23.734 0.1000000015
10929  34.501  -75.499  23.426 0.1000000015
10930  32.710  -75.167  22.970 0.1000000015
10932  31.680  -75.612  23.585 0.1000000015
10940  41.054  -76.991  21.854 0.1000000015
10942  33.213  -75.711  22.713 0.1000000015
10950  42.686  -75.964  20.608 0.1000000015
10991  31.006  -75.288  18.157 0.1000000015
11011  27.626  -75.547  14.648 0.1000000015
11024  28.130  -74.962  14.239 0.1000000015
11038  42.622  -74.775  13.301 0.2000000030
11045  27.458  -75.616  13.561 0.1000000015
11057  42.332  -75.471  13.179 0.2000000030
11064  29.892  -74.949  12.229 0.1000000015
11092  42.986  -74.563  11.348 0.2000000030
11671  30.453  -74.084  27.077 0.1000000015
11717  30.981  -73.577  25.051 0.1000000015
11773  32.823  -74.417  19.708 0.1000000015
11781  32.113  -73.956  18.712 0.1000000015
11798  29.911  -74.298  16.467 0.1000000015
11810  29.010  -74.326  15.161 0.1000000015
11853  31.825  -73.827  13.291 0.1000000015
11854  30.518  -73.925  13.285 0.1000000015
11866  42.812  -74.241  13.027 0.2000000030
11887  42.937  -74.090  12.125 0.2000000030
12476  30.445  -73.473  27.520 0.1000000015
12504  31.385  -73.241  25.263 0.1000000015
12512  31.954  -73.643  24.204 0.1000000015
12519  31.854  -74.067  23.746 0.1000000015
12535  44.620  -73.666  20.537 0.1000000015
12550  37.173  -72.591  20.694 0.1000000015
12553  33.936  -73.626  20.282 0.1000000015
12577  30.836  -73.663  17.174 0.1000000015
12591  31.055  -73.053  16.773 0.1000000015
12605  30.487  -73.076  15.397 0.1000000015
12639  42.606  -73.956  13.428 0.2000000030
12647  30.059  -73.722  13.683 0.1000000015
12665  41.921  -73.522  12.506 0.2000000030
12766  44.105  -73.532  5.516 0.1000000015
12773  34.773  -73.742  4.781 0.1000000015
13331  39.827  -72.221  26.007 0.1000000015
13335  31.365  -72.666  26.497 0.1000000015
13367  38.612  -72.214  23.885 0.1000000015
13414  43.279  -72.149  19.308 0.1000000015
13536  34.640  -71.922  8.637 0.4000000060
13553  37.534  -72.926  8.006 0.4000000060
13554  35.861  -72.269  7.947 0.4000000060
13566  39.285  -71.886  6.863 0.3000000119
13584  35.285  -72.397  5.059 0.1000000015
13598  43.838  -72.823  4.079 0.2000000030
13600  41.381  -73.130  3.534 0.1000000015
14103  39.208  -71.967  27.839 0.1000000015
14106  36.521  -71.170  27.500 0.1000000015
14118  37.205  -71.639  26.169 0.1000000015
14126  38.120  -72.001  25.539 0.1000000015
14134  37.400  -71.738  24.959 0.1000000015
14136  35.905  -71.271  24.789 0.1000000015
14138  38.985  -72.077  23.107 0.1000000015
14142  36.024  -71.231  23.943 0.1000000015
14204  43.140  -71.253  18.989 0.1000000015
14218  41.300  -70.204  18.328 0.1000000015
14292  33.796  -71.453  10.411 0.4000000060
14313  34.541  -71.327  8.183 0.5000000000
14344  44.689  -70.834  3.865 0.1000000015
14349  37.620  -70.826  4.988 0.1000000015
14375  44.117  -71.000  2.631 0.3000000119
14826  38.203  -71.103  29.097 0.1000000015
14828  36.690  -70.570  28.789 0.1000000015
14842  35.727  -70.718  27.761 0.1000000015
14853  35.329  -70.877  26.950 0.1000000015
14856  33.069  -70.146  26.017 0.2000000030
14875  36.202  -71.132  23.135 0.2000000030
14889  37.339  -70.816  22.302 0.4000000060
14891  35.300  -70.256  22.354 0.2000000030
14948  41.482  -69.889  18.339 0.2000000030
15037  33.252  -70.745  8.980 0.5000000000
15049  35.385  -70.398  7.455 0.5000000000
15061  38.323  -70.365  6.651 0.3000000119
15084  36.804  -70.196  4.798 0.1000000015
15121  44.906  -69.883  2.834 0.2000000030
15123  43.732  -70.414  2.508 0.1000000015
15647  33.582  -69.744  27.970 0.1000000015
15657  32.429  -69.789  26.056 0.2000000030
15687  33.747  -69.632  22.442 0.3000000119
15703  34.418  -69.345  21.799 0.4000000060
15715  42.395  -69.924  18.992 0.1000000015
15718  37.729  -68.738  20.758 0.3000000119
15732  41.267  -69.270  18.546 0.1000000015
15832  31.736  -69.292  11.467 0.4000000060
15844  32.332  -69.516  9.540 0.5000000000
15845  31.906  -69.251  10.094 0.5000000000
15852  33.492  -70.042  8.378 0.5000000000
15882  37.713  -69.549  6.726 0.4000000060
15923  43.405  -69.724  2.611 0.1000000015
15942  44.735  -69.322  2.476 0.3000000119
15943  44.108  -69.782  2.395 0.2000000030
16429  36.674  -68.731  29.877 0.1000000015
16433  33.138  -68.228  29.177 0.1000000015
16440  33.533  -68.791  28.981 0.1000000015
16448  30.738  -68.096  27.174 0.2000000030
16469  31.060  -68.882  26.066 0.2000000030
16481  30.635  -68.394  24.707 0.2000000030
16496  30.848  -68.180  23.239 0.2000000030
16505  33.452  -68.573  21.400 0.3000000119
16529  40.659  -68.876  18.255 0.1000000015
16558  39.168  -68.233  17.284 0.2000000030
16600  33.849  -68.785  14.711 0.5000000000
16643  45.115  -68.390  11.556 0.1000000015
16644  44.772  -68.635  11.352 0.1000000015
16647  31.533  -68.657  11.201 0.4000000060
16676  37.106  -68.233  7.809 0.4000000060
16762  45.707  -68.082  2.923 0.2000000030
16780  45.413  -68.215  2.585 0.2000000030
16781  44.846  -68.334  2.333 0.2000000030
17291  35.132  -67.236  29.729 0.1000000015
17346  29.720  -67.041  24.779 0.2000000030
17354  29.851  -67.257  23.963 0.2000000030
17369  36.147  -67.308  19.856 0.5000000000
17400  37.830  -67.140  18.576 0.3000000119
17417  38.043  -67.665  16.868 0.2000000030
17418  36.524  -67.444  16.745 0.3000000119
17532  45.313  -68.388  9.005 0.2000000030
17534  41.792  -67.954  10.190 0.2000000030
17544  31.907  -67.912  10.222 0.5000000000
17560  35.140  -67.671  8.635 0.4000000060
17633  45.812  -67.175  2.786 0.2000000030
17634  45.996  -67.293  3.045 0.2000000030
17651  45.422  -67.593  2.529 0.2000000030
18402  30.607  -66.320  15.436 0.5000000000
18455  45.542  -67.398  11.164 0.1000000015
18462  31.770  -66.705  11.232 0.4000000060
18477  37.189  -66.413  10.160 0.4000000060
18479  35.444  -66.039  10.112 0.4000000060
18482  32.401  -66.532  10.620 0.4000000060
18493  32.395  -67.242  10.169 0.4000000060
18502  40.073  -66.878  8.251 0.3000000119
18516  40.917  -66.564  7.844 0.4000000060
18537  46.198  -66.092  4.559 0.2000000030
18541  39.914  -66.840  4.922 0.2000000030
18560  46.186  -66.311  3.805 0.2000000030
18579  45.404  -66.367  3.027 0.3000000119
18594  45.467  -67.016  2.618 0.2000000030
19361  44.041  -65.677  12.499 0.1000000015
19424  47.242  -66.332  6.893 0.2000000030
19426  45.312  -65.171  7.673 0.2000000030
19466  41.194  -65.468  4.785 0.2000000030
20039  37.602  -64.221  29.915 0.1000000015
20151  29.518  -64.156  21.660 0.1000000015
20166  30.310  -64.605  19.976 0.2000000030
20282  43.471  -64.984  12.869 0.1000000015
20288  32.889  -64.059  12.095 0.4000000060
20301  40.869  -64.190  11.118 0.1000000015
20316  35.644  -64.910  10.813 0.3000000119
20330  40.664  -63.587  8.556 0.1000000015
20350  40.644  -63.258  6.359 0.1000000015
20351  40.015  -63.884  6.287 0.1000000015
20366  44.383  -63.797  5.003 0.3000000119
20367  43.322  -63.471  5.132 0.3000000119
20368  42.373  -63.686  5.202 0.3000000119
20925  36.090  -62.991  29.904 0.1000000015
21003  29.884  -63.970  24.249 0.1000000015
21014  29.585  -63.713  23.542 0.1000000015
21041  29.646  -63.465  20.090 0.1000000015
21129  37.919  -62.833  14.294 0.2000000030
21161  42.247  -63.920  12.924 0.1000000015
21232  39.151  -63.372  7.081 0.1000000015
21243  41.342  -63.181  6.071 0.1000000015
21793  35.278  -62.458  29.496 0.1000000015
21808  34.870  -61.916  29.161 0.1000000015
21827  34.833  -61.856  28.992 0.1000000015
22019  42.131  -63.073  13.869 0.1000000015
22050  38.493  -62.213  11.299 0.1000000015
22073  39.945  -62.675  7.497 0.1000000015
22074  39.481  -62.582  8.210 0.1000000015
122252  28.130  -75.632  15.319 0.1000000015
122262  42.275  -64.769  9.334 0.1000000015
123377  29.343  -81.167  16.523 0.1000000015
123978  34.752  -69.597  28.834 0.1000000015
124210  32.883  -82.276  17.405 0.1000000015
125449  34.076  -80.506  28.823 0.1000000015
125471  27.212  -80.992  16.428 0.1000000015
126925  28.369  -79.984  16.476 0.1000000015
127096  31.511  -73.500  24.705 0.1000000015
128985  38.317  -78.462  25.215 0.1000000015
129002  43.114  -73.883  11.379 0.2000000030
129611  33.565  -75.223  23.151 0.1000000015
129818  34.035  -69.242  8.032 0.5000000000
130106  29.175  -75.859  16.191 0.1000000015
130604  33.441  -65.497  10.648 0.4000000060
131688  28.725  -77.792  16.343 0.1000000015
131872  35.378  -84.138  19.066 0.1000000015
132688  26.019  -81.873  16.275 0.1000000015
133672  38.678  -77.981  24.643 0.1000000015
134117  38.080  -65.468  29.748 0.1000000015
134263  29.741  -77.376  24.538 0.1000000015
134974  44.775  -68.765  10.770 0.1000000015
135424  33.203  -83.933  17.491 0.1000000015
135782  36.949  -79.978  23.940 0.1000000015
135896  30.198  -77.463  16.406 0.1000000015
136547  36.180  -76.522  20.731 0.1000000015
136672  28.355  -80.103  18.500 0.1000000015
136687  43.324  -66.658  3.248 0.2000000030
136810  37.895  -63.030  7.702 0.1000000015
137403  26.641  -79.704  18.677 0.1000000015
137791  38.444  -69.803  21.381 0.3000000119
137824  29.531  -73.808  15.298 0.1000000015
137988  39.484  -68.726  20.367 0.1000000015
138553  43.947  -65.512  3.803 0.3000000119
138630  29.672  -83.030  18.516 0.1000000015
138998  33.971  -78.685  21.929 0.1000000015
140368  31.865  -69.272  12.192 0.5000000000
140865  38.086  -70.896  22.214 0.3000000119
140991  42.673  -65.413  10.592 0.1000000015
141392  35.822  -82.712  21.508 0.1000000015
141418  39.254  -69.215  4.505 0.1000000015
141510  32.896  -67.418  17.542 0.5000000000
141704  39.787  -68.504  6.461 0.3000000119
141868  31.328  -79.005  16.411 0.1000000015
141948  42.418  -63.524  6.780 0.3000000119
142090  29.071  -77.084  21.722 0.1000000015
142154  35.899  -82.169  18.289 0.1000000015
142237  31.507  -85.334  18.562 0.1000000015
142515  31.200  -65.014  13.725 0.5000000000
142531  31.980  -83.569  18.733 0.1000000015
142718  34.520  -65.867  29.604 0.1000000015
142823  35.068  -77.556  19.204 0.1000000015
143450  34.287  -66.316  9.826 0.3000000119
143498  31.215  -68.860  24.500 0.2000000030
143825  32.610  -77.330  28.588 0.1000000015
144030  29.938  -81.094  16.562 0.1000000015
144238  27.763  -79.744  16.479 0.1000000015
144265  33.651  -83.388  27.555 0.1000000015
144328  31.138  -66.790  16.774 0.5000000000
144527  32.047  -78.755  16.453 0.1000000015
144578  30.906  -74.015  24.680 0.1000000015
144688  33.276  -69.229  28.472 0.2000000030
145302  33.773  -64.660  11.248 0.3000000119
145314  37.049  -71.613  25.659 0.1000000015
145320  30.085  -81.767  24.017 0.1000000015
145573  28.371  -81.565  16.487 0.1000000015
145619  44.498  -71.063  4.517 0.1000000015
145680  39.391  -72.240  26.402 0.1000000015
145754  35.948  -81.944  18.673 0.1000000015
145911  30.815  -82.629  24.122 0.1000000015
146103  30.606  -77.820  25.828 0.1000000015
146342  38.580  -77.984  23.784 0.1000000015
146360  31.570  -59.743  21.594 0.1000000015
146674  31.291  -76.156  24.657 0.1000000015
146908  33.826  -62.767  13.170 0.3000000119
147195  35.678  -69.241  21.353 0.4000000060
147275  39.810  -66.008  11.529 0.2000000030
