#!ascii label  , from subject sub-v2s3x28837_ses-1 vox2ras=TkReg
1935
8167  1.258  -73.705  -4.259 0.5000000000
6555  2.172  -76.371  -0.689 0.5000000000
145332  1.932  -76.482  0.824 0.5000000000
6523  2.264  -76.544  1.907 0.5000000000
9912  0.570  -72.323  -5.510 0.5000000000
9032  0.768  -72.890  -4.926 0.5000000000
9033  0.111  -72.629  -4.368 0.5000000000
9021  0.612  -73.297  -3.815 0.5000000000
9022  0.131  -72.826  -3.312 0.6000000238
8138  0.850  -74.289  -2.251 0.5000000000
152604  2.982  -76.583  2.747 0.5000000000
7307  1.306  -75.766  -1.063 0.5000000000
6483  3.266  -76.904  3.727 0.5000000000
7287  1.097  -75.899  -0.384 0.6000000238
6506  2.292  -76.645  3.204 0.6000000238
140170  0.575  -75.574  -0.030 0.6000000238
6524  1.358  -76.378  1.422 0.6000000238
6485  1.343  -76.701  3.741 0.6999999881
7274  0.267  -75.882  1.489 0.6999999881
144118  0.579  -76.268  2.748 0.6999999881
152648  -0.455  -75.545  2.636 0.6999999881
6508  -0.124  -75.948  2.873 0.6999999881
6486  0.287  -76.429  3.676 0.6999999881
162422  -0.315  -71.765  -5.544 0.5000000000
9874  -0.514  -72.236  -4.068 0.6000000238
10804  -1.099  -71.185  -5.316 0.6000000238
9854  -0.978  -71.780  -3.333 0.6000000238
8120  0.693  -74.709  -1.267 0.5000000000
6484  2.426  -77.077  4.192 0.5000000000
4938  2.471  -78.173  4.598 0.5000000000
4182  0.627  -79.063  4.195 0.6999999881
5624  1.721  -77.947  4.922 0.6999999881
4940  0.446  -78.588  4.785 0.6999999881
142378  0.859  -75.399  -0.733 0.6000000238
7300  0.374  -74.961  -0.389 0.6999999881
5607  0.411  -77.922  5.254 0.6999999881
8094  -0.363  -74.589  0.666 0.6999999881
7262  -0.494  -75.143  2.101 0.6999999881
5608  -0.255  -77.878  5.450 0.6999999881
7263  -0.817  -74.926  2.895 0.6999999881
7250  -0.642  -75.642  3.326 0.6999999881
6487  -0.370  -76.132  3.843 0.6999999881
6440  -1.044  -76.835  5.522 0.6999999881
7251  -1.027  -75.021  3.829 0.6999999881
7234  -1.293  -75.228  4.746 0.6999999881
6464  -1.090  -76.024  5.119 0.6999999881
7213  -2.202  -75.278  6.189 0.6999999881
11737  -1.042  -71.199  -5.309 0.5000000000
12701  -1.687  -70.701  -4.845 0.6000000238
11738  -2.735  -70.434  -4.511 0.6000000238
155018  -1.978  -71.035  -4.799 0.6000000238
11717  -3.180  -70.411  -4.383 0.6000000238
9853  -0.388  -72.459  -2.688 0.6000000238
141107  -2.106  -70.929  -3.143 0.6000000238
8999  -0.181  -73.002  -1.875 0.6000000238
146600  -0.011  -79.408  3.887 0.6999999881
8121  0.081  -74.173  -0.707 0.6999999881
4183  -0.155  -79.134  4.496 0.6999999881
148594  -1.077  -79.604  3.095 0.6999999881
4216  -1.612  -79.501  2.554 0.6999999881
9000  -0.401  -73.247  -1.005 0.6999999881
148773  -0.842  -79.532  3.957 0.6999999881
150987  -2.797  -78.998  2.599 0.6999999881
8976  -0.531  -73.822  0.020 0.6999999881
8977  -1.075  -73.270  0.486 0.6999999881
4927  0.101  -78.243  5.213 0.6999999881
4172  -1.012  -79.151  4.886 0.6999999881
4200  -1.806  -79.530  3.471 0.6999999881
4201  -2.653  -79.257  3.443 0.6999999881
8095  -0.862  -73.900  0.977 0.6999999881
137615  -1.411  -73.195  1.206 0.6999999881
4928  -0.786  -78.420  5.415 0.6999999881
4174  -2.699  -79.140  4.806 0.6999999881
8055  -1.319  -74.334  3.394 0.6999999881
5591  -1.939  -77.827  6.241 0.6999999881
4929  -1.669  -78.761  5.456 0.6999999881
8047  -1.605  -74.346  4.362 0.6999999881
7192  -2.070  -76.289  6.416 0.6999999881
5592  -2.769  -77.992  6.562 0.6999999881
8031  -1.848  -74.748  5.352 0.6999999881
6420  -2.409  -77.239  6.681 0.6999999881
8032  -2.472  -74.408  5.984 0.6999999881
12679  -1.095  -69.984  -4.389 0.5000000000
12680  -2.274  -69.973  -4.577 0.6000000238
13563  -2.738  -69.242  -4.212 0.6000000238
14413  -1.869  -68.550  -3.254 0.5000000000
14415  -4.245  -68.462  -4.018 0.6000000238
14401  0.073  -68.107  -2.057 0.5000000000
13562  -1.487  -69.286  -3.793 0.5000000000
11739  -3.789  -70.103  -4.478 0.6000000238
146253  -5.193  -68.584  -4.093 0.6000000238
11718  -3.927  -70.208  -4.133 0.6000000238
12703  -4.748  -69.497  -4.234 0.6000000238
10771  -1.400  -71.463  -2.648 0.6000000238
141925  -0.616  -72.488  -1.689 0.6999999881
10754  -1.733  -71.104  -1.857 0.6999999881
9819  -1.415  -72.165  -0.462 0.6999999881
10733  -1.775  -71.466  -0.826 0.6999999881
4959  -3.333  -78.329  2.380 0.6999999881
9801  -1.572  -72.490  0.475 0.6999999881
9820  -1.985  -71.728  0.042 0.6999999881
4954  -3.312  -78.697  3.389 0.6999999881
5663  -3.750  -77.425  2.304 0.6999999881
9802  -2.225  -71.842  0.851 0.6999999881
4942  -3.624  -78.492  4.357 0.6999999881
139065  -3.689  -77.956  2.933 0.6999999881
5678  -3.595  -77.170  1.020 0.6999999881
9759  -2.420  -72.536  3.347 0.6000000238
4931  -3.319  -78.759  5.195 0.6999999881
5645  -3.864  -77.891  3.650 0.6999999881
5664  -4.016  -77.080  3.033 0.6999999881
153676  -3.787  -76.945  1.694 0.6999999881
6543  -3.621  -76.512  0.434 0.6999999881
8912  -2.050  -73.532  4.311 0.6999999881
5593  -3.590  -77.921  6.594 0.6999999881
5594  -4.296  -77.692  6.485 0.6000000238
139305  -4.557  -77.227  4.914 0.6999999881
5646  -4.277  -76.967  3.879 0.6999999881
8888  -2.816  -73.599  5.773 0.6000000238
7193  -2.579  -75.800  6.884 0.6999999881
7173  -3.150  -75.768  7.513 0.6999999881
5579  -3.274  -77.398  7.090 0.6999999881
5580  -4.132  -77.393  7.166 0.6000000238
6441  -4.950  -77.095  5.981 0.6000000238
8870  -3.122  -74.126  6.621 0.6000000238
7989  -3.589  -74.808  7.570 0.6000000238
7164  -3.920  -75.724  8.104 0.6000000238
6397  -5.073  -76.250  8.052 0.5000000000
5581  -4.817  -77.125  7.000 0.5000000000
145461  -5.441  -76.388  6.581 0.5000000000
8871  -3.807  -73.836  7.233 0.6000000238
8843  -4.988  -74.238  8.554 0.5000000000
7972  -4.420  -74.992  8.321 0.5000000000
14402  -3.437  -67.716  -3.179 0.6000000238
15301  -2.682  -67.128  -2.276 0.6000000238
15304  -5.493  -66.688  -2.917 0.5000000000
16247  -5.153  -65.391  -1.574 0.6999999881
148149  -1.089  -67.967  -2.300 0.5000000000
15294  -1.565  -67.216  -1.888 0.6000000238
15295  -2.987  -66.425  -1.792 0.6000000238
15293  -0.043  -66.451  -0.826 0.6000000238
14393  -0.264  -67.248  -1.495 0.6000000238
15313  -6.019  -67.392  -3.385 0.4000000060
158266  -1.028  -65.656  -0.734 0.6000000238
13566  -5.631  -68.499  -3.718 0.5000000000
12658  -4.813  -69.460  -3.741 0.6000000238
149245  -3.427  -69.597  -2.364 0.6000000238
10734  -2.293  -71.122  -0.365 0.6999999881
11692  -2.834  -69.893  -1.708 0.6000000238
10715  -2.502  -71.266  0.425 0.6999999881
9774  -2.549  -72.139  2.594 0.6000000238
10694  -3.133  -71.102  1.622 0.6000000238
9740  -2.391  -72.871  4.090 0.6000000238
6465  -4.847  -76.066  4.140 0.6000000238
6488  -4.528  -76.208  3.184 0.6000000238
7264  -4.806  -75.560  2.504 0.6999999881
6527  -4.515  -75.564  1.816 0.6999999881
7290  -4.018  -75.492  0.446 0.6999999881
8889  -3.239  -72.904  5.595 0.6000000238
6442  -5.466  -75.980  5.563 0.6000000238
151894  -4.094  -74.945  -0.389 0.6999999881
8872  -4.114  -73.036  6.959 0.6000000238
7174  -5.675  -75.846  7.977 0.4000000060
153834  -5.895  -75.544  5.974 0.4000000060
6466  -5.430  -75.708  4.656 0.5000000000
7235  -5.353  -75.591  3.976 0.6000000238
7277  -5.124  -74.955  1.831 0.6000000238
7291  -4.718  -74.801  0.302 0.6000000238
9694  -4.853  -72.733  7.527 0.5000000000
8860  -5.327  -73.292  8.383 0.5000000000
154851  -5.572  -74.467  8.624 0.5000000000
7166  -5.285  -75.640  8.348 0.5000000000
7237  -6.455  -75.592  4.608 0.4000000060
7253  -5.647  -75.416  3.469 0.6000000238
154062  -4.636  -64.819  -0.888 0.6000000238
15296  -3.979  -66.263  -1.982 0.6000000238
16248  -5.996  -65.330  -1.653 0.6000000238
16234  -1.462  -65.113  -0.543 0.6000000238
16235  -2.589  -65.118  -0.644 0.5000000000
18283  -2.686  -64.240  0.354 0.6000000238
18255  -1.914  -63.248  1.242 0.6000000238
15305  -6.316  -66.682  -2.996 0.6000000238
17232  0.000  -64.615  0.039 0.6999999881
18266  -0.851  -63.467  0.610 0.6000000238
19338  -1.335  -62.568  1.645 0.6000000238
13556  -6.303  -67.997  -3.414 0.5000000000
15314  -6.685  -67.334  -3.237 0.6000000238
17216  0.041  -64.267  0.552 0.6000000238
19337  -0.726  -62.506  1.669 0.6999999881
13554  -5.217  -68.807  -3.028 0.5000000000
18254  -0.272  -63.220  1.416 0.6999999881
12635  -4.119  -69.060  -2.339 0.6000000238
18241  -0.311  -62.767  1.976 0.6000000238
11659  -2.704  -70.653  0.017 0.6000000238
12634  -3.369  -69.337  -1.333 0.6000000238
12596  -3.524  -69.495  0.402 0.6000000238
10716  -2.993  -70.765  0.856 0.6000000238
10674  -3.188  -71.415  2.500 0.6000000238
137459  -3.490  -71.368  3.409 0.6000000238
10625  -5.560  -70.917  5.772 0.6000000238
9718  -3.627  -72.320  5.490 0.6000000238
10626  -6.314  -70.931  5.928 0.6000000238
9705  -5.285  -71.964  7.053 0.6000000238
7266  -6.021  -75.349  2.747 0.6000000238
7278  -5.729  -75.102  2.050 0.6000000238
7292  -5.564  -74.853  0.446 0.6000000238
9695  -5.660  -72.419  7.975 0.5000000000
8844  -6.660  -73.407  8.769 0.5000000000
149561  -6.282  -74.209  8.670 0.5000000000
7302  -6.190  -75.597  -0.899 0.6000000238
6467  -7.301  -76.193  4.369 0.4000000060
150837  -6.426  -75.838  2.029 0.6000000238
161103  -6.134  -75.297  1.538 0.6000000238
149833  -5.011  -64.451  -0.468 0.6000000238
17217  -4.883  -64.337  0.628 0.5000000000
17218  -5.504  -64.342  -0.109 0.6000000238
141276  -7.083  -64.515  0.157 0.5000000000
145663  -3.955  -64.396  -0.231 0.6000000238
17204  -4.291  -64.375  1.392 0.6000000238
17254  -5.477  -64.774  -1.025 0.5000000000
17255  -6.249  -64.721  -1.120 0.5000000000
16250  -7.506  -64.951  -1.691 0.5000000000
18256  -2.784  -63.754  1.621 0.5000000000
162824  -4.149  -64.261  0.592 0.6000000238
18244  -3.087  -63.575  2.531 0.5000000000
16260  -7.537  -65.664  -2.409 0.6000000238
20474  -0.526  -62.063  2.235 0.6999999881
19325  -1.069  -62.076  2.044 0.6000000238
20439  -1.002  -60.950  3.249 0.6000000238
13544  -5.651  -67.993  -2.144 0.5000000000
19312  -0.331  -62.151  3.278 0.5000000000
20455  -0.432  -61.747  2.885 0.6999999881
13522  -3.891  -68.620  -0.944 0.5000000000
12581  -3.840  -69.623  1.227 0.5000000000
134778  -3.675  -70.630  2.194 0.6000000238
152645  -5.599  -69.941  3.730 0.6000000238
10659  -4.382  -70.730  4.060 0.5000000000
11576  -6.058  -70.213  4.575 0.6000000238
10644  -5.381  -70.558  5.076 0.6000000238
10595  -6.935  -71.583  7.656 0.5000000000
6490  -7.805  -76.729  3.862 0.5000000000
148453  -7.632  -76.830  3.107 0.5000000000
6544  -6.709  -76.357  0.442 0.6000000238
6558  -6.800  -76.476  -0.521 0.6000000238
17205  -5.200  -64.623  1.667 0.6000000238
147319  -5.776  -64.546  0.853 0.6000000238
17169  -4.792  -64.595  3.547 0.6000000238
17238  -7.441  -64.437  -0.661 0.5000000000
18245  -3.875  -64.130  3.034 0.6000000238
18227  -3.384  -63.398  3.519 0.6999999881
17273  -8.234  -64.963  -1.948 0.6000000238
20440  -1.777  -61.001  3.478 0.6000000238
19327  -2.617  -62.806  2.979 0.6000000238
15307  -7.924  -66.473  -2.738 0.6000000238
21580  -0.821  -60.545  3.822 0.6000000238
20421  -2.433  -60.631  4.219 0.6000000238
14404  -6.535  -67.901  -2.782 0.5000000000
13503  -4.639  -68.340  0.347 0.5000000000
19292  -0.378  -61.645  4.135 0.5000000000
21579  -0.472  -60.838  3.880 0.6000000238
11640  -4.100  -69.888  1.940 0.5000000000
12551  -6.091  -69.677  3.041 0.6000000238
11621  -5.192  -69.793  2.973 0.5000000000
142164  -6.837  -70.423  4.262 0.5000000000
11577  -6.733  -70.730  5.106 0.5000000000
6511  -7.592  -76.995  2.294 0.6000000238
155491  -7.608  -77.107  1.620 0.6000000238
17170  -5.723  -64.865  4.019 0.6000000238
17190  -6.472  -65.073  2.760 0.5000000000
17206  -6.690  -64.672  1.020 0.5000000000
17145  -5.047  -64.378  4.535 0.6999999881
17220  -8.009  -64.526  0.095 0.5000000000
19295  -4.112  -62.825  5.061 0.6999999881
18228  -4.176  -63.968  4.049 0.6000000238
156127  -8.797  -64.477  -0.060 0.5000000000
19294  -3.503  -62.307  4.717 0.6000000238
17258  -8.812  -64.384  -1.489 0.5000000000
16261  -9.563  -65.427  -2.524 0.6000000238
21568  -3.121  -60.160  4.531 0.6999999881
147238  -8.782  -66.253  -2.691 0.6000000238
21567  -2.097  -59.739  4.387 0.6000000238
14406  -7.696  -67.152  -2.833 0.6000000238
22656  -1.265  -59.601  5.423 0.6999999881
22667  -0.799  -60.224  4.441 0.6999999881
14383  -5.834  -67.545  -0.445 0.5000000000
14395  -7.019  -67.441  -1.692 0.5000000000
21566  -0.560  -60.600  4.495 0.6000000238
13504  -5.341  -67.793  0.093 0.5000000000
22636  -1.021  -60.020  5.436 0.5000000000
12599  -6.186  -68.819  1.116 0.6000000238
12582  -4.644  -69.249  1.540 0.5000000000
20400  -0.954  -61.398  5.537 0.6000000238
12583  -5.630  -69.207  1.776 0.5000000000
11599  -6.526  -70.011  3.697 0.6000000238
10675  -7.924  -71.221  2.783 0.5000000000
17146  -5.957  -64.389  4.712 0.6999999881
146716  -6.310  -65.018  3.475 0.5000000000
143814  -7.232  -65.030  2.142 0.5000000000
152107  -6.444  -61.723  4.589 0.8000000119
18211  -6.154  -63.662  5.134 0.6999999881
143177  -8.486  -64.895  1.851 0.5000000000
161085  -8.797  -64.745  0.865 0.5000000000
21570  -4.982  -60.524  4.591 0.6999999881
20412  -4.944  -62.338  5.341 0.6999999881
18192  -4.746  -62.943  5.308 0.8000000119
159316  -4.100  -61.420  5.088 0.6999999881
17222  -10.152  -64.593  -0.351 0.5000000000
22670  -3.855  -59.511  4.532 0.6999999881
21569  -4.082  -60.634  4.838 0.6999999881
17259  -9.895  -64.224  -1.826 0.6000000238
17241  -10.493  -64.252  -1.434 0.5000000000
145745  -3.806  -58.109  5.074 0.6000000238
146912  -3.839  -58.689  4.691 0.6000000238
157781  -8.607  -66.912  -2.497 0.6000000238
23708  -2.322  -58.280  5.995 0.6999999881
162399  -2.471  -58.543  5.485 0.6999999881
136852  -6.471  -67.467  -0.616 0.6000000238
14396  -8.249  -67.312  -1.685 0.6000000238
22638  -1.882  -58.870  6.326 0.6000000238
13525  -6.631  -67.646  -0.089 0.6000000238
157960  -6.239  -69.247  1.704 0.6000000238
21536  -1.987  -60.741  6.590 0.6000000238
11641  -7.054  -69.791  2.198 0.6000000238
11623  -7.469  -70.369  2.489 0.5000000000
141261  -7.053  -62.338  4.588 0.6000000238
138619  -6.960  -63.388  4.793 0.5000000000
152421  -7.418  -64.344  4.281 0.5000000000
139097  -9.195  -64.967  1.699 0.5000000000
159559  -6.585  -60.951  4.000 0.8000000119
160033  -10.094  -65.144  0.537 0.5000000000
22672  -4.770  -59.738  4.308 0.6999999881
17276  -11.436  -64.338  -2.537 0.6000000238
20349  -5.826  -60.335  10.810 0.6000000238
23725  -4.679  -57.974  4.725 0.8000000119
21485  -6.200  -60.206  10.626 0.6000000238
24747  -3.808  -57.285  6.131 0.6999999881
140413  -5.184  -57.310  5.197 0.8000000119
15308  -9.914  -66.121  -2.727 0.6000000238
20369  -4.792  -60.898  9.167 0.6000000238
161736  -2.786  -57.684  6.943 0.6000000238
14385  -8.299  -67.648  -0.833 0.6000000238
13527  -8.349  -68.260  -0.499 0.6000000238
21537  -3.526  -59.620  7.943 0.6000000238
156836  -2.738  -59.274  7.304 0.6000000238
22622  -2.412  -58.598  6.954 0.6000000238
13506  -6.723  -68.390  0.459 0.6000000238
12617  -7.992  -69.152  -0.259 0.6000000238
22621  -1.969  -59.569  6.583 0.5000000000
11642  -7.416  -70.190  1.625 0.5000000000
10695  -7.929  -71.106  1.798 0.5000000000
11678  -7.895  -70.998  -0.333 0.5000000000
19298  -8.628  -62.256  4.430 0.5000000000
157864  -8.411  -63.118  4.583 0.5000000000
20424  -7.103  -61.379  4.066 0.6000000238
20426  -8.435  -61.451  3.869 0.5000000000
150618  -6.413  -60.318  3.574 0.8000000119
20441  -7.052  -60.664  3.376 0.6999999881
22686  -6.347  -59.557  3.357 0.8000000119
22685  -5.540  -59.141  3.806 0.8000000119
17242  -11.488  -64.212  -1.918 0.6000000238
16224  -10.591  -65.666  0.394 0.5000000000
19183  -6.144  -62.262  11.464 0.6000000238
24781  -6.306  -57.804  4.201 0.8000000119
16237  -12.011  -65.055  -1.227 0.5000000000
20350  -6.573  -60.587  10.220 0.6999999881
162374  -6.090  -60.475  11.000 0.6000000238
24749  -5.308  -57.318  5.676 0.8000000119
143668  -10.881  -66.658  -2.554 0.6000000238
16263  -11.810  -64.933  -2.707 0.6000000238
17261  -11.832  -64.301  -2.605 0.6000000238
21505  -6.242  -59.932  9.992 0.6000000238
13528  -9.083  -68.097  -0.894 0.6000000238
14397  -9.109  -67.488  -1.462 0.6000000238
15309  -12.331  -66.074  -3.010 0.6000000238
21521  -4.355  -59.675  8.760 0.6000000238
23677  -3.526  -57.756  7.643 0.6000000238
24736  -4.140  -57.236  6.696 0.5000000000
12618  -8.848  -68.907  -0.736 0.6000000238
22623  -3.271  -58.479  7.779 0.6000000238
12636  -7.801  -70.175  -0.375 0.6000000238
12637  -8.393  -70.174  -1.117 0.6000000238
11693  -8.174  -70.903  -1.221 0.5000000000
156448  -8.214  -71.350  -1.147 0.5000000000
160700  -8.083  -71.428  0.436 0.5000000000
10736  -8.389  -71.936  -1.339 0.5000000000
20443  -8.229  -60.893  2.892 0.6000000238
21595  -7.730  -60.066  2.352 0.6999999881
18099  -5.500  -64.245  12.615 0.6000000238
18109  -5.947  -63.796  11.825 0.6000000238
23741  -6.395  -58.571  3.592 0.8000000119
16225  -11.194  -65.443  -0.223 0.5000000000
18110  -6.703  -63.487  11.251 0.6000000238
24782  -6.858  -57.804  3.919 0.8000000119
15282  -11.894  -66.235  -0.378 0.5000000000
19205  -6.767  -62.730  10.665 0.6999999881
24750  -6.803  -57.353  5.066 0.8000000119
16265  -12.858  -65.361  -2.572 0.6000000238
16238  -12.942  -65.354  -1.943 0.6000000238
20370  -6.717  -60.895  9.084 0.8000000119
24737  -5.251  -57.341  6.078 0.6999999881
14399  -10.970  -67.654  -2.180 0.6000000238
14410  -12.920  -67.037  -3.168 0.6000000238
21524  -6.234  -59.986  8.961 0.6999999881
22624  -5.210  -58.733  8.238 0.6999999881
22639  -5.235  -57.986  6.658 0.6000000238
12639  -10.638  -68.368  -1.928 0.6000000238
13558  -12.902  -68.011  -3.354 0.6000000238
22608  -3.984  -58.785  8.574 0.6000000238
13557  -11.817  -68.006  -2.783 0.5000000000
12660  -9.050  -70.356  -2.310 0.5000000000
21596  -8.281  -60.279  2.098 0.6000000238
20459  -9.430  -60.873  1.994 0.5000000000
18080  -4.853  -64.228  14.648 0.6000000238
21609  -8.890  -59.837  1.613 0.6999999881
17038  -5.291  -64.423  13.983 0.6000000238
22699  -7.680  -59.606  2.461 0.6999999881
22701  -9.120  -59.253  1.922 0.6000000238
139257  -6.610  -64.020  11.753 0.6000000238
135591  -6.691  -64.320  12.915 0.6000000238
23763  -8.546  -58.727  2.578 0.6000000238
147002  -8.737  -58.267  3.194 0.6999999881
18124  -7.478  -63.419  10.689 0.8000000119
24767  -7.304  -57.440  4.720 0.6999999881
23744  -8.951  -58.131  4.016 0.6000000238
20351  -7.139  -61.729  9.312 0.8000000119
23711  -7.046  -57.653  5.359 0.8000000119
23694  -7.830  -58.440  5.772 0.6999999881
20386  -6.970  -61.038  7.954 0.6999999881
21538  -6.524  -60.248  7.461 0.6999999881
146462  -6.578  -59.639  6.568 0.6000000238
22641  -7.458  -59.434  6.209 0.8000000119
18070  -4.918  -63.526  15.227 0.6000000238
18081  -5.923  -64.161  14.171 0.6000000238
18101  -7.220  -64.150  12.298 0.6999999881
23727  -9.754  -58.670  4.421 0.6000000238
18111  -7.355  -63.802  11.505 0.6999999881
18125  -8.267  -63.383  10.548 0.6999999881
23726  -9.063  -58.149  4.829 0.6999999881
23714  -9.455  -58.511  5.583 0.6000000238
19230  -8.497  -62.848  9.471 0.8000000119
19247  -8.904  -62.412  8.868 0.6000000238
20387  -7.911  -61.417  7.568 0.5000000000
22642  -8.372  -59.114  6.280 0.6999999881
23696  -9.552  -58.803  6.410 0.6999999881
23697  -10.317  -58.943  6.415 0.6000000238
19246  -8.011  -62.419  8.794 0.8000000119
21540  -8.253  -60.695  6.979 0.6000000238
21552  -8.049  -59.945  6.525 0.6000000238
152170  -4.036  -62.436  15.978 0.6000000238
139026  -4.814  -62.556  15.584 0.6000000238
19145  -7.202  -62.983  14.101 0.6999999881
19143  -5.556  -63.718  14.763 0.6000000238
18092  -7.368  -63.791  13.268 0.6999999881
18093  -8.080  -63.458  12.812 0.6999999881
19184  -8.913  -63.202  11.668 0.6999999881
19185  -9.469  -62.704  11.257 0.6000000238
22657  -10.420  -59.042  5.352 0.6000000238
19231  -9.195  -62.715  9.652 0.6000000238
20373  -9.289  -61.733  8.339 0.6000000238
154372  -11.211  -59.431  5.094 0.5000000000
23681  -10.762  -59.041  7.196 0.6000000238
22644  -11.264  -59.320  5.940 0.5000000000
22645  -12.320  -59.382  6.324 0.5000000000
22628  -10.922  -59.134  7.779 0.6000000238
23698  -11.304  -59.033  6.905 0.5000000000
21420  -4.308  -60.574  16.028 0.6000000238
20250  -4.590  -61.547  15.813 0.6000000238
19132  -6.153  -61.937  15.109 0.6999999881
20251  -5.371  -61.753  15.449 0.6999999881
20266  -7.539  -62.103  14.149 0.6999999881
19157  -7.872  -62.775  13.612 0.6999999881
20297  -9.264  -62.027  12.767 0.6000000238
19169  -9.462  -62.462  12.041 0.5000000000
148345  -9.995  -62.045  11.558 0.6999999881
20299  -10.405  -61.300  11.658 0.6000000238
20330  -10.221  -61.883  10.227 0.6000000238
20353  -10.422  -61.260  9.580 0.6000000238
21506  -10.929  -60.420  9.884 0.6000000238
21526  -10.614  -59.704  8.247 0.6000000238
22612  -11.258  -59.146  8.433 0.5000000000
23668  -11.936  -58.668  8.560 0.5000000000
23683  -12.545  -58.566  7.870 0.5000000000
23549  -3.724  -58.204  16.772 0.6999999881
149321  -4.280  -57.807  15.851 0.6999999881
140485  -3.604  -56.933  15.897 0.6999999881
139301  -4.728  -59.997  15.766 0.6000000238
23578  -4.413  -58.609  15.924 0.6999999881
25687  -4.194  -56.912  15.167 0.6999999881
25695  -4.322  -56.420  14.653 0.6999999881
25704  -3.679  -55.831  14.116 0.6000000238
21421  -5.157  -60.761  15.576 0.6999999881
145035  -4.827  -59.292  15.636 0.6999999881
23589  -5.733  -58.272  15.101 0.6999999881
24643  -4.788  -57.063  14.970 0.6999999881
21422  -5.875  -60.545  15.284 0.6999999881
22515  -5.413  -59.938  15.428 0.6999999881
24644  -5.716  -57.292  14.770 0.6999999881
20282  -8.093  -61.762  13.825 0.6999999881
20284  -9.573  -61.209  12.945 0.6000000238
20298  -9.913  -61.557  12.311 0.6000000238
22565  -11.351  -59.644  11.642 0.6000000238
137814  -11.756  -58.767  11.607 0.6000000238
21486  -10.678  -61.071  10.723 0.6000000238
21487  -11.256  -60.166  10.848 0.6000000238
22577  -11.692  -59.308  10.891 0.6000000238
21507  -11.447  -59.634  10.031 0.5000000000
152323  -12.322  -58.328  10.174 0.6000000238
24705  -12.989  -57.194  10.181 0.6000000238
22595  -11.596  -59.060  9.255 0.5000000000
23655  -12.170  -58.492  9.415 0.5000000000
24714  -13.079  -57.471  9.436 0.5000000000
25671  -3.624  -57.241  16.689 0.6999999881
25694  -3.693  -56.393  14.940 0.6999999881
26745  -2.959  -55.763  14.322 0.6000000238
26754  -2.815  -55.645  13.248 0.6000000238
26755  -3.734  -55.591  12.901 0.6000000238
26775  -5.028  -54.690  11.735 0.4000000060
25696  -6.027  -56.426  14.161 0.6000000238
25705  -4.522  -55.822  13.941 0.5000000000
153227  -4.685  -55.577  13.098 0.5000000000
26776  -6.078  -54.807  12.074 0.4000000060
147166  -6.432  -53.773  11.734 0.5000000000
21431  -6.552  -60.991  14.970 0.6999999881
149314  -6.322  -59.918  15.045 0.8000000119
23590  -6.531  -58.012  14.699 0.6999999881
25707  -6.821  -56.501  13.793 0.5000000000
26767  -6.590  -55.506  12.561 0.4000000060
146881  -7.057  -55.259  12.068 0.4000000060
156859  -7.481  -54.762  11.549 0.4000000060
159592  -8.525  -53.944  11.403 0.4000000060
150163  -7.070  -60.367  14.677 0.8000000119
22539  -8.051  -59.265  14.135 0.8000000119
23591  -7.243  -58.660  14.489 0.8000000119
24646  -7.261  -57.795  14.286 0.8000000119
140699  -7.544  -56.684  13.518 0.6000000238
153507  -7.769  -56.248  12.845 0.5000000000
25727  -7.879  -55.801  11.982 0.4000000060
26777  -7.690  -55.191  11.516 0.4000000060
21444  -8.184  -60.948  13.972 0.6999999881
21446  -9.280  -60.699  13.329 0.8000000119
22540  -9.319  -60.097  13.392 0.6999999881
22552  -10.546  -59.314  12.725 0.5000000000
25728  -8.676  -56.047  11.753 0.5000000000
139253  -8.259  -55.521  11.336 0.4000000060
28790  -8.701  -54.481  10.271 0.4000000060
21458  -9.862  -60.503  12.987 0.6000000238
22564  -10.863  -59.902  12.262 0.5000000000
23614  -11.290  -58.220  12.453 0.5000000000
23627  -12.171  -57.951  11.567 0.6000000238
23639  -12.549  -57.697  10.739 0.6000000238
24693  -12.777  -56.860  10.878 0.6000000238
25670  -3.301  -56.311  16.127 0.6000000238
26740  -2.599  -55.543  15.520 0.5000000000
146554  -1.997  -55.483  13.489 0.5000000000
26753  -1.853  -55.473  12.392 0.4000000060
26764  -3.266  -55.200  11.617 0.5000000000
26774  -3.843  -54.536  11.148 0.5000000000
156548  -5.387  -53.797  11.446 0.5000000000
28770  -5.334  -52.560  11.062 0.5000000000
28771  -6.449  -52.682  11.527 0.5000000000
29772  -6.452  -51.521  11.386 0.5000000000
139203  -7.947  -53.211  11.825 0.5000000000
30787  -7.900  -50.512  11.557 0.5000000000
23600  -7.836  -58.333  14.131 0.6999999881
24657  -8.596  -57.592  13.434 0.6000000238
24669  -8.952  -57.210  12.946 0.5000000000
25718  -8.491  -56.477  12.550 0.5000000000
29774  -9.286  -52.165  11.591 0.5000000000
30788  -9.601  -51.222  11.472 0.5000000000
21445  -8.642  -60.279  13.755 0.8000000119
148943  -8.941  -59.396  13.619 0.6999999881
23612  -9.922  -58.621  13.069 0.6000000238
25729  -9.545  -56.172  11.781 0.5000000000
26778  -8.788  -55.491  10.932 0.4000000060
27804  -8.827  -54.758  9.879 0.5000000000
151701  -9.612  -53.198  11.017 0.4000000060
29775  -10.174  -52.297  11.083 0.5000000000
23613  -10.652  -58.434  12.732 0.5000000000
25721  -11.259  -57.021  12.328 0.5000000000
25720  -10.259  -56.906  12.358 0.6000000238
26779  -9.839  -55.588  11.187 0.5000000000
27805  -9.191  -54.646  9.737 0.5000000000
28802  -9.423  -53.642  9.126 0.5000000000
24680  -11.961  -57.404  12.078 0.5000000000
25731  -11.814  -56.362  11.886 0.5000000000
26780  -11.085  -55.566  11.485 0.5000000000
27806  -10.432  -54.486  10.021 0.5000000000
25740  -12.592  -56.052  11.255 0.6000000238
26782  -12.334  -55.098  10.971 0.6000000238
136647  -2.151  -54.944  15.973 0.5000000000
26739  -1.550  -54.809  14.926 0.5000000000
26743  -1.237  -55.017  13.759 0.5000000000
26752  -1.090  -55.039  11.879 0.4000000060
26763  -2.095  -55.123  11.429 0.4000000060
27760  -1.355  -54.311  15.877 0.5000000000
161958  -0.570  -54.694  13.200 0.4000000060
26773  -2.904  -54.552  10.871 0.5000000000
27789  -4.247  -53.739  10.914 0.6000000238
28769  -4.581  -52.790  10.882 0.5000000000
29771  -5.531  -51.686  11.115 0.5000000000
30786  -6.732  -50.576  11.444 0.4000000060
31811  -7.358  -49.378  11.666 0.4000000060
32853  -7.415  -48.870  11.938 0.4000000060
27768  -0.396  -54.217  13.343 0.4000000060
27773  -0.534  -54.134  12.663 0.4000000060
27785  -1.523  -54.179  11.382 0.4000000060
27787  -2.787  -54.022  10.620 0.5000000000
28768  -3.911  -53.253  10.840 0.5000000000
29761  -4.588  -52.572  10.976 0.5000000000
28756  -2.717  -53.452  11.421 0.4000000060
29755  -4.463  -52.664  11.857 0.4000000060
29762  -4.996  -51.960  11.242 0.5000000000
158419  -5.946  -51.097  11.490 0.4000000060
30775  -6.389  -50.584  11.714 0.4000000060
31810  -7.092  -49.482  11.800 0.4000000060
32840  -7.589  -48.540  12.032 0.4000000060
29752  -0.719  -53.527  13.858 0.4000000060
28748  -0.734  -53.739  13.041 0.4000000060
28755  -1.803  -53.710  11.720 0.4000000060
29743  -1.752  -52.718  14.344 0.4000000060
29744  -2.928  -52.880  14.347 0.4000000060
143524  -3.143  -53.279  12.324 0.4000000060
28751  -3.860  -53.280  12.976 0.4000000060
154656  -5.342  -52.758  13.121 0.5000000000
29763  -5.490  -51.611  11.807 0.5000000000
30766  -6.613  -50.604  12.246 0.4000000060
30776  -6.847  -49.802  11.882 0.4000000060
29758  -7.495  -51.562  13.303 0.4000000060
31787  -8.304  -50.146  12.996 0.4000000060
31786  -7.261  -49.904  12.467 0.4000000060
31797  -7.598  -48.872  12.314 0.4000000060
29733  -1.602  -52.374  15.051 0.4000000060
30756  -2.493  -52.195  15.068 0.3000000119
28743  -3.914  -53.199  14.032 0.3000000119
28744  -4.649  -53.180  13.731 0.4000000060
136046  -3.629  -51.173  15.525 0.4000000060
30757  -3.467  -52.155  15.066 0.3000000119
162432  -4.470  -52.840  14.710 0.3000000119
29745  -5.462  -52.885  14.494 0.4000000060
29737  -7.846  -52.378  14.756 0.5000000000
30758  -8.436  -52.123  13.936 0.4000000060
30768  -9.523  -51.334  13.546 0.4000000060
31788  -9.520  -50.608  13.144 0.4000000060
32855  -10.953  -48.911  12.015 0.3000000119
30750  -8.423  -52.051  15.182 0.5000000000
30751  -9.185  -51.887  14.958 0.5000000000
30759  -9.257  -51.883  14.138 0.4000000060
30769  -10.509  -51.210  13.340 0.4000000060
31800  -11.244  -50.245  12.455 0.3000000119
30745  -3.065  -51.414  15.603 0.4000000060
31770  -4.221  -50.496  15.638 0.4000000060
152196  -5.006  -51.447  15.563 0.4000000060
30747  -5.901  -51.817  15.592 0.5000000000
30749  -7.642  -52.140  15.305 0.5000000000
31771  -5.347  -50.406  15.821 0.4000000060
140285  -7.279  -51.398  15.671 0.5000000000
31774  -8.847  -51.257  15.479 0.5000000000
31775  -9.634  -51.173  15.355 0.4000000060
31777  -11.435  -51.036  14.726 0.4000000060
31789  -11.826  -50.976  12.827 0.3000000119
144625  -8.326  -50.309  15.851 0.3000000119
147016  -10.042  -50.393  15.492 0.3000000119
31776  -10.885  -50.580  15.286 0.3000000119
31768  -2.942  -50.907  16.095 0.4000000060
145708  -6.198  -49.847  16.113 0.3000000119
32821  -6.826  -49.385  16.252 0.4000000060
31778  -12.110  -50.628  14.678 0.3000000119
153753  -4.549  -49.320  15.951 0.3000000119
33803  -6.158  -48.075  16.369 0.3000000119
15302  -3.729  -66.990  -2.575 0.6000000238
16246  -3.289  -65.663  -1.302 0.5000000000
22627  -10.383  -59.294  7.422 0.6000000238
20389  -9.609  -60.987  7.884 0.6000000238
6541  2.457  -76.533  0.093 0.5000000000
6525  0.773  -76.102  1.057 0.6000000238
9011  0.527  -73.542  -2.765 0.5000000000
156184  0.219  -76.008  2.146 0.6999999881
6461  1.682  -77.403  4.621 0.6999999881
5626  0.125  -77.351  5.059 0.6999999881
8067  -1.169  -74.277  2.674 0.6999999881
6463  -0.559  -76.548  4.806 0.6999999881
7233  -0.844  -75.810  4.221 0.6999999881
11691  -2.383  -70.487  -2.209 0.5000000000
4173  -1.994  -79.231  4.899 0.6999999881
8962  -2.178  -72.454  2.087 0.6999999881
8946  -1.575  -73.646  2.881 0.6999999881
4930  -2.548  -78.854  5.425 0.6999999881
8048  -2.190  -73.916  5.138 0.6999999881
14403  -4.657  -67.667  -3.531 0.6000000238
4932  -4.043  -78.191  5.127 0.6999999881
9760  -2.900  -71.901  3.287 0.6000000238
9703  -3.822  -72.620  6.131 0.6000000238
17233  -0.759  -64.500  -0.152 0.6999999881
137397  -3.193  -72.418  4.940 0.6000000238
7252  -5.121  -75.612  3.314 0.6000000238
145053  -5.144  -74.817  1.047 0.6000000238
9704  -4.521  -72.295  6.601 0.5000000000
9696  -6.489  -72.115  8.245 0.5000000000
7254  -6.270  -75.611  3.321 0.5000000000
17234  -1.855  -64.525  -0.121 0.6000000238
18280  -0.352  -64.053  0.370 0.6999999881
14419  -7.395  -67.089  -3.030 0.6000000238
11619  -3.822  -70.768  2.976 0.5000000000
10623  -3.862  -71.672  4.967 0.5000000000
10608  -4.983  -71.524  6.217 0.6000000238
10624  -4.727  -71.207  5.438 0.5000000000
10594  -6.095  -71.709  7.418 0.5000000000
7293  -6.224  -75.518  -0.003 0.6000000238
137128  -7.064  -76.601  1.799 0.6000000238
5647  -8.333  -77.205  3.411 0.5000000000
20422  -3.468  -61.341  4.767 0.6000000238
16236  -10.955  -64.612  -0.859 0.5000000000
20348  -4.955  -61.332  10.072 0.6000000238
20384  -2.936  -61.518  7.142 0.6000000238
12600  -7.038  -69.258  0.819 0.6000000238
21522  -4.911  -59.520  9.551 0.6000000238
24766  -6.727  -57.429  4.645 0.8000000119
22609  -4.651  -58.869  9.050 0.6000000238
14409  -12.110  -66.968  -2.805 0.6000000238
23678  -4.089  -57.848  7.848 0.6000000238
12661  -10.189  -69.275  -2.123 0.6000000238
24752  -8.147  -57.614  5.038 0.8000000119
15288  -13.388  -66.349  -1.797 0.6000000238
22640  -5.911  -58.808  6.481 0.6000000238
162724  -5.379  -58.675  7.221 0.6999999881
21539  -7.374  -60.871  7.232 0.6000000238
20352  -9.740  -62.062  9.266 0.6000000238
22625  -8.789  -59.720  6.766 0.6999999881
21525  -10.022  -61.271  8.628 0.6000000238
23682  -11.525  -58.910  7.728 0.5000000000
21459  -10.355  -60.713  12.346 0.5000000000
149935  -10.554  -60.498  8.944 0.6000000238
149257  -12.712  -58.075  8.841 0.5000000000
23563  -3.842  -58.926  16.440 0.6999999881
21403  -4.124  -59.616  16.158 0.6000000238
24635  -5.039  -57.767  15.253 0.6999999881
22528  -6.462  -58.932  14.906 0.8000000119
24645  -6.644  -57.150  14.366 0.6000000238
25686  -3.244  -56.213  15.252 0.6000000238
142132  -5.862  -55.273  12.470 0.5000000000
25716  -6.184  -55.789  13.294 0.5000000000
28791  -8.986  -53.820  9.798 0.5000000000
26744  -2.279  -55.489  14.530 0.5000000000
29773  -7.923  -51.772  11.678 0.5000000000
24658  -9.222  -58.001  13.297 0.6000000238
24670  -9.844  -57.619  12.750 0.6000000238
26796  -11.415  -54.939  10.968 0.5000000000
27764  -0.624  -54.397  13.934 0.5000000000
30774  -5.585  -51.593  11.190 0.5000000000
28757  -3.672  -53.119  11.274 0.6000000238
29742  -0.960  -52.863  14.393 0.4000000060
29753  -1.152  -53.246  13.664 0.4000000060
29754  -2.062  -53.168  13.525 0.4000000060
28750  -3.114  -53.258  13.373 0.4000000060
29756  -6.236  -52.376  13.364 0.5000000000
29746  -6.350  -52.687  14.382 0.4000000060
29747  -7.192  -52.504  14.277 0.4000000060
31798  -8.597  -49.053  12.732 0.4000000060
32842  -9.752  -48.971  12.520 0.4000000060
30746  -4.298  -51.800  15.344 0.3000000119
29735  -6.234  -52.622  15.077 0.5000000000
29736  -7.097  -52.542  14.922 0.4000000060
29738  -8.544  -52.180  14.523 0.5000000000
31799  -10.222  -50.359  12.856 0.4000000060
30753  -10.692  -51.334  14.759 0.5000000000
30760  -10.227  -51.699  13.999 0.4000000060
30761  -11.105  -51.513  14.050 0.4000000060
31772  -6.488  -51.010  15.844 0.5000000000
137416  -7.277  -50.325  16.002 0.4000000060
150385  -11.610  -50.407  15.109 0.4000000060
33829  -6.060  -48.897  16.253 0.3000000119
32802  -6.895  -48.670  16.364 0.3000000119
32822  -7.730  -49.290  16.218 0.3000000119
8183  -4.510  -73.701  -6.234 0.5000000000
9043  -4.856  -73.645  -7.082 0.5000000000
7357  -6.100  -75.099  -8.065 0.5000000000
8193  -5.758  -73.888  -7.239 0.5000000000
7358  -6.982  -75.138  -8.084 0.5000000000
8200  -6.480  -74.419  -7.738 0.5000000000
6632  -7.460  -75.817  -8.080 0.6000000238
138297  -4.204  -73.868  -5.315 0.5000000000
139816  -4.954  -73.713  -5.328 0.5000000000
8184  -5.277  -73.710  -6.296 0.5000000000
8194  -6.552  -74.428  -7.065 0.5000000000
5810  -8.751  -77.077  -7.704 0.6000000238
7346  -7.374  -75.087  -6.822 0.6000000238
7352  -7.832  -75.253  -7.968 0.6000000238
8168  -3.816  -74.162  -4.542 0.4000000060
4981  -1.473  -78.820  -0.561 0.4000000060
4990  -2.075  -78.245  -1.204 0.4000000060
141872  -1.684  -77.976  -2.200 0.5000000000
6584  -2.847  -76.263  -2.809 0.5000000000
6595  -2.299  -76.498  -3.638 0.5000000000
7314  -3.041  -75.564  -3.316 0.5000000000
6571  -2.991  -76.424  -1.991 0.5000000000
137208  -3.609  -74.607  -2.950 0.5000000000
5048  -9.197  -77.907  -7.325 0.6000000238
5042  -9.543  -78.383  -6.763 0.6000000238
8153  -4.193  -74.011  -3.451 0.5000000000
8169  -4.609  -73.889  -4.377 0.5000000000
8154  -4.815  -73.899  -3.593 0.5000000000
138141  -9.286  -76.472  -7.386 0.6000000238
144389  -5.395  -73.936  -5.518 0.5000000000
7341  -6.578  -74.913  -6.043 0.6000000238
7347  -8.070  -75.454  -7.456 0.6000000238
5811  -9.759  -77.197  -7.312 0.6000000238
7348  -8.159  -75.637  -6.430 0.6000000238
6619  -9.962  -76.567  -6.945 0.6000000238
6620  -10.554  -76.930  -6.862 0.6999999881
143223  -9.806  -76.304  -6.532 0.6000000238
6615  -10.632  -76.729  -6.460 0.6999999881
4232  -0.624  -79.499  1.322 0.6000000238
4249  -1.314  -79.312  0.819 0.6000000238
4963  -2.832  -78.638  1.578 0.6000000238
4970  -1.862  -78.944  0.288 0.5000000000
4982  -2.334  -78.429  -0.296 0.5000000000
5717  -2.990  -77.958  0.042 0.6000000238
5740  -2.551  -77.440  -1.681 0.5000000000
143541  -2.766  -77.704  -0.773 0.5000000000
5741  -3.166  -76.716  -1.077 0.5000000000
159839  -3.699  -74.518  -2.379 0.5000000000
6572  -3.508  -75.262  -1.238 0.5000000000
8139  -4.113  -74.006  -2.482 0.5000000000
4337  -9.634  -79.434  -4.645 0.6999999881
4353  -10.279  -78.973  -5.453 0.6000000238
4338  -10.513  -79.181  -4.809 0.8000000119
8155  -5.066  -74.040  -3.281 0.5000000000
7335  -5.578  -74.868  -3.951 0.5000000000
144045  -6.415  -75.466  -4.400 0.6000000238
5043  -10.499  -77.967  -6.711 0.6999999881
5019  -11.374  -78.629  -5.386 0.6999999881
7342  -7.348  -75.453  -5.761 0.6000000238
6610  -11.490  -76.981  -6.052 0.6999999881
7343  -8.032  -75.809  -5.493 0.6000000238
142255  -9.218  -76.308  -4.849 0.6000000238
6608  -9.550  -76.533  -4.124 0.6999999881
6609  -10.833  -76.603  -5.587 0.6999999881
5787  -12.110  -77.249  -5.613 0.6000000238
145979  0.246  -79.574  1.769 0.5000000000
4233  -1.459  -79.428  1.679 0.6000000238
4972  -3.244  -78.043  0.821 0.6000000238
5718  -3.319  -77.096  -0.256 0.6000000238
6557  -3.555  -75.906  -0.306 0.6000000238
8105  -4.291  -74.294  -1.133 0.5000000000
151706  -4.855  -73.993  -1.176 0.6000000238
4324  -10.127  -79.362  -3.890 0.6999999881
8123  -4.633  -73.939  -1.841 0.5000000000
8124  -5.081  -74.077  -1.507 0.5000000000
4325  -11.195  -79.288  -3.838 0.5000000000
4288  -10.663  -79.392  -1.802 0.6000000238
8141  -5.075  -74.052  -2.318 0.6000000238
7326  -6.265  -75.675  -3.376 0.5000000000
4339  -11.949  -78.888  -4.736 0.6000000238
7327  -6.979  -75.972  -3.953 0.5000000000
5032  -11.807  -77.855  -5.913 0.6999999881
5020  -12.385  -78.146  -5.434 0.6000000238
6606  -7.746  -76.235  -3.992 0.5000000000
5033  -12.318  -77.652  -5.584 0.6000000238
5788  -12.573  -77.475  -5.276 0.6000000238
6598  -8.980  -76.709  -3.344 0.5000000000
5775  -10.111  -76.799  -3.429 0.6000000238
148279  -12.383  -76.996  -4.975 0.5000000000
144396  -11.277  -77.108  -2.829 0.5000000000
162043  -13.578  -77.107  -3.513 0.5000000000
4214  0.148  -79.566  2.645 0.6000000238
4215  -0.686  -79.570  2.309 0.6000000238
137256  1.010  -79.518  2.655 0.4000000060
7301  -5.634  -74.855  -0.419 0.5000000000
146703  -11.359  -79.472  -2.465 0.6000000238
7315  -5.481  -74.767  -2.039 0.5000000000
4326  -12.288  -79.233  -3.843 0.5000000000
6596  -7.170  -76.304  -3.291 0.5000000000
4340  -12.786  -78.491  -4.673 0.5000000000
4309  -12.980  -79.422  -3.458 0.5000000000
149444  -12.350  -79.630  -2.785 0.5000000000
157221  -7.923  -76.901  -2.190 0.5000000000
5021  -13.007  -77.819  -5.071 0.5000000000
5022  -13.737  -77.812  -4.588 0.5000000000
6587  -8.403  -76.834  -2.681 0.6000000238
5743  -9.562  -77.293  -1.771 0.6000000238
5777  -13.134  -77.401  -4.670 0.5000000000
5778  -13.873  -77.423  -4.166 0.6000000238
5744  -10.628  -77.317  -1.879 0.6000000238
5745  -11.535  -77.310  -1.946 0.5000000000
4953  2.101  -78.692  4.165 0.4000000060
6573  -6.699  -76.325  -1.476 0.5000000000
4310  -13.412  -79.820  -2.796 0.5000000000
5761  -7.292  -76.707  -1.942 0.5000000000
5742  -8.158  -77.264  -1.129 0.5000000000
4328  -14.522  -78.572  -3.857 0.5000000000
4311  -14.807  -79.400  -3.090 0.5000000000
3567  -15.057  -79.994  -2.185 0.5000000000
3568  -15.681  -80.071  -1.518 0.5000000000
4275  -18.584  -79.039  -0.983 0.5000000000
5720  -8.944  -77.532  0.017 0.6000000238
5721  -9.751  -77.496  -0.254 0.6000000238
5779  -14.359  -77.880  -4.313 0.5000000000
5722  -10.600  -77.475  -0.427 0.6000000238
153271  -15.338  -77.270  -2.578 0.5000000000
5701  -11.818  -77.522  0.383 0.5000000000
5702  -12.728  -77.539  0.504 0.5000000000
139933  -8.164  -77.397  1.889 0.5000000000
4329  -15.361  -78.519  -3.642 0.5000000000
4313  -16.285  -78.934  -3.045 0.5000000000
4292  -16.496  -79.469  -2.069 0.5000000000
4274  -17.771  -79.203  -1.475 0.5000000000
5679  -7.959  -77.376  1.178 0.5000000000
146962  -9.642  -77.560  1.606 0.6000000238
5012  -15.955  -78.074  -3.857 0.5000000000
4330  -15.990  -78.517  -3.507 0.5000000000
4293  -17.900  -78.327  -2.927 0.5000000000
4983  -19.245  -78.366  -1.954 0.5000000000
4984  -20.066  -78.195  -1.645 0.5000000000
146960  -10.963  -77.493  0.272 0.5000000000
5780  -15.795  -77.897  -3.839 0.5000000000
5768  -16.732  -77.485  -3.292 0.5000000000
161906  -8.706  -77.425  3.168 0.5000000000
5770  -18.744  -77.343  -3.039 0.5000000000
5000  -18.865  -77.735  -2.984 0.5000000000
4991  -19.767  -77.568  -2.634 0.5000000000
5730  -21.339  -77.052  -2.030 0.4000000060
5001  -19.598  -77.114  -3.070 0.4000000060
13561  -0.303  -69.262  -3.419 0.4000000060
20328  -5.735  -60.800  11.349 0.5000000000
17047  -4.512  -64.367  13.515 0.5000000000
19167  -5.154  -63.592  12.373 0.5000000000
18069  -3.470  -64.004  15.440 0.5000000000
17036  -3.709  -64.391  14.385 0.5000000000
19182  -5.539  -62.549  12.038 0.5000000000
23562  -3.292  -59.097  16.995 0.5000000000
160032  -3.538  -57.829  17.166 0.5000000000
25648  -3.360  -56.370  17.172 0.5000000000
6545  -7.296  -77.002  0.123 0.5000000000
6559  -7.488  -77.075  -0.582 0.5000000000
7353  -8.449  -75.861  -7.663 0.6000000238
8170  -5.929  -74.617  -5.122 0.6000000238
6618  -9.067  -75.967  -7.047 0.6000000238
7336  -7.349  -75.811  -4.768 0.6000000238
6614  -9.965  -76.350  -5.719 0.6999999881
4971  -2.576  -78.556  0.581 0.6000000238
7325  -5.456  -74.840  -2.927 0.5000000000
6607  -8.613  -76.430  -4.024 0.6000000238
6599  -10.597  -76.614  -4.523 0.6000000238
160027  -10.747  -76.970  -3.162 0.6000000238
4307  -10.429  -79.383  -2.834 0.6999999881
6586  -6.661  -76.211  -2.446 0.5000000000
6597  -8.068  -76.555  -3.323 0.5000000000
5763  -9.320  -77.011  -2.614 0.6000000238
148399  -10.269  -77.119  -2.586 0.6000000238
5776  -11.356  -76.797  -3.996 0.5000000000
5766  -15.116  -77.563  -3.543 0.5000000000
4327  -13.689  -79.013  -3.791 0.5000000000
157722  -14.125  -79.473  -3.209 0.5000000000
158980  -8.860  -77.320  -1.433 0.5000000000
5723  -11.435  -77.478  -0.431 0.5000000000
5719  -8.136  -77.399  -0.173 0.5000000000
5699  -9.432  -77.545  0.660 0.5000000000
5698  -8.460  -77.488  0.616 0.5000000000
4314  -17.044  -78.567  -3.047 0.5000000000
5781  -16.399  -77.905  -3.702 0.5000000000
4999  -17.440  -77.986  -3.482 0.5000000000
5769  -17.641  -77.645  -3.297 0.4000000060
4992  -20.501  -77.355  -2.399 0.4000000060
3514  -12.709  -80.021  2.069 0.5000000000
3528  -13.562  -80.505  1.345 0.6000000238
3541  -13.567  -80.532  0.402 0.6000000238
4255  -12.006  -79.777  0.357 0.6000000238
139621  -11.392  -79.630  1.077 0.4000000060
3542  -14.381  -80.722  0.121 0.4000000060
142631  -13.926  -80.437  -1.407 0.4000000060
3555  -13.728  -80.530  -0.535 0.5000000000
3554  -12.821  -80.227  -0.222 0.6000000238
3565  -13.246  -80.316  -1.208 0.5000000000
3566  -13.551  -80.202  -1.949 0.4000000060
148704  -11.946  -79.733  -0.294 0.5000000000
4289  -11.846  -79.621  -1.806 0.5000000000
4271  -11.139  -79.509  -0.826 0.6000000238
4306  -9.342  -79.547  -2.912 0.6000000238
4323  -9.186  -79.689  -3.814 0.6000000238
4352  -9.107  -79.482  -5.403 0.6000000238
4360  -8.867  -79.152  -6.177 0.6000000238
5047  -8.116  -78.091  -7.470 0.5000000000
5809  -7.611  -77.453  -7.829 0.4000000060
5813  -7.030  -76.788  -8.028 0.5000000000
4985  -20.804  -77.831  -1.374 0.3000000119
8203  -4.724  -74.314  -7.855 0.4000000060
14386  -12.521  -67.151  -0.527 0.4000000060
14387  -13.262  -67.129  -1.169 0.4000000060
14412  -13.483  -67.178  -2.528 0.5000000000
25760  -13.890  -56.160  8.961 0.5000000000
25751  -13.494  -55.797  9.944 0.5000000000
154425  -14.039  -55.110  8.454 0.5000000000
26807  -13.721  -55.081  9.397 0.4000000060
27825  -12.198  -53.853  9.588 0.4000000060
27872  -12.756  -53.838  4.818 0.4000000060
27824  -10.659  -53.928  9.347 0.4000000060
145060  -12.011  -53.372  8.610 0.4000000060
28805  -12.827  -53.777  9.083 0.4000000060
27823  -9.456  -54.113  9.215 0.4000000060
28815  -10.040  -52.884  8.178 0.4000000060
28845  -11.929  -52.828  5.899 0.4000000060
28814  -9.765  -53.102  8.520 0.4000000060
29839  -10.415  -52.049  7.513 0.4000000060
30864  -11.686  -52.039  6.642 0.4000000060
29811  -10.033  -52.490  8.665 0.4000000060
30839  -10.249  -51.899  8.103 0.4000000060
29794  -10.468  -52.052  10.163 0.4000000060
30823  -10.554  -51.551  9.238 0.4000000060
32854  -8.026  -48.773  11.672 0.3000000119
31812  -9.487  -49.635  11.222 0.4000000060
158575  -8.565  -47.904  12.392 0.3000000119
33851  -8.549  -47.526  12.061 0.3000000119
32877  -9.103  -48.432  11.380 0.3000000119
33861  -8.997  -47.292  11.772 0.3000000119
148170  -13.309  -54.382  6.366 0.4000000060
27844  -12.527  -53.766  6.261 0.4000000060
28817  -12.658  -53.569  8.148 0.4000000060
161534  -13.827  -54.540  8.047 0.4000000060
28831  -12.130  -53.388  6.864 0.4000000060
143562  -11.598  -53.000  7.495 0.4000000060
29854  -13.694  -52.535  5.744 0.4000000060
29852  -11.503  -52.327  6.587 0.4000000060
156559  -11.092  -51.981  6.789 0.4000000060
29824  -10.414  -52.308  7.611 0.4000000060
3474  -19.800  -81.323  5.385 0.3000000119
139216  -20.660  -81.342  5.157 0.3000000119
158698  -18.650  -82.246  6.091 0.4000000060
2850  -19.197  -82.039  5.572 0.3000000119
2281  -19.302  -82.192  5.268 0.4000000060
1795  -17.153  -83.472  5.869 0.3000000119
1797  -18.360  -82.997  5.760 0.3000000119
2279  -17.977  -83.042  5.196 0.4000000060
1779  -16.222  -83.189  6.850 0.3000000119
1806  -17.201  -83.294  5.195 0.3000000119
2290  -17.323  -82.837  4.519 0.3000000119
1794  -16.409  -83.300  5.977 0.3000000119
2277  -15.996  -82.999  5.263 0.3000000119
2288  -15.859  -82.655  4.599 0.3000000119
2266  -15.715  -82.658  6.086 0.3000000119
2849  -15.407  -81.977  5.280 0.3000000119
2868  -15.428  -82.089  4.214 0.3000000119
159529  -14.587  -81.300  5.623 0.3000000119
2867  -14.723  -81.359  4.754 0.3000000119
3490  -13.975  -80.708  4.281 0.3000000119
2831  -12.819  -81.505  7.377 0.3000000119
2848  -13.945  -80.977  6.305 0.3000000119
2847  -13.185  -80.547  5.985 0.3000000119
140103  -13.156  -80.375  5.099 0.3000000119
3461  -12.643  -80.701  6.200 0.4000000060
2292  -19.180  -82.292  4.739 0.3000000119
2267  -18.420  -82.753  6.611 0.4000000060
2291  -18.269  -82.571  4.574 0.4000000060
1781  -18.063  -83.321  7.072 0.3000000119
2304  -16.593  -82.510  3.815 0.4000000060
2265  -15.295  -82.239  7.089 0.3000000119
2303  -15.933  -82.530  3.908 0.4000000060
2887  -15.444  -82.082  3.319 0.4000000060
2253  -14.862  -82.192  7.987 0.3000000119
2886  -14.382  -81.069  3.339 0.4000000060
2252  -13.260  -81.862  8.023 0.3000000119
2826  -13.944  -81.805  8.093 0.4000000060
3500  -13.676  -80.514  3.323 0.4000000060
146032  -12.841  -80.176  4.224 0.3000000119
2239  -13.737  -82.340  8.580 0.3000000119
2852  -20.846  -81.400  5.014 0.3000000119
2870  -20.904  -81.334  4.617 0.3000000119
3476  -22.285  -80.779  5.113 0.3000000119
2307  -19.586  -81.806  4.179 0.3000000119
149438  -19.899  -81.261  3.605 0.3000000119
2833  -17.767  -81.957  7.365 0.4000000060
2306  -18.714  -82.103  3.992 0.3000000119
2888  -18.280  -81.694  3.312 0.3000000119
1767  -16.893  -83.547  7.645 0.3000000119
154104  -18.137  -83.115  7.678 0.4000000060
2305  -17.629  -82.239  3.679 0.4000000060
2904  -17.582  -81.595  2.777 0.3000000119
2322  -15.956  -82.252  3.099 0.4000000060
2903  -15.981  -81.777  2.342 0.4000000060
1766  -15.940  -82.940  7.826 0.3000000119
161251  -17.204  -83.589  9.207 0.3000000119
2902  -15.393  -81.819  2.557 0.4000000060
2918  -15.315  -81.486  1.738 0.4000000060
2241  -15.472  -82.784  8.775 0.3000000119
1741  -16.108  -83.404  9.631 0.3000000119
161304  -14.875  -81.402  1.596 0.4000000060
2927  -14.835  -81.157  1.008 0.5000000000
3515  -13.603  -80.491  2.340 0.4000000060
3529  -14.222  -80.848  0.870 0.5000000000
1751  -13.217  -83.600  8.616 0.3000000119
2891  -21.484  -81.037  4.451 0.3000000119
3477  -22.670  -80.510  5.135 0.3000000119
2828  -17.703  -82.511  8.546 0.4000000060
2920  -17.686  -80.998  2.065 0.4000000060
3530  -17.023  -80.880  1.435 0.4000000060
2242  -17.816  -83.146  9.170 0.4000000060
2919  -16.149  -81.288  1.561 0.4000000060
2928  -15.564  -81.064  0.943 0.5000000000
3557  -15.538  -80.454  -0.501 0.4000000060
1754  -17.543  -83.353  9.274 0.3000000119
3543  -15.125  -80.790  0.252 0.4000000060
1742  -17.168  -83.719  10.250 0.3000000119
3556  -14.366  -80.557  -0.804 0.4000000060
145084  -14.995  -80.427  -1.174 0.4000000060
151926  -15.213  -83.544  9.993 0.3000000119
2229  -14.273  -82.855  9.242 0.3000000119
1740  -14.023  -83.831  9.456 0.3000000119
3501  -20.118  -80.629  3.110 0.3000000119
150150  -18.459  -81.125  2.651 0.3000000119
3544  -17.267  -80.278  0.589 0.5000000000
153318  -16.478  -80.329  0.057 0.4000000060
2820  -17.554  -83.050  10.135 0.4000000060
3569  -16.327  -80.065  -0.843 0.4000000060
1296  -16.577  -84.339  11.708 0.3000000119
2201  -17.415  -83.417  10.986 0.3000000119
1731  -16.809  -84.275  11.177 0.3000000119
1730  -15.882  -84.605  10.814 0.3000000119
1319  -14.090  -85.361  9.488 0.3000000119
1729  -14.876  -84.941  10.265 0.3000000119
159505  -18.830  -80.673  2.369 0.3000000119
3531  -17.837  -80.481  1.422 0.4000000060
146235  -16.034  -84.651  11.963 0.3000000119
143417  -14.962  -84.291  11.821 0.3000000119
1311  -15.989  -84.783  11.322 0.3000000119
947  -15.186  -85.412  11.316 0.3000000119
1310  -15.225  -85.489  10.832 0.3000000119
1710  -14.079  -84.646  11.477 0.3000000119
1309  -13.849  -85.685  11.236 0.3000000119
1293  -14.803  -85.382  11.504 0.3000000119
957  -13.468  -86.265  10.900 0.3000000119
639  -14.527  -85.995  10.584 0.3000000119
4257  -19.414  -79.200  0.547 0.3000000119
4256  -18.713  -79.421  0.201 0.4000000060
1728  -13.032  -84.704  10.901 0.3000000119
141850  -12.774  -85.756  10.871 0.3000000119
4960  -20.697  -78.547  1.905 0.3000000119
4965  -20.327  -78.820  1.389 0.3000000119
4973  -20.153  -78.571  -0.246 0.3000000119
5674  -21.354  -77.914  1.550 0.3000000119
4974  -20.572  -78.475  0.501 0.3000000119
4975  -21.315  -78.007  0.071 0.3000000119
25741  -13.018  -55.450  10.620 0.5000000000
31832  -10.320  -50.568  10.849 0.5000000000
30806  -10.626  -51.217  10.392 0.4000000060
27826  -13.145  -54.319  9.662 0.4000000060
4287  -9.464  -79.472  -1.953 0.6000000238
4272  -12.390  -79.907  -1.056 0.5000000000
3575  -14.189  -80.074  -2.348 0.4000000060
3558  -17.105  -79.837  -0.472 0.4000000060
3559  -17.915  -79.631  -0.148 0.4000000060
4276  -19.346  -78.805  -0.608 0.4000000060
25761  -14.243  -55.955  7.952 0.5000000000
26830  -14.068  -54.941  7.384 0.4000000060
28862  -12.390  -53.331  5.379 0.4000000060
1782  -18.314  -83.117  6.448 0.3000000119
2839  -14.894  -81.670  6.300 0.3000000119
155009  -14.191  -81.477  7.241 0.3000000119
2840  -18.284  -82.099  6.566 0.4000000060
2885  -14.377  -81.095  2.537 0.4000000060
2254  -18.143  -83.017  7.981 0.4000000060
145589  -17.921  -83.189  8.384 0.3000000119
1752  -16.681  -83.463  8.570 0.3000000119
155311  -16.304  -83.884  10.432 0.3000000119
134854  -15.835  -80.629  0.251 0.4000000060
3545  -18.169  -79.953  0.840 0.4000000060
2200  -17.031  -83.495  11.587 0.3000000119
965  -13.968  -86.095  9.487 0.3000000119
4238  -18.893  -79.764  1.161 0.3000000119
4359  -8.031  -79.510  -6.237 0.5000000000
4351  -8.153  -79.843  -5.664 0.5000000000
159932  -8.252  -80.191  -5.066 0.5000000000
4286  -8.876  -79.748  -2.180 0.5000000000
4270  -9.792  -79.436  -1.016 0.4000000060
5649  -9.792  -77.602  3.381 0.4000000060
3540  -12.591  -80.068  0.953 0.5000000000
4237  -11.707  -79.683  1.903 0.3000000119
4204  -11.909  -79.918  3.791 0.3000000119
3499  -12.758  -80.018  3.140 0.4000000060
3471  -12.386  -80.486  5.502 0.3000000119
162307  -12.573  -80.273  4.905 0.3000000119
2810  -17.339  -82.806  10.767 0.3000000119
2819  -16.999  -82.213  10.104 0.3000000119
138376  -17.571  -82.715  9.440 0.3000000119
3473  -18.629  -81.235  5.815 0.3000000119
3451  -16.434  -81.260  9.793 0.3000000119
2827  -16.891  -81.578  9.058 0.3000000119
3453  -17.113  -81.218  8.021 0.3000000119
145790  -17.240  -80.563  7.183 0.3000000119
4159  -17.547  -79.779  6.697 0.3000000119
3452  -16.474  -80.412  8.409 0.3000000119
4150  -16.425  -79.386  7.956 0.3000000119
3456  -16.762  -80.207  7.726 0.3000000119
4903  -17.483  -78.706  7.059 0.3000000119
4160  -18.258  -79.997  6.106 0.3000000119
4175  -19.305  -80.145  5.643 0.3000000119
4916  -18.890  -79.104  6.182 0.3000000119
4915  -18.053  -79.146  6.511 0.3000000119
6630  -5.658  -75.887  -7.950 0.3000000119
148822  -10.130  -79.472  -0.205 0.5000000000
136996  -8.955  -79.774  -1.291 0.4000000060
4322  -8.572  -80.380  -3.896 0.5000000000
4219  -11.861  -79.754  2.848 0.3000000119
29855  -14.470  -51.662  6.353 0.3000000119
30865  -12.984  -52.136  6.581 0.3000000119
31860  -11.162  -50.661  8.472 0.3000000119
5040  -7.334  -78.782  -7.007 0.4000000060
3600  -6.815  -80.482  -5.172 0.4000000060
141081  -9.089  -83.713  -0.295 0.4000000060
2362  -8.752  -82.684  -1.700 0.4000000060
2371  -8.905  -82.222  -2.067 0.4000000060
161092  -9.002  -81.164  -1.914 0.4000000060
3552  -8.703  -80.109  -1.757 0.4000000060
2958  -8.029  -81.488  -3.423 0.4000000060
3583  -8.207  -80.907  -3.947 0.4000000060
156964  -8.673  -80.247  -2.623 0.4000000060
1826  -9.342  -84.156  1.264 0.3000000119
1835  -9.571  -83.938  0.297 0.4000000060
2355  -9.993  -82.927  -0.561 0.4000000060
3594  -7.883  -80.713  -4.537 0.4000000060
1840  -8.984  -83.412  -0.862 0.4000000060
2948  -8.432  -81.846  -2.761 0.4000000060
1834  -9.190  -84.014  0.419 0.3000000119
1841  -9.456  -83.374  -0.538 0.4000000060
2354  -9.548  -82.752  -1.179 0.4000000060
2935  -9.670  -82.005  -1.020 0.4000000060
3553  -9.057  -80.847  -1.290 0.4000000060
1395  -10.432  -84.640  2.012 0.3000000119
150501  -9.964  -84.527  1.281 0.3000000119
1836  -10.223  -83.630  0.184 0.3000000119
1828  -10.629  -84.018  1.018 0.3000000119
2915  -9.649  -80.559  0.979 0.3000000119
2925  -9.743  -81.684  0.073 0.3000000119
3527  -10.054  -80.243  1.886 0.3000000119
4236  -10.650  -79.723  1.791 0.3000000119
149756  -10.490  -79.613  1.026 0.3000000119
3539  -9.273  -80.412  -0.198 0.3000000119
4252  -9.492  -79.950  0.515 0.3000000119
156935  -8.862  -79.954  -0.925 0.3000000119
3396  -6.145  -80.454  12.927 0.3000000119
3397  -7.092  -80.557  13.224 0.3000000119
2182  -14.529  -82.131  11.883 0.3000000119
4847  -8.543  -78.678  12.621 0.3000000119
4862  -8.877  -78.907  11.847 0.3000000119
4110  -10.252  -79.495  11.385 0.3000000119
4111  -11.206  -79.764  11.842 0.3000000119
3399  -12.063  -79.997  12.234 0.3000000119
3421  -12.503  -80.675  11.862 0.3000000119
2772  -13.261  -80.978  11.954 0.3000000119
2773  -14.022  -81.343  11.895 0.3000000119
4849  -9.897  -78.431  12.893 0.3000000119
4093  -10.854  -78.792  12.790 0.3000000119
159611  -10.803  -79.277  12.218 0.3000000119
4094  -11.539  -79.364  12.458 0.3000000119
4095  -12.334  -79.447  12.362 0.3000000119
2926  -10.422  -82.949  0.046 0.3000000119
155096  -7.408  -80.663  12.571 0.3000000119
4121  -9.796  -79.977  10.660 0.3000000119
4108  -8.576  -79.700  11.502 0.3000000119
3398  -7.920  -80.358  12.146 0.3000000119
3418  -8.971  -80.167  10.812 0.3000000119
4092  -9.783  -78.879  12.020 0.3000000119
4850  -11.105  -78.245  13.231 0.3000000119
946  -14.342  -85.977  11.084 0.3000000119
1294  -15.504  -85.054  11.700 0.3000000119
1295  -15.824  -84.860  11.754 0.3000000119
1297  -17.043  -84.143  11.416 0.3000000119
1320  -14.524  -85.846  10.178 0.3000000119
1404  -10.098  -84.300  0.790 0.4000000060
1711  -16.486  -84.170  11.998 0.3000000119
1712  -16.884  -84.009  11.861 0.3000000119
1713  -17.122  -84.011  11.514 0.3000000119
1732  -17.258  -83.936  10.998 0.3000000119
1743  -17.469  -83.419  10.150 0.4000000060
1753  -17.433  -83.484  8.435 0.3000000119
1768  -17.703  -83.410  7.676 0.3000000119
1769  -18.323  -83.066  7.231 0.4000000060
1780  -17.164  -83.546  6.762 0.3000000119
1796  -17.870  -83.322  5.793 0.3000000119
1818  -9.850  -84.514  2.001 0.3000000119
1827  -9.653  -84.288  0.783 0.3000000119
1849  -9.136  -83.051  -1.254 0.4000000060
2218  -17.199  -82.930  11.275 0.3000000119
2255  -18.295  -82.783  7.192 0.4000000060
2278  -16.587  -83.264  5.361 0.3000000119
2280  -18.638  -82.634  5.283 0.4000000060
2289  -16.415  -82.949  4.674 0.3000000119
2323  -16.698  -82.049  2.951 0.3000000119
2353  -8.638  -83.028  -1.270 0.4000000060
2363  -9.209  -82.584  -1.580 0.4000000060
2370  -8.289  -82.326  -2.279 0.4000000060
2832  -13.442  -81.488  7.536 0.3000000119
2838  -13.204  -80.963  6.813 0.4000000060
2851  -20.012  -81.747  5.163 0.4000000060
2853  -21.645  -81.102  4.902 0.3000000119
2869  -20.072  -81.787  4.837 0.3000000119
2889  -19.051  -81.471  3.425 0.3000000119
2890  -20.807  -81.097  3.899 0.3000000119
2905  -19.312  -80.818  2.814 0.3000000119
2917  -14.410  -81.092  1.629 0.4000000060
2921  -18.404  -80.602  2.012 0.3000000119
2929  -16.372  -80.739  0.822 0.5000000000
2940  -9.357  -82.053  -1.740 0.4000000060
2965  -7.625  -81.183  -3.979 0.4000000060
3400  -12.823  -80.258  12.133 0.3000000119
3401  -13.532  -80.661  11.953 0.3000000119
3420  -11.677  -80.435  11.538 0.3000000119
3462  -17.814  -80.892  6.476 0.3000000119
3472  -13.914  -80.756  5.396 0.3000000119
3475  -21.537  -81.081  5.124 0.3000000119
3491  -22.123  -80.821  4.688 0.3000000119
3498  -11.296  -80.385  4.039 0.3000000119
3513  -10.480  -79.967  2.436 0.3000000119
3532  -18.492  -80.224  1.509 0.4000000060
3573  -8.467  -81.061  -3.325 0.4000000060
3574  -8.844  -81.496  -2.393 0.4000000060
3601  -7.559  -80.443  -5.151 0.4000000060
4091  -8.213  -79.337  12.248 0.3000000119
4109  -9.328  -79.450  11.280 0.3000000119
4133  -16.160  -80.531  9.231 0.3000000119
4151  -16.978  -79.544  7.318 0.3000000119
4176  -20.806  -80.575  5.413 0.3000000119
4184  -1.602  -79.441  4.320 0.6999999881
4185  -2.353  -79.374  4.202 0.6999999881
4186  -3.064  -79.104  4.259 0.6999999881
4197  1.417  -79.152  3.714 0.6999999881
4198  0.506  -79.425  3.412 0.6999999881
4199  -0.322  -79.552  3.222 0.6999999881
4217  -2.258  -79.357  2.806 0.6999999881
4234  -2.229  -79.245  2.037 0.6000000238
4235  -9.906  -79.838  1.176 0.3000000119
4239  -19.515  -79.600  1.499 0.3000000119
4250  -2.111  -79.124  1.134 0.6000000238
4253  -9.910  -79.633  0.505 0.3000000119
4254  -10.971  -79.507  0.281 0.5000000000
4258  -19.930  -78.977  0.947 0.3000000119
4266  -1.182  -79.178  0.126 0.5000000000
4269  -9.360  -79.810  -0.334 0.3000000119
4273  -16.983  -79.551  -1.374 0.4000000060
4290  -12.864  -79.996  -1.937 0.5000000000
4291  -15.797  -79.590  -2.359 0.5000000000
4294  -18.499  -78.542  -2.150 0.5000000000
4305  -8.767  -79.908  -3.111 0.5000000000
4308  -11.503  -79.433  -3.154 0.6000000238
4312  -15.558  -79.226  -3.016 0.5000000000
4336  -8.640  -80.107  -4.506 0.5000000000
4848  -9.191  -78.547  12.431 0.3000000119
4904  -18.411  -78.349  6.797 0.3000000119
4911  -2.241  -78.412  6.013 0.6999999881
4912  -3.089  -78.462  6.049 0.6999999881
4913  -3.795  -78.275  5.983 0.6000000238
4914  -4.373  -77.795  5.739 0.6999999881
4926  0.892  -78.105  5.062 0.6999999881
4939  1.415  -78.439  4.583 0.6999999881
4941  -0.267  -78.732  4.995 0.6999999881
4964  -3.483  -77.829  1.600 0.6999999881
4966  -20.973  -78.281  0.999 0.3000000119
4998  -16.995  -77.904  -3.560 0.5000000000
5009  -13.502  -78.279  -4.535 0.5000000000
5010  -14.026  -78.222  -4.330 0.5000000000
5011  -15.136  -77.966  -4.025 0.5000000000
5013  -16.640  -78.162  -3.606 0.5000000000
5030  -9.916  -78.698  -6.137 0.6000000238
5031  -10.953  -78.246  -6.096 0.6999999881
5041  -8.400  -78.789  -6.807 0.5000000000
5044  -11.207  -77.560  -6.417 0.6999999881
5046  -7.156  -78.185  -7.473 0.4000000060
5609  -1.090  -77.741  5.752 0.6999999881
5623  3.163  -77.903  4.546 0.5000000000
5625  0.977  -77.722  5.003 0.6999999881
5627  -4.088  -77.800  4.382 0.6999999881
5628  -8.442  -77.139  4.010 0.5000000000
5648  -9.002  -77.474  3.676 0.5000000000
5665  -8.937  -77.559  2.170 0.5000000000
5666  -9.774  -77.592  2.502 0.4000000060
5680  -8.733  -77.532  1.363 0.5000000000
5696  -3.380  -77.410  0.390 0.6000000238
5697  -7.788  -77.299  0.556 0.5000000000
5700  -10.370  -77.521  0.964 0.5000000000
5749  -16.039  -77.244  -2.683 0.5000000000
5753  -20.126  -77.047  -2.970 0.4000000060
5762  -8.586  -77.145  -1.941 0.6000000238
5765  -14.212  -77.264  -3.497 0.5000000000
5767  -15.957  -77.525  -3.371 0.5000000000
5793  -11.711  -77.387  -5.988 0.6999999881
5801  -10.021  -77.732  -7.092 0.6000000238
5802  -10.584  -77.271  -6.938 0.6999999881
5812  -10.099  -76.865  -7.103 0.6000000238
5814  -8.043  -76.456  -8.019 0.6000000238
6396  -4.406  -76.294  8.078 0.5000000000
6407  -2.821  -76.548  7.167 0.6999999881
6408  -3.740  -76.659  7.698 0.6000000238
6409  -4.590  -76.740  7.614 0.5000000000
6419  -1.648  -77.120  6.168 0.6999999881
6421  -5.236  -76.432  7.501 0.4000000060
6439  -0.568  -77.248  5.364 0.6999999881
6460  2.470  -77.704  4.627 0.5000000000
6462  0.738  -77.016  4.530 0.6999999881
6489  -6.897  -76.062  3.700 0.5000000000
6507  1.390  -76.452  2.443 0.6000000238
6509  -4.110  -76.296  2.280 0.6999999881
6510  -6.836  -76.222  2.708 0.5000000000
6526  -3.955  -76.067  1.296 0.6999999881
6528  -6.634  -76.190  1.267 0.6000000238
6529  -7.266  -76.911  0.993 0.6000000238
6542  0.903  -76.011  0.326 0.6000000238
6556  1.582  -76.107  -0.718 0.5000000000
6574  -7.332  -76.872  -1.222 0.5000000000
6585  -3.264  -75.194  -2.307 0.5000000000
6600  -11.599  -76.798  -5.235 0.6999999881
6613  -9.028  -75.976  -5.904 0.6000000238
6616  -11.095  -77.133  -6.518 0.6999999881
6626  -8.606  -76.212  -7.828 0.6000000238
6631  -6.549  -75.959  -8.070 0.5000000000
6633  -8.113  -75.679  -7.984 0.6000000238
7165  -4.701  -75.704  8.334 0.5000000000
7167  -5.900  -75.075  8.445 0.5000000000
7194  -2.810  -75.006  6.819 0.6000000238
7212  -1.619  -75.610  5.607 0.6999999881
7214  -5.955  -75.379  5.201 0.5000000000
7236  -5.785  -75.458  4.293 0.4000000060
7261  -0.124  -75.695  2.067 0.6999999881
7265  -5.377  -75.235  2.651 0.6000000238
7275  -0.127  -75.319  1.264 0.6999999881
7276  -4.602  -75.202  1.141 0.6999999881
7288  0.379  -75.725  0.729 0.6000000238
7289  0.123  -75.161  0.361 0.6999999881
7308  1.137  -75.322  -1.312 0.6000000238
7309  -5.564  -74.814  -1.219 0.5000000000
7316  -6.007  -75.404  -2.520 0.5000000000
7324  -3.405  -74.726  -3.912 0.4000000060
7337  -8.322  -76.107  -4.780 0.6000000238
7351  -7.177  -74.844  -7.985 0.6000000238
7359  -7.629  -75.206  -8.030 0.6000000238
7973  -5.066  -75.022  8.598 0.5000000000
7990  -4.241  -74.292  8.004 0.6000000238
8066  -0.864  -74.564  2.233 0.6999999881
8079  -0.652  -74.585  1.525 0.6999999881
8080  -1.190  -73.906  1.937 0.6999999881
8104  -0.069  -74.565  -0.012 0.6999999881
8106  -4.732  -74.437  -0.609 0.6000000238
8107  -5.114  -74.346  -0.863 0.6000000238
8122  -3.863  -74.378  -1.851 0.5000000000
8140  -4.688  -73.912  -2.790 0.5000000000
8152  1.090  -73.963  -3.211 0.5000000000
8182  -3.595  -73.954  -6.224 0.5000000000
8185  -5.947  -74.019  -6.252 0.5000000000
8195  -7.263  -74.896  -7.668 0.6000000238
8199  -5.252  -73.952  -7.573 0.4000000060
8204  -5.661  -74.343  -7.946 0.5000000000
8205  -6.462  -74.511  -7.969 0.5000000000
8859  -4.517  -73.562  7.871 0.5000000000
8911  -1.681  -73.806  3.712 0.6999999881
8913  -2.632  -73.102  4.915 0.6000000238
8933  -1.982  -73.203  3.541 0.6000000238
8947  -2.016  -72.835  2.771 0.6000000238
8961  -1.699  -73.087  2.060 0.6999999881
8987  -0.952  -72.905  -0.219 0.6999999881
8998  0.263  -73.727  -1.731 0.5000000000
9012  0.114  -73.097  -2.437 0.6000000238
9684  -6.124  -72.920  8.661 0.5000000000
9719  -4.223  -71.911  5.803 0.6000000238
9741  -2.793  -72.534  4.417 0.6000000238
9785  -1.940  -72.455  1.393 0.6999999881
9786  -2.561  -71.807  1.719 0.6999999881
9803  -8.305  -71.888  0.040 0.5000000000
9875  -1.240  -71.564  -4.582 0.6000000238
9893  -0.034  -72.201  -5.313 0.5000000000
9894  -0.598  -71.756  -5.226 0.5000000000
9913  -0.084  -71.914  -5.580 0.5000000000
10609  -5.798  -71.328  6.522 0.5000000000
10643  -4.517  -70.928  4.688 0.6000000238
10658  -3.876  -71.247  4.144 0.6000000238
10735  -8.273  -71.696  -0.680 0.5000000000
10753  -1.205  -71.860  -1.489 0.6999999881
10772  -2.551  -70.866  -4.272 0.6000000238
10790  -1.899  -71.392  -3.975 0.6000000238
10791  -1.830  -70.952  -4.896 0.6000000238
10803  -0.542  -71.557  -5.447 0.5000000000
10823  -0.807  -71.351  -5.388 0.5000000000
11558  -6.029  -70.539  5.327 0.6000000238
11575  -5.097  -70.349  4.317 0.6000000238
11597  -3.974  -70.874  3.612 0.5000000000
11598  -4.591  -70.326  3.488 0.5000000000
11600  -7.363  -70.506  3.478 0.5000000000
11620  -4.343  -70.145  2.656 0.5000000000
11622  -6.896  -69.875  2.894 0.6000000238
11639  -3.510  -70.381  1.471 0.6000000238
11660  -3.112  -70.244  0.367 0.6000000238
11661  -7.303  -69.942  0.965 0.5000000000
11676  -2.498  -70.478  -0.946 0.6000000238
11677  -3.003  -69.900  -0.471 0.6000000238
11703  -3.016  -70.577  -3.732 0.6000000238
11704  -3.269  -70.155  -3.116 0.5000000000
11736  -0.285  -70.988  -5.309 0.5000000000
11756  -0.572  -71.425  -5.419 0.5000000000
12566  -4.916  -69.576  2.274 0.5000000000
12567  -5.665  -69.526  2.488 0.6000000238
12568  -6.372  -69.535  2.269 0.6000000238
12584  -6.816  -69.468  1.556 0.6000000238
12597  -4.245  -68.918  0.820 0.5000000000
12598  -5.239  -68.561  0.918 0.5000000000
12614  -3.483  -69.187  -0.417 0.6000000238
12615  -3.945  -68.655  0.027 0.5000000000
12616  -7.437  -69.203  0.249 0.6000000238
12638  -9.623  -68.615  -1.310 0.6000000238
12657  -4.072  -69.816  -3.450 0.6000000238
12659  -5.392  -69.080  -3.925 0.5000000000
12681  -3.402  -69.838  -4.543 0.6000000238
12682  -4.432  -69.835  -4.269 0.6000000238
12683  -5.187  -69.153  -4.112 0.6000000238
12700  -0.689  -70.610  -4.888 0.5000000000
12702  -4.247  -69.662  -4.386 0.6000000238
13505  -5.971  -67.980  0.452 0.6000000238
13523  -4.561  -68.104  -0.392 0.5000000000
13524  -5.301  -67.677  -0.836 0.5000000000
13526  -7.527  -67.979  -0.151 0.6000000238
13529  -13.505  -67.707  -1.304 0.4000000060
13530  -13.662  -67.572  -1.989 0.5000000000
13543  -4.707  -68.251  -1.550 0.5000000000
13546  -13.596  -67.615  -2.526 0.5000000000
13553  -0.689  -68.632  -2.865 0.5000000000
13555  -5.883  -68.408  -3.433 0.5000000000
13560  -13.482  -67.631  -2.833 0.5000000000
13564  -3.830  -69.149  -4.376 0.6000000238
13565  -4.743  -68.919  -4.301 0.6000000238
14373  -6.024  -67.573  -0.051 0.6000000238
14384  -7.414  -67.438  -0.860 0.6000000238
14388  -13.545  -67.200  -1.809 0.4000000060
14394  -6.109  -67.521  -1.279 0.5000000000
14398  -9.926  -67.979  -1.458 0.6000000238
14400  -13.590  -67.312  -2.247 0.5000000000
14405  -7.056  -67.605  -2.933 0.5000000000
14407  -8.152  -66.785  -2.726 0.6000000238
14408  -9.788  -66.886  -2.272 0.6000000238
14411  -13.335  -67.068  -2.728 0.6000000238
14414  -3.067  -68.471  -3.664 0.6000000238
14416  -5.688  -67.995  -3.759 0.4000000060
14417  -6.193  -67.906  -3.488 0.5000000000
14418  -6.767  -67.537  -3.144 0.6000000238
15281  -11.035  -66.416  0.214 0.5000000000
15286  0.210  -66.036  -0.324 0.6000000238
15287  -12.855  -66.136  -1.132 0.4000000060
15297  -13.249  -65.776  -2.337 0.6000000238
15298  -13.690  -66.617  -2.017 0.6000000238
15303  -4.678  -66.802  -2.805 0.5000000000
15306  -7.132  -66.639  -2.936 0.6000000238
15310  -13.036  -65.987  -2.752 0.6000000238
15311  -13.294  -66.319  -2.536 0.6000000238
15312  -5.341  -67.309  -3.365 0.5000000000
16217  -9.686  -65.472  1.287 0.5000000000
16232  0.149  -65.243  -0.132 0.6999999881
16233  -0.445  -65.085  -0.386 0.6999999881
16243  -0.247  -65.784  -0.549 0.6000000238
16244  -1.018  -66.415  -1.156 0.6000000238
16245  -2.084  -65.869  -1.093 0.6000000238
16249  -6.815  -65.170  -1.731 0.6000000238
16251  -12.281  -64.553  -2.344 0.6000000238
16252  -12.865  -64.800  -2.366 0.6000000238
16257  -4.869  -66.089  -2.188 0.6999999881
16258  -5.726  -66.004  -2.316 0.6000000238
16259  -6.597  -65.908  -2.414 0.6000000238
16262  -10.722  -65.177  -2.596 0.6000000238
16264  -12.512  -64.971  -2.637 0.6000000238
17023  -3.999  -64.337  14.822 0.5000000000
17037  -4.497  -64.460  14.099 0.5000000000
17046  -4.034  -64.415  13.838 0.5000000000
17048  -5.083  -64.427  13.382 0.6000000238
17053  -4.767  -64.189  12.893 0.5000000000
17147  -6.772  -64.154  4.645 0.6999999881
17171  -6.685  -64.747  4.128 0.5000000000
17187  -3.615  -64.192  2.029 0.6000000238
17188  -4.546  -64.535  2.435 0.6000000238
17189  -5.580  -64.896  2.846 0.6000000238
17203  -3.455  -64.207  1.116 0.5000000000
17207  -7.701  -64.753  1.023 0.5000000000
17208  -9.532  -65.068  1.096 0.5000000000
17215  0.232  -64.876  0.129 0.6000000238
17219  -6.284  -64.461  0.192 0.5000000000
17221  -9.488  -64.663  0.268 0.5000000000
17235  -2.898  -64.554  -0.204 0.5000000000
17236  -4.543  -64.212  0.001 0.6000000238
17237  -6.453  -64.482  -0.553 0.5000000000
17239  -8.367  -64.368  -0.728 0.5000000000
17240  -9.412  -64.313  -0.831 0.5000000000
17256  -7.042  -64.610  -1.201 0.5000000000
17257  -7.882  -64.523  -1.296 0.5000000000
17260  -10.993  -64.156  -2.227 0.6000000238
17262  -12.315  -64.662  -2.684 0.6000000238
17274  -9.220  -64.768  -2.168 0.6000000238
17275  -10.349  -64.515  -2.313 0.6000000238
17277  -12.119  -64.296  -2.788 0.6000000238
18090  -4.094  -64.064  13.279 0.5000000000
18091  -5.919  -64.400  13.271 0.6000000238
18100  -6.266  -64.247  12.339 0.6000000238
18102  -8.159  -63.672  11.993 0.6999999881
18112  -8.231  -63.552  11.222 0.6999999881
18113  -8.882  -63.249  10.873 0.6999999881
18146  -7.970  -63.233  10.001 0.8000000119
18193  -5.513  -62.951  5.364 0.8000000119
18206  -0.549  -62.444  3.888 0.5000000000
18208  -3.709  -63.179  4.457 0.6999999881
18209  -4.487  -63.575  4.880 0.6000000238
18210  -5.313  -63.749  5.171 0.6999999881
18212  -7.777  -63.778  4.511 0.5000000000
18213  -8.870  -63.580  4.435 0.5000000000
18225  -0.371  -62.655  3.019 0.5000000000
18242  -0.240  -62.963  2.151 0.6000000238
18243  -2.238  -63.028  2.030 0.6000000238
18267  -1.760  -63.594  0.722 0.6000000238
18268  -2.623  -63.979  0.899 0.6000000238
18269  -3.593  -64.267  0.356 0.6000000238
18281  -1.035  -64.049  0.179 0.6999999881
18282  -1.754  -64.022  0.333 0.6000000238
19130  -4.196  -63.371  15.606 0.6000000238
19131  -5.582  -62.764  15.203 0.6000000238
19144  -6.361  -63.102  14.632 0.6000000238
19158  -8.555  -62.427  13.203 0.6000000238
19166  -4.415  -63.312  12.794 0.5000000000
19168  -8.814  -62.966  12.442 0.6999999881
19186  -9.921  -62.303  10.784 0.6000000238
19206  -7.286  -62.860  10.142 0.8000000119
19207  -8.712  -63.167  10.115 0.6999999881
19208  -9.362  -62.820  10.443 0.6000000238
19228  -6.803  -61.795  10.204 0.6999999881
19229  -7.544  -62.596  9.556 0.8000000119
19282  -5.639  -62.002  5.147 0.6999999881
19291  -0.345  -61.529  3.504 0.6000000238
19293  -2.684  -61.673  4.227 0.6000000238
19296  -6.317  -62.721  5.103 0.6999999881
19297  -7.742  -62.847  4.625 0.5000000000
19311  -0.343  -61.835  3.171 0.6999999881
19313  -2.195  -61.933  3.308 0.6000000238
19314  -2.952  -62.601  3.987 0.6999999881
19323  -0.422  -62.237  2.452 0.6000000238
19324  -0.359  -62.313  2.607 0.6000000238
19326  -1.743  -62.250  2.398 0.6000000238
19336  -0.425  -62.653  1.848 0.6999999881
19344  -0.521  -62.981  1.212 0.6999999881
19345  -1.085  -62.953  1.107 0.6000000238
20252  -5.845  -61.172  15.307 0.6999999881
20265  -6.893  -61.998  14.579 0.6999999881
20283  -8.851  -61.345  13.454 0.6999999881
20296  -4.939  -61.948  12.600 0.5000000000
20311  -5.436  -61.259  12.000 0.5000000000
20312  -10.326  -61.768  11.028 0.6999999881
20329  -9.735  -62.412  10.050 0.6000000238
20368  -4.417  -62.081  8.353 0.6000000238
20371  -7.509  -61.700  8.373 0.8000000119
20372  -8.472  -61.892  8.194 0.5000000000
20383  -1.940  -61.777  6.643 0.6000000238
20388  -8.825  -61.300  7.613 0.6000000238
20401  -1.349  -61.084  6.068 0.6000000238
20411  -0.466  -60.991  4.792 0.6000000238
20420  -0.322  -61.127  3.990 0.6000000238
20423  -4.755  -61.436  5.107 0.6999999881
20425  -7.748  -61.877  4.246 0.6000000238
20438  -0.410  -61.408  3.446 0.6000000238
20442  -7.664  -61.101  3.509 0.6000000238
20444  -8.972  -61.140  3.191 0.6000000238
20456  -0.713  -61.566  2.730 0.6999999881
20457  -1.301  -61.493  2.754 0.6000000238
20458  -8.730  -60.706  2.280 0.6000000238
21432  -7.461  -61.173  14.388 0.6999999881
21471  -10.858  -60.496  11.636 0.6000000238
21503  -5.364  -59.987  10.114 0.6000000238
21504  -5.877  -59.901  10.124 0.6000000238
21523  -5.767  -59.410  9.585 0.6000000238
21541  -9.952  -60.010  7.679 0.6000000238
21549  -0.870  -60.622  5.457 0.5000000000
21550  -1.318  -60.197  5.997 0.5000000000
21551  -7.357  -60.292  6.684 0.6000000238
21559  -0.675  -60.399  5.022 0.6000000238
21571  -5.784  -60.953  4.447 0.8000000119
21581  -1.479  -60.367  3.902 0.6000000238
21582  -5.648  -59.984  3.914 0.6999999881
21583  -7.049  -60.025  2.803 0.6999999881
21584  -7.629  -60.478  2.743 0.6999999881
21594  -0.625  -61.039  3.343 0.6999999881
21597  -9.024  -60.327  1.562 0.6000000238
21608  -8.169  -59.840  2.086 0.6999999881
22527  -5.598  -59.135  15.266 0.8000000119
22529  -7.171  -59.567  14.607 0.8000000119
22551  -9.798  -59.562  13.190 0.6999999881
22553  -11.305  -58.979  12.286 0.5000000000
22593  -5.313  -59.327  9.633 0.6000000238
22594  -11.081  -59.751  9.130 0.6000000238
22610  -5.196  -58.961  9.139 0.6000000238
22611  -5.728  -59.304  8.706 0.6999999881
22626  -9.599  -59.320  7.039 0.6000000238
22637  -1.428  -59.469  5.903 0.6000000238
22643  -9.050  -58.976  6.549 0.6999999881
22646  -13.259  -59.286  6.130 0.5000000000
22655  -0.837  -60.000  4.967 0.6000000238
22668  -1.280  -59.493  5.083 0.6999999881
22669  -2.051  -59.141  4.961 0.6999999881
22671  -4.700  -58.850  4.321 0.6999999881
22684  -1.308  -59.934  4.459 0.6999999881
22698  -7.053  -59.188  2.947 0.6999999881
22700  -8.372  -59.370  2.209 0.6999999881
23577  -4.116  -58.207  16.258 0.6999999881
23579  -4.996  -58.520  15.443 0.6999999881
23601  -8.561  -58.405  13.723 0.6000000238
23602  -9.298  -58.789  13.418 0.6000000238
23626  -11.745  -58.186  12.107 0.5000000000
23638  -12.137  -58.515  10.898 0.6000000238
23656  -12.642  -57.891  9.774 0.6000000238
23666  -4.036  -58.259  8.409 0.6000000238
23667  -4.545  -58.511  8.535 0.6000000238
23669  -13.283  -58.045  8.150 0.5000000000
23676  -2.834  -57.816  7.161 0.6000000238
23679  -4.680  -58.137  7.692 0.6000000238
23680  -10.119  -58.979  6.893 0.6000000238
23684  -13.478  -58.384  7.394 0.5000000000
23691  -1.670  -58.920  5.837 0.6999999881
23692  -2.411  -58.218  6.563 0.6000000238
23693  -6.004  -57.771  5.862 0.6999999881
23695  -8.748  -58.384  5.988 0.6000000238
23709  -3.195  -57.888  5.686 0.6999999881
23710  -6.029  -57.382  5.411 0.8000000119
23712  -8.046  -57.849  5.410 0.6999999881
23713  -8.663  -57.975  5.292 0.6999999881
23723  -1.875  -58.897  5.537 0.6999999881
23724  -3.047  -58.575  5.071 0.6999999881
23740  -5.563  -58.189  4.263 0.8000000119
23742  -7.289  -58.337  3.388 0.8000000119
23743  -8.057  -58.193  3.282 0.6000000238
23762  -7.799  -58.842  2.693 0.6999999881
24633  -3.898  -57.585  16.157 0.6999999881
24634  -4.432  -57.455  15.416 0.6999999881
24656  -7.280  -57.099  14.024 0.6000000238
24671  -10.831  -57.644  12.557 0.5000000000
24672  -11.479  -57.699  12.341 0.5000000000
24681  -12.408  -57.057  11.500 0.6000000238
24706  -13.402  -56.739  9.648 0.6000000238
24722  -3.145  -57.466  7.133 0.6000000238
24723  -3.771  -57.383  7.243 0.6000000238
24724  -4.489  -57.496  6.914 0.6000000238
24734  -2.966  -57.619  6.573 0.6000000238
24735  -3.645  -57.257  6.730 0.5000000000
24748  -4.616  -57.210  5.889 0.6999999881
24751  -7.558  -57.484  5.050 0.8000000119
24753  -8.504  -57.776  4.620 0.6000000238
24764  -4.241  -57.536  5.450 0.8000000119
24765  -5.914  -57.393  4.737 0.8000000119
24768  -7.883  -57.533  4.569 0.6999999881
24783  -7.512  -57.626  4.054 0.8000000119
24784  -8.277  -57.789  3.910 0.6999999881
25706  -5.351  -55.836  13.694 0.5000000000
25708  -8.252  -56.910  13.242 0.5000000000
25717  -7.059  -56.041  13.129 0.4000000060
25719  -9.303  -56.716  12.394 0.5000000000
25730  -10.703  -56.237  11.979 0.5000000000
25750  -13.136  -56.351  10.491 0.6000000238
25781  -4.194  -57.219  6.350 0.5000000000
25782  -4.659  -57.251  6.249 0.5000000000
26765  -4.332  -55.194  12.119 0.6000000238
26766  -5.280  -55.419  12.726 0.5000000000
26781  -11.941  -55.544  11.438 0.5000000000
26794  -9.021  -55.122  10.167 0.4000000060
26795  -10.096  -55.044  10.588 0.5000000000
26797  -13.333  -55.010  10.116 0.5000000000
27759  -0.682  -54.003  14.852 0.5000000000
27769  -0.585  -54.610  12.560 0.4000000060
27774  -0.908  -54.437  11.922 0.4000000060
27775  -1.398  -54.673  11.325 0.4000000060
27786  -2.124  -54.398  10.906 0.4000000060
27788  -3.390  -53.897  10.671 0.5000000000
27790  -6.720  -54.626  11.910 0.4000000060
27803  -8.582  -55.010  10.325 0.4000000060
27807  -11.780  -54.390  10.375 0.5000000000
27808  -12.713  -54.626  10.338 0.6000000238
27822  -9.004  -54.296  9.560 0.5000000000
27836  -13.491  -54.228  8.689 0.4000000060
27845  -13.289  -54.045  7.469 0.4000000060
27856  -12.586  -53.895  5.421 0.4000000060
28742  -0.507  -53.790  14.011 0.4000000060
28747  -0.495  -53.916  13.350 0.4000000060
28749  -1.383  -53.523  12.734 0.4000000060
28754  -0.974  -53.931  12.147 0.4000000060
28766  -2.353  -53.864  10.951 0.5000000000
28767  -3.145  -53.599  10.773 0.5000000000
28772  -8.967  -53.338  11.455 0.5000000000
28803  -9.766  -53.445  8.766 0.4000000060
28804  -10.954  -53.349  8.695 0.4000000060
28816  -10.986  -52.832  7.966 0.4000000060
28830  -11.531  -52.606  6.599 0.4000000060
28846  -11.999  -53.258  5.880 0.4000000060
29734  -5.299  -52.432  15.232 0.5000000000
29748  -7.860  -52.331  14.097 0.4000000060
29757  -6.909  -52.022  13.316 0.5000000000
29770  -5.028  -52.055  11.026 0.5000000000
29793  -9.643  -53.106  9.379 0.4000000060
29823  -10.108  -52.524  8.000 0.4000000060
29840  -10.887  -52.105  6.976 0.4000000060
29853  -12.105  -52.576  6.050 0.3000000119
30748  -6.826  -52.105  15.455 0.5000000000
30752  -9.940  -51.618  14.804 0.5000000000
30765  -6.031  -51.175  12.117 0.5000000000
30767  -8.418  -51.429  13.502 0.4000000060
30770  -11.455  -51.253  13.397 0.4000000060
30777  -11.118  -50.962  12.892 0.3000000119
30785  -6.063  -50.988  11.416 0.4000000060
30789  -10.341  -51.398  11.028 0.5000000000
30853  -12.592  -51.530  7.266 0.4000000060
31773  -8.010  -51.298  15.621 0.5000000000
31781  -12.671  -50.747  14.070 0.3000000119
31795  -6.762  -50.202  11.678 0.4000000060
31796  -7.270  -49.116  11.948 0.4000000060
31874  -10.802  -51.038  8.694 0.3000000119
32820  -5.308  -49.201  16.007 0.3000000119
32841  -7.987  -48.096  12.177 0.4000000060
33885  -9.191  -47.595  11.393 0.3000000119
135278  -3.215  -71.897  4.150 0.6000000238
135369  -2.952  -59.223  4.697 0.6000000238
135592  -5.015  -76.286  5.034 0.6000000238
135826  -6.666  -75.344  -5.203 0.6000000238
135920  -5.620  -74.932  1.329 0.6000000238
136143  -5.129  -74.027  -4.440 0.5000000000
136434  -13.572  -85.749  8.786 0.3000000119
136974  -8.343  -77.350  2.705 0.6000000238
137617  -5.150  -56.434  14.447 0.5000000000
137661  -2.344  -53.371  12.508 0.4000000060
137954  -14.869  -81.570  2.080 0.4000000060
138056  -18.110  -77.766  -3.273 0.5000000000
138881  -0.087  -63.746  1.033 0.6999999881
138887  -3.464  -73.340  6.362 0.6000000238
138915  1.587  -76.304  -0.001 0.5000000000
139050  -22.710  -80.414  5.412 0.3000000119
139617  -6.268  -75.348  5.923 0.4000000060
139814  -6.650  -63.942  13.758 0.6000000238
139928  -16.835  -81.448  2.171 0.4000000060
140155  -20.887  -78.158  -0.376 0.3000000119
140590  -3.393  -70.138  0.882 0.6000000238
140646  -6.734  -58.726  5.903 0.8000000119
140745  -2.719  -55.520  12.219 0.5000000000
141018  -7.676  -67.327  -2.055 0.6000000238
141083  -7.933  -57.530  13.808 0.6000000238
141275  -7.071  -65.079  3.283 0.5000000000
141741  -2.274  -67.845  -2.710 0.6000000238
141912  -5.813  -73.759  8.712 0.5000000000
142368  -8.516  -65.613  -2.512 0.6000000238
142389  -8.106  -47.962  11.997 0.4000000060
142548  -14.828  -81.532  3.753 0.4000000060
142577  0.711  -76.203  1.834 0.6999999881
142618  -8.699  -49.918  11.491 0.5000000000
142902  -11.889  -58.888  10.100 0.5000000000
142921  -17.272  -79.056  -2.267 0.5000000000
143002  -11.047  -79.132  -4.561 0.8000000119
143137  -7.480  -70.081  0.276 0.6000000238
143176  -9.078  -77.559  2.935 0.5000000000
143532  -13.285  -67.876  -3.139 0.6000000238
144213  1.505  -75.598  -1.696 0.5000000000
144370  -9.192  -60.387  7.299 0.6000000238
144393  -4.274  -65.511  -1.446 0.6000000238
144507  -2.079  -66.610  -1.625 0.6000000238
144840  2.801  -76.585  1.003 0.5000000000
144936  -8.174  -55.159  10.981 0.4000000060
145339  -14.528  -77.677  -4.018 0.5000000000
145637  0.504  -71.967  -5.642 0.5000000000
145736  -14.879  -81.673  2.851 0.4000000060
145913  -0.206  -63.599  0.885 0.6999999881
145925  -10.123  -77.428  -1.066 0.6000000238
145970  1.281  -76.290  0.701 0.5000000000
146432  -9.217  -50.326  15.655 0.3000000119
146495  -10.957  -52.432  7.198 0.4000000060
146810  -6.033  -57.240  5.151 0.8000000119
146959  -11.034  -77.420  -1.158 0.5000000000
147078  -0.890  -72.524  -0.939 0.6999999881
147141  -10.853  -50.550  9.984 0.4000000060
147370  -7.723  -70.742  0.757 0.5000000000
147504  -9.086  -77.434  -0.842 0.5000000000
147635  -8.165  -54.551  11.233 0.4000000060
147806  -1.462  -76.358  5.786 0.6999999881
148162  -14.850  -80.626  -0.398 0.4000000060
148239  -7.572  -76.634  -2.654 0.5000000000
148840  -4.414  -69.976  -4.062 0.6000000238
149230  -6.357  -60.638  10.876 0.6000000238
149345  -12.449  -53.027  5.392 0.4000000060
149523  -10.345  -60.040  12.730 0.6000000238
149543  -6.141  -64.872  1.873 0.5000000000
149716  -7.775  -60.256  14.278 0.8000000119
149800  -6.432  -61.453  11.018 0.6999999881
150221  -0.006  -76.683  4.398 0.6999999881
150592  -18.611  -82.578  5.877 0.3000000119
151114  -4.212  -62.120  5.190 0.6999999881
151149  -11.304  -65.892  -2.789 0.6000000238
151257  -8.898  -66.537  -2.596 0.6000000238
151334  0.131  -64.643  0.352 0.6000000238
151514  -1.523  -78.228  5.819 0.6999999881
151774  -13.079  -78.954  -4.084 0.5000000000
151811  -2.866  -60.317  7.204 0.6000000238
151827  -5.973  -74.099  -7.761 0.5000000000
152141  -13.301  -77.008  -3.984 0.5000000000
152733  -6.066  -60.913  11.329 0.6000000238
152875  -6.112  -75.543  -1.766 0.5000000000
152923  -13.615  -82.945  8.904 0.3000000119
153174  -5.152  -74.634  -0.236 0.6000000238
154452  -5.424  -64.203  14.385 0.6000000238
154507  -14.503  -80.350  -1.585 0.4000000060
154681  -4.870  -69.509  -4.166 0.6000000238
155180  -2.333  -64.337  0.109 0.6000000238
155188  -6.203  -75.414  0.848 0.6000000238
155614  -5.847  -59.383  7.293 0.6999999881
155850  -3.666  -64.952  -0.772 0.6000000238
156255  -0.854  -71.948  -2.330 0.6000000238
156359  -4.290  -64.032  15.177 0.6000000238
156418  -7.835  -77.028  -1.688 0.5000000000
156657  -10.578  -65.084  -0.047 0.5000000000
157017  -1.058  -55.121  12.782 0.5000000000
157186  -2.092  -70.900  -1.171 0.6999999881
157497  -4.641  -57.998  15.627 0.6999999881
157535  -2.713  -72.325  3.857 0.6000000238
157614  -3.887  -57.079  15.542 0.6999999881
157616  -9.203  -69.484  -1.375 0.6000000238
158221  -8.100  -71.493  1.065 0.5000000000
158465  -10.281  -51.087  15.253 0.5000000000
158656  -9.867  -50.651  11.296 0.4000000060
158771  -6.141  -75.502  3.888 0.6000000238
159112  -10.169  -60.521  8.250 0.6000000238
159448  -3.775  -52.887  14.548 0.3000000119
159937  -9.969  -61.017  12.663 0.5000000000
160263  -10.234  -77.507  0.218 0.5000000000
160940  -0.309  -72.249  -4.783 0.5000000000
161065  -16.037  -80.396  -0.228 0.4000000060
161195  -7.281  -55.745  12.499 0.4000000060
161385  -12.108  -58.999  7.241 0.5000000000
161554  -20.302  -81.507  4.251 0.3000000119
161965  -5.364  -57.614  4.712 0.8000000119
162050  -6.976  -49.884  11.582 0.4000000060
162073  -7.372  -53.906  11.827 0.5000000000
162142  -5.736  -64.534  -0.656 0.6000000238
162168  -14.307  -86.137  10.084 0.3000000119
162197  -2.677  -71.349  1.094 0.6999999881
162314  -10.035  -76.449  -4.925 0.6999999881
162576  -2.477  -70.657  -4.557 0.6000000238
162710  -17.787  -83.425  6.384 0.3000000119
