#!ascii label  , from subject sub-v2s3x28789_ses-1 vox2ras=TkReg
1248
119355  43.342  22.427  9.197 0.0000000000
124669  44.842  29.806  13.919 0.0000000000
114805  47.931  15.801  5.090 0.0000000000
117201  37.612  18.631  10.842 0.0000000000
115587  40.296  16.204  9.218 0.0000000000
165818  46.363  28.190  9.563 0.0000000000
125401  37.044  30.883  12.856 0.0000000000
126969  37.973  32.990  7.570 0.0000000000
112516  45.009  12.110  9.984 0.0000000000
109161  43.589  8.601  7.070 0.0000000000
122516  49.525  25.694  12.457 0.0000000000
118632  47.586  19.849  7.601 0.0000000000
118577  49.747  20.987  13.477 0.0000000000
117198  43.632  19.179  10.029 0.0000000000
126274  39.102  30.475  4.258 0.0000000000
145490  44.178  30.438  9.563 0.0000000000
111741  42.944  11.038  6.930 0.0000000000
119376  39.830  21.074  8.774 0.0000000000
116428  38.933  17.850  10.028 0.0000000000
117235  40.812  18.852  7.726 0.0000000000
122531  44.633  25.490  11.545 0.0000000000
120949  41.269  23.711  9.378 0.0000000000
124732  33.451  28.637  9.832 0.0000000000
113256  47.056  13.214  13.212 0.0000000000
110875  44.886  10.936  12.297 0.0000000000
111650  47.709  11.981  16.422 0.0000000000
125570  42.835  29.899  1.051 0.0000000000
123944  49.308  27.775  14.503 0.0000000000
120890  51.313  23.790  13.660 0.0000000000
150312  47.820  25.692  14.113 0.0000000000
120104  41.105  22.171  13.030 0.0000000000
119306  44.826  21.064  14.325 0.0000000000
155695  42.305  19.474  13.936 0.0000000000
115580  41.680  16.695  10.620 0.0000000000
126927  41.759  32.544  11.578 0.0000000000
128367  42.317  35.975  10.246 0.0000000000
126178  44.839  32.670  12.532 0.0000000000
125410  48.168  28.871  12.257 0.0000000000
117241  48.888  17.142  5.572 0.0000000000
114817  43.889  15.674  5.396 0.0000000000
113342  46.322  13.236  4.212 0.0000000000
163949  38.209  14.557  11.110 0.0000000000
112528  38.986  12.231  9.586 0.0000000000
125479  48.421  30.053  6.743 0.0000000000
125470  44.252  29.375  7.009 0.0000000000
147105  40.909  29.458  11.032 0.0000000000
123228  44.393  26.776  13.841 0.0000000000
125513  28.695  29.705  5.129 0.0000000000
127749  33.585  32.255  6.331 0.0000000000
126195  37.462  30.834  10.859 0.0000000000
113320  44.803  13.405  7.260 0.0000000000
110030  47.057  10.051  5.049 0.0000000000
110907  45.171  10.103  8.536 0.0000000000
109981  41.754  9.209  12.079 0.0000000000
120920  46.561  23.591  12.193 0.0000000000
119370  45.430  20.946  8.674 0.0000000000
119330  48.283  21.712  11.553 0.0000000000
164518  50.697  19.803  9.486 0.0000000000
117930  49.434  18.707  9.878 0.0000000000
121702  46.129  23.646  13.365 0.0000000000
117906  47.259  19.750  11.553 0.0000000000
168284  45.319  17.900  7.540 0.0000000000
115585  43.079  16.002  8.978 0.0000000000
113295  42.912  13.779  11.066 0.0000000000
124815  39.124  28.722  2.069 0.0000000000
126271  42.260  30.868  4.206 0.0000000000
127728  41.994  33.166  7.106 0.0000000000
126990  45.535  31.965  6.036 0.0000000000
126202  48.009  30.348  9.574 0.0000000000
123258  48.112  27.255  11.623 0.0000000000
168007  42.491  18.523  6.470 0.0000000000
113323  41.947  13.840  8.048 0.0000000000
111730  40.261  10.798  7.966 0.0000000000
110060  44.149  8.225  3.431 0.0000000000
119374  41.548  21.546  8.448 0.0000000000
158868  40.097  19.832  8.359 0.0000000000
118637  42.203  20.990  8.057 0.0000000000
170436  43.893  24.090  10.817 0.0000000000
121737  42.771  24.914  10.394 0.0000000000
144155  42.040  23.125  9.237 0.0000000000
119357  40.055  21.854  9.020 0.0000000000
156308  46.740  13.611  15.656 0.0000000000
112482  47.598  12.852  13.961 0.0000000000
112466  48.472  13.180  16.716 0.0000000000
159545  36.364  11.633  9.278 0.0000000000
124656  47.605  29.568  15.138 0.0000000000
123214  48.875  27.563  14.663 0.0000000000
161334  46.965  28.424  14.886 0.0000000000
167991  40.486  21.246  14.607 0.0000000000
119288  42.309  20.578  14.892 0.0000000000
125414  43.718  31.416  12.511 0.0000000000
142879  43.977  33.039  12.735 0.0000000000
125399  44.873  32.040  13.433 0.0000000000
171989  46.975  31.425  14.594 0.0000000000
116450  48.544  16.582  5.605 0.0000000000
115623  46.677  16.586  5.004 0.0000000000
114083  47.881  14.309  4.178 0.0000000000
117192  36.435  18.469  11.752 0.0000000000
116410  37.350  17.308  11.488 0.0000000000
115588  39.708  16.612  9.661 0.0000000000
114777  38.723  15.743  10.732 0.0000000000
114776  39.297  15.326  10.334 0.0000000000
113297  38.165  13.290  10.615 0.0000000000
113307  39.733  13.852  9.960 0.0000000000
124753  46.984  28.733  8.052 0.0000000000
124760  46.672  28.783  6.878 0.0000000000
164849  45.359  28.594  8.113 0.0000000000
118619  37.644  20.361  10.352 0.0000000000
159092  36.776  19.672  11.208 0.0000000000
125419  38.371  30.261  11.337 0.0000000000
124686  41.121  27.852  12.149 0.0000000000
124700  38.265  29.128  11.046 0.0000000000
125422  35.264  30.725  12.380 0.0000000000
125434  36.270  29.912  10.476 0.0000000000
126931  37.443  31.634  12.331 0.0000000000
126183  39.407  31.585  11.255 0.0000000000
113311  44.464  12.931  8.111 0.0000000000
111726  45.568  11.602  7.466 0.0000000000
111705  45.478  11.041  9.234 0.0000000000
110861  43.936  10.267  14.693 0.0000000000
109979  43.216  10.068  12.615 0.0000000000
109971  42.353  9.310  13.851 0.0000000000
121713  47.826  24.761  12.467 0.0000000000
120133  47.123  22.196  11.780 0.0000000000
120907  48.279  23.122  12.465 0.0000000000
120099  50.913  22.436  14.031 0.0000000000
119327  51.201  21.797  11.111 0.0000000000
118604  51.184  20.816  10.949 0.0000000000
117196  50.698  18.884  9.522 0.0000000000
117917  49.938  19.096  10.692 0.0000000000
122498  43.074  26.175  13.476 0.0000000000
162109  45.307  24.956  13.102 0.0000000000
120894  44.793  24.187  12.742 0.0000000000
118608  45.046  20.100  12.524 0.0000000000
118595  45.619  20.386  13.482 0.0000000000
117920  45.374  19.506  10.379 0.0000000000
117932  46.687  19.075  9.654 0.0000000000
146718  44.609  18.857  9.047 0.0000000000
115603  44.202  16.814  7.779 0.0000000000
148399  43.382  17.926  9.050 0.0000000000
114768  40.767  15.874  11.640 0.0000000000
114033  41.889  14.909  10.922 0.0000000000
125538  38.838  29.633  3.258 0.0000000000
168871  40.781  30.175  2.710 0.0000000000
126273  40.457  30.724  4.365 0.0000000000
127712  35.681  33.682  7.063 0.0000000000
127746  36.239  33.091  6.445 0.0000000000
167702  38.088  33.587  7.265 0.0000000000
126948  42.675  32.795  9.775 0.0000000000
127707  42.246  34.402  7.956 0.0000000000
126968  43.037  33.118  7.121 0.0000000000
126991  44.090  32.480  5.935 0.0000000000
126216  44.141  31.235  7.402 0.0000000000
126228  46.141  31.009  7.653 0.0000000000
156529  46.059  29.993  9.576 0.0000000000
123964  49.462  27.887  12.388 0.0000000000
123976  49.170  28.304  11.836 0.0000000000
123245  48.244  26.597  12.162 0.0000000000
121714  46.335  25.556  12.222 0.0000000000
118633  46.223  20.666  8.485 0.0000000000
117953  44.040  19.923  7.081 0.0000000000
117966  44.437  19.288  6.622 0.0000000000
113333  43.522  13.474  6.460 0.0000000000
114067  42.877  14.923  6.642 0.0000000000
112544  42.560  12.486  7.623 0.0000000000
163777  41.234  12.356  8.641 0.0000000000
111729  41.721  11.242  7.840 0.0000000000
110032  45.557  9.039  5.958 0.0000000000
110058  45.904  9.439  4.536 0.0000000000
148952  44.137  7.857  4.933 0.0000000000
117936  38.529  19.543  9.780 0.0000000000
117200  38.283  18.260  10.455 0.0000000000
117935  39.140  19.170  9.314 0.0000000000
116437  40.042  17.925  8.958 0.0000000000
116436  40.684  17.530  8.372 0.0000000000
123980  45.270  27.275  11.137 0.0000000000
169385  39.389  21.587  9.206 0.0000000000
113283  45.578  12.853  11.641 0.0000000000
111690  45.765  11.742  11.298 0.0000000000
111675  46.915  12.304  13.053 0.0000000000
111669  45.969  11.573  14.305 0.0000000000
123225  50.306  26.853  13.581 0.0000000000
121711  50.850  24.675  12.556 0.0000000000
122477  50.967  25.693  13.694 0.0000000000
121687  49.682  24.749  14.409 0.0000000000
120087  48.765  22.740  14.253 0.0000000000
120912  41.404  23.637  12.631 0.0000000000
120121  43.479  22.571  12.772 0.0000000000
120103  43.038  21.759  13.343 0.0000000000
118583  43.662  20.178  14.535 0.0000000000
117909  42.997  19.454  11.446 0.0000000000
117199  42.377  18.234  10.350 0.0000000000
165385  41.914  18.998  11.866 0.0000000000
116399  40.383  17.290  12.243 0.0000000000
114760  39.740  15.983  12.699 0.0000000000
126276  37.315  30.551  4.787 0.0000000000
127694  40.513  33.004  9.879 0.0000000000
127701  39.909  33.947  8.413 0.0000000000
128362  41.904  35.392  11.868 0.0000000000
160086  43.939  33.265  11.408 0.0000000000
153599  44.176  30.918  10.902 0.0000000000
125431  45.579  29.744  10.878 0.0000000000
125398  46.141  30.167  12.579 0.0000000000
124668  48.366  29.016  14.532 0.0000000000
117949  48.448  19.067  6.734 0.0000000000
117244  44.906  18.589  6.175 0.0000000000
166048  45.056  17.362  5.456 0.0000000000
114075  44.839  14.599  4.847 0.0000000000
112553  44.444  11.920  5.810 0.0000000000
109152  41.491  8.573  8.948 0.0000000000
109163  41.675  8.352  7.115 0.0000000000
114028  36.216  14.533  11.749 0.0000000000
116409  38.059  16.938  11.135 0.0000000000
114770  37.585  15.614  11.530 0.0000000000
113289  36.868  13.874  11.368 0.0000000000
113298  37.284  13.211  10.759 0.0000000000
169519  37.070  12.262  9.686 0.0000000000
111708  37.598  11.538  8.780 0.0000000000
124768  47.993  29.106  5.397 0.0000000000
125481  45.317  28.842  5.968 0.0000000000
145951  43.527  28.930  13.313 0.0000000000
123948  44.563  28.216  14.650 0.0000000000
123966  42.345  27.609  13.718 0.0000000000
123956  41.840  26.948  14.227 0.0000000000
122500  41.494  26.226  13.954 0.0000000000
121704  40.241  25.192  13.724 0.0000000000
120896  39.345  23.635  13.542 0.0000000000
125510  31.194  29.802  5.738 0.0000000000
127715  32.994  32.429  7.023 0.0000000000
126230  36.342  31.279  7.625 0.0000000000
126206  38.280  30.825  9.105 0.0000000000
126929  39.693  32.096  11.232 0.0000000000
126181  41.891  31.179  11.187 0.0000000000
114064  46.910  14.572  5.505 0.0000000000
113341  48.108  13.599  4.363 0.0000000000
112552  46.550  12.420  5.957 0.0000000000
110917  46.138  10.368  6.995 0.0000000000
161105  43.797  9.320  8.562 0.0000000000
110884  44.697  10.580  11.090 0.0000000000
150036  43.410  9.628  10.206 0.0000000000
109143  42.162  8.989  9.630 0.0000000000
120134  44.762  22.939  10.698 0.0000000000
119354  44.391  21.783  9.177 0.0000000000
120145  45.584  22.335  10.792 0.0000000000
149194  46.588  21.211  9.765 0.0000000000
119352  47.682  20.898  9.824 0.0000000000
120116  50.693  22.893  12.036 0.0000000000
118617  49.248  20.823  9.989 0.0000000000
118631  49.412  19.864  8.350 0.0000000000
117941  50.054  18.970  7.678 0.0000000000
116433  50.139  17.290  7.319 0.0000000000
117232  48.035  17.437  7.209 0.0000000000
123227  45.454  26.769  13.846 0.0000000000
121701  46.938  24.147  13.604 0.0000000000
143140  47.674  22.442  13.986 0.0000000000
120101  45.461  21.937  13.688 0.0000000000
118579  47.167  20.849  13.767 0.0000000000
117890  48.488  20.067  12.424 0.0000000000
117918  48.408  19.305  10.909 0.0000000000
117209  47.372  18.551  8.893 0.0000000000
116443  46.319  17.455  6.929 0.0000000000
115602  44.782  16.275  7.220 0.0000000000
114788  44.042  14.810  7.863 0.0000000000
113312  43.850  13.349  8.893 0.0000000000
115586  42.632  16.584  9.544 0.0000000000
114040  42.753  14.675  9.871 0.0000000000
113294  43.648  13.378  10.669 0.0000000000
159614  44.635  13.303  11.843 0.0000000000
125571  41.360  29.786  1.644 0.0000000000
126307  42.881  30.499  2.565 0.0000000000
127050  44.116  31.394  3.939 0.0000000000
128384  39.610  34.389  7.809 0.0000000000
127015  40.045  31.554  5.708 0.0000000000
127013  42.679  31.902  5.728 0.0000000000
127012  44.319  32.296  5.473 0.0000000000
127028  45.457  31.961  4.696 0.0000000000
126989  47.083  31.600  6.337 0.0000000000
146164  48.316  30.602  8.252 0.0000000000
124725  48.284  28.939  9.376 0.0000000000
151622  48.272  29.419  10.973 0.0000000000
123989  48.885  28.733  10.668 0.0000000000
123990  47.939  27.923  10.529 0.0000000000
123260  46.128  26.353  11.955 0.0000000000
143933  45.044  24.679  11.658 0.0000000000
118649  42.747  20.401  7.623 0.0000000000
117234  41.444  18.469  7.233 0.0000000000
116435  41.210  17.065  8.001 0.0000000000
115616  42.740  16.803  6.159 0.0000000000
114799  41.762  15.815  7.609 0.0000000000
114049  40.833  14.866  8.849 0.0000000000
113306  40.319  13.241  9.472 0.0000000000
111716  39.447  11.789  9.076 0.0000000000
111758  47.512  11.823  4.118 0.0000000000
110944  45.263  10.315  4.830 0.0000000000
110033  43.246  9.695  5.273 0.0000000000
108251  42.470  7.585  3.326 0.0000000000
110034  42.128  9.650  5.465 0.0000000000
111615  49.522  12.921  17.990 0.0000000000
110829  47.609  10.835  17.735 0.0000000000
120155  42.642  22.427  8.919 0.0000000000
119373  42.472  21.725  8.499 0.0000000000
120147  43.495  22.938  9.729 0.0000000000
120947  42.997  23.530  9.939 0.0000000000
158562  42.845  23.003  9.394 0.0000000000
120170  41.795  22.332  8.771 0.0000000000
113210  47.987  13.363  16.434 0.0000000000
125383  45.809  30.131  14.570 0.0000000000
162591  46.720  29.319  15.082 0.0000000000
124657  45.856  29.152  14.829 0.0000000000
146580  44.167  29.910  13.195 0.0000000000
125400  44.196  30.993  12.746 0.0000000000
125389  45.547  31.604  14.124 0.0000000000
125382  46.403  31.429  14.551 0.0000000000
115612  48.178  16.338  5.346 0.0000000000
147690  47.814  15.713  4.906 0.0000000000
170137  47.738  14.743  4.569 0.0000000000
117910  36.973  18.979  11.312 0.0000000000
117191  37.157  18.145  11.399 0.0000000000
114783  39.772  15.754  9.754 0.0000000000
114042  39.789  14.833  9.863 0.0000000000
114782  40.337  15.311  9.330 0.0000000000
148494  46.761  28.515  8.618 0.0000000000
124742  46.103  28.427  8.157 0.0000000000
124727  46.208  28.349  8.967 0.0000000000
118618  38.038  19.808  10.225 0.0000000000
117924  37.434  19.542  10.715 0.0000000000
125420  37.651  30.087  11.735 0.0000000000
126187  35.905  31.461  12.979 0.0000000000
126186  36.802  31.688  12.721 0.0000000000
126173  37.201  31.546  12.460 0.0000000000
126185  37.890  30.921  12.162 0.0000000000
155877  44.399  12.591  8.764 0.0000000000
112534  44.875  11.988  8.215 0.0000000000
112525  45.295  11.486  9.656 0.0000000000
109970  43.069  9.783  14.111 0.0000000000
121712  48.998  24.952  12.478 0.0000000000
143984  48.580  24.075  12.487 0.0000000000
119301  50.459  21.648  13.758 0.0000000000
118590  51.161  21.229  11.858 0.0000000000
118591  50.311  20.624  12.653 0.0000000000
117903  50.607  19.777  11.180 0.0000000000
117889  49.794  20.050  12.181 0.0000000000
122520  42.741  25.409  12.929 0.0000000000
122519  43.563  25.315  12.807 0.0000000000
121715  43.920  24.385  12.591 0.0000000000
117908  44.348  19.812  11.552 0.0000000000
144091  45.235  19.846  11.380 0.0000000000
117921  44.420  19.526  10.452 0.0000000000
117934  44.197  19.178  9.662 0.0000000000
117211  43.781  18.708  9.303 0.0000000000
114027  40.890  15.034  11.823 0.0000000000
146142  38.126  29.702  3.750 0.0000000000
124801  38.232  29.158  3.127 0.0000000000
126293  38.712  30.082  3.810 0.0000000000
151307  39.905  30.468  3.971 0.0000000000
126970  37.015  32.382  7.462 0.0000000000
127711  36.384  33.705  7.178 0.0000000000
126947  42.955  31.663  9.546 0.0000000000
126957  42.444  32.641  8.568 0.0000000000
126956  43.020  31.722  7.787 0.0000000000
126215  44.853  30.557  8.272 0.0000000000
126204  45.107  30.161  9.207 0.0000000000
151447  49.509  26.442  12.434 0.0000000000
123244  49.607  27.229  12.487 0.0000000000
122517  48.481  25.664  12.421 0.0000000000
118645  46.397  20.219  7.732 0.0000000000
117952  44.956  19.852  7.139 0.0000000000
117951  45.980  19.740  7.102 0.0000000000
112554  43.668  12.432  6.533 0.0000000000
113321  43.117  12.871  7.102 0.0000000000
111727  43.128  11.950  7.172 0.0000000000
111728  42.413  11.564  7.569 0.0000000000
110918  42.127  10.704  7.264 0.0000000000
109160  44.528  8.567  6.174 0.0000000000
109170  43.472  8.268  6.136 0.0000000000
118625  39.009  19.996  9.224 0.0000000000
118640  39.633  20.311  8.719 0.0000000000
117956  40.678  19.633  7.910 0.0000000000
117943  40.229  19.188  8.303 0.0000000000
117225  40.432  18.386  8.317 0.0000000000
123261  45.140  26.488  11.582 0.0000000000
123269  44.371  26.883  11.116 0.0000000000
123270  43.673  26.316  10.939 0.0000000000
120948  41.938  23.990  9.571 0.0000000000
121750  41.995  24.917  9.843 0.0000000000
119358  39.017  20.905  9.233 0.0000000000
113282  46.332  13.032  12.178 0.0000000000
112506  46.637  12.750  12.370 0.0000000000
112502  46.959  12.793  12.693 0.0000000000
111663  47.281  12.057  15.482 0.0000000000
111668  47.176  12.217  14.331 0.0000000000
146218  46.404  11.626  15.061 0.0000000000
110853  45.457  11.044  15.374 0.0000000000
110845  46.641  11.294  16.361 0.0000000000
125586  42.272  29.352  0.588 0.0000000000
124850  42.874  28.895  0.241 0.0000000000
123943  49.943  27.129  14.152 0.0000000000
123242  50.828  26.145  13.121 0.0000000000
123212  50.436  26.372  13.947 0.0000000000
123226  47.875  26.759  14.317 0.0000000000
122480  48.819  26.396  14.368 0.0000000000
122495  48.696  25.291  14.298 0.0000000000
120884  49.159  23.690  14.348 0.0000000000
121699  48.565  24.391  14.246 0.0000000000
120122  42.535  22.547  12.697 0.0000000000
155945  42.084  21.914  13.148 0.0000000000
118566  42.649  20.039  15.319 0.0000000000
119286  43.358  20.456  14.708 0.0000000000
117870  43.123  19.824  14.561 0.0000000000
157688  43.337  19.709  12.662 0.0000000000
117894  42.734  19.560  13.276 0.0000000000
147863  42.459  19.371  12.097 0.0000000000
117895  41.994  19.238  12.688 0.0000000000
117181  40.748  18.270  12.817 0.0000000000
116400  40.108  17.612  12.940 0.0000000000
115564  40.292  16.371  12.164 0.0000000000
115565  39.807  16.866  12.723 0.0000000000
127686  41.394  34.050  11.858 0.0000000000
127693  41.318  34.157  10.877 0.0000000000
128355  42.154  35.124  12.239 0.0000000000
126179  44.063  32.403  12.689 0.0000000000
126938  44.355  33.332  12.450 0.0000000000
126193  44.478  32.642  12.577 0.0000000000
149497  44.240  32.285  11.453 0.0000000000
125413  44.772  31.464  11.771 0.0000000000
125412  45.233  31.808  12.264 0.0000000000
126169  46.186  32.404  13.371 0.0000000000
125380  47.321  30.339  14.823 0.0000000000
125387  47.011  31.377  14.229 0.0000000000
124654  48.824  28.431  14.676 0.0000000000
123955  49.370  28.032  14.092 0.0000000000
117962  49.268  17.911  6.042 0.0000000000
117242  47.411  17.877  5.765 0.0000000000
117250  46.653  17.504  5.604 0.0000000000
113355  45.993  14.236  4.288 0.0000000000
114824  45.465  15.833  4.678 0.0000000000
113343  45.058  13.633  4.847 0.0000000000
112563  44.315  12.981  5.758 0.0000000000
112562  45.308  12.514  4.950 0.0000000000
164131  35.576  14.954  12.136 0.0000000000
114017  36.230  15.391  12.085 0.0000000000
116419  38.493  17.395  10.574 0.0000000000
114769  38.220  15.287  11.192 0.0000000000
161569  37.530  14.676  11.439 0.0000000000
171994  36.865  14.516  11.607 0.0000000000
113299  36.268  13.180  10.680 0.0000000000
113288  37.803  13.879  11.118 0.0000000000
112517  38.563  12.699  10.158 0.0000000000
112518  37.669  12.620  10.267 0.0000000000
112529  37.928  12.055  9.592 0.0000000000
112530  36.927  11.866  9.138 0.0000000000
166695  48.136  31.009  5.644 0.0000000000
125501  48.258  29.696  6.048 0.0000000000
125469  45.149  28.916  6.766 0.0000000000
124761  46.087  28.540  6.444 0.0000000000
125483  43.701  29.516  6.360 0.0000000000
162079  42.602  29.125  12.192 0.0000000000
124685  42.853  28.542  13.028 0.0000000000
150982  41.972  28.275  12.422 0.0000000000
123967  41.558  27.412  13.193 0.0000000000
123231  42.004  26.774  14.262 0.0000000000
122502  39.609  25.944  14.402 0.0000000000
121705  39.476  24.880  13.996 0.0000000000
168796  30.870  29.531  5.148 0.0000000000
125511  30.428  29.567  5.473 0.0000000000
126975  32.421  31.979  7.132 0.0000000000
126974  33.175  32.244  7.259 0.0000000000
126973  34.176  32.414  7.362 0.0000000000
126208  36.953  30.129  10.032 0.0000000000
126217  37.472  30.512  8.653 0.0000000000
126207  37.599  30.433  9.649 0.0000000000
126950  38.957  31.427  9.955 0.0000000000
126940  38.679  31.552  11.393 0.0000000000
125417  40.194  30.427  10.865 0.0000000000
125433  41.064  30.471  10.889 0.0000000000
125416  41.578  30.112  11.108 0.0000000000
142859  42.264  30.364  11.379 0.0000000000
113332  45.568  13.944  6.477 0.0000000000
113331  46.495  13.440  5.782 0.0000000000
113319  45.603  12.917  6.600 0.0000000000
110906  45.552  10.564  7.983 0.0000000000
111725  45.869  10.940  7.442 0.0000000000
110012  45.532  9.918  7.631 0.0000000000
149890  44.711  9.565  8.101 0.0000000000
110003  44.437  9.755  9.012 0.0000000000
111684  45.906  11.626  11.982 0.0000000000
110883  45.555  11.052  10.540 0.0000000000
167622  44.783  10.755  11.688 0.0000000000
109980  42.493  9.620  12.399 0.0000000000
109987  43.165  9.918  11.814 0.0000000000
109988  42.446  9.515  11.503 0.0000000000
168310  42.895  9.353  9.767 0.0000000000
109989  41.759  9.110  11.161 0.0000000000
109997  41.759  8.963  10.403 0.0000000000
109131  41.168  8.647  11.667 0.0000000000
164241  45.325  23.139  11.331 0.0000000000
120154  44.790  22.174  9.934 0.0000000000
143701  46.197  22.859  11.708 0.0000000000
120118  48.136  22.349  12.231 0.0000000000
119331  47.121  21.663  11.101 0.0000000000
147129  47.072  21.353  10.385 0.0000000000
119341  48.003  21.291  10.643 0.0000000000
145407  51.172  24.308  12.696 0.0000000000
120905  50.895  23.795  12.373 0.0000000000
119339  51.085  21.426  10.548 0.0000000000
119340  50.607  21.411  10.442 0.0000000000
118616  50.668  20.746  10.001 0.0000000000
118623  50.042  20.266  9.148 0.0000000000
118630  50.407  19.378  8.634 0.0000000000
117197  50.400  18.711  9.714 0.0000000000
117218  50.332  17.899  8.266 0.0000000000
117219  50.110  17.544  8.007 0.0000000000
117231  49.256  17.359  7.454 0.0000000000
123218  43.810  27.423  14.410 0.0000000000
123217  44.851  27.619  14.496 0.0000000000
122497  46.131  24.635  13.350 0.0000000000
120892  46.895  23.099  13.692 0.0000000000
120120  44.561  22.264  13.270 0.0000000000
118594  46.428  20.314  13.087 0.0000000000
118580  46.170  20.772  13.864 0.0000000000
117891  47.338  20.141  12.572 0.0000000000
118593  47.836  20.463  13.270 0.0000000000
117905  48.091  19.771  11.832 0.0000000000
117210  46.213  18.687  8.781 0.0000000000
117222  45.871  18.271  7.863 0.0000000000
117233  46.905  17.663  7.269 0.0000000000
116452  45.641  16.529  6.659 0.0000000000
169712  44.860  17.000  7.270 0.0000000000
115594  43.616  16.440  8.379 0.0000000000
114797  44.082  15.938  7.808 0.0000000000
114789  43.611  15.423  8.380 0.0000000000
114047  43.601  14.405  8.624 0.0000000000
116417  41.745  17.703  10.776 0.0000000000
116416  42.197  17.155  10.130 0.0000000000
114032  42.503  14.432  10.623 0.0000000000
114774  42.281  15.235  10.314 0.0000000000
114031  43.081  13.885  10.249 0.0000000000
113284  44.514  13.051  11.054 0.0000000000
124816  38.286  28.470  2.486 0.0000000000
124065  37.844  27.619  2.028 0.0000000000
124837  38.718  28.032  1.748 0.0000000000
125573  39.832  29.157  1.825 0.0000000000
164161  41.811  30.593  3.561 0.0000000000
126290  41.949  30.440  2.803 0.0000000000
126289  42.571  30.688  3.423 0.0000000000
126288  43.485  30.844  3.274 0.0000000000
127051  43.161  31.135  4.077 0.0000000000
157893  41.920  36.057  9.298 0.0000000000
128375  40.264  34.816  8.052 0.0000000000
128374  41.434  35.396  8.458 0.0000000000
128395  41.293  34.142  7.577 0.0000000000
127741  41.159  32.318  6.561 0.0000000000
126993  41.900  32.099  6.305 0.0000000000
165672  41.634  31.507  5.622 0.0000000000
127011  44.822  32.248  5.638 0.0000000000
167401  44.939  32.278  5.136 0.0000000000
127010  45.545  32.119  5.336 0.0000000000
148501  46.349  31.847  5.780 0.0000000000
153114  46.257  31.697  6.369 0.0000000000
147958  47.003  30.978  8.290 0.0000000000
126227  47.354  31.260  7.676 0.0000000000
126213  48.091  30.660  8.952 0.0000000000
167529  48.474  29.844  8.956 0.0000000000
126201  48.307  30.192  9.338 0.0000000000
125411  46.995  29.150  11.980 0.0000000000
125430  46.938  29.462  11.009 0.0000000000
123977  48.673  27.998  11.225 0.0000000000
123988  49.029  28.736  11.336 0.0000000000
123978  47.348  27.371  11.296 0.0000000000
123979  46.127  27.062  11.540 0.0000000000
123259  47.065  26.788  11.843 0.0000000000
121724  46.631  24.567  12.348 0.0000000000
121725  45.801  24.841  11.988 0.0000000000
120921  45.704  23.906  11.808 0.0000000000
120922  44.679  23.800  11.261 0.0000000000
119353  45.139  21.472  9.249 0.0000000000
119372  43.924  21.502  8.650 0.0000000000
118635  44.165  20.914  8.173 0.0000000000
163207  42.728  19.139  6.699 0.0000000000
117954  43.175  19.818  7.149 0.0000000000
116455  42.048  18.045  6.603 0.0000000000
161413  41.483  17.582  7.346 0.0000000000
115605  41.656  16.698  7.440 0.0000000000
158079  44.219  17.172  5.393 0.0000000000
116453  43.430  17.833  5.760 0.0000000000
115615  43.401  16.204  5.725 0.0000000000
114056  42.444  14.431  7.342 0.0000000000
114798  42.351  15.381  7.151 0.0000000000
114057  41.844  14.880  7.795 0.0000000000
114790  41.340  15.348  8.285 0.0000000000
114048  41.392  14.429  8.449 0.0000000000
113314  40.926  13.936  9.002 0.0000000000
161315  41.394  13.648  8.594 0.0000000000
111715  40.984  11.437  8.360 0.0000000000
112537  40.434  12.197  9.010 0.0000000000
147326  39.893  11.309  8.507 0.0000000000
111731  38.906  11.241  8.493 0.0000000000
110921  39.254  10.708  7.795 0.0000000000
111747  47.583  11.330  4.861 0.0000000000
112572  47.971  12.572  3.997 0.0000000000
110953  47.204  10.936  4.494 0.0000000000
110059  45.032  8.796  3.974 0.0000000000
110955  45.552  9.500  4.389 0.0000000000
110045  44.769  8.884  3.889 0.0000000000
110945  44.460  9.790  4.877 0.0000000000
110046  43.861  8.941  3.978 0.0000000000
109172  41.690  8.015  6.017 0.0000000000
109182  42.364  7.582  4.849 0.0000000000
109183  41.060  7.717  5.194 0.0000000000
119375  40.661  21.308  8.547 0.0000000000
118639  40.456  20.430  8.294 0.0000000000
118638  41.297  20.779  8.123 0.0000000000
167446  41.107  20.102  7.776 0.0000000000
121726  44.228  24.711  11.284 0.0000000000
121727  43.888  25.512  11.186 0.0000000000
120935  43.205  24.202  10.407 0.0000000000
164702  42.526  24.184  9.988 0.0000000000
120156  41.139  22.907  9.165 0.0000000000
119356  40.897  22.118  8.816 0.0000000000
113242  47.099  13.447  14.048 0.0000000000
112493  47.492  13.064  13.718 0.0000000000
113241  47.528  13.284  14.528 0.0000000000
112467  48.114  13.055  15.481 0.0000000000
111649  48.178  12.814  15.889 0.0000000000
124655  48.213  29.079  15.004 0.0000000000
123945  48.663  28.433  14.903 0.0000000000
123946  48.118  28.885  15.134 0.0000000000
123215  47.989  27.949  14.826 0.0000000000
167953  46.710  26.992  14.194 0.0000000000
119310  40.676  21.643  13.754 0.0000000000
119309  41.682  21.386  13.884 0.0000000000
119289  41.383  20.881  14.800 0.0000000000
117872  41.969  19.962  15.591 0.0000000000
126180  43.179  31.578  12.047 0.0000000000
126926  42.897  32.639  12.060 0.0000000000
126171  44.417  32.640  12.972 0.0000000000
126170  45.325  32.647  13.304 0.0000000000
126915  46.133  32.786  14.027 0.0000000000
125388  46.054  32.472  14.278 0.0000000000
125381  46.921  31.364  14.675 0.0000000000
144515  49.503  16.791  5.901 0.0000000000
116462  47.204  16.804  5.256 0.0000000000
115630  46.821  15.971  4.737 0.0000000000
114084  46.894  14.701  4.125 0.0000000000
113354  47.328  13.877  3.811 0.0000000000
116427  39.571  17.459  9.554 0.0000000000
116418  39.147  17.013  10.171 0.0000000000
115581  39.259  16.181  10.265 0.0000000000
114035  38.725  14.918  10.759 0.0000000000
157500  38.559  14.092  10.764 0.0000000000
114034  39.234  14.413  10.396 0.0000000000
113296  38.996  13.503  10.376 0.0000000000
153603  39.452  12.957  9.904 0.0000000000
125467  48.221  29.707  7.432 0.0000000000
125480  47.773  29.404  6.734 0.0000000000
171935  46.477  28.619  7.529 0.0000000000
124754  45.821  28.527  7.350 0.0000000000
124755  44.853  28.883  7.638 0.0000000000
119360  37.838  21.106  10.075 0.0000000000
117925  36.968  20.264  10.834 0.0000000000
117911  36.251  19.303  11.608 0.0000000000
144426  39.794  29.246  10.838 0.0000000000
153910  41.319  28.583  11.634 0.0000000000
124699  39.069  28.562  10.999 0.0000000000
125436  34.713  29.545  11.232 0.0000000000
125444  34.880  29.044  10.056 0.0000000000
125435  35.508  29.771  10.903 0.0000000000
126196  36.804  30.840  11.374 0.0000000000
126941  37.928  31.491  11.777 0.0000000000
151677  38.647  31.595  11.472 0.0000000000
126184  38.316  31.222  11.748 0.0000000000
125418  39.140  30.508  11.098 0.0000000000
112543  45.144  12.447  7.416 0.0000000000
111714  45.368  11.346  8.062 0.0000000000
110899  45.413  10.695  8.868 0.0000000000
153714  44.439  10.739  14.032 0.0000000000
161013  43.904  10.489  12.886 0.0000000000
161505  43.291  10.122  13.326 0.0000000000
160915  42.692  9.692  13.244 0.0000000000
109972  41.876  9.168  13.112 0.0000000000
120119  47.220  22.931  12.256 0.0000000000
120098  51.347  23.016  13.424 0.0000000000
120115  51.210  22.845  12.432 0.0000000000
119319  51.277  22.028  12.043 0.0000000000
118615  50.990  20.618  10.213 0.0000000000
117929  50.765  19.130  9.359 0.0000000000
117902  50.936  19.995  10.466 0.0000000000
117916  50.665  19.274  10.242 0.0000000000
148901  43.983  26.040  13.259 0.0000000000
151711  44.934  25.900  13.314 0.0000000000
162001  44.434  25.142  12.811 0.0000000000
171724  45.524  24.118  13.090 0.0000000000
118596  44.818  20.246  13.727 0.0000000000
118581  45.204  20.758  14.154 0.0000000000
118607  45.875  20.146  12.293 0.0000000000
117907  46.223  19.751  11.217 0.0000000000
117919  47.079  19.391  10.586 0.0000000000
160372  46.144  19.394  10.243 0.0000000000
117933  45.559  19.142  9.474 0.0000000000
166848  45.359  18.691  8.665 0.0000000000
116444  44.580  17.646  7.775 0.0000000000
117224  44.071  18.222  8.535 0.0000000000
116434  43.774  17.387  8.379 0.0000000000
116424  43.151  16.996  8.955 0.0000000000
115572  41.261  16.267  11.150 0.0000000000
114775  41.735  15.749  10.692 0.0000000000
114767  41.356  15.399  11.289 0.0000000000
114025  42.220  14.219  11.353 0.0000000000
163389  37.687  28.689  3.061 0.0000000000
125553  39.584  29.615  2.688 0.0000000000
125552  40.537  29.773  2.243 0.0000000000
126309  40.253  30.190  3.121 0.0000000000
149929  41.102  30.424  3.182 0.0000000000
126272  41.265  30.721  4.171 0.0000000000
127734  34.243  33.040  7.018 0.0000000000
127747  34.873  33.145  6.741 0.0000000000
127733  35.726  33.632  7.016 0.0000000000
127732  36.400  33.999  7.018 0.0000000000
127699  42.504  34.026  9.310 0.0000000000
128381  42.202  35.211  8.422 0.0000000000
127706  42.401  34.363  8.117 0.0000000000
127727  42.809  33.426  7.468 0.0000000000
126992  42.883  32.656  6.618 0.0000000000
126967  43.669  32.239  6.550 0.0000000000
126966  44.703  31.769  6.437 0.0000000000
126965  45.730  31.478  6.734 0.0000000000
126229  45.076  31.076  7.224 0.0000000000
126214  46.059  30.497  8.638 0.0000000000
126203  47.317  30.603  9.020 0.0000000000
124682  49.202  28.308  12.683 0.0000000000
124696  48.977  28.595  11.895 0.0000000000
123965  48.968  27.624  11.864 0.0000000000
123246  46.938  26.172  12.197 0.0000000000
122518  47.322  25.565  12.369 0.0000000000
118634  44.979  20.736  8.192 0.0000000000
151524  45.674  20.602  8.154 0.0000000000
160829  43.540  19.252  6.642 0.0000000000
117967  43.080  18.572  6.240 0.0000000000
114066  43.479  14.468  6.188 0.0000000000
114808  43.396  15.355  5.984 0.0000000000
113334  42.963  14.051  6.828 0.0000000000
113322  42.608  13.460  7.438 0.0000000000
112535  42.171  12.975  8.025 0.0000000000
113313  41.649  12.994  8.463 0.0000000000
112536  41.904  12.114  8.212 0.0000000000
110919  41.068  10.597  7.467 0.0000000000
110031  46.328  9.533  5.491 0.0000000000
110044  46.266  9.521  4.744 0.0000000000
109169  45.786  8.914  4.918 0.0000000000
109180  44.918  8.418  4.696 0.0000000000
146366  44.365  7.870  3.922 0.0000000000
117923  38.122  19.101  10.352 0.0000000000
117214  38.697  18.716  9.886 0.0000000000
117213  39.350  18.334  9.440 0.0000000000
117944  39.608  19.557  8.752 0.0000000000
117226  39.757  18.769  8.813 0.0000000000
116426  40.223  17.065  9.094 0.0000000000
124713  45.929  27.956  10.126 0.0000000000
152980  45.597  28.272  9.538 0.0000000000
123993  43.621  27.247  10.564 0.0000000000
122536  43.191  25.616  10.684 0.0000000000
120157  40.243  22.665  9.267 0.0000000000
120158  39.312  22.378  9.413 0.0000000000
119359  38.385  21.187  9.660 0.0000000000
118626  38.342  20.427  9.780 0.0000000000
124716  33.532  28.692  10.689 0.0000000000
124703  33.914  29.206  11.440 0.0000000000
126188  34.810  31.315  13.716 0.0000000000
112508  45.318  12.420  10.864 0.0000000000
112515  45.541  11.838  10.681 0.0000000000
112507  46.034  12.403  11.758 0.0000000000
111683  46.478  12.294  12.205 0.0000000000
111685  45.481  11.400  12.858 0.0000000000
153426  47.229  12.512  13.532 0.0000000000
111676  46.187  11.740  13.302 0.0000000000
111677  45.191  11.240  13.749 0.0000000000
110860  44.885  10.918  14.608 0.0000000000
153961  44.577  10.469  15.330 0.0000000000
122515  50.422  26.081  12.678 0.0000000000
144699  50.169  25.228  12.508 0.0000000000
149162  50.951  25.433  12.747 0.0000000000
122494  51.194  25.360  13.356 0.0000000000
120881  51.258  24.436  13.769 0.0000000000
122479  49.758  25.925  14.353 0.0000000000
121686  50.710  24.662  14.308 0.0000000000
120882  51.082  24.151  14.145 0.0000000000
120085  51.055  23.285  14.189 0.0000000000
120086  50.112  22.926  14.428 0.0000000000
148197  49.698  22.066  14.277 0.0000000000
120911  42.227  23.542  12.512 0.0000000000
120910  43.206  23.697  12.491 0.0000000000
165648  42.853  23.081  12.523 0.0000000000
120102  43.941  21.506  13.810 0.0000000000
119308  42.776  21.112  14.334 0.0000000000
147343  43.459  21.089  14.363 0.0000000000
118582  44.422  20.486  14.281 0.0000000000
117893  44.085  20.019  13.829 0.0000000000
151505  43.667  19.716  11.759 0.0000000000
146893  43.622  19.515  10.890 0.0000000000
117922  42.960  19.074  10.545 0.0000000000
117189  42.314  18.892  11.192 0.0000000000
168748  41.413  17.721  11.259 0.0000000000
116408  41.019  17.741  11.735 0.0000000000
151383  41.273  17.146  11.150 0.0000000000
115573  40.750  16.775  11.589 0.0000000000
114759  40.339  15.488  12.237 0.0000000000
114016  39.794  15.094  12.771 0.0000000000
126275  38.156  30.351  4.435 0.0000000000
126949  39.692  32.244  9.145 0.0000000000
126958  38.957  33.433  7.832 0.0000000000
128368  41.968  35.961  10.719 0.0000000000
128360  43.023  35.718  11.574 0.0000000000
126925  43.946  33.654  12.646 0.0000000000
127684  43.595  34.502  12.215 0.0000000000
127692  43.221  34.566  11.009 0.0000000000
170542  43.562  30.846  9.880 0.0000000000
125432  44.755  30.113  10.206 0.0000000000
150430  46.022  29.595  11.694 0.0000000000
125397  46.961  29.746  13.278 0.0000000000
166947  46.601  31.626  13.602 0.0000000000
125396  47.775  29.621  14.002 0.0000000000
124683  48.602  28.624  13.207 0.0000000000
124666  49.519  27.960  13.232 0.0000000000
123963  49.776  27.542  12.875 0.0000000000
117950  47.151  19.502  6.920 0.0000000000
117965  45.465  19.207  6.585 0.0000000000
117964  46.663  18.934  6.432 0.0000000000
117251  45.476  17.844  5.754 0.0000000000
115624  44.291  16.312  5.188 0.0000000000
145478  45.436  16.654  5.022 0.0000000000
114816  44.617  15.434  4.935 0.0000000000
114076  44.011  14.953  5.433 0.0000000000
113344  44.164  14.030  5.592 0.0000000000
111740  43.682  11.450  6.466 0.0000000000
145223  42.111  8.603  8.065 0.0000000000
109162  42.758  8.461  7.147 0.0000000000
162900  41.297  8.441  8.097 0.0000000000
114029  35.230  14.337  11.733 0.0000000000
116420  37.823  17.776  10.970 0.0000000000
115575  37.517  16.458  11.541 0.0000000000
115582  38.645  16.566  10.674 0.0000000000
115574  38.192  16.113  11.217 0.0000000000
114771  36.897  15.928  11.893 0.0000000000
146490  36.910  15.113  11.755 0.0000000000
113290  35.839  13.727  11.329 0.0000000000
113300  35.306  13.120  10.596 0.0000000000
112519  36.764  12.621  10.219 0.0000000000
124769  47.199  28.989  6.183 0.0000000000
124770  46.495  28.518  5.641 0.0000000000
124728  44.685  28.424  9.514 0.0000000000
124743  44.458  28.754  8.623 0.0000000000
124670  43.957  28.901  13.866 0.0000000000
124658  45.004  28.974  14.581 0.0000000000
124659  44.148  28.412  14.432 0.0000000000
124671  43.235  28.040  14.095 0.0000000000
123219  43.019  27.140  14.553 0.0000000000
154451  42.623  27.083  14.505 0.0000000000
123230  42.613  26.906  14.454 0.0000000000
122499  42.231  26.252  13.776 0.0000000000
121718  41.635  24.441  12.758 0.0000000000
121719  40.841  24.274  12.946 0.0000000000
120124  40.802  23.207  12.751 0.0000000000
120105  40.059  22.631  13.213 0.0000000000
127023  32.516  31.477  6.352 0.0000000000
126244  31.286  30.807  6.775 0.0000000000
126995  32.390  32.040  6.951 0.0000000000
127735  33.576  32.687  6.916 0.0000000000
127713  34.358  33.063  7.069 0.0000000000
126971  35.858  32.930  7.380 0.0000000000
125456  34.810  29.197  9.050 0.0000000000
126219  35.669  30.339  8.038 0.0000000000
171964  37.143  30.956  7.885 0.0000000000
126959  38.854  31.771  8.455 0.0000000000
126939  39.561  32.158  10.931 0.0000000000
127678  40.680  32.924  11.546 0.0000000000
155357  40.104  32.334  11.355 0.0000000000
124684  43.441  29.711  12.542 0.0000000000
114806  46.774  15.442  5.634 0.0000000000
114074  47.892  14.416  4.399 0.0000000000
114063  47.679  13.910  5.061 0.0000000000
113330  47.550  13.048  5.165 0.0000000000
111738  47.344  11.144  5.554 0.0000000000
166981  46.196  11.242  6.829 0.0000000000
110916  46.742  10.795  6.306 0.0000000000
110928  46.771  10.184  5.941 0.0000000000
110020  46.001  9.705  6.594 0.0000000000
110022  44.122  9.000  7.548 0.0000000000
109150  43.085  8.862  8.045 0.0000000000
111698  45.489  11.221  10.183 0.0000000000
110891  45.478  10.861  9.681 0.0000000000
110892  44.916  10.466  10.183 0.0000000000
110876  44.016  10.413  11.979 0.0000000000
110893  44.052  10.038  10.622 0.0000000000
110901  44.253  9.902  9.833 0.0000000000
110004  43.608  9.511  9.425 0.0000000000
110013  42.950  9.182  9.039 0.0000000000
109151  42.358  8.825  8.766 0.0000000000
146225  41.291  8.606  9.923 0.0000000000
120146  44.142  22.875  10.129 0.0000000000
149853  43.998  22.367  9.512 0.0000000000
119343  45.673  21.616  9.926 0.0000000000
120144  46.382  22.100  11.221 0.0000000000
119342  46.331  21.686  10.551 0.0000000000
119369  45.983  21.077  9.166 0.0000000000
118624  47.088  20.691  8.974 0.0000000000
144462  48.028  20.192  8.293 0.0000000000
145111  49.833  24.365  12.461 0.0000000000
120117  49.285  22.650  12.251 0.0000000000
119321  49.130  22.121  11.892 0.0000000000
120132  51.116  22.342  11.485 0.0000000000
119329  50.042  21.883  11.020 0.0000000000
148902  49.208  21.365  10.732 0.0000000000
167079  48.561  20.475  9.064 0.0000000000
117942  48.881  19.522  7.526 0.0000000000
117948  49.567  18.521  6.809 0.0000000000
117961  49.902  17.550  6.376 0.0000000000
117940  50.432  18.410  8.179 0.0000000000
117230  50.243  17.568  7.429 0.0000000000
117240  49.787  16.962  5.934 0.0000000000
116449  49.872  16.777  6.216 0.0000000000
116441  49.369  16.665  6.262 0.0000000000
116442  47.947  16.682  6.202 0.0000000000
123947  45.708  28.402  14.797 0.0000000000
169470  47.047  26.047  13.889 0.0000000000
162373  46.051  25.768  13.532 0.0000000000
122496  46.938  25.153  13.665 0.0000000000
121700  47.763  24.698  13.985 0.0000000000
120891  47.901  23.599  14.009 0.0000000000
164731  49.338  21.399  13.968 0.0000000000
120909  44.222  23.348  12.665 0.0000000000
120893  45.260  23.166  13.098 0.0000000000
142873  46.104  22.607  13.567 0.0000000000
119305  45.705  21.058  14.194 0.0000000000
119304  46.548  21.126  14.041 0.0000000000
120100  46.791  22.044  13.882 0.0000000000
119303  47.495  21.413  13.972 0.0000000000
118578  48.408  20.958  13.767 0.0000000000
118592  49.022  20.466  13.020 0.0000000000
117904  49.241  19.590  11.607 0.0000000000
117931  47.957  18.873  9.849 0.0000000000
117208  48.921  18.229  8.722 0.0000000000
117220  48.024  17.982  8.099 0.0000000000
116451  46.980  16.525  6.115 0.0000000000
114807  45.629  15.793  6.524 0.0000000000
158887  44.641  15.365  7.272 0.0000000000
114055  44.701  14.393  7.187 0.0000000000
114046  44.175  13.885  8.009 0.0000000000
113304  44.272  12.664  9.462 0.0000000000
117212  43.090  18.525  9.754 0.0000000000
116425  42.744  17.589  9.575 0.0000000000
115579  42.195  16.147  10.149 0.0000000000
114781  42.639  15.602  9.647 0.0000000000
114780  43.123  15.038  9.138 0.0000000000
114039  43.320  14.103  9.449 0.0000000000
113305  43.681  13.304  9.846 0.0000000000
113293  44.350  12.774  10.272 0.0000000000
153586  46.438  13.302  12.734 0.0000000000
113257  46.223  13.577  13.690 0.0000000000
152906  42.019  29.780  1.148 0.0000000000
126308  41.303  30.169  2.380 0.0000000000
126320  42.217  30.171  1.850 0.0000000000
126319  43.322  30.237  1.716 0.0000000000
126306  43.868  30.564  2.444 0.0000000000
126287  44.414  30.904  3.185 0.0000000000
127049  45.094  31.403  3.867 0.0000000000
127036  37.789  31.106  5.111 0.0000000000
127035  38.705  31.023  4.932 0.0000000000
127708  39.498  34.268  7.749 0.0000000000
127709  38.931  33.640  7.414 0.0000000000
128382  41.778  35.171  8.198 0.0000000000
127016  39.116  31.605  5.596 0.0000000000
127034  39.732  30.969  4.828 0.0000000000
127033  40.838  31.130  5.087 0.0000000000
127032  41.907  31.209  4.950 0.0000000000
127031  42.880  31.476  4.861 0.0000000000
146407  43.681  32.526  6.000 0.0000000000
154968  43.558  32.071  5.438 0.0000000000
127030  43.779  31.772  4.738 0.0000000000
127029  44.658  31.975  4.660 0.0000000000
126270  46.111  31.325  4.149 0.0000000000
127027  46.520  31.712  4.972 0.0000000000
127008  47.994  31.280  6.240 0.0000000000
126964  46.724  31.503  6.984 0.0000000000
126963  47.691  31.353  6.963 0.0000000000
125466  48.421  30.335  7.504 0.0000000000
125452  48.459  29.884  8.253 0.0000000000
124741  47.625  28.874  8.691 0.0000000000
124726  47.204  28.426  9.270 0.0000000000
125441  47.212  30.009  9.940 0.0000000000
125429  48.061  29.930  10.221 0.0000000000
125409  48.898  29.137  10.991 0.0000000000
125428  48.515  29.576  10.278 0.0000000000
126192  48.325  30.032  9.873 0.0000000000
124724  48.780  29.148  10.129 0.0000000000
124711  48.212  28.467  9.915 0.0000000000
124712  47.032  28.027  9.982 0.0000000000
123991  46.367  27.584  10.823 0.0000000000
122530  45.468  25.565  11.872 0.0000000000
169476  44.222  23.450  10.628 0.0000000000
158369  43.244  21.868  8.735 0.0000000000
118636  43.215  21.136  8.181 0.0000000000
118650  41.851  20.240  7.644 0.0000000000
118648  43.651  20.462  7.623 0.0000000000
151130  42.322  19.656  7.202 0.0000000000
117955  41.442  19.411  7.402 0.0000000000
116445  40.987  18.074  7.775 0.0000000000
115596  40.747  16.650  8.583 0.0000000000
117245  43.905  18.620  6.131 0.0000000000
159829  42.504  17.504  6.284 0.0000000000
114809  42.812  15.840  6.416 0.0000000000
115604  42.242  16.299  6.933 0.0000000000
115617  42.074  17.157  6.743 0.0000000000
115595  41.288  16.244  8.141 0.0000000000
114791  40.778  15.775  8.705 0.0000000000
114041  40.367  14.341  9.458 0.0000000000
112527  39.779  12.472  9.452 0.0000000000
144135  41.047  13.060  8.935 0.0000000000
111707  38.522  11.651  9.048 0.0000000000
114073  48.230  13.823  4.060 0.0000000000
112573  47.593  12.838  3.862 0.0000000000
112561  46.613  12.099  4.230 0.0000000000
110954  46.494  10.185  4.553 0.0000000000
111748  46.721  11.063  4.409 0.0000000000
111749  45.538  11.312  4.894 0.0000000000
110929  44.491  10.894  5.621 0.0000000000
110930  43.597  10.496  6.077 0.0000000000
163947  43.314  7.720  5.179 0.0000000000
109181  43.588  7.615  3.908 0.0000000000
109190  43.969  7.907  3.247 0.0000000000
108259  42.363  7.825  2.407 0.0000000000
108267  42.582  7.939  2.376 0.0000000000
110061  43.121  8.309  3.158 0.0000000000
110047  42.694  9.057  4.255 0.0000000000
110931  42.618  10.261  6.381 0.0000000000
110932  41.620  10.092  6.516 0.0000000000
112434  49.066  12.921  17.468 0.0000000000
111631  48.190  11.897  17.145 0.0000000000
110828  48.714  11.818  17.799 0.0000000000
110830  47.074  11.084  17.098 0.0000000000
108250  43.144  7.847  2.807 0.0000000000
108260  41.644  7.749  2.626 0.0000000000
109171  42.548  8.135  6.110 0.0000000000
109188  45.478  8.884  4.257 0.0000000000
109189  44.581  8.371  3.800 0.0000000000
109191  43.207  7.877  2.839 0.0000000000
109192  42.371  8.083  2.384 0.0000000000
109995  43.225  9.728  11.008 0.0000000000
109996  42.491  9.358  10.523 0.0000000000
110021  45.074  9.305  7.052 0.0000000000
110043  46.839  10.145  4.700 0.0000000000
110867  44.582  10.854  13.270 0.0000000000
110868  43.804  10.418  13.739 0.0000000000
110874  45.474  11.162  11.379 0.0000000000
110885  43.805  10.124  11.318 0.0000000000
110900  44.990  10.318  9.362 0.0000000000
110927  47.302  10.650  5.357 0.0000000000
110941  47.531  11.673  4.387 0.0000000000
110942  47.348  10.748  4.759 0.0000000000
110943  46.013  10.363  4.530 0.0000000000
111630  48.943  12.858  17.293 0.0000000000
111662  47.833  12.805  14.878 0.0000000000
111664  46.254  11.350  15.731 0.0000000000
111706  45.204  11.413  8.767 0.0000000000
111713  45.545  11.016  8.422 0.0000000000
111739  46.773  11.459  6.116 0.0000000000
112448  48.579  13.107  16.722 0.0000000000
112481  47.812  13.062  14.623 0.0000000000
112494  47.277  12.859  13.230 0.0000000000
112501  47.190  12.989  13.014 0.0000000000
112526  44.772  11.978  9.115 0.0000000000
112542  45.887  11.928  6.709 0.0000000000
112551  47.568  11.977  5.166 0.0000000000
112560  48.001  12.842  4.453 0.0000000000
112571  47.864  12.291  4.329 0.0000000000
113196  48.735  13.154  17.045 0.0000000000
113197  48.247  13.247  17.136 0.0000000000
113225  47.741  13.336  15.459 0.0000000000
113226  47.017  13.626  14.901 0.0000000000
113268  46.910  13.057  12.717 0.0000000000
113269  45.669  13.302  12.264 0.0000000000
113340  48.177  13.183  4.037 0.0000000000
113353  48.120  13.460  3.928 0.0000000000
114015  40.471  14.663  12.429 0.0000000000
114065  45.626  14.944  6.441 0.0000000000
114085  45.644  15.054  4.480 0.0000000000
114815  47.668  15.237  4.781 0.0000000000
114822  47.522  15.141  4.626 0.0000000000
114823  46.449  15.371  4.471 0.0000000000
115613  47.848  15.884  5.300 0.0000000000
115614  46.726  15.977  5.846 0.0000000000
115622  47.871  16.155  5.109 0.0000000000
115625  43.447  17.015  5.594 0.0000000000
116440  50.064  16.936  6.817 0.0000000000
116448  50.105  17.018  6.633 0.0000000000
116454  42.931  17.460  5.891 0.0000000000
116461  48.022  17.144  5.331 0.0000000000
116463  46.019  17.162  5.386 0.0000000000
117190  41.660  18.321  11.387 0.0000000000
117206  50.530  18.428  9.072 0.0000000000
117207  50.256  18.138  8.939 0.0000000000
117217  50.651  18.572  8.974 0.0000000000
117221  46.942  18.213  8.021 0.0000000000
117223  44.870  18.359  8.175 0.0000000000
117243  46.056  18.352  6.089 0.0000000000
117246  42.704  18.002  6.104 0.0000000000
117247  42.008  18.902  6.812 0.0000000000
117252  44.429  17.929  5.730 0.0000000000
117871  42.691  19.916  15.131 0.0000000000
117892  44.203  19.958  12.634 0.0000000000
117915  50.848  19.571  9.871 0.0000000000
117947  50.086  17.985  6.915 0.0000000000
117963  48.017  18.455  6.148 0.0000000000
118565  43.107  20.074  15.012 0.0000000000
118576  51.008  21.404  12.873 0.0000000000
118605  50.795  20.445  11.780 0.0000000000
118606  46.615  20.091  12.129 0.0000000000
118646  45.417  20.331  7.659 0.0000000000
118647  44.527  20.409  7.629 0.0000000000
119287  42.941  20.336  14.983 0.0000000000
119290  39.838  21.156  15.015 0.0000000000
119300  51.283  22.220  13.093 0.0000000000
119302  48.504  21.786  14.113 0.0000000000
119307  43.915  20.662  14.418 0.0000000000
119320  50.527  22.371  11.448 0.0000000000
119328  51.015  22.052  10.810 0.0000000000
119371  44.681  21.237  8.688 0.0000000000
120123  41.652  22.775  12.649 0.0000000000
120883  50.366  23.866  14.429 0.0000000000
120895  40.073  23.974  13.197 0.0000000000
120904  51.353  23.725  12.898 0.0000000000
120906  49.625  23.493  12.404 0.0000000000
120908  47.430  23.812  12.432 0.0000000000
120934  43.638  23.503  10.298 0.0000000000
121685  51.140  24.975  13.959 0.0000000000
121698  51.297  24.840  13.494 0.0000000000
121709  51.330  25.019  13.070 0.0000000000
121710  51.196  24.908  12.817 0.0000000000
121716  43.176  24.677  12.604 0.0000000000
121736  43.517  24.848  10.825 0.0000000000
122478  50.627  25.456  14.200 0.0000000000
122514  51.177  25.372  12.958 0.0000000000
123213  49.658  27.027  14.375 0.0000000000
123216  45.871  27.636  14.485 0.0000000000
123229  43.387  26.815  14.206 0.0000000000
123232  41.420  26.461  13.992 0.0000000000
123243  50.224  27.024  13.010 0.0000000000
123262  44.293  26.132  11.352 0.0000000000
123949  43.506  27.543  14.409 0.0000000000
123954  49.837  27.489  13.684 0.0000000000
124667  49.067  28.413  13.825 0.0000000000
124697  41.936  29.352  11.540 0.0000000000
124698  40.557  28.403  11.385 0.0000000000
124731  34.158  28.823  10.393 0.0000000000
124739  48.498  29.573  9.561 0.0000000000
124740  48.293  29.432  8.844 0.0000000000
124752  47.899  29.303  8.106 0.0000000000
124851  42.060  28.618  0.153 0.0000000000
125415  42.893  30.100  11.803 0.0000000000
125443  35.575  29.365  9.669 0.0000000000
125468  47.311  29.091  7.400 0.0000000000
125482  44.501  29.319  6.219 0.0000000000
125512  29.641  29.560  5.210 0.0000000000
125554  38.892  29.172  2.627 0.0000000000
125569  43.801  29.879  1.035 0.0000000000
125572  40.708  29.334  1.410 0.0000000000
126158  46.520  32.002  14.386 0.0000000000
126162  46.722  31.889  14.317 0.0000000000
126163  45.613  32.652  13.961 0.0000000000
126168  46.590  32.294  13.993 0.0000000000
126172  37.641  31.535  12.113 0.0000000000
126174  36.513  31.469  12.673 0.0000000000
126182  40.767  31.487  11.100 0.0000000000
126194  38.196  30.992  10.435 0.0000000000
126197  36.075  30.929  11.993 0.0000000000
126205  43.627  30.818  8.678 0.0000000000
126212  48.403  30.240  8.759 0.0000000000
126218  36.674  30.330  8.390 0.0000000000
126226  48.132  31.083  7.637 0.0000000000
126231  35.262  31.872  7.472 0.0000000000
126242  48.356  30.867  6.861 0.0000000000
126243  31.924  31.485  6.749 0.0000000000
126291  40.580  30.507  3.757 0.0000000000
126292  39.394  30.095  3.506 0.0000000000
126914  46.405  32.363  14.194 0.0000000000
126928  40.678  32.812  11.598 0.0000000000
126930  38.011  31.494  11.908 0.0000000000
126932  37.108  31.623  12.495 0.0000000000
126942  37.190  31.451  11.959 0.0000000000
126972  34.962  33.093  7.225 0.0000000000
126976  31.892  31.627  7.101 0.0000000000
126994  32.986  32.229  6.662 0.0000000000
127014  40.960  31.679  5.965 0.0000000000
127022  33.279  31.577  5.965 0.0000000000
127676  42.844  34.351  12.363 0.0000000000
127677  41.459  33.833  11.963 0.0000000000
127685  42.879  35.476  12.246 0.0000000000
127687  40.424  32.978  11.446 0.0000000000
127700  41.184  34.832  9.167 0.0000000000
127710  37.188  33.716  7.157 0.0000000000
127714  33.732  32.763  7.042 0.0000000000
127731  37.036  33.751  7.095 0.0000000000
127748  34.183  32.621  6.457 0.0000000000
128361  42.441  35.920  11.783 0.0000000000
128366  42.747  35.479  10.342 0.0000000000
128372  42.323  35.513  8.958 0.0000000000
128373  42.060  35.803  8.813 0.0000000000
128383  40.657  34.872  8.011 0.0000000000
128385  36.557  33.877  7.044 0.0000000000
128386  36.204  33.938  7.096 0.0000000000
142542  43.367  32.455  6.587 0.0000000000
144490  46.138  21.668  13.903 0.0000000000
144710  48.378  30.503  6.124 0.0000000000
147239  37.044  27.438  2.110 0.0000000000
147419  45.402  28.460  8.814 0.0000000000
147429  39.815  28.232  11.234 0.0000000000
147913  45.387  27.691  10.609 0.0000000000
148236  48.424  12.669  16.678 0.0000000000
148344  43.044  13.479  6.971 0.0000000000
148799  41.114  17.573  7.882 0.0000000000
149383  47.802  31.038  8.361 0.0000000000
150641  46.957  30.388  15.105 0.0000000000
150799  50.226  26.684  12.729 0.0000000000
150827  46.835  12.053  13.612 0.0000000000
151374  37.018  30.086  9.150 0.0000000000
151386  47.000  20.352  8.230 0.0000000000
151980  45.499  17.238  7.051 0.0000000000
154393  43.458  19.815  13.950 0.0000000000
154541  34.985  33.330  7.032 0.0000000000
154730  44.310  32.009  12.810 0.0000000000
156016  37.899  31.341  8.034 0.0000000000
157478  46.943  20.489  13.394 0.0000000000
159200  35.548  32.911  6.369 0.0000000000
159240  44.779  19.294  9.748 0.0000000000
159944  46.251  11.815  12.583 0.0000000000
164022  38.910  29.474  10.920 0.0000000000
164700  48.091  16.377  5.290 0.0000000000
166728  43.780  21.982  9.049 0.0000000000
166887  51.372  24.436  13.147 0.0000000000
166925  50.733  19.043  8.957 0.0000000000
167225  48.319  13.106  16.127 0.0000000000
168215  48.105  16.412  5.599 0.0000000000
168346  44.029  15.383  7.825 0.0000000000
169042  42.462  23.546  9.618 0.0000000000
169049  41.985  18.320  10.886 0.0000000000
170902  45.239  8.673  5.450 0.0000000000
171434  48.267  13.017  15.892 0.0000000000
171773  51.001  21.189  10.274 0.0000000000
171978  39.359  29.175  2.304 0.0000000000
