#!ascii label  , from subject sub-v2s3x28789_ses-1 vox2ras=TkReg
1150
73060  23.384  -22.397  66.403 0.0000000000
81954  31.506  -15.385  71.686 0.0000000000
87383  37.789  -11.787  42.224 0.0000000000
79470  28.841  -17.406  53.783 0.0000000000
78079  35.873  -18.512  60.646 0.0000000000
94771  48.733  -5.996  30.856 0.0000000000
83561  38.349  -14.964  46.500 0.0000000000
162223  32.528  -14.365  46.427 0.0000000000
70454  19.212  -24.540  66.329 0.0000000000
83300  25.206  -14.497  68.634 0.0000000000
147262  28.869  -16.526  65.390 0.0000000000
76778  21.123  -19.464  63.570 0.0000000000
91361  43.792  -8.418  37.000 0.0000000000
80516  22.127  -17.230  71.433 0.0000000000
70382  23.792  -25.008  70.551 0.0000000000
87419  42.938  -11.140  40.541 0.0000000000
70350  17.294  -24.422  71.964 0.0000000000
66427  12.052  -27.087  71.887 0.0000000000
85991  33.020  -12.748  52.125 0.0000000000
78127  32.820  -18.122  57.119 0.0000000000
73187  32.476  -22.956  57.851 0.0000000000
76798  31.438  -19.624  61.646 0.0000000000
86034  38.138  -12.997  48.575 0.0000000000
83537  35.803  -14.740  46.931 0.0000000000
86037  35.238  -12.940  48.492 0.0000000000
86031  41.028  -13.070  48.445 0.0000000000
145385  23.081  -24.824  65.138 0.0000000000
155015  21.087  -25.769  65.099 0.0000000000
69146  23.491  -25.040  66.347 0.0000000000
145484  21.756  -18.221  67.958 0.0000000000
80634  23.300  -16.474  65.730 0.0000000000
74338  21.340  -20.960  65.428 0.0000000000
71821  21.723  -23.272  63.971 0.0000000000
159879  38.265  -11.217  40.039 0.0000000000
144319  40.680  -12.915  43.246 0.0000000000
87391  40.588  -11.542  41.366 0.0000000000
164785  40.189  -10.235  39.614 0.0000000000
71704  22.582  -23.871  72.798 0.0000000000
71744  20.213  -23.025  70.757 0.0000000000
72950  19.111  -22.982  73.986 0.0000000000
70312  12.061  -24.578  76.893 0.0000000000
67703  13.880  -26.297  74.144 0.0000000000
67706  10.797  -26.414  74.543 0.0000000000
65006  8.329  -28.597  75.092 0.0000000000
66369  7.890  -27.969  77.865 0.0000000000
82100  33.149  -15.131  59.211 0.0000000000
144232  34.573  -18.195  58.846 0.0000000000
75629  34.094  -20.731  56.843 0.0000000000
155189  35.187  -21.070  58.837 0.0000000000
79362  27.040  -16.794  62.049 0.0000000000
79358  30.347  -17.504  62.733 0.0000000000
78081  28.561  -18.117  60.294 0.0000000000
75604  29.116  -19.908  58.777 0.0000000000
146844  30.280  -14.593  52.925 0.0000000000
83508  29.428  -14.602  49.744 0.0000000000
144781  28.039  -17.189  51.415 0.0000000000
160926  51.184  -4.044  27.872 0.0000000000
94779  49.464  -5.751  28.660 0.0000000000
84843  37.752  -13.134  44.341 0.0000000000
84811  35.693  -13.820  45.220 0.0000000000
84807  40.935  -14.484  45.265 0.0000000000
81973  28.561  -15.107  70.151 0.0000000000
80568  30.232  -15.832  68.335 0.0000000000
82030  27.141  -15.512  67.820 0.0000000000
80646  25.286  -16.220  64.776 0.0000000000
78071  23.204  -17.866  61.371 0.0000000000
90177  46.026  -8.906  37.878 0.0000000000
92529  46.489  -7.150  36.623 0.0000000000
93681  46.223  -6.516  33.413 0.0000000000
93698  46.676  -6.954  31.619 0.0000000000
76729  22.472  -19.444  69.345 0.0000000000
71777  24.849  -23.699  67.691 0.0000000000
75462  24.478  -20.895  70.748 0.0000000000
142766  22.255  -14.904  69.811 0.0000000000
90166  43.050  -9.532  38.682 0.0000000000
70421  21.572  -24.973  68.495 0.0000000000
71760  17.671  -23.619  69.026 0.0000000000
67771  16.030  -25.904  69.750 0.0000000000
159061  16.886  -26.700  73.780 0.0000000000
67734  14.670  -27.254  72.256 0.0000000000
63436  4.647  -29.812  80.171 0.0000000000
87315  35.262  -11.206  50.878 0.0000000000
144304  31.185  -15.035  55.307 0.0000000000
152912  32.404  -14.741  57.099 0.0000000000
155088  30.748  -17.219  55.656 0.0000000000
76877  31.477  -19.845  55.615 0.0000000000
151446  31.902  -22.090  56.441 0.0000000000
71894  30.047  -23.285  57.226 0.0000000000
80626  31.457  -16.635  65.804 0.0000000000
78045  32.678  -18.737  63.784 0.0000000000
75576  33.756  -20.874  61.610 0.0000000000
74386  31.565  -21.851  60.573 0.0000000000
73190  30.107  -22.288  58.595 0.0000000000
84753  32.233  -12.995  49.316 0.0000000000
82270  30.166  -14.857  46.933 0.0000000000
87329  38.141  -11.597  49.609 0.0000000000
86035  37.313  -12.874  48.578 0.0000000000
87330  36.727  -11.550  49.707 0.0000000000
86012  39.372  -12.298  49.228 0.0000000000
71790  23.332  -23.166  65.858 0.0000000000
168541  23.581  -24.712  65.677 0.0000000000
71789  24.271  -23.479  66.170 0.0000000000
75519  21.888  -20.478  67.103 0.0000000000
76744  21.548  -18.719  67.152 0.0000000000
74337  21.884  -21.515  65.945 0.0000000000
73080  21.737  -22.078  65.219 0.0000000000
87393  38.024  -11.530  41.277 0.0000000000
86107  39.309  -12.387  42.722 0.0000000000
86106  40.162  -12.487  42.624 0.0000000000
152445  39.001  -11.580  41.627 0.0000000000
149786  38.894  -11.268  40.890 0.0000000000
69032  11.149  -24.850  77.153 0.0000000000
69064  11.785  -25.437  75.405 0.0000000000
148815  10.188  -26.064  76.272 0.0000000000
66395  9.410  -27.325  75.286 0.0000000000
66380  9.191  -27.123  76.145 0.0000000000
64983  8.048  -28.110  76.924 0.0000000000
79385  34.730  -17.126  60.194 0.0000000000
78093  35.157  -18.558  59.236 0.0000000000
76826  35.411  -19.875  58.362 0.0000000000
76817  35.720  -20.069  59.222 0.0000000000
81969  32.273  -15.707  70.342 0.0000000000
79376  25.789  -17.254  61.273 0.0000000000
79373  28.401  -17.289  61.567 0.0000000000
78083  26.837  -17.908  59.938 0.0000000000
76820  27.886  -18.679  58.894 0.0000000000
82195  29.527  -15.967  53.986 0.0000000000
80806  28.852  -15.759  52.200 0.0000000000
161524  48.878  -5.599  32.199 0.0000000000
94765  49.928  -5.149  31.299 0.0000000000
94769  50.020  -5.154  30.312 0.0000000000
94773  50.133  -5.058  29.278 0.0000000000
94774  49.444  -5.630  29.673 0.0000000000
83588  38.694  -14.795  45.602 0.0000000000
84827  36.997  -13.498  44.922 0.0000000000
83590  36.837  -14.498  46.163 0.0000000000
83539  34.120  -14.339  46.884 0.0000000000
149448  33.809  -14.642  45.647 0.0000000000
82303  33.112  -14.995  45.349 0.0000000000
169043  39.950  -14.102  47.771 0.0000000000
83560  39.305  -15.167  46.235 0.0000000000
83609  39.366  -14.549  45.000 0.0000000000
69166  20.134  -25.302  65.216 0.0000000000
171449  17.556  -24.992  66.569 0.0000000000
83284  27.142  -14.769  69.634 0.0000000000
163122  27.802  -15.174  69.078 0.0000000000
151136  26.100  -15.082  68.055 0.0000000000
79325  22.589  -17.366  64.958 0.0000000000
144265  23.749  -16.470  64.985 0.0000000000
79349  23.280  -17.192  63.568 0.0000000000
79348  23.785  -17.106  62.995 0.0000000000
78060  22.246  -18.373  62.757 0.0000000000
75566  20.907  -20.255  62.431 0.0000000000
74479  30.354  -21.431  54.622 0.0000000000
90178  45.274  -8.834  37.683 0.0000000000
91368  46.075  -7.726  37.015 0.0000000000
91369  45.219  -7.823  36.794 0.0000000000
92560  44.977  -7.218  33.837 0.0000000000
147052  45.117  -7.438  33.065 0.0000000000
93691  46.431  -6.681  32.444 0.0000000000
79259  22.263  -17.981  70.746 0.0000000000
76728  23.122  -19.927  69.989 0.0000000000
76702  23.282  -19.370  71.319 0.0000000000
81975  22.090  -15.039  70.841 0.0000000000
151001  21.938  -17.503  69.850 0.0000000000
88818  44.744  -10.485  39.549 0.0000000000
88820  43.090  -10.698  40.022 0.0000000000
88835  40.511  -9.945  38.659 0.0000000000
70418  24.584  -24.656  68.881 0.0000000000
70419  23.852  -25.288  68.449 0.0000000000
70402  22.769  -25.428  69.322 0.0000000000
72996  18.699  -22.644  71.322 0.0000000000
71758  19.219  -23.399  69.649 0.0000000000
70386  16.916  -24.107  70.162 0.0000000000
70407  16.632  -24.368  69.258 0.0000000000
160724  16.385  -25.609  70.470 0.0000000000
67686  16.257  -27.077  75.123 0.0000000000
67719  12.587  -26.454  73.509 0.0000000000
142802  14.176  -27.090  72.829 0.0000000000
66426  13.011  -27.169  71.961 0.0000000000
66440  14.539  -27.231  71.365 0.0000000000
84718  32.358  -13.518  54.707 0.0000000000
166501  33.019  -16.625  58.502 0.0000000000
82117  32.751  -15.344  58.394 0.0000000000
80723  32.257  -16.326  57.556 0.0000000000
82154  31.390  -16.125  56.318 0.0000000000
79436  31.691  -17.889  56.399 0.0000000000
78158  31.235  -18.582  55.724 0.0000000000
171181  32.064  -18.818  56.247 0.0000000000
74432  33.312  -22.235  57.194 0.0000000000
74453  32.797  -21.735  56.437 0.0000000000
73205  32.538  -22.426  57.023 0.0000000000
73227  31.031  -22.655  56.596 0.0000000000
73207  30.809  -22.784  57.937 0.0000000000
169288  29.537  -16.481  66.631 0.0000000000
148148  30.681  -16.421  66.874 0.0000000000
80627  30.631  -16.600  65.621 0.0000000000
78058  30.795  -18.122  62.291 0.0000000000
78046  31.927  -18.321  63.406 0.0000000000
76790  31.850  -19.330  62.305 0.0000000000
166888  33.297  -20.162  62.474 0.0000000000
75577  32.370  -20.831  61.541 0.0000000000
75591  32.394  -21.755  60.955 0.0000000000
75592  31.616  -20.962  60.981 0.0000000000
75631  28.439  -20.643  57.396 0.0000000000
74414  29.786  -21.681  58.747 0.0000000000
85989  34.107  -12.010  51.220 0.0000000000
85999  34.178  -12.092  50.381 0.0000000000
84748  32.059  -13.078  50.220 0.0000000000
167654  28.614  -15.784  48.826 0.0000000000
83543  29.672  -14.632  47.858 0.0000000000
153349  51.514  -3.911  26.843 0.0000000000
84762  38.550  -13.899  48.142 0.0000000000
83562  37.329  -14.779  46.712 0.0000000000
83519  37.103  -14.262  47.659 0.0000000000
84764  35.408  -13.739  47.875 0.0000000000
84781  33.787  -13.711  47.564 0.0000000000
86010  41.001  -12.352  49.097 0.0000000000
86033  39.670  -12.868  48.854 0.0000000000
157643  22.688  -25.548  64.897 0.0000000000
69165  22.180  -25.557  65.508 0.0000000000
70452  21.344  -25.012  66.884 0.0000000000
82017  22.835  -15.410  67.639 0.0000000000
82033  24.406  -15.254  66.996 0.0000000000
80595  22.359  -16.933  66.990 0.0000000000
78014  21.500  -18.692  66.187 0.0000000000
76768  21.061  -19.551  64.514 0.0000000000
74359  20.876  -21.690  63.644 0.0000000000
74348  21.079  -21.454  64.553 0.0000000000
144568  22.647  -23.984  64.789 0.0000000000
91371  42.461  -8.839  36.275 0.0000000000
80508  22.585  -17.141  73.054 0.0000000000
164636  41.814  -12.521  42.760 0.0000000000
156298  41.862  -12.258  42.142 0.0000000000
87390  41.413  -11.513  41.161 0.0000000000
88805  41.566  -10.431  40.114 0.0000000000
87408  40.754  -11.024  40.771 0.0000000000
87420  39.177  -10.729  40.127 0.0000000000
70365  23.965  -24.627  71.483 0.0000000000
157937  22.017  -25.034  70.687 0.0000000000
71727  21.344  -23.619  71.772 0.0000000000
72994  20.208  -22.326  72.013 0.0000000000
71706  18.246  -23.135  72.738 0.0000000000
69061  14.608  -25.934  75.363 0.0000000000
69063  12.810  -25.254  75.336 0.0000000000
143090  12.138  -26.198  74.028 0.0000000000
67721  10.896  -26.706  73.668 0.0000000000
66418  9.857  -27.623  73.770 0.0000000000
80706  33.477  -16.756  58.987 0.0000000000
144526  33.255  -17.757  57.728 0.0000000000
78144  33.110  -18.995  56.756 0.0000000000
76844  34.756  -19.517  57.636 0.0000000000
146731  34.466  -21.179  57.388 0.0000000000
74411  33.041  -22.881  58.444 0.0000000000
151922  28.122  -16.492  64.255 0.0000000000
80643  29.536  -16.631  64.664 0.0000000000
79346  29.043  -16.795  63.063 0.0000000000
79372  29.223  -17.493  61.760 0.0000000000
76800  30.104  -18.678  60.835 0.0000000000
76808  30.363  -19.414  60.566 0.0000000000
76810  29.001  -18.748  59.817 0.0000000000
76827  28.484  -19.720  58.067 0.0000000000
84741  31.366  -13.617  52.302 0.0000000000
84750  30.708  -13.782  50.877 0.0000000000
83486  29.590  -14.727  51.321 0.0000000000
82227  28.615  -15.728  50.732 0.0000000000
95853  51.120  -3.883  28.929 0.0000000000
94778  50.071  -5.265  28.167 0.0000000000
86095  38.153  -12.604  43.519 0.0000000000
159142  36.412  -12.264  42.743 0.0000000000
86097  36.101  -12.491  43.354 0.0000000000
165189  35.260  -14.235  45.694 0.0000000000
83612  34.177  -14.422  44.410 0.0000000000
86030  42.195  -12.384  48.307 0.0000000000
86062  42.447  -12.768  46.647 0.0000000000
86074  41.935  -13.052  45.179 0.0000000000
84824  40.674  -14.178  44.375 0.0000000000
84841  39.530  -13.284  43.735 0.0000000000
81971  30.048  -15.338  70.710 0.0000000000
81991  30.402  -15.558  69.898 0.0000000000
81992  28.999  -15.419  69.754 0.0000000000
80570  28.593  -15.760  68.162 0.0000000000
80614  27.795  -16.141  66.313 0.0000000000
82043  24.987  -15.436  66.680 0.0000000000
80615  26.175  -15.731  66.300 0.0000000000
144620  26.653  -16.270  64.815 0.0000000000
153093  25.871  -16.481  63.373 0.0000000000
142734  25.221  -16.998  62.040 0.0000000000
78084  23.777  -17.910  60.001 0.0000000000
144036  47.728  -6.271  35.884 0.0000000000
92538  44.459  -7.458  35.141 0.0000000000
93665  46.140  -6.589  35.221 0.0000000000
93663  47.872  -5.963  35.093 0.0000000000
93679  47.563  -6.008  33.595 0.0000000000
93690  47.208  -6.392  32.183 0.0000000000
93696  48.113  -6.326  31.116 0.0000000000
93702  48.169  -6.477  30.320 0.0000000000
74313  22.690  -20.956  67.532 0.0000000000
73041  24.223  -22.686  66.808 0.0000000000
74295  23.560  -20.955  68.743 0.0000000000
165008  24.529  -22.034  68.859 0.0000000000
71755  25.326  -23.198  69.952 0.0000000000
76683  23.782  -19.615  72.073 0.0000000000
71723  25.356  -23.469  71.520 0.0000000000
71702  24.840  -23.929  72.674 0.0000000000
81942  30.665  -15.046  72.195 0.0000000000
83255  29.175  -14.543  71.766 0.0000000000
83257  27.802  -14.232  71.192 0.0000000000
83269  25.937  -14.120  70.076 0.0000000000
84494  24.251  -13.358  70.521 0.0000000000
83288  23.439  -14.321  69.172 0.0000000000
169648  21.916  -16.208  68.755 0.0000000000
77995  21.994  -18.847  68.713 0.0000000000
90154  45.857  -9.963  38.971 0.0000000000
90165  44.526  -9.567  38.426 0.0000000000
161429  43.529  -8.854  37.616 0.0000000000
88833  42.232  -9.697  39.103 0.0000000000
90167  42.196  -9.300  38.191 0.0000000000
90187  42.000  -9.164  36.679 0.0000000000
71778  24.688  -23.613  66.879 0.0000000000
144412  22.245  -25.288  67.900 0.0000000000
70441  20.452  -24.684  67.485 0.0000000000
160433  21.211  -24.442  69.758 0.0000000000
71767  19.002  -23.717  68.826 0.0000000000
70424  18.630  -24.034  67.896 0.0000000000
70444  17.081  -24.345  67.719 0.0000000000
150395  15.908  -25.923  68.691 0.0000000000
150010  17.617  -24.695  73.961 0.0000000000
70351  17.052  -25.302  72.554 0.0000000000
67732  16.160  -27.187  73.398 0.0000000000
69100  16.612  -26.036  72.023 0.0000000000
66439  15.444  -26.869  71.018 0.0000000000
63434  5.977  -28.956  79.014 0.0000000000
158791  36.493  -11.065  50.438 0.0000000000
85982  32.980  -12.723  52.949 0.0000000000
84733  31.746  -13.661  53.651 0.0000000000
83456  30.576  -14.698  53.768 0.0000000000
80770  29.986  -16.271  54.717 0.0000000000
82164  31.548  -15.246  56.008 0.0000000000
80758  30.923  -16.412  55.756 0.0000000000
79458  30.043  -17.295  55.031 0.0000000000
76889  30.079  -19.222  55.004 0.0000000000
75660  30.764  -19.609  55.310 0.0000000000
74478  30.911  -21.318  55.197 0.0000000000
76863  32.233  -19.958  56.012 0.0000000000
75659  31.745  -20.751  55.677 0.0000000000
73254  30.939  -22.046  55.285 0.0000000000
71910  30.591  -23.074  55.846 0.0000000000
71911  30.248  -23.514  56.474 0.0000000000
76796  36.112  -18.899  62.263 0.0000000000
80547  31.621  -15.729  68.915 0.0000000000
80609  32.387  -16.525  66.980 0.0000000000
79313  33.155  -16.895  66.281 0.0000000000
79333  30.993  -16.958  64.242 0.0000000000
79331  32.626  -17.630  64.858 0.0000000000
78024  33.912  -18.106  65.302 0.0000000000
76775  33.828  -19.215  63.825 0.0000000000
76787  34.720  -19.826  62.842 0.0000000000
75574  35.651  -20.257  60.994 0.0000000000
75601  34.574  -21.766  59.931 0.0000000000
74384  33.593  -22.361  59.710 0.0000000000
156015  32.210  -22.994  59.306 0.0000000000
75602  30.181  -20.654  60.020 0.0000000000
74413  30.330  -22.106  59.256 0.0000000000
73189  30.713  -22.562  58.672 0.0000000000
73208  29.965  -22.809  57.791 0.0000000000
87331  35.824  -11.551  50.004 0.0000000000
86038  34.449  -12.708  48.812 0.0000000000
84782  32.792  -13.505  47.684 0.0000000000
84755  30.541  -13.744  49.391 0.0000000000
83542  30.552  -14.144  47.566 0.0000000000
143399  31.065  -14.314  46.827 0.0000000000
93713  48.463  -7.112  28.668 0.0000000000
87313  38.571  -11.044  50.363 0.0000000000
166580  37.424  -11.684  49.507 0.0000000000
87314  37.485  -11.090  50.223 0.0000000000
87328  39.006  -11.615  49.728 0.0000000000
74328  22.507  -21.420  66.636 0.0000000000
73061  22.616  -22.197  65.896 0.0000000000
168973  37.260  -11.632  40.913 0.0000000000
87394  36.992  -11.742  41.535 0.0000000000
86108  38.451  -12.251  42.819 0.0000000000
86122  38.700  -11.832  42.165 0.0000000000
67665  9.856  -25.858  77.046 0.0000000000
69049  10.605  -25.499  76.695 0.0000000000
67677  9.515  -26.440  76.621 0.0000000000
66367  8.895  -26.895  76.998 0.0000000000
79384  35.450  -17.570  60.726 0.0000000000
78092  35.284  -18.075  59.978 0.0000000000
76816  35.868  -19.249  59.785 0.0000000000
146952  32.261  -15.613  71.258 0.0000000000
79389  25.443  -17.576  60.475 0.0000000000
79388  26.315  -17.547  60.585 0.0000000000
79396  25.953  -17.848  59.806 0.0000000000
78096  26.467  -18.246  59.042 0.0000000000
80786  28.962  -16.542  53.588 0.0000000000
94766  49.206  -5.613  31.416 0.0000000000
161576  49.513  -5.284  31.967 0.0000000000
94770  49.388  -5.618  30.613 0.0000000000
93701  48.791  -6.068  30.017 0.0000000000
83589  37.718  -14.702  45.999 0.0000000000
83566  33.385  -14.515  46.168 0.0000000000
82287  32.420  -14.806  45.764 0.0000000000
149106  38.855  -14.973  47.017 0.0000000000
83533  39.900  -14.668  46.915 0.0000000000
70462  19.324  -24.858  65.553 0.0000000000
69167  19.266  -25.500  64.873 0.0000000000
70463  18.749  -25.152  65.331 0.0000000000
70455  18.124  -25.263  65.893 0.0000000000
151884  18.658  -24.691  66.033 0.0000000000
81996  26.115  -14.813  68.719 0.0000000000
81995  26.805  -14.939  69.068 0.0000000000
82015  25.362  -14.804  68.046 0.0000000000
78037  21.484  -18.810  64.053 0.0000000000
79336  22.650  -17.614  64.061 0.0000000000
78048  22.158  -18.274  63.647 0.0000000000
79350  22.725  -17.770  63.161 0.0000000000
78049  21.610  -18.834  63.179 0.0000000000
76792  21.233  -19.509  62.755 0.0000000000
150580  20.824  -20.025  63.142 0.0000000000
91360  44.784  -8.362  37.205 0.0000000000
152609  44.374  -7.977  36.531 0.0000000000
92570  45.405  -7.778  32.337 0.0000000000
172094  22.879  -19.110  70.948 0.0000000000
79251  22.642  -18.075  71.732 0.0000000000
155673  22.036  -16.168  71.104 0.0000000000
80531  21.922  -16.904  70.442 0.0000000000
142996  43.196  -11.476  40.982 0.0000000000
87405  43.703  -11.116  40.517 0.0000000000
88819  43.880  -10.593  39.778 0.0000000000
70400  24.617  -24.618  69.845 0.0000000000
70401  23.758  -25.233  69.523 0.0000000000
71730  17.550  -23.646  71.479 0.0000000000
149294  17.976  -23.181  70.938 0.0000000000
70368  17.067  -24.260  71.115 0.0000000000
70387  16.672  -24.931  70.751 0.0000000000
69060  16.021  -26.919  75.975 0.0000000000
67736  12.566  -26.786  72.757 0.0000000000
66442  12.482  -27.393  71.072 0.0000000000
80722  32.804  -16.904  57.987 0.0000000000
79417  32.448  -17.238  57.412 0.0000000000
79435  32.039  -17.581  56.830 0.0000000000
78146  31.712  -18.461  56.149 0.0000000000
78145  32.278  -18.430  56.546 0.0000000000
73206  31.712  -22.790  57.413 0.0000000000
73188  31.576  -22.987  58.431 0.0000000000
167474  29.293  -16.518  66.176 0.0000000000
80611  30.066  -16.531  66.327 0.0000000000
80628  29.781  -16.593  65.511 0.0000000000
76791  31.191  -18.806  61.900 0.0000000000
78057  31.536  -18.582  62.659 0.0000000000
75562  32.108  -20.044  61.936 0.0000000000
75578  31.674  -20.327  61.452 0.0000000000
75579  31.010  -20.041  60.970 0.0000000000
85990  33.590  -12.402  51.694 0.0000000000
86000  33.410  -12.386  50.755 0.0000000000
161358  33.025  -12.649  51.421 0.0000000000
83518  37.870  -14.401  47.638 0.0000000000
84763  37.640  -13.738  48.144 0.0000000000
86036  36.524  -12.695  48.640 0.0000000000
155713  36.014  -13.244  48.276 0.0000000000
84780  34.755  -14.160  47.420 0.0000000000
84765  34.511  -13.363  48.100 0.0000000000
87325  41.466  -11.654  49.747 0.0000000000
160400  38.979  -12.984  48.652 0.0000000000
69164  22.997  -25.163  65.772 0.0000000000
69157  22.353  -25.215  66.348 0.0000000000
69158  21.299  -25.319  65.951 0.0000000000
80572  22.075  -16.812  67.746 0.0000000000
82035  22.548  -16.191  67.254 0.0000000000
79298  22.023  -17.497  67.476 0.0000000000
75530  21.365  -20.039  65.907 0.0000000000
76756  21.232  -19.215  65.505 0.0000000000
159429  21.058  -20.034  65.201 0.0000000000
75543  20.915  -20.523  64.596 0.0000000000
71805  22.627  -23.055  65.388 0.0000000000
73098  21.996  -22.911  64.747 0.0000000000
84839  41.096  -13.511  43.840 0.0000000000
86092  41.442  -12.820  43.308 0.0000000000
86120  40.412  -12.098  41.957 0.0000000000
86105  41.097  -12.506  42.509 0.0000000000
86119  41.228  -12.030  41.767 0.0000000000
163118  41.911  -11.869  41.550 0.0000000000
71725  23.234  -24.441  72.186 0.0000000000
71726  22.155  -24.206  71.986 0.0000000000
71705  21.687  -23.545  72.531 0.0000000000
72981  20.331  -22.625  72.885 0.0000000000
72965  18.944  -22.722  73.079 0.0000000000
72983  18.788  -22.528  72.195 0.0000000000
168399  12.856  -24.557  76.707 0.0000000000
144381  13.272  -24.986  76.108 0.0000000000
67689  11.091  -25.941  75.173 0.0000000000
67705  11.603  -25.987  74.621 0.0000000000
152937  11.420  -26.363  74.034 0.0000000000
66417  10.394  -27.345  73.331 0.0000000000
66406  10.256  -27.061  74.104 0.0000000000
65005  8.799  -27.836  75.640 0.0000000000
65018  9.001  -27.999  74.747 0.0000000000
64984  7.452  -28.518  77.337 0.0000000000
64976  7.266  -28.272  78.217 0.0000000000
79395  34.624  -17.730  59.445 0.0000000000
80695  34.084  -16.949  59.539 0.0000000000
79404  34.062  -17.535  58.885 0.0000000000
79416  33.460  -17.324  58.375 0.0000000000
78108  34.082  -18.291  58.211 0.0000000000
78126  33.687  -18.708  57.392 0.0000000000
75612  35.069  -20.644  57.774 0.0000000000
75613  34.540  -21.615  58.229 0.0000000000
74410  33.963  -22.085  57.745 0.0000000000
74397  33.765  -22.384  58.771 0.0000000000
80669  27.376  -16.601  62.854 0.0000000000
80656  28.538  -16.606  63.693 0.0000000000
79347  28.238  -16.647  62.919 0.0000000000
79386  28.075  -17.612  60.834 0.0000000000
78070  28.913  -17.749  61.000 0.0000000000
78069  29.699  -18.026  61.250 0.0000000000
78080  29.364  -18.360  60.533 0.0000000000
76809  29.781  -18.985  60.120 0.0000000000
168506  30.678  -14.134  52.435 0.0000000000
84745  30.678  -13.950  51.714 0.0000000000
83470  30.037  -14.561  51.991 0.0000000000
145428  28.454  -16.531  52.049 0.0000000000
80822  28.835  -15.548  51.440 0.0000000000
80841  28.172  -16.602  50.513 0.0000000000
94788  49.614  -6.047  27.710 0.0000000000
86096  37.135  -12.416  43.414 0.0000000000
84828  36.137  -13.340  44.677 0.0000000000
84829  35.336  -13.453  44.357 0.0000000000
84830  34.622  -13.791  43.929 0.0000000000
83536  36.546  -14.698  47.161 0.0000000000
83563  36.322  -14.676  46.666 0.0000000000
83564  35.346  -14.500  46.439 0.0000000000
83593  33.652  -14.824  44.882 0.0000000000
83592  34.455  -14.418  45.507 0.0000000000
161337  41.547  -12.563  48.551 0.0000000000
86052  41.692  -13.063  47.952 0.0000000000
167178  41.012  -14.312  46.386 0.0000000000
86063  41.961  -13.156  47.205 0.0000000000
84796  41.759  -13.483  46.542 0.0000000000
84795  42.036  -13.101  45.961 0.0000000000
84806  41.554  -13.772  45.656 0.0000000000
84823  41.370  -13.807  44.657 0.0000000000
84826  38.685  -13.940  44.754 0.0000000000
84825  39.654  -13.969  44.327 0.0000000000
84842  38.795  -13.253  44.009 0.0000000000
81972  29.237  -15.210  70.487 0.0000000000
163624  29.640  -15.453  70.046 0.0000000000
82012  28.117  -15.440  68.682 0.0000000000
80571  27.866  -15.651  67.976 0.0000000000
80590  28.409  -15.960  67.441 0.0000000000
80591  27.591  -15.825  67.135 0.0000000000
82034  23.381  -15.703  66.903 0.0000000000
143225  23.659  -16.037  66.236 0.0000000000
144164  24.658  -16.143  65.229 0.0000000000
149147  24.823  -15.865  65.769 0.0000000000
80632  25.538  -15.921  65.576 0.0000000000
80631  26.445  -16.025  65.627 0.0000000000
144619  25.968  -16.163  65.053 0.0000000000
80659  25.163  -16.405  63.877 0.0000000000
79365  23.665  -17.440  62.069 0.0000000000
79364  24.415  -17.001  62.547 0.0000000000
162449  24.414  -17.282  61.740 0.0000000000
79377  24.894  -17.393  61.135 0.0000000000
79378  23.943  -17.648  61.015 0.0000000000
73115  21.131  -22.641  63.241 0.0000000000
91351  46.884  -8.850  38.121 0.0000000000
92524  46.932  -7.689  37.201 0.0000000000
92528  47.308  -7.039  36.842 0.0000000000
149385  47.687  -6.588  36.491 0.0000000000
93660  46.902  -6.597  36.086 0.0000000000
92539  43.652  -8.012  34.810 0.0000000000
91377  44.002  -7.843  35.715 0.0000000000
93671  45.656  -6.685  34.278 0.0000000000
168396  45.516  -6.781  34.919 0.0000000000
93670  46.572  -6.367  34.371 0.0000000000
93664  47.110  -6.305  35.188 0.0000000000
93669  47.369  -6.111  34.377 0.0000000000
152268  46.954  -6.244  33.750 0.0000000000
93689  48.063  -6.081  31.979 0.0000000000
93697  47.413  -6.612  31.374 0.0000000000
75508  22.762  -20.597  68.397 0.0000000000
74312  23.455  -21.330  67.958 0.0000000000
75496  22.930  -20.284  69.172 0.0000000000
75463  23.866  -20.470  70.356 0.0000000000
74273  24.161  -21.314  69.136 0.0000000000
75485  24.310  -21.092  69.929 0.0000000000
74272  24.718  -21.805  69.551 0.0000000000
74252  24.919  -21.517  70.336 0.0000000000
148367  23.017  -18.065  72.717 0.0000000000
75421  24.896  -20.492  72.355 0.0000000000
74243  25.410  -21.983  71.690 0.0000000000
72978  25.557  -22.776  72.209 0.0000000000
71701  25.258  -23.555  72.237 0.0000000000
81943  29.821  -14.786  72.050 0.0000000000
83268  26.752  -14.384  70.236 0.0000000000
83272  22.518  -14.412  70.513 0.0000000000
83271  23.275  -13.959  70.276 0.0000000000
161234  24.077  -13.777  69.720 0.0000000000
149440  22.706  -14.462  69.735 0.0000000000
83289  22.538  -14.748  68.998 0.0000000000
81997  22.068  -15.540  69.015 0.0000000000
77984  22.123  -18.633  69.328 0.0000000000
79267  21.822  -17.786  69.160 0.0000000000
75497  22.273  -19.738  68.669 0.0000000000
86111  35.600  -12.600  42.440 0.0000000000
88831  44.024  -10.063  38.919 0.0000000000
88830  45.004  -10.028  38.895 0.0000000000
155726  43.744  -9.348  38.213 0.0000000000
88821  41.879  -10.153  39.681 0.0000000000
88822  41.085  -9.991  39.679 0.0000000000
90169  40.724  -9.768  37.719 0.0000000000
90168  41.360  -9.526  38.360 0.0000000000
90182  41.411  -9.456  37.305 0.0000000000
90181  42.241  -9.118  37.434 0.0000000000
73040  24.593  -22.910  67.371 0.0000000000
70438  24.447  -24.631  67.482 0.0000000000
70420  22.605  -25.400  68.469 0.0000000000
70440  21.424  -24.981  67.762 0.0000000000
70422  20.753  -24.634  68.375 0.0000000000
71743  21.004  -23.602  70.980 0.0000000000
70384  21.405  -24.366  70.480 0.0000000000
70385  20.757  -23.791  70.232 0.0000000000
71759  18.376  -23.377  69.386 0.0000000000
70405  19.825  -23.888  69.195 0.0000000000
71769  17.711  -23.878  68.187 0.0000000000
70425  17.061  -24.016  68.659 0.0000000000
69128  16.152  -25.056  69.042 0.0000000000
67772  15.515  -26.657  69.069 0.0000000000
69076  16.910  -26.772  74.686 0.0000000000
69075  17.350  -25.800  74.127 0.0000000000
70342  17.373  -25.003  73.343 0.0000000000
69089  17.133  -25.891  73.329 0.0000000000
69077  14.274  -25.868  74.731 0.0000000000
67702  14.759  -26.855  74.319 0.0000000000
67733  15.211  -27.343  72.955 0.0000000000
160377  16.082  -26.863  72.458 0.0000000000
156674  15.365  -27.053  71.951 0.0000000000
67748  16.074  -26.538  71.555 0.0000000000
64977  6.619  -28.623  78.589 0.0000000000
153859  6.463  -28.460  79.451 0.0000000000
63435  5.372  -29.384  79.543 0.0000000000
87290  34.741  -11.614  52.413 0.0000000000
170926  32.746  -12.957  53.625 0.0000000000
84732  32.316  -13.227  53.274 0.0000000000
148383  32.302  -13.361  53.987 0.0000000000
83443  31.445  -14.383  54.806 0.0000000000
147406  31.266  -14.248  54.062 0.0000000000
82179  30.843  -14.876  54.595 0.0000000000
82180  30.211  -15.423  54.306 0.0000000000
82166  30.599  -15.718  55.150 0.0000000000
82136  32.433  -15.497  57.660 0.0000000000
80743  31.356  -17.116  56.322 0.0000000000
80759  30.423  -16.564  55.282 0.0000000000
78172  30.009  -18.339  55.034 0.0000000000
79445  30.617  -18.022  55.509 0.0000000000
165614  31.227  -19.198  55.571 0.0000000000
75670  30.919  -20.415  55.287 0.0000000000
75644  33.173  -20.032  56.457 0.0000000000
74466  32.205  -21.390  56.001 0.0000000000
74467  31.540  -21.654  55.722 0.0000000000
73243  31.139  -22.366  55.819 0.0000000000
73228  30.760  -22.860  57.211 0.0000000000
70562  29.597  -24.194  56.621 0.0000000000
80548  30.782  -15.676  69.046 0.0000000000
80567  31.249  -15.938  68.152 0.0000000000
80610  31.509  -16.516  66.574 0.0000000000
80587  31.379  -16.323  67.328 0.0000000000
79314  32.300  -16.721  66.062 0.0000000000
79334  30.141  -16.769  64.016 0.0000000000
80642  30.392  -16.670  64.827 0.0000000000
79344  30.669  -17.249  63.483 0.0000000000
78035  32.337  -17.913  64.096 0.0000000000
78034  33.000  -18.329  64.478 0.0000000000
78025  33.319  -17.920  65.099 0.0000000000
78033  33.597  -18.431  64.707 0.0000000000
76766  33.857  -18.765  64.361 0.0000000000
76767  33.330  -18.849  64.092 0.0000000000
170247  33.565  -20.547  62.047 0.0000000000
76788  33.908  -19.806  63.109 0.0000000000
75560  34.128  -20.405  62.256 0.0000000000
75559  35.070  -20.007  61.875 0.0000000000
75575  34.691  -20.816  61.399 0.0000000000
75589  35.164  -21.007  60.512 0.0000000000
151782  34.154  -21.492  60.939 0.0000000000
74385  32.548  -22.398  60.281 0.0000000000
74398  32.810  -22.787  59.478 0.0000000000
74399  31.783  -22.614  59.974 0.0000000000
75594  30.008  -19.732  59.953 0.0000000000
75593  30.467  -20.098  60.412 0.0000000000
75603  29.678  -20.255  59.385 0.0000000000
74401  29.923  -21.245  59.452 0.0000000000
74412  31.307  -22.769  59.348 0.0000000000
87300  36.001  -10.706  51.117 0.0000000000
87332  34.921  -11.815  50.130 0.0000000000
86040  33.056  -12.696  49.149 0.0000000000
86039  33.802  -12.606  49.116 0.0000000000
84766  33.544  -13.048  48.394 0.0000000000
84767  32.527  -13.136  48.459 0.0000000000
83497  30.148  -14.142  50.194 0.0000000000
154140  30.810  -13.655  50.099 0.0000000000
83507  29.934  -14.165  49.320 0.0000000000
145152  52.195  -3.311  26.657 0.0000000000
95870  52.042  -4.071  25.969 0.0000000000
96904  52.853  -3.477  26.012 0.0000000000
93706  48.273  -6.721  29.508 0.0000000000
155739  47.998  -7.539  29.266 0.0000000000
86013  38.568  -12.291  49.109 0.0000000000
160443  37.766  -12.268  49.053 0.0000000000
86014  36.987  -12.170  49.099 0.0000000000
86015  36.192  -12.087  49.212 0.0000000000
166456  23.405  -24.102  65.458 0.0000000000
70461  24.079  -24.300  65.764 0.0000000000
75510  21.556  -19.551  67.236 0.0000000000
75520  21.553  -19.997  66.602 0.0000000000
74329  21.725  -20.758  66.290 0.0000000000
87409  37.491  -11.574  40.294 0.0000000000
86093  39.842  -12.855  43.267 0.0000000000
86121  39.565  -11.997  42.096 0.0000000000
87392  39.742  -11.558  41.521 0.0000000000
169947  38.155  -11.372  40.602 0.0000000000
71685  22.907  -23.454  73.700 0.0000000000
71686  21.982  -23.268  73.226 0.0000000000
72962  21.454  -22.718  73.760 0.0000000000
69065  10.891  -25.677  75.870 0.0000000000
67690  10.464  -26.262  75.436 0.0000000000
66394  10.014  -26.817  74.905 0.0000000000
67691  9.786  -26.643  75.781 0.0000000000
66381  8.607  -27.627  76.516 0.0000000000
66368  8.407  -27.475  77.397 0.0000000000
78107  35.017  -18.971  58.471 0.0000000000
165313  35.528  -19.374  58.976 0.0000000000
79361  27.899  -16.805  62.140 0.0000000000
79375  26.676  -17.204  61.343 0.0000000000
79387  27.202  -17.572  60.717 0.0000000000
78082  27.727  -17.959  60.110 0.0000000000
78094  28.212  -18.469  59.568 0.0000000000
78095  27.386  -18.318  59.357 0.0000000000
82194  29.871  -15.225  53.475 0.0000000000
82203  29.585  -15.147  52.589 0.0000000000
145867  29.179  -15.787  53.145 0.0000000000
80807  28.656  -16.426  52.796 0.0000000000
94762  49.529  -5.184  32.755 0.0000000000
95843  50.731  -4.333  29.462 0.0000000000
158133  50.471  -4.649  30.048 0.0000000000
93705  48.865  -6.258  29.105 0.0000000000
83610  37.833  -14.036  45.219 0.0000000000
84810  36.465  -13.875  45.457 0.0000000000
83538  35.052  -14.611  46.901 0.0000000000
83565  34.397  -14.517  46.292 0.0000000000
84760  40.427  -13.569  48.148 0.0000000000
84759  41.058  -13.508  47.902 0.0000000000
84777  40.626  -13.983  47.406 0.0000000000
83586  40.239  -14.958  45.843 0.0000000000
84808  40.161  -14.694  45.012 0.0000000000
83587  39.594  -14.952  45.520 0.0000000000
69159  17.425  -25.776  66.340 0.0000000000
69148  16.933  -25.069  67.035 0.0000000000
81974  27.835  -14.954  69.736 0.0000000000
81994  27.316  -15.070  69.072 0.0000000000
82014  26.789  -15.193  68.434 0.0000000000
82031  26.391  -15.344  67.630 0.0000000000
165082  22.682  -17.050  65.790 0.0000000000
168691  23.004  -16.752  65.182 0.0000000000
79335  23.114  -16.943  64.444 0.0000000000
80648  23.780  -16.747  64.062 0.0000000000
80660  24.355  -16.724  63.485 0.0000000000
162893  23.788  -16.916  63.519 0.0000000000
155126  23.243  -17.463  62.793 0.0000000000
148835  22.310  -18.552  61.992 0.0000000000
76801  21.936  -19.046  61.488 0.0000000000
78061  21.779  -18.976  62.346 0.0000000000
163821  21.052  -20.488  61.684 0.0000000000
74480  29.851  -20.976  54.352 0.0000000000
91359  46.504  -8.310  37.539 0.0000000000
148056  45.648  -8.312  37.354 0.0000000000
92530  45.681  -7.340  36.360 0.0000000000
92547  44.292  -7.583  34.246 0.0000000000
92561  44.469  -7.806  33.486 0.0000000000
167772  45.502  -6.898  33.443 0.0000000000
147729  45.714  -7.022  32.721 0.0000000000
92569  45.996  -7.358  31.935 0.0000000000
77983  22.507  -19.146  69.995 0.0000000000
165999  22.593  -18.804  70.581 0.0000000000
77973  22.963  -19.404  70.614 0.0000000000
76718  23.531  -19.886  70.801 0.0000000000
159689  21.995  -15.791  70.069 0.0000000000
77974  22.182  -18.339  69.952 0.0000000000
88832  43.146  -10.166  39.366 0.0000000000
71766  25.054  -23.813  68.371 0.0000000000
70437  24.629  -24.494  68.136 0.0000000000
70403  21.742  -25.039  69.183 0.0000000000
73005  19.439  -22.627  70.974 0.0000000000
71745  19.493  -23.129  70.325 0.0000000000
71746  18.664  -23.052  70.348 0.0000000000
71747  17.670  -23.420  69.974 0.0000000000
70406  17.157  -23.855  69.409 0.0000000000
69120  16.442  -24.962  69.893 0.0000000000
69058  17.256  -25.875  75.138 0.0000000000
67704  12.987  -26.113  74.039 0.0000000000
67718  13.438  -26.664  73.378 0.0000000000
67735  13.433  -26.985  72.628 0.0000000000
66425  13.926  -27.258  72.074 0.0000000000
66441  13.513  -27.369  71.224 0.0000000000
84717  32.844  -13.030  54.264 0.0000000000
84701  32.964  -13.196  55.054 0.0000000000
84702  32.386  -13.823  55.565 0.0000000000
83429  31.730  -14.471  55.492 0.0000000000
80707  32.912  -16.008  58.913 0.0000000000
80708  32.597  -16.096  58.214 0.0000000000
82153  31.938  -15.595  56.863 0.0000000000
80742  31.813  -16.678  56.959 0.0000000000
79444  31.216  -17.882  55.967 0.0000000000
76864  31.795  -19.155  55.934 0.0000000000
75630  33.486  -21.239  56.557 0.0000000000
170387  29.801  -16.053  67.777 0.0000000000
152498  30.523  -16.156  67.584 0.0000000000
80588  29.813  -16.334  67.101 0.0000000000
169408  30.863  -16.531  66.244 0.0000000000
78047  31.165  -17.842  63.016 0.0000000000
76777  32.294  -19.042  63.011 0.0000000000
76776  33.110  -19.442  63.318 0.0000000000
76789  32.567  -19.742  62.541 0.0000000000
172027  32.691  -20.324  62.085 0.0000000000
75561  33.111  -20.691  61.839 0.0000000000
153840  33.169  -21.445  61.297 0.0000000000
75614  28.969  -20.405  58.173 0.0000000000
147800  29.477  -20.741  58.723 0.0000000000
74415  29.231  -21.188  57.959 0.0000000000
74433  29.567  -22.217  57.964 0.0000000000
73209  28.880  -22.933  57.016 0.0000000000
87302  34.692  -11.554  51.578 0.0000000000
87316  34.590  -11.661  50.842 0.0000000000
86019  32.781  -12.589  49.990 0.0000000000
82255  28.862  -15.141  49.255 0.0000000000
83521  29.436  -14.545  48.799 0.0000000000
144856  28.971  -15.234  48.329 0.0000000000
95862  50.582  -4.797  27.596 0.0000000000
150297  51.042  -4.490  27.084 0.0000000000
83534  38.498  -14.563  47.537 0.0000000000
83535  37.383  -14.672  47.245 0.0000000000
147295  36.818  -13.530  48.184 0.0000000000
157713  36.266  -14.053  47.731 0.0000000000
84779  35.645  -14.505  47.280 0.0000000000
83540  33.107  -14.087  46.963 0.0000000000
86011  40.139  -12.342  49.281 0.0000000000
86032  40.313  -12.989  48.708 0.0000000000
84761  39.576  -13.592  48.333 0.0000000000
84778  39.217  -14.378  47.674 0.0000000000
69175  21.659  -26.290  64.714 0.0000000000
70453  20.144  -24.771  66.294 0.0000000000
83301  24.252  -14.523  68.198 0.0000000000
169586  24.649  -14.918  67.543 0.0000000000
82016  23.708  -15.002  67.476 0.0000000000
80594  22.862  -16.487  66.459 0.0000000000
78013  21.947  -17.990  67.207 0.0000000000
169214  22.332  -17.571  66.253 0.0000000000
78026  22.175  -17.976  65.706 0.0000000000
161321  21.317  -18.827  64.855 0.0000000000
75552  20.826  -20.212  63.807 0.0000000000
145596  20.805  -20.937  63.949 0.0000000000
73099  21.340  -22.348  64.266 0.0000000000
91370  43.100  -8.496  36.287 0.0000000000
171233  43.721  -8.189  36.236 0.0000000000
171129  22.451  -17.425  72.240 0.0000000000
80501  22.379  -16.180  73.247 0.0000000000
86091  42.180  -12.526  43.313 0.0000000000
86104  42.436  -12.270  42.588 0.0000000000
86118  42.602  -11.934  41.771 0.0000000000
87406  42.361  -11.490  40.971 0.0000000000
88804  42.298  -10.764  40.234 0.0000000000
87407  41.567  -10.994  40.561 0.0000000000
88806  40.875  -10.426  40.243 0.0000000000
144293  39.871  -11.046  40.901 0.0000000000
88807  40.064  -10.527  40.316 0.0000000000
168408  39.663  -10.461  39.868 0.0000000000
162784  39.324  -10.559  39.299 0.0000000000
70366  22.748  -24.888  71.260 0.0000000000
70367  21.709  -24.333  71.216 0.0000000000
71728  20.601  -22.805  71.550 0.0000000000
72993  20.865  -22.861  72.312 0.0000000000
73004  20.015  -22.440  71.411 0.0000000000
72995  19.488  -22.325  71.717 0.0000000000
71729  18.095  -23.000  71.835 0.0000000000
71707  17.697  -23.716  72.338 0.0000000000
69046  14.272  -25.591  76.306 0.0000000000
69062  13.761  -25.444  75.382 0.0000000000
69078  13.407  -25.646  74.668 0.0000000000
69079  12.466  -25.703  74.660 0.0000000000
67720  11.731  -26.591  73.341 0.0000000000
67737  11.688  -26.883  72.566 0.0000000000
66407  9.631  -27.502  74.443 0.0000000000
80696  33.475  -16.043  59.651 0.0000000000
76845  33.935  -19.684  57.043 0.0000000000
75628  34.635  -20.355  57.218 0.0000000000
166392  34.012  -21.572  56.999 0.0000000000
80629  28.110  -16.437  64.969 0.0000000000
80644  28.744  -16.577  64.466 0.0000000000
80655  29.311  -16.705  63.842 0.0000000000
79345  29.840  -17.001  63.257 0.0000000000
79360  28.728  -17.000  62.309 0.0000000000
79359  29.536  -17.241  62.508 0.0000000000
78059  30.035  -17.736  61.979 0.0000000000
78068  30.448  -18.389  61.560 0.0000000000
76799  30.783  -19.130  61.222 0.0000000000
76818  29.378  -19.433  59.485 0.0000000000
76819  28.578  -19.133  58.961 0.0000000000
84740  32.279  -13.163  52.452 0.0000000000
165624  31.891  -13.292  51.806 0.0000000000
84744  31.318  -13.525  51.410 0.0000000000
83485  30.113  -14.308  51.136 0.0000000000
83498  29.507  -14.638  50.626 0.0000000000
82214  29.348  -15.139  51.767 0.0000000000
82226  29.064  -15.087  51.038 0.0000000000
82238  28.923  -15.137  50.202 0.0000000000
82239  28.455  -15.980  49.704 0.0000000000
95854  50.611  -4.548  28.536 0.0000000000
94787  50.210  -5.582  27.249 0.0000000000
153052  37.719  -12.194  42.902 0.0000000000
86109  37.037  -12.004  42.479 0.0000000000
86083  36.620  -12.827  44.167 0.0000000000
84844  35.718  -12.875  43.922 0.0000000000
83591  35.991  -14.324  46.026 0.0000000000
83611  34.908  -14.042  44.871 0.0000000000
84840  40.319  -13.529  43.783 0.0000000000
86094  39.023  -12.741  43.374 0.0000000000
147870  30.760  -15.355  71.221 0.0000000000
172018  30.825  -15.509  70.483 0.0000000000
80549  29.716  -15.613  69.216 0.0000000000
81993  28.331  -15.266  69.398 0.0000000000
82011  28.802  -15.547  68.948 0.0000000000
80569  29.356  -15.814  68.338 0.0000000000
80589  29.150  -16.088  67.619 0.0000000000
80612  29.005  -16.325  66.869 0.0000000000
80613  28.554  -16.373  66.221 0.0000000000
82032  25.459  -15.193  67.400 0.0000000000
80593  25.877  -15.495  66.901 0.0000000000
80617  24.504  -15.745  66.163 0.0000000000
80616  25.340  -15.655  66.225 0.0000000000
80592  26.714  -15.630  67.050 0.0000000000
151918  27.000  -15.960  66.355 0.0000000000
80630  27.357  -16.243  65.492 0.0000000000
144621  28.135  -16.359  65.681 0.0000000000
80645  27.460  -16.399  64.500 0.0000000000
80658  26.790  -16.449  63.753 0.0000000000
80670  26.498  -16.620  62.761 0.0000000000
80671  25.124  -16.686  62.991 0.0000000000
171300  25.771  -16.705  62.629 0.0000000000
79363  26.165  -16.887  62.003 0.0000000000
79390  24.586  -17.676  60.327 0.0000000000
144390  20.723  -20.846  63.101 0.0000000000
74369  20.845  -21.822  62.643 0.0000000000
79459  29.366  -17.853  54.459 0.0000000000
171250  48.309  -5.916  35.754 0.0000000000
92531  44.839  -7.550  36.037 0.0000000000
92537  45.386  -7.090  35.497 0.0000000000
92546  45.019  -7.109  34.644 0.0000000000
92536  46.101  -6.871  35.995 0.0000000000
93668  48.077  -5.796  34.250 0.0000000000
93678  48.221  -5.729  33.397 0.0000000000
93680  47.014  -6.273  33.017 0.0000000000
160583  47.735  -6.007  32.800 0.0000000000
162694  48.347  -5.748  32.687 0.0000000000
94767  48.614  -5.916  31.517 0.0000000000
74327  23.336  -21.812  67.195 0.0000000000
163751  24.134  -22.134  67.576 0.0000000000
74294  24.122  -21.641  68.369 0.0000000000
75486  23.669  -20.658  69.541 0.0000000000
73023  24.689  -22.714  68.223 0.0000000000
163475  25.086  -23.261  68.662 0.0000000000
71756  25.192  -23.805  69.212 0.0000000000
71742  25.255  -23.968  70.226 0.0000000000
77951  23.277  -18.844  72.095 0.0000000000
167388  23.781  -19.876  71.441 0.0000000000
76682  24.437  -19.939  72.669 0.0000000000
76701  24.274  -20.174  71.878 0.0000000000
75440  24.676  -20.694  71.552 0.0000000000
74251  25.231  -22.083  70.832 0.0000000000
71741  25.387  -23.380  70.729 0.0000000000
155178  25.236  -23.947  70.986 0.0000000000
71724  24.953  -24.161  71.735 0.0000000000
143336  24.241  -24.306  72.250 0.0000000000
71703  23.779  -23.983  73.068 0.0000000000
71683  24.600  -23.496  73.518 0.0000000000
71684  23.847  -23.592  73.954 0.0000000000
81953  32.431  -15.323  72.121 0.0000000000
81955  30.124  -15.117  71.495 0.0000000000
81956  29.541  -14.950  71.223 0.0000000000
81957  28.891  -14.806  70.909 0.0000000000
83256  28.513  -14.363  71.462 0.0000000000
83266  28.193  -14.679  70.601 0.0000000000
83267  27.473  -14.559  70.387 0.0000000000
83285  26.444  -14.591  69.493 0.0000000000
83286  25.601  -14.325  69.294 0.0000000000
84493  25.418  -13.488  70.593 0.0000000000
83270  24.976  -13.746  69.819 0.0000000000
83287  24.571  -14.133  69.106 0.0000000000
83302  23.129  -14.792  68.230 0.0000000000
169876  22.484  -15.220  68.351 0.0000000000
157757  21.825  -16.864  68.633 0.0000000000
80550  21.855  -16.558  69.417 0.0000000000
79280  21.818  -17.529  68.270 0.0000000000
76743  21.715  -19.131  67.993 0.0000000000
75509  21.943  -20.116  67.948 0.0000000000
86110  36.249  -12.149  41.954 0.0000000000
90162  47.239  -9.364  38.744 0.0000000000
90163  46.360  -9.417  38.530 0.0000000000
90164  45.371  -9.407  38.301 0.0000000000
90179  44.445  -9.006  37.755 0.0000000000
165242  42.539  -10.317  39.688 0.0000000000
88834  41.405  -9.724  39.164 0.0000000000
90180  42.918  -9.069  37.911 0.0000000000
91362  42.814  -8.737  37.057 0.0000000000
70451  24.297  -24.495  66.515 0.0000000000
70439  23.451  -25.279  67.458 0.0000000000
69147  22.400  -25.217  67.166 0.0000000000
70442  19.445  -24.430  67.190 0.0000000000
70383  22.771  -25.278  70.253 0.0000000000
146071  21.898  -25.195  70.026 0.0000000000
70404  21.021  -24.544  69.070 0.0000000000
71757  20.007  -23.568  69.957 0.0000000000
167685  20.550  -24.049  69.525 0.0000000000
172124  20.375  -24.291  68.913 0.0000000000
70423  19.768  -24.305  68.303 0.0000000000
70443  18.600  -24.365  66.858 0.0000000000
158668  17.854  -24.168  67.312 0.0000000000
70456  17.427  -24.547  66.993 0.0000000000
69149  16.462  -25.607  67.509 0.0000000000
70426  16.552  -24.589  68.443 0.0000000000
69134  16.246  -25.303  68.239 0.0000000000
148564  16.116  -26.021  67.949 0.0000000000
71687  18.406  -23.323  73.671 0.0000000000
71688  17.733  -23.941  73.317 0.0000000000
152379  17.413  -24.472  72.702 0.0000000000
67687  15.435  -26.774  75.391 0.0000000000
67701  15.552  -27.026  74.654 0.0000000000
67715  16.268  -27.212  74.287 0.0000000000
67717  14.503  -27.114  73.634 0.0000000000
67716  15.395  -27.319  73.918 0.0000000000
168034  16.754  -26.434  72.900 0.0000000000
70369  16.825  -25.071  71.610 0.0000000000
69110  16.486  -25.777  71.187 0.0000000000
67759  16.029  -26.256  70.697 0.0000000000
66457  14.757  -27.118  70.354 0.0000000000
67760  15.467  -26.644  70.087 0.0000000000
63450  6.202  -29.315  78.135 0.0000000000
85980  34.173  -12.040  52.059 0.0000000000
85981  33.632  -12.420  52.444 0.0000000000
145447  31.752  -13.508  52.987 0.0000000000
83455  31.079  -14.027  53.179 0.0000000000
84719  31.811  -13.817  54.380 0.0000000000
80771  29.412  -16.869  54.307 0.0000000000
159136  32.083  -14.595  56.256 0.0000000000
82165  31.118  -15.698  55.710 0.0000000000
154628  29.417  -18.814  54.513 0.0000000000
78159  30.661  -18.821  55.375 0.0000000000
75671  30.155  -20.139  54.822 0.0000000000
157309  30.455  -20.848  54.882 0.0000000000
156970  32.450  -19.219  56.323 0.0000000000
75645  32.625  -20.786  56.152 0.0000000000
73244  30.610  -22.821  55.145 0.0000000000
71927  30.341  -23.840  55.418 0.0000000000
70561  30.082  -24.608  56.178 0.0000000000
78067  36.092  -18.755  61.425 0.0000000000
81990  31.409  -15.630  69.811 0.0000000000
80546  32.412  -15.756  69.298 0.0000000000
150181  32.178  -16.020  68.375 0.0000000000
165128  31.981  -16.264  67.732 0.0000000000
80586  32.774  -16.370  67.792 0.0000000000
79312  33.897  -17.259  66.469 0.0000000000
79324  31.253  -16.739  65.023 0.0000000000
79343  31.522  -17.551  63.755 0.0000000000
79332  31.848  -17.250  64.529 0.0000000000
79323  32.114  -16.929  65.282 0.0000000000
79322  32.904  -17.309  65.566 0.0000000000
79321  33.606  -17.581  65.759 0.0000000000
78012  34.237  -17.711  65.852 0.0000000000
78032  34.202  -18.495  64.862 0.0000000000
76774  34.503  -19.432  63.627 0.0000000000
76773  35.308  -19.375  63.348 0.0000000000
76786  35.665  -19.479  62.498 0.0000000000
76797  35.954  -19.520  61.574 0.0000000000
76807  36.065  -19.463  60.701 0.0000000000
75588  35.913  -20.193  60.090 0.0000000000
157944  35.368  -20.839  59.682 0.0000000000
75590  33.405  -22.101  60.612 0.0000000000
169830  34.439  -22.003  59.089 0.0000000000
155265  32.162  -23.074  58.742 0.0000000000
74387  30.864  -20.856  60.520 0.0000000000
74400  30.699  -21.814  60.033 0.0000000000
71895  29.282  -23.682  56.898 0.0000000000
86016  35.268  -12.230  49.242 0.0000000000
83541  32.036  -13.931  47.018 0.0000000000
84749  31.375  -13.433  50.546 0.0000000000
84754  31.358  -13.379  49.553 0.0000000000
84769  30.930  -13.530  48.775 0.0000000000
83520  30.251  -13.965  48.507 0.0000000000
84768  31.645  -13.310  48.626 0.0000000000
84783  31.861  -13.468  47.833 0.0000000000
83567  31.708  -14.560  46.267 0.0000000000
69160  16.781  -25.910  66.906 0.0000000000
70381  24.720  -24.404  70.782 0.0000000000
70445  16.574  -24.902  67.742 0.0000000000
71768  18.249  -23.635  68.646 0.0000000000
72979  25.312  -23.227  72.955 0.0000000000
72982  19.567  -22.411  72.525 0.0000000000
72992  25.481  -22.772  71.243 0.0000000000
73002  25.369  -22.762  70.535 0.0000000000
73003  25.160  -22.346  70.018 0.0000000000
73012  25.057  -22.730  69.151 0.0000000000
74244  25.029  -21.328  71.179 0.0000000000
76717  24.082  -20.347  71.137 0.0000000000
76750  21.387  -19.285  66.458 0.0000000000
77939  23.842  -19.274  72.968 0.0000000000
77963  22.795  -18.736  71.244 0.0000000000
78027  21.516  -18.595  65.423 0.0000000000
78036  22.031  -18.215  64.660 0.0000000000
79315  22.496  -17.109  66.436 0.0000000000
79366  22.837  -17.940  62.169 0.0000000000
79374  27.549  -17.196  61.428 0.0000000000
80633  24.091  -16.101  65.704 0.0000000000
80647  24.483  -16.422  64.425 0.0000000000
80657  27.758  -16.508  63.656 0.0000000000
80823  28.475  -16.213  51.395 0.0000000000
81970  31.496  -15.571  70.794 0.0000000000
82013  27.489  -15.343  68.519 0.0000000000
82018  22.137  -15.976  68.120 0.0000000000
82044  24.157  -15.585  66.535 0.0000000000
83442  31.911  -13.956  54.996 0.0000000000
84743  32.469  -12.974  51.656 0.0000000000
84784  31.038  -13.574  48.066 0.0000000000
84809  37.156  -14.091  45.584 0.0000000000
85968  33.374  -12.574  53.696 0.0000000000
86001  32.616  -12.792  50.850 0.0000000000
86017  34.383  -12.302  49.564 0.0000000000
86018  33.590  -12.398  49.814 0.0000000000
86051  42.408  -12.637  47.557 0.0000000000
146356  21.829  -18.167  68.702 0.0000000000
146562  31.302  -13.833  47.434 0.0000000000
147168  25.943  -16.308  64.274 0.0000000000
149451  38.050  -14.856  47.114 0.0000000000
156384  17.396  -23.672  70.730 0.0000000000
161070  31.971  -13.209  51.095 0.0000000000
162436  18.009  -24.573  66.573 0.0000000000
163791  35.843  -12.569  48.729 0.0000000000
164162  24.393  -17.944  59.660 0.0000000000
164752  28.258  -16.125  66.820 0.0000000000
167591  22.008  -18.092  66.563 0.0000000000
168826  35.900  -11.126  50.603 0.0000000000
170879  22.237  -17.549  66.804 0.0000000000
171155  21.793  -17.213  69.277 0.0000000000
