#!ascii label  , from subject sub-v2s3x28841_ses-1 vox2ras=TkReg
400
15995  29.489  -73.635  -7.619 0.0000000000
8085  27.784  -84.276  -21.512 0.0000000000
10057  31.709  -82.221  -10.617 0.0000000000
107115  27.784  -79.536  -12.652 0.0000000000
5478  30.189  -88.563  -16.918 0.0000000000
8658  33.011  -84.325  -15.090 0.0000000000
4240  31.064  -90.176  -14.881 0.0000000000
9389  27.624  -82.605  -16.422 0.0000000000
12096  24.823  -78.293  -13.688 0.0000000000
12048  28.028  -78.748  -7.043 0.0000000000
10068  29.798  -81.137  -11.792 0.0000000000
7995  29.759  -84.209  -15.695 0.0000000000
6762  29.033  -86.234  -19.175 0.0000000000
5542  32.150  -88.652  -21.151 0.0000000000
13490  35.171  -76.232  -11.027 0.0000000000
15993  30.986  -73.934  -7.319 0.0000000000
11371  30.599  -79.541  -6.411 0.0000000000
15139  25.578  -74.285  -10.175 0.0000000000
6062  32.561  -87.964  -14.581 0.0000000000
109661  27.404  -83.750  -19.025 0.0000000000
10130  26.270  -81.947  -17.143 0.0000000000
10714  29.572  -80.492  -8.716 0.0000000000
10066  30.984  -82.207  -11.273 0.0000000000
118650  31.413  -87.253  -15.502 0.0000000000
8659  31.466  -84.045  -15.094 0.0000000000
6719  29.400  -86.557  -16.520 0.0000000000
124325  28.519  -85.466  -17.219 0.0000000000
6103  29.396  -87.798  -18.567 0.0000000000
115546  32.327  -86.762  -21.677 0.0000000000
15967  32.024  -73.217  -5.790 0.0000000000
12696  29.541  -77.240  -5.354 0.0000000000
117527  30.445  -76.808  -4.894 0.0000000000
122226  27.293  -78.508  -10.942 0.0000000000
12763  26.465  -77.864  -11.860 0.0000000000
12776  23.965  -77.033  -13.643 0.0000000000
14301  24.672  -75.075  -12.137 0.0000000000
9324  34.637  -82.926  -12.854 0.0000000000
9346  32.872  -82.937  -13.718 0.0000000000
7970  33.943  -84.825  -15.059 0.0000000000
6703  33.268  -86.731  -15.089 0.0000000000
113430  31.247  -89.306  -16.413 0.0000000000
10118  27.641  -81.620  -15.389 0.0000000000
11449  26.569  -79.195  -13.227 0.0000000000
10783  26.381  -80.695  -15.159 0.0000000000
11472  25.042  -79.814  -15.299 0.0000000000
8111  29.830  -84.675  -23.466 0.0000000000
15097  28.043  -74.994  -6.534 0.0000000000
11420  28.246  -79.662  -10.308 0.0000000000
10757  28.790  -80.361  -12.613 0.0000000000
9347  31.560  -82.916  -13.932 0.0000000000
10106  30.113  -82.123  -14.060 0.0000000000
10116  29.111  -82.155  -14.892 0.0000000000
8680  28.597  -83.520  -16.355 0.0000000000
8055  28.128  -84.683  -18.294 0.0000000000
7433  29.086  -85.335  -20.418 0.0000000000
5510  30.678  -89.035  -19.338 0.0000000000
6130  31.589  -87.310  -20.324 0.0000000000
7431  31.042  -85.915  -20.544 0.0000000000
7459  29.910  -85.372  -21.945 0.0000000000
15137  34.029  -74.969  -10.583 0.0000000000
15131  32.485  -75.040  -9.399 0.0000000000
15118  32.525  -75.051  -9.256 0.0000000000
15994  30.504  -74.023  -7.705 0.0000000000
14235  28.701  -75.936  -6.046 0.0000000000
11393  29.374  -79.696  -7.352 0.0000000000
10712  31.335  -80.859  -8.278 0.0000000000
116083  33.097  -81.378  -8.713 0.0000000000
9284  33.851  -82.400  -10.649 0.0000000000
13507  25.549  -76.178  -11.500 0.0000000000
16888  31.279  -74.194  -8.838 0.0000000000
16889  30.396  -72.913  -8.487 0.0000000000
16879  29.127  -72.925  -7.808 0.0000000000
8077  27.846  -84.321  -20.551 0.0000000000
8721  26.730  -83.285  -19.624 0.0000000000
10045  30.567  -81.437  -9.706 0.0000000000
10046  29.987  -81.290  -10.157 0.0000000000
10058  30.644  -81.702  -10.493 0.0000000000
108369  30.750  -88.110  -16.070 0.0000000000
6718  30.348  -86.196  -15.706 0.0000000000
127020  30.055  -87.901  -16.503 0.0000000000
6082  29.503  -87.556  -17.004 0.0000000000
5487  29.542  -88.275  -17.761 0.0000000000
6171  31.760  -87.158  -23.837 0.0000000000
15082  31.267  -74.149  -5.394 0.0000000000
12083  27.621  -79.043  -12.075 0.0000000000
12080  26.931  -78.211  -11.369 0.0000000000
12084  27.056  -78.507  -12.019 0.0000000000
14318  23.763  -75.846  -13.439 0.0000000000
8621  34.294  -83.407  -13.776 0.0000000000
110912  33.886  -84.527  -14.785 0.0000000000
5452  32.314  -88.396  -14.853 0.0000000000
5451  32.800  -87.563  -15.094 0.0000000000
4823  31.967  -88.859  -15.279 0.0000000000
5476  31.713  -88.853  -15.853 0.0000000000
4837  31.358  -89.552  -16.212 0.0000000000
10782  27.239  -81.002  -14.942 0.0000000000
10124  27.291  -81.967  -16.057 0.0000000000
10126  25.813  -81.350  -16.748 0.0000000000
10793  25.085  -80.881  -17.202 0.0000000000
11473  24.399  -79.568  -16.004 0.0000000000
12709  27.516  -76.998  -6.590 0.0000000000
12721  27.118  -77.447  -7.205 0.0000000000
12049  27.369  -78.306  -7.484 0.0000000000
114592  28.825  -80.188  -11.925 0.0000000000
109568  29.311  -80.659  -12.215 0.0000000000
8638  33.494  -83.942  -14.750 0.0000000000
9361  32.582  -83.372  -14.363 0.0000000000
8660  30.222  -83.750  -15.344 0.0000000000
8640  30.588  -83.227  -14.967 0.0000000000
9363  29.908  -82.421  -14.672 0.0000000000
10097  29.446  -81.716  -14.153 0.0000000000
9375  29.540  -82.770  -15.270 0.0000000000
9376  28.739  -82.526  -15.495 0.0000000000
8661  29.059  -83.087  -15.760 0.0000000000
120266  28.634  -86.285  -18.438 0.0000000000
120296  28.336  -84.953  -17.481 0.0000000000
7398  28.492  -85.492  -18.706 0.0000000000
8067  28.331  -84.776  -19.199 0.0000000000
7414  29.532  -85.825  -19.862 0.0000000000
4356  30.620  -90.826  -23.655 0.0000000000
111886  31.548  -89.314  -21.833 0.0000000000
4325  31.429  -90.074  -21.851 0.0000000000
4900  32.003  -89.384  -21.145 0.0000000000
5525  32.211  -88.837  -20.547 0.0000000000
6118  31.093  -88.163  -19.883 0.0000000000
6117  31.979  -88.172  -20.458 0.0000000000
6788  32.767  -86.067  -21.268 0.0000000000
7429  32.514  -86.065  -20.927 0.0000000000
111103  32.370  -85.786  -20.991 0.0000000000
7446  30.493  -85.604  -21.101 0.0000000000
7457  32.275  -85.503  -21.626 0.0000000000
116460  35.590  -75.828  -11.342 0.0000000000
14300  34.942  -76.097  -11.063 0.0000000000
121896  33.154  -75.206  -10.167 0.0000000000
14275  33.668  -75.451  -10.119 0.0000000000
15991  32.797  -73.310  -7.806 0.0000000000
16010  33.423  -73.958  -8.477 0.0000000000
15992  31.669  -74.018  -7.945 0.0000000000
128357  31.624  -74.667  -8.658 0.0000000000
15978  30.522  -74.148  -6.822 0.0000000000
117807  29.388  -74.467  -6.877 0.0000000000
15095  30.005  -74.504  -6.585 0.0000000000
12021  29.804  -78.118  -5.572 0.0000000000
12022  29.079  -77.916  -5.750 0.0000000000
11372  29.683  -79.339  -6.552 0.0000000000
10696  30.755  -80.464  -7.713 0.0000000000
10026  34.366  -81.479  -8.643 0.0000000000
107324  33.992  -81.809  -9.408 0.0000000000
126521  33.562  -82.101  -9.924 0.0000000000
12095  25.710  -78.753  -13.394 0.0000000000
12764  25.756  -77.530  -12.306 0.0000000000
12765  24.966  -77.206  -12.691 0.0000000000
16047  24.787  -73.707  -11.758 0.0000000000
8711  27.288  -83.360  -18.134 0.0000000000
9390  26.947  -82.285  -16.764 0.0000000000
11409  29.102  -80.009  -8.153 0.0000000000
11410  28.378  -79.652  -8.481 0.0000000000
122631  29.277  -80.545  -9.462 0.0000000000
10067  30.441  -81.769  -12.136 0.0000000000
7360  32.693  -85.642  -15.278 0.0000000000
7993  32.226  -84.742  -15.290 0.0000000000
117916  31.272  -85.313  -15.438 0.0000000000
7994  30.800  -84.463  -15.367 0.0000000000
7361  30.060  -85.052  -15.629 0.0000000000
124304  29.313  -84.756  -16.029 0.0000000000
7372  29.355  -85.585  -16.206 0.0000000000
6732  28.883  -86.677  -17.364 0.0000000000
6748  28.945  -86.950  -18.570 0.0000000000
6147  32.027  -87.677  -21.396 0.0000000000
6163  31.566  -87.511  -22.649 0.0000000000
6802  32.975  -86.141  -22.045 0.0000000000
15977  31.741  -73.311  -6.624 0.0000000000
15094  30.688  -74.257  -6.081 0.0000000000
123753  30.359  -74.751  -5.712 0.0000000000
13432  29.930  -76.248  -5.191 0.0000000000
12020  30.728  -78.280  -5.491 0.0000000000
13506  26.119  -76.540  -10.841 0.0000000000
12775  24.593  -77.529  -13.342 0.0000000000
13518  24.612  -76.471  -12.607 0.0000000000
14311  24.248  -75.649  -12.758 0.0000000000
15174  24.251  -74.788  -12.728 0.0000000000
9309  33.629  -82.627  -12.133 0.0000000000
9310  32.046  -82.531  -11.504 0.0000000000
9325  33.433  -82.749  -13.023 0.0000000000
9360  33.829  -83.516  -14.150 0.0000000000
7971  33.981  -84.560  -15.026 0.0000000000
7344  33.747  -85.991  -15.113 0.0000000000
7359  33.717  -85.916  -15.172 0.0000000000
6704  32.905  -86.677  -15.239 0.0000000000
5465  31.859  -88.269  -15.572 0.0000000000
10775  27.587  -80.558  -14.162 0.0000000000
110306  27.229  -79.509  -13.145 0.0000000000
11463  26.871  -79.923  -13.815 0.0000000000
10777  26.221  -80.100  -14.481 0.0000000000
11464  25.500  -79.662  -14.578 0.0000000000
10125  26.583  -81.665  -16.389 0.0000000000
10784  25.585  -80.493  -15.620 0.0000000000
125171  24.836  -79.229  -14.732 0.0000000000
12112  24.391  -78.490  -14.550 0.0000000000
12113  23.811  -77.802  -14.748 0.0000000000
8094  28.565  -84.506  -22.678 0.0000000000
15106  28.969  -74.061  -7.243 0.0000000000
15996  28.203  -73.601  -7.404 0.0000000000
14252  27.051  -75.583  -6.892 0.0000000000
11427  27.955  -79.259  -11.549 0.0000000000
11434  28.254  -80.109  -12.996 0.0000000000
10083  30.386  -81.722  -12.945 0.0000000000
108614  31.424  -83.222  -14.474 0.0000000000
9348  30.679  -82.301  -13.542 0.0000000000
10084  29.784  -81.224  -12.690 0.0000000000
121028  29.352  -81.174  -13.410 0.0000000000
10098  28.899  -81.207  -13.894 0.0000000000
10774  28.347  -80.911  -14.066 0.0000000000
10117  28.379  -81.878  -15.154 0.0000000000
9377  27.977  -82.297  -15.730 0.0000000000
8681  27.912  -83.211  -16.723 0.0000000000
8016  28.443  -84.231  -16.855 0.0000000000
8695  28.117  -83.722  -16.958 0.0000000000
8696  27.706  -83.551  -17.464 0.0000000000
120771  27.902  -84.299  -18.857 0.0000000000
8076  28.473  -84.757  -20.072 0.0000000000
8084  28.587  -84.787  -21.054 0.0000000000
4838  31.161  -89.795  -16.942 0.0000000000
4341  30.854  -90.950  -22.700 0.0000000000
4863  31.147  -89.903  -18.744 0.0000000000
5496  30.602  -89.475  -18.594 0.0000000000
5497  29.900  -88.727  -18.593 0.0000000000
6119  30.047  -88.085  -19.306 0.0000000000
6760  30.561  -87.057  -19.837 0.0000000000
6129  32.100  -87.418  -20.702 0.0000000000
6772  31.346  -86.436  -20.371 0.0000000000
6773  30.446  -86.167  -20.082 0.0000000000
7432  29.990  -85.726  -20.516 0.0000000000
7447  29.488  -85.350  -21.165 0.0000000000
8083  29.039  -84.950  -21.899 0.0000000000
123064  30.299  -85.317  -22.739 0.0000000000
16032  34.602  -73.840  -10.831 0.0000000000
15152  34.890  -75.256  -11.156 0.0000000000
16033  33.488  -74.304  -10.420 0.0000000000
16034  32.679  -74.760  -10.033 0.0000000000
16021  32.130  -74.775  -9.478 0.0000000000
16012  30.615  -73.911  -8.207 0.0000000000
15129  34.929  -74.707  -9.313 0.0000000000
14274  33.999  -75.597  -9.963 0.0000000000
15130  33.049  -75.314  -9.761 0.0000000000
15120  31.890  -74.974  -8.908 0.0000000000
116701  30.108  -73.884  -7.754 0.0000000000
15096  28.759  -74.677  -6.705 0.0000000000
14244  28.104  -75.723  -6.326 0.0000000000
12708  28.064  -77.380  -6.274 0.0000000000
13433  29.015  -76.488  -5.657 0.0000000000
12697  28.656  -77.316  -5.822 0.0000000000
11373  28.811  -79.103  -6.723 0.0000000000
10697  29.883  -80.285  -7.914 0.0000000000
10713  30.400  -80.725  -8.494 0.0000000000
10044  31.556  -81.707  -9.689 0.0000000000
10027  31.944  -81.377  -8.821 0.0000000000
10043  32.768  -81.695  -9.433 0.0000000000
10056  32.677  -82.124  -10.155 0.0000000000
108434  26.319  -78.424  -12.600 0.0000000000
12758  25.991  -77.039  -11.642 0.0000000000
15153  25.386  -74.792  -10.957 0.0000000000
13508  24.894  -75.901  -12.063 0.0000000000
117195  25.198  -75.336  -11.513 0.0000000000
4248  31.253  -90.051  -15.759 0.0000000000
4282  31.273  -90.088  -19.023 0.0000000000
4366  30.341  -90.827  -24.524 0.0000000000
4877  31.418  -89.653  -19.450 0.0000000000
5464  32.287  -88.178  -15.333 0.0000000000
5486  30.183  -89.130  -17.804 0.0000000000
5509  31.827  -88.906  -19.926 0.0000000000
6047  33.143  -87.064  -14.793 0.0000000000
6070  32.642  -87.530  -15.212 0.0000000000
6081  30.122  -87.293  -16.118 0.0000000000
6088  29.024  -87.375  -17.855 0.0000000000
6146  32.337  -86.852  -20.920 0.0000000000
6705  31.637  -86.241  -15.341 0.0000000000
6733  28.638  -86.686  -17.989 0.0000000000
6747  29.547  -87.132  -19.243 0.0000000000
6761  29.797  -86.433  -19.642 0.0000000000
6771  32.051  -86.587  -20.648 0.0000000000
7324  33.976  -85.260  -14.929 0.0000000000
7343  33.991  -85.281  -15.079 0.0000000000
7373  28.707  -85.035  -16.672 0.0000000000
7383  28.738  -85.908  -16.928 0.0000000000
7415  28.810  -85.389  -19.617 0.0000000000
7430  32.002  -85.990  -20.651 0.0000000000
7444  32.732  -85.773  -21.345 0.0000000000
7445  31.650  -85.685  -20.964 0.0000000000
7458  30.973  -85.500  -21.746 0.0000000000
7992  33.684  -85.051  -15.151 0.0000000000
8015  28.993  -84.170  -16.225 0.0000000000
8034  28.078  -84.162  -17.539 0.0000000000
8056  27.741  -83.965  -18.212 0.0000000000
8068  27.877  -84.301  -19.612 0.0000000000
8093  29.388  -84.958  -22.714 0.0000000000
8112  28.951  -84.431  -23.250 0.0000000000
8637  33.876  -84.167  -14.559 0.0000000000
8639  32.084  -83.741  -14.797 0.0000000000
8679  29.364  -83.600  -15.797 0.0000000000
8720  27.303  -83.822  -20.044 0.0000000000
9300  32.936  -82.431  -11.047 0.0000000000
9345  34.218  -82.983  -13.450 0.0000000000
9362  30.677  -82.675  -14.317 0.0000000000
9388  28.357  -82.863  -16.113 0.0000000000
9396  27.284  -82.894  -17.285 0.0000000000
9397  26.658  -82.456  -17.466 0.0000000000
10028  30.910  -81.276  -8.997 0.0000000000
10042  35.420  -82.168  -9.471 0.0000000000
10096  29.973  -81.645  -13.472 0.0000000000
10107  28.696  -81.519  -14.505 0.0000000000
10108  27.998  -81.237  -14.733 0.0000000000
10119  26.882  -81.363  -15.642 0.0000000000
10675  31.115  -80.172  -6.923 0.0000000000
10711  32.361  -80.922  -8.110 0.0000000000
10715  28.842  -80.208  -8.996 0.0000000000
10724  29.951  -80.994  -9.383 0.0000000000
10756  29.228  -80.764  -12.864 0.0000000000
10769  28.726  -80.679  -13.357 0.0000000000
10770  27.651  -79.990  -13.400 0.0000000000
10776  26.860  -80.468  -14.508 0.0000000000
10789  26.106  -81.078  -15.975 0.0000000000
10790  25.350  -80.725  -16.377 0.0000000000
11392  30.225  -79.927  -7.170 0.0000000000
11394  28.549  -79.447  -7.574 0.0000000000
11395  27.759  -79.110  -7.913 0.0000000000
11417  27.686  -79.212  -9.841 0.0000000000
11426  28.407  -79.701  -11.721 0.0000000000
11435  27.128  -79.030  -12.598 0.0000000000
11450  25.993  -79.481  -13.904 0.0000000000
11465  24.373  -79.029  -15.313 0.0000000000
12033  30.132  -78.880  -5.910 0.0000000000
12034  29.282  -78.625  -6.092 0.0000000000
12035  28.465  -78.161  -6.293 0.0000000000
12036  27.689  -77.869  -6.741 0.0000000000
12075  26.831  -78.051  -10.661 0.0000000000
12079  27.458  -78.750  -11.480 0.0000000000
12111  25.139  -79.021  -14.100 0.0000000000
12125  23.842  -78.250  -15.336 0.0000000000
12695  30.542  -77.519  -5.152 0.0000000000
12757  26.516  -77.500  -11.148 0.0000000000
12774  25.349  -77.966  -12.982 0.0000000000
12790  24.127  -77.721  -14.053 0.0000000000
13431  31.051  -76.017  -4.679 0.0000000000
13443  28.187  -76.583  -6.146 0.0000000000
13444  27.515  -76.136  -6.562 0.0000000000
13491  25.633  -75.615  -10.923 0.0000000000
13517  25.324  -76.698  -12.126 0.0000000000
13527  24.052  -76.400  -13.201 0.0000000000
14233  30.561  -75.335  -5.105 0.0000000000
14234  29.493  -75.547  -5.760 0.0000000000
14243  28.758  -75.297  -6.303 0.0000000000
14245  27.583  -75.427  -6.613 0.0000000000
14276  32.879  -75.244  -9.900 0.0000000000
14278  25.591  -75.110  -10.383 0.0000000000
14287  34.698  -75.829  -10.695 0.0000000000
15083  29.426  -74.909  -6.329 0.0000000000
15105  29.837  -74.163  -7.300 0.0000000000
15107  28.079  -74.320  -6.981 0.0000000000
15108  27.337  -74.777  -6.931 0.0000000000
15119  32.004  -74.861  -8.732 0.0000000000
15128  35.947  -74.911  -9.441 0.0000000000
15138  32.638  -75.098  -9.853 0.0000000000
15154  24.944  -74.507  -11.594 0.0000000000
15166  24.524  -74.246  -12.292 0.0000000000
15175  23.811  -75.011  -13.435 0.0000000000
16011  31.222  -74.322  -8.379 0.0000000000
16013  29.856  -73.318  -8.021 0.0000000000
16045  35.515  -73.934  -11.334 0.0000000000
16046  25.234  -73.890  -11.022 0.0000000000
16063  24.487  -73.409  -12.486 0.0000000000
107153  24.409  -76.932  -13.074 0.0000000000
110164  28.329  -79.616  -11.079 0.0000000000
110929  32.197  -86.799  -22.656 0.0000000000
112298  28.449  -85.891  -17.755 0.0000000000
112432  32.404  -82.666  -12.271 0.0000000000
112942  25.035  -73.252  -11.357 0.0000000000
113319  34.417  -75.562  -10.532 0.0000000000
113973  32.213  -87.988  -20.814 0.0000000000
115298  30.278  -81.572  -11.337 0.0000000000
117751  31.262  -73.755  -6.109 0.0000000000
119643  31.582  -89.282  -14.227 0.0000000000
120995  31.568  -82.679  -13.362 0.0000000000
122228  28.379  -79.842  -12.335 0.0000000000
122322  31.988  -89.569  -20.611 0.0000000000
122553  30.992  -89.627  -19.115 0.0000000000
122787  24.907  -80.217  -15.991 0.0000000000
122938  28.329  -84.553  -21.938 0.0000000000
123553  31.565  -89.444  -15.561 0.0000000000
125129  28.861  -73.387  -7.543 0.0000000000
125859  33.657  -74.883  -9.313 0.0000000000
126323  28.071  -79.421  -12.083 0.0000000000
126767  33.769  -75.328  -10.311 0.0000000000
127215  28.269  -85.264  -18.051 0.0000000000
127748  32.073  -75.159  -9.131 0.0000000000
127902  25.732  -80.208  -14.999 0.0000000000
128003  29.728  -83.247  -15.449 0.0000000000
128074  31.513  -89.573  -14.812 0.0000000000
128157  28.112  -80.436  -13.599 0.0000000000
129076  33.961  -84.962  -15.071 0.0000000000
