#!ascii label  , from subject sub-v2s3x28804_ses-1 vox2ras=TkReg
979
133174  -35.340  -9.705  55.706 0.0000000000
52453  -20.669  -16.119  60.416 0.0000000000
54561  -29.045  -14.659  56.406 0.0000000000
79090  -43.695  7.886  39.405 0.0000000000
82360  -51.733  10.106  34.670 0.0000000000
54461  -14.261  -14.644  65.218 0.0000000000
148758  -40.627  5.328  41.752 0.0000000000
62590  -37.241  -7.233  52.758 0.0000000000
57902  -30.500  -10.841  56.285 0.0000000000
53393  -17.061  -15.405  61.877 0.0000000000
50247  -16.932  -18.614  65.410 0.0000000000
61499  -31.008  -8.688  51.744 0.0000000000
62609  -32.774  -7.843  50.444 0.0000000000
51387  -25.438  -17.531  59.168 0.0000000000
62557  -25.980  -7.506  54.307 0.0000000000
68231  -38.033  -2.237  42.787 0.0000000000
71586  -41.736  0.201  41.410 0.0000000000
74815  -44.878  3.115  40.023 0.0000000000
48032  -11.542  -20.085  70.666 0.0000000000
145215  -10.755  -20.548  75.133 0.0000000000
147330  -30.741  -4.825  49.564 0.0000000000
68156  -32.378  -2.568  47.058 0.0000000000
68202  -34.409  -2.611  44.457 0.0000000000
49215  -14.216  -19.942  67.026 0.0000000000
127757  -20.679  -16.506  62.731 0.0000000000
127328  -23.096  -16.896  62.619 0.0000000000
130550  -33.175  -11.330  55.803 0.0000000000
55634  -19.855  -13.859  59.691 0.0000000000
52451  -19.052  -16.003  60.640 0.0000000000
51346  -18.617  -17.167  62.604 0.0000000000
62560  -30.550  -7.694  54.563 0.0000000000
62587  -28.516  -7.895  52.952 0.0000000000
70490  -38.197  -0.449  42.263 0.0000000000
69394  -40.202  -1.769  42.111 0.0000000000
71584  -39.559  0.680  41.438 0.0000000000
74822  -42.577  3.723  39.631 0.0000000000
76989  -43.371  5.570  38.602 0.0000000000
75948  -46.072  4.781  38.741 0.0000000000
78053  -45.331  6.861  37.135 0.0000000000
79124  -46.746  7.408  36.281 0.0000000000
65708  -31.249  -4.784  52.661 0.0000000000
63604  -31.818  -6.355  49.897 0.0000000000
65729  -29.656  -4.100  51.362 0.0000000000
69337  -29.949  -1.573  47.861 0.0000000000
70445  -31.231  -0.306  46.623 0.0000000000
69352  -32.863  -1.822  45.752 0.0000000000
71546  -32.706  0.206  44.653 0.0000000000
71558  -34.580  0.175  43.681 0.0000000000
51411  -27.983  -17.222  57.735 0.0000000000
51255  -11.752  -17.168  67.504 0.0000000000
50243  -13.302  -17.835  65.715 0.0000000000
46902  -12.170  -22.007  77.200 0.0000000000
46881  -11.565  -20.571  80.360 0.0000000000
74800  -39.456  3.456  42.046 0.0000000000
64674  -36.664  -5.128  51.253 0.0000000000
56823  -29.016  -12.212  56.572 0.0000000000
53384  -15.645  -15.719  63.402 0.0000000000
51316  -15.283  -17.566  63.699 0.0000000000
51331  -16.765  -17.792  63.289 0.0000000000
81335  -54.360  9.581  34.239 0.0000000000
57979  -32.657  -11.165  52.558 0.0000000000
59229  -34.535  -10.228  51.732 0.0000000000
61489  -32.417  -8.259  51.683 0.0000000000
53429  -21.397  -15.244  58.876 0.0000000000
52456  -23.026  -17.037  60.369 0.0000000000
53456  -23.910  -15.775  57.649 0.0000000000
53458  -25.575  -15.586  56.880 0.0000000000
55689  -25.876  -13.536  54.989 0.0000000000
61459  -24.629  -8.761  55.984 0.0000000000
57940  -26.966  -11.630  54.507 0.0000000000
59168  -28.111  -10.821  53.999 0.0000000000
59184  -30.247  -10.796  53.066 0.0000000000
65856  -39.167  -4.433  44.817 0.0000000000
150231  -41.051  2.282  40.698 0.0000000000
72660  -43.251  1.887  40.881 0.0000000000
140292  -48.730  7.665  35.480 0.0000000000
49134  -10.730  -19.832  72.732 0.0000000000
45824  -13.180  -23.091  75.162 0.0000000000
61513  -35.264  -8.592  50.102 0.0000000000
63622  -34.659  -6.373  49.486 0.0000000000
65772  -34.141  -3.881  49.719 0.0000000000
68122  -29.106  -2.463  49.616 0.0000000000
66953  -31.135  -3.723  48.303 0.0000000000
137512  -33.768  -2.978  49.103 0.0000000000
68159  -35.010  -2.537  48.337 0.0000000000
65802  -35.366  -3.723  46.846 0.0000000000
144450  -37.215  -4.987  45.826 0.0000000000
68216  -36.443  -2.615  43.590 0.0000000000
143046  -36.665  -0.436  43.436 0.0000000000
51349  -25.162  -17.335  62.130 0.0000000000
52292  -10.734  -16.722  69.506 0.0000000000
49196  -12.474  -19.725  68.541 0.0000000000
49250  -15.694  -19.260  65.826 0.0000000000
45795  -10.387  -21.689  80.312 0.0000000000
131166  -20.936  -16.518  61.918 0.0000000000
52424  -21.574  -16.503  62.668 0.0000000000
52442  -22.332  -16.776  62.049 0.0000000000
57923  -33.830  -10.850  55.053 0.0000000000
53413  -20.210  -15.532  59.880 0.0000000000
54507  -19.309  -14.582  60.097 0.0000000000
52452  -19.872  -16.020  60.544 0.0000000000
52423  -20.103  -16.627  61.938 0.0000000000
72634  -38.365  1.332  42.658 0.0000000000
71583  -38.871  0.654  41.706 0.0000000000
72635  -38.825  1.920  42.254 0.0000000000
79071  -43.260  7.550  40.097 0.0000000000
78037  -42.674  5.969  38.913 0.0000000000
78038  -43.274  6.551  38.587 0.0000000000
76999  -44.429  6.266  37.808 0.0000000000
79102  -44.227  7.494  37.839 0.0000000000
143573  -45.141  8.014  37.210 0.0000000000
65730  -30.276  -4.443  51.982 0.0000000000
71514  -31.039  0.697  47.372 0.0000000000
150207  -31.775  0.086  45.514 0.0000000000
72588  -32.244  1.400  45.413 0.0000000000
72608  -33.304  1.363  44.608 0.0000000000
52499  -28.631  -16.210  56.513 0.0000000000
52467  -28.794  -16.731  58.823 0.0000000000
53446  -30.096  -15.424  58.571 0.0000000000
52351  -12.708  -16.238  65.968 0.0000000000
137795  -13.726  -15.620  65.179 0.0000000000
81332  -50.846  8.691  33.811 0.0000000000
46888  -12.232  -21.279  79.479 0.0000000000
62565  -37.290  -7.244  54.541 0.0000000000
144944  -37.336  -6.231  52.656 0.0000000000
57900  -29.236  -11.279  56.197 0.0000000000
59110  -29.919  -10.773  57.417 0.0000000000
54497  -17.620  -14.747  61.416 0.0000000000
54489  -17.178  -14.336  62.086 0.0000000000
54480  -16.336  -14.365  63.271 0.0000000000
152860  -16.618  -15.493  62.371 0.0000000000
52405  -15.963  -16.468  62.949 0.0000000000
52419  -16.706  -16.331  62.318 0.0000000000
52392  -19.785  -16.630  63.721 0.0000000000
51319  -19.038  -17.003  64.168 0.0000000000
59226  -31.701  -10.192  51.550 0.0000000000
59227  -32.463  -10.432  51.461 0.0000000000
61500  -31.819  -8.862  51.401 0.0000000000
55649  -22.145  -13.648  58.483 0.0000000000
53444  -22.675  -15.191  57.983 0.0000000000
54533  -23.798  -14.677  57.884 0.0000000000
55663  -25.499  -14.223  57.392 0.0000000000
55674  -25.358  -13.785  56.416 0.0000000000
54570  -25.728  -14.236  55.672 0.0000000000
57899  -24.816  -11.912  56.223 0.0000000000
63517  -26.194  -6.068  56.088 0.0000000000
62556  -25.575  -7.322  55.036 0.0000000000
59150  -25.199  -10.470  54.907 0.0000000000
140676  -25.925  -9.397  53.918 0.0000000000
59167  -27.230  -10.765  54.031 0.0000000000
60351  -26.700  -9.444  53.292 0.0000000000
61486  -29.646  -8.531  52.333 0.0000000000
138218  -29.190  -8.851  52.336 0.0000000000
60368  -30.359  -9.717  51.934 0.0000000000
57978  -31.860  -11.034  52.635 0.0000000000
67018  -38.341  -3.702  43.883 0.0000000000
65857  -39.928  -4.050  44.658 0.0000000000
68219  -39.747  -3.054  43.171 0.0000000000
69411  -40.774  -1.069  41.746 0.0000000000
69395  -41.138  -1.880  42.400 0.0000000000
75878  -39.773  4.183  42.019 0.0000000000
74801  -39.851  3.519  41.453 0.0000000000
75904  -40.652  4.328  40.754 0.0000000000
74823  -43.547  3.651  39.477 0.0000000000
142281  -42.402  2.976  40.007 0.0000000000
73756  -43.625  2.467  40.425 0.0000000000
72661  -44.092  2.051  41.108 0.0000000000
79136  -47.947  7.945  35.476 0.0000000000
80224  -47.350  8.746  35.475 0.0000000000
80231  -48.798  9.191  34.727 0.0000000000
50171  -10.723  -18.680  71.099 0.0000000000
50157  -10.672  -18.225  71.999 0.0000000000
49145  -10.835  -19.706  71.922 0.0000000000
147974  -13.015  -22.924  73.708 0.0000000000
44760  -13.855  -23.498  76.235 0.0000000000
60390  -33.225  -8.878  50.409 0.0000000000
60392  -34.952  -9.261  50.479 0.0000000000
62622  -33.360  -8.193  49.903 0.0000000000
64706  -31.309  -5.446  49.760 0.0000000000
63620  -33.107  -6.696  49.473 0.0000000000
64708  -33.165  -5.455  49.461 0.0000000000
64709  -34.244  -5.333  49.558 0.0000000000
65770  -32.175  -4.952  49.466 0.0000000000
70410  -29.252  -0.797  50.167 0.0000000000
69338  -30.799  -1.563  47.267 0.0000000000
68140  -29.890  -2.523  48.185 0.0000000000
66971  -31.751  -3.295  47.623 0.0000000000
66929  -32.987  -3.491  48.904 0.0000000000
66972  -32.693  -3.244  47.741 0.0000000000
68142  -34.378  -2.511  48.848 0.0000000000
68157  -33.448  -2.596  47.087 0.0000000000
68190  -34.111  -2.886  45.233 0.0000000000
66989  -34.288  -3.045  46.095 0.0000000000
67003  -34.667  -3.433  45.478 0.0000000000
153480  -36.270  -4.592  46.334 0.0000000000
65838  -36.012  -4.333  45.204 0.0000000000
67017  -36.451  -3.955  44.453 0.0000000000
68203  -35.159  -3.058  44.219 0.0000000000
71548  -35.056  0.918  43.870 0.0000000000
70480  -35.979  -0.493  43.557 0.0000000000
71549  -35.947  0.813  44.043 0.0000000000
51385  -24.261  -17.398  59.687 0.0000000000
51362  -24.588  -17.430  61.443 0.0000000000
149618  -25.694  -17.453  60.769 0.0000000000
50217  -12.938  -18.737  66.764 0.0000000000
133175  -12.151  -18.877  68.299 0.0000000000
49197  -13.140  -20.125  68.072 0.0000000000
50261  -16.277  -18.593  64.370 0.0000000000
50245  -15.629  -18.930  65.041 0.0000000000
50246  -16.261  -19.051  65.636 0.0000000000
52393  -20.625  -16.276  64.277 0.0000000000
146582  -21.656  -16.236  64.311 0.0000000000
128070  -23.096  -16.614  64.111 0.0000000000
52410  -23.801  -16.798  63.904 0.0000000000
57903  -31.720  -11.289  56.015 0.0000000000
59134  -31.256  -10.866  56.756 0.0000000000
55621  -19.262  -13.665  60.255 0.0000000000
54506  -18.692  -14.405  60.547 0.0000000000
53402  -18.353  -15.863  60.938 0.0000000000
52421  -18.300  -16.955  61.982 0.0000000000
52438  -18.698  -16.488  61.323 0.0000000000
52406  -19.784  -16.740  62.798 0.0000000000
127321  -31.083  -8.193  53.727 0.0000000000
62578  -32.252  -8.371  53.687 0.0000000000
63534  -27.550  -6.271  55.054 0.0000000000
62574  -27.214  -7.443  53.592 0.0000000000
127665  -29.843  -7.729  53.852 0.0000000000
69392  -38.321  -1.453  42.408 0.0000000000
68233  -39.709  -2.425  42.585 0.0000000000
70491  -38.924  -0.824  41.850 0.0000000000
70505  -39.460  -0.120  41.549 0.0000000000
71585  -40.227  0.286  41.337 0.0000000000
75905  -41.174  4.808  40.357 0.0000000000
75922  -41.664  5.215  39.901 0.0000000000
135302  -43.089  4.367  39.168 0.0000000000
137618  -43.919  4.278  39.052 0.0000000000
74825  -45.236  3.715  39.601 0.0000000000
75947  -45.197  4.834  38.575 0.0000000000
76992  -45.686  5.378  38.130 0.0000000000
77001  -46.239  5.810  37.658 0.0000000000
78074  -46.172  6.922  36.738 0.0000000000
80213  -45.561  8.240  36.832 0.0000000000
46952  -12.657  -21.352  70.116 0.0000000000
46940  -11.765  -21.275  71.643 0.0000000000
45859  -13.104  -22.367  71.555 0.0000000000
64673  -32.275  -6.555  51.582 0.0000000000
63605  -32.266  -7.096  50.012 0.0000000000
64672  -31.262  -5.959  51.002 0.0000000000
64671  -30.561  -5.316  50.647 0.0000000000
65746  -30.027  -4.808  50.296 0.0000000000
152288  -29.880  -0.093  49.080 0.0000000000
71503  -30.328  0.329  48.655 0.0000000000
70444  -30.502  -0.740  47.543 0.0000000000
69350  -31.513  -1.554  46.764 0.0000000000
68173  -32.685  -2.116  46.452 0.0000000000
70454  -31.887  -0.613  45.705 0.0000000000
69361  -32.509  -1.095  45.352 0.0000000000
70471  -33.570  -0.963  44.271 0.0000000000
136393  -34.311  -1.155  43.787 0.0000000000
71547  -33.852  0.441  43.977 0.0000000000
51396  -26.830  -17.525  58.533 0.0000000000
51378  -26.331  -17.405  60.487 0.0000000000
51380  -27.954  -17.106  59.911 0.0000000000
138651  -12.310  -16.974  66.611 0.0000000000
128455  -13.463  -18.548  66.040 0.0000000000
46908  -11.646  -21.678  75.836 0.0000000000
47980  -10.809  -20.162  76.448 0.0000000000
47972  -11.386  -20.710  77.830 0.0000000000
136605  -11.306  -20.104  78.973 0.0000000000
47965  -11.140  -20.110  79.888 0.0000000000
65732  -36.403  -4.041  51.395 0.0000000000
55676  -29.015  -13.539  56.414 0.0000000000
54550  -29.849  -13.931  57.641 0.0000000000
54471  -16.004  -13.927  64.007 0.0000000000
53376  -15.200  -15.415  64.037 0.0000000000
52390  -14.620  -16.841  64.120 0.0000000000
52391  -15.285  -16.493  63.573 0.0000000000
50272  -16.082  -18.142  63.690 0.0000000000
51332  -17.503  -18.136  63.879 0.0000000000
51345  -17.890  -17.377  62.570 0.0000000000
51318  -18.217  -17.698  64.348 0.0000000000
51298  -18.134  -17.492  65.237 0.0000000000
81334  -53.158  9.589  34.151 0.0000000000
57946  -34.008  -10.818  54.185 0.0000000000
59187  -35.334  -10.185  53.144 0.0000000000
59209  -34.088  -10.774  52.150 0.0000000000
142381  -33.123  -9.488  50.796 0.0000000000
62599  -32.601  -7.911  51.364 0.0000000000
61474  -32.435  -8.296  52.740 0.0000000000
62589  -32.799  -7.801  52.561 0.0000000000
63582  -32.852  -7.236  52.184 0.0000000000
64636  -32.283  -5.425  53.001 0.0000000000
53414  -21.029  -15.747  59.661 0.0000000000
52455  -22.246  -16.688  60.249 0.0000000000
133844  -21.912  -16.075  59.290 0.0000000000
145019  -23.285  -16.625  58.864 0.0000000000
52473  -24.434  -16.868  58.207 0.0000000000
54548  -24.474  -15.268  57.611 0.0000000000
53457  -24.797  -15.732  57.406 0.0000000000
151067  -25.626  -17.236  57.914 0.0000000000
150099  -26.391  -16.710  56.940 0.0000000000
53470  -27.514  -15.957  55.918 0.0000000000
54572  -27.442  -14.609  55.144 0.0000000000
59132  -24.528  -10.101  56.292 0.0000000000
57916  -25.039  -11.347  55.385 0.0000000000
56840  -25.972  -12.777  54.711 0.0000000000
55691  -27.893  -13.763  55.160 0.0000000000
56842  -28.134  -12.020  55.330 0.0000000000
57918  -28.692  -11.337  55.329 0.0000000000
57941  -29.155  -10.966  54.745 0.0000000000
60365  -28.040  -9.019  52.529 0.0000000000
59183  -29.381  -10.653  53.154 0.0000000000
132456  -30.986  -11.279  54.756 0.0000000000
57943  -31.692  -11.332  54.088 0.0000000000
57945  -33.344  -11.205  54.208 0.0000000000
54515  -20.503  -14.087  59.237 0.0000000000
68234  -40.475  -2.316  42.592 0.0000000000
140786  -39.216  2.274  41.836 0.0000000000
72657  -40.599  1.759  40.959 0.0000000000
72658  -41.466  1.665  40.852 0.0000000000
74812  -41.721  3.412  40.114 0.0000000000
73754  -41.825  2.488  40.449 0.0000000000
72651  -42.878  1.253  41.227 0.0000000000
71588  -43.927  0.733  41.830 0.0000000000
79145  -49.915  7.758  34.604 0.0000000000
81331  -49.705  9.208  34.395 0.0000000000
82349  -50.215  10.833  35.146 0.0000000000
49133  -10.600  -18.935  73.312 0.0000000000
48006  -10.651  -19.996  73.640 0.0000000000
46931  -11.661  -21.539  72.424 0.0000000000
46914  -11.606  -21.834  74.302 0.0000000000
133971  -11.411  -21.512  75.103 0.0000000000
141989  -12.714  -22.707  75.869 0.0000000000
60369  -35.659  -9.632  52.419 0.0000000000
135096  -36.028  -9.092  51.752 0.0000000000
62611  -36.264  -7.709  50.728 0.0000000000
141587  -33.666  -7.512  49.515 0.0000000000
62624  -34.879  -7.246  49.493 0.0000000000
131606  -36.547  -6.923  51.030 0.0000000000
64691  -36.329  -5.486  50.688 0.0000000000
65749  -36.047  -4.619  50.719 0.0000000000
65748  -35.083  -3.980  50.325 0.0000000000
146514  -29.375  -3.728  50.638 0.0000000000
66927  -29.775  -3.931  49.243 0.0000000000
68139  -29.370  -2.174  48.796 0.0000000000
66952  -30.227  -3.447  48.528 0.0000000000
66928  -30.646  -4.197  49.048 0.0000000000
149500  -32.238  -4.123  49.181 0.0000000000
136903  -33.645  -3.376  49.368 0.0000000000
68175  -33.958  -2.635  46.776 0.0000000000
131624  -34.636  -2.990  47.117 0.0000000000
65854  -37.757  -4.747  45.156 0.0000000000
138494  -37.479  -4.066  44.335 0.0000000000
68217  -37.386  -2.601  43.312 0.0000000000
69380  -35.100  -1.718  43.627 0.0000000000
69382  -36.813  -1.826  43.346 0.0000000000
69391  -37.507  -1.697  42.897 0.0000000000
148483  -37.139  -0.417  43.117 0.0000000000
150219  -37.742  0.707  43.218 0.0000000000
52443  -23.129  -17.100  61.815 0.0000000000
51348  -24.344  -17.299  62.247 0.0000000000
52429  -26.541  -16.931  62.513 0.0000000000
50183  -10.834  -18.326  70.205 0.0000000000
51254  -11.357  -17.186  68.340 0.0000000000
50204  -11.659  -18.358  68.699 0.0000000000
145309  -11.675  -19.793  70.046 0.0000000000
48042  -12.637  -20.899  69.513 0.0000000000
51296  -14.242  -17.534  64.672 0.0000000000
49248  -14.230  -19.049  65.805 0.0000000000
49232  -14.633  -19.616  66.353 0.0000000000
150141  -11.792  -21.170  81.513 0.0000000000
47950  -10.996  -20.915  80.971 0.0000000000
46871  -10.515  -20.475  80.324 0.0000000000
60327  -35.880  -9.491  55.063 0.0000000000
141572  -21.158  -16.470  61.105 0.0000000000
52441  -21.587  -16.607  61.794 0.0000000000
130706  -21.887  -16.706  61.110 0.0000000000
59152  -34.554  -10.375  55.533 0.0000000000
52440  -20.386  -16.400  61.163 0.0000000000
73721  -38.646  2.080  42.942 0.0000000000
79089  -43.121  7.259  39.199 0.0000000000
79101  -43.658  7.369  38.496 0.0000000000
80199  -44.266  8.227  38.629 0.0000000000
72572  -31.797  1.762  46.082 0.0000000000
53472  -29.217  -15.594  56.826 0.0000000000
52485  -29.148  -16.303  57.337 0.0000000000
53459  -29.677  -15.543  57.711 0.0000000000
149885  -51.147  9.560  34.146 0.0000000000
81340  -51.620  8.899  33.639 0.0000000000
63569  -37.452  -6.588  53.445 0.0000000000
63583  -37.000  -6.665  51.878 0.0000000000
149584  -29.748  -10.922  56.127 0.0000000000
57901  -29.733  -10.819  56.825 0.0000000000
59133  -30.387  -10.656  57.129 0.0000000000
53392  -16.671  -14.795  62.540 0.0000000000
139609  -17.345  -16.177  61.754 0.0000000000
60380  -31.078  -9.381  51.594 0.0000000000
151783  -31.695  -9.527  51.360 0.0000000000
54532  -22.840  -14.377  57.931 0.0000000000
135414  -24.821  -11.712  57.739 0.0000000000
137204  -25.300  -13.431  57.109 0.0000000000
128487  -24.998  -12.524  57.238 0.0000000000
56821  -25.096  -12.891  56.317 0.0000000000
57882  -24.595  -11.393  56.967 0.0000000000
63548  -26.254  -6.796  54.757 0.0000000000
63532  -25.856  -6.603  55.528 0.0000000000
146889  -25.489  -8.031  54.631 0.0000000000
61465  -25.851  -8.364  54.011 0.0000000000
61471  -26.479  -8.593  53.411 0.0000000000
60379  -30.331  -8.785  51.886 0.0000000000
59225  -31.010  -10.134  51.851 0.0000000000
68218  -38.328  -2.966  43.171 0.0000000000
134871  -39.063  -3.389  43.484 0.0000000000
139840  -39.132  -2.888  42.913 0.0000000000
70507  -41.591  -0.613  41.711 0.0000000000
70508  -42.393  -0.248  41.764 0.0000000000
75889  -40.275  4.747  41.530 0.0000000000
142033  -40.156  4.077  41.284 0.0000000000
74814  -44.027  3.021  39.890 0.0000000000
73757  -44.494  2.574  40.554 0.0000000000
81327  -47.696  9.749  35.341 0.0000000000
49173  -11.238  -19.215  70.494 0.0000000000
49159  -11.050  -19.481  71.215 0.0000000000
139152  -32.918  -8.346  50.493 0.0000000000
61511  -33.789  -8.761  49.916 0.0000000000
64707  -32.201  -6.069  49.625 0.0000000000
68155  -31.366  -2.375  47.192 0.0000000000
68141  -33.688  -3.006  48.185 0.0000000000
68201  -33.768  -2.313  44.824 0.0000000000
67016  -34.797  -3.383  44.831 0.0000000000
67004  -35.269  -3.890  45.359 0.0000000000
65853  -35.589  -3.714  44.631 0.0000000000
51386  -24.638  -17.342  58.929 0.0000000000
51376  -24.915  -17.499  60.540 0.0000000000
51377  -25.621  -17.489  60.041 0.0000000000
49214  -13.266  -19.591  67.321 0.0000000000
50216  -12.486  -18.789  67.571 0.0000000000
48068  -13.896  -20.292  67.731 0.0000000000
50262  -16.947  -18.527  64.526 0.0000000000
137403  -16.477  -18.830  64.991 0.0000000000
47998  -10.626  -20.178  74.631 0.0000000000
49112  -10.538  -19.293  75.215 0.0000000000
62564  -37.026  -7.909  54.211 0.0000000000
52408  -21.144  -16.348  63.507 0.0000000000
52425  -22.405  -16.589  63.031 0.0000000000
128069  -23.126  -16.715  63.424 0.0000000000
57922  -32.491  -11.429  55.647 0.0000000000
57904  -32.548  -11.327  56.397 0.0000000000
55622  -19.977  -12.903  59.892 0.0000000000
53411  -18.810  -15.265  60.491 0.0000000000
139897  -18.166  -15.061  60.857 0.0000000000
52407  -20.421  -16.474  63.424 0.0000000000
63550  -28.283  -6.806  54.530 0.0000000000
63552  -30.012  -7.240  55.206 0.0000000000
62577  -30.095  -8.073  52.944 0.0000000000
72648  -40.048  1.147  41.202 0.0000000000
76972  -41.754  6.063  40.088 0.0000000000
76979  -42.777  5.185  38.968 0.0000000000
75924  -43.442  4.868  38.804 0.0000000000
75925  -44.771  4.268  39.038 0.0000000000
75946  -44.225  5.017  38.597 0.0000000000
76991  -44.783  5.552  38.093 0.0000000000
77000  -45.247  6.121  37.573 0.0000000000
134717  -45.925  6.381  37.228 0.0000000000
80206  -45.226  8.663  37.461 0.0000000000
64651  -31.822  -5.705  52.055 0.0000000000
141735  -30.069  -4.785  51.081 0.0000000000
153634  -29.682  -4.380  50.656 0.0000000000
71525  -31.225  0.399  46.616 0.0000000000
140893  -30.921  -0.104  47.149 0.0000000000
143069  -31.119  -0.861  46.970 0.0000000000
139522  -31.534  -0.822  46.346 0.0000000000
69351  -32.137  -1.432  46.124 0.0000000000
71537  -32.186  0.552  45.189 0.0000000000
70462  -32.283  -0.286  45.138 0.0000000000
70470  -32.882  -0.668  44.709 0.0000000000
148451  -33.339  -0.097  44.254 0.0000000000
73706  -33.842  1.985  44.700 0.0000000000
51410  -27.192  -17.386  57.765 0.0000000000
51389  -27.373  -17.406  59.294 0.0000000000
51390  -28.140  -17.166  59.106 0.0000000000
52468  -29.375  -16.318  59.352 0.0000000000
52459  -29.130  -16.351  60.281 0.0000000000
51277  -12.894  -17.120  65.793 0.0000000000
50231  -12.793  -17.881  66.309 0.0000000000
46901  -11.699  -21.525  76.908 0.0000000000
46887  -11.682  -20.835  78.961 0.0000000000
64653  -37.379  -5.240  52.598 0.0000000000
65733  -37.025  -4.732  51.880 0.0000000000
65719  -37.245  -4.062  52.467 0.0000000000
55664  -29.424  -13.104  57.176 0.0000000000
54479  -15.794  -14.849  63.683 0.0000000000
54470  -15.442  -14.433  64.371 0.0000000000
134139  -16.391  -17.064  62.782 0.0000000000
51330  -15.878  -17.278  63.238 0.0000000000
50273  -16.785  -18.374  63.931 0.0000000000
51333  -18.289  -17.569  63.376 0.0000000000
57964  -33.800  -11.059  53.462 0.0000000000
57981  -34.189  -10.952  52.873 0.0000000000
57980  -33.506  -11.123  52.647 0.0000000000
60381  -32.369  -9.603  51.112 0.0000000000
144153  -33.069  -10.166  51.195 0.0000000000
150649  -32.797  -9.181  50.783 0.0000000000
61501  -32.588  -8.747  50.860 0.0000000000
62579  -32.929  -8.055  53.539 0.0000000000
63568  -33.282  -7.251  53.227 0.0000000000
64652  -32.743  -6.368  52.606 0.0000000000
53430  -22.087  -15.465  58.540 0.0000000000
53445  -23.235  -15.694  57.907 0.0000000000
52464  -22.748  -16.034  58.479 0.0000000000
52472  -23.642  -16.359  58.089 0.0000000000
54549  -25.412  -15.037  57.059 0.0000000000
141670  -25.258  -16.272  57.264 0.0000000000
52481  -25.896  -16.864  57.341 0.0000000000
52496  -26.058  -16.186  56.731 0.0000000000
55688  -25.446  -13.285  55.589 0.0000000000
54559  -26.274  -15.013  55.767 0.0000000000
53484  -27.064  -15.247  55.456 0.0000000000
53485  -27.917  -15.367  55.568 0.0000000000
54571  -26.517  -14.379  55.015 0.0000000000
61454  -24.742  -7.971  56.338 0.0000000000
62534  -24.962  -7.131  56.822 0.0000000000
149130  -24.525  -8.599  56.667 0.0000000000
61446  -24.448  -8.992  57.250 0.0000000000
60312  -24.493  -9.302  56.494 0.0000000000
59149  -24.755  -10.356  55.564 0.0000000000
59165  -25.812  -10.352  54.351 0.0000000000
57938  -25.633  -11.206  54.710 0.0000000000
137663  -26.150  -11.893  54.583 0.0000000000
55690  -27.273  -13.192  54.736 0.0000000000
56841  -27.480  -12.239  54.822 0.0000000000
138013  -27.861  -12.826  55.134 0.0000000000
57917  -27.884  -11.375  54.645 0.0000000000
142227  -28.530  -11.119  54.578 0.0000000000
59169  -28.892  -10.907  53.911 0.0000000000
62575  -28.155  -7.373  53.650 0.0000000000
62586  -27.651  -7.868  53.036 0.0000000000
61484  -28.032  -8.317  52.706 0.0000000000
59204  -29.851  -10.232  52.498 0.0000000000
59203  -29.031  -10.058  52.601 0.0000000000
57960  -29.747  -10.954  53.876 0.0000000000
57961  -30.796  -11.028  53.828 0.0000000000
57962  -32.235  -11.285  53.355 0.0000000000
57963  -33.028  -11.299  53.383 0.0000000000
54516  -21.230  -14.293  58.731 0.0000000000
137740  -21.178  -13.412  58.962 0.0000000000
53428  -20.648  -14.964  59.277 0.0000000000
65825  -39.321  -4.896  46.218 0.0000000000
67020  -40.558  -3.547  44.281 0.0000000000
152935  -40.641  -3.836  44.887 0.0000000000
69393  -39.299  -1.672  42.132 0.0000000000
73734  -39.141  2.765  42.393 0.0000000000
73746  -40.284  2.706  40.982 0.0000000000
75906  -41.753  4.291  39.852 0.0000000000
138082  -41.249  4.070  40.238 0.0000000000
73755  -42.752  2.409  40.351 0.0000000000
72659  -42.352  1.782  40.780 0.0000000000
147619  -43.299  0.816  41.582 0.0000000000
132821  -43.692  1.399  41.402 0.0000000000
72652  -44.570  1.441  41.684 0.0000000000
75926  -45.604  4.315  39.204 0.0000000000
79125  -47.580  7.311  36.136 0.0000000000
79127  -49.426  7.321  36.001 0.0000000000
79137  -49.288  7.695  35.074 0.0000000000
141020  -48.492  10.173  35.034 0.0000000000
81328  -49.414  10.176  34.752 0.0000000000
49144  -10.721  -18.964  72.413 0.0000000000
134049  -10.637  -18.318  72.773 0.0000000000
46941  -12.357  -22.100  71.769 0.0000000000
46932  -12.305  -22.314  72.694 0.0000000000
45830  -12.542  -22.660  74.457 0.0000000000
46923  -12.344  -22.464  73.562 0.0000000000
45822  -11.881  -22.068  75.008 0.0000000000
45823  -12.341  -22.419  75.414 0.0000000000
45810  -13.328  -23.063  76.840 0.0000000000
59210  -35.033  -10.177  52.268 0.0000000000
61502  -35.640  -8.918  50.852 0.0000000000
132095  -36.264  -8.402  51.238 0.0000000000
152211  -35.844  -8.292  50.515 0.0000000000
62621  -32.901  -7.393  49.727 0.0000000000
63619  -32.380  -6.781  49.754 0.0000000000
141825  -33.875  -6.204  49.416 0.0000000000
63621  -34.102  -6.959  49.372 0.0000000000
145273  -36.072  -7.054  50.325 0.0000000000
63606  -35.518  -6.552  49.799 0.0000000000
63607  -36.223  -6.256  50.435 0.0000000000
152931  -33.681  -4.637  49.505 0.0000000000
65773  -34.872  -4.883  49.863 0.0000000000
69293  -28.973  -1.747  50.321 0.0000000000
68108  -29.075  -2.722  50.651 0.0000000000
66926  -29.301  -3.420  49.794 0.0000000000
65767  -29.598  -4.250  49.981 0.0000000000
70431  -29.922  -0.583  48.334 0.0000000000
70423  -29.477  -0.738  49.201 0.0000000000
69324  -29.506  -1.426  48.608 0.0000000000
66970  -30.754  -3.026  47.796 0.0000000000
152250  -31.573  -4.083  48.915 0.0000000000
65747  -34.388  -2.894  50.141 0.0000000000
66930  -34.152  -2.736  49.633 0.0000000000
68158  -34.311  -2.769  47.713 0.0000000000
68174  -33.321  -2.356  46.251 0.0000000000
66973  -35.372  -3.181  47.643 0.0000000000
65822  -36.755  -4.884  46.605 0.0000000000
65823  -37.622  -5.138  46.562 0.0000000000
65824  -38.475  -5.101  46.412 0.0000000000
65840  -37.941  -5.099  45.855 0.0000000000
67030  -35.980  -3.275  43.987 0.0000000000
67031  -36.884  -3.376  43.808 0.0000000000
67032  -37.680  -3.384  43.655 0.0000000000
150633  -34.449  -0.484  43.655 0.0000000000
70479  -35.058  -0.664  43.535 0.0000000000
141926  -36.394  -1.131  43.433 0.0000000000
70481  -37.022  -1.054  43.201 0.0000000000
71561  -37.078  0.124  43.552 0.0000000000
134539  -22.633  -16.974  61.135 0.0000000000
52427  -24.890  -17.195  62.899 0.0000000000
52411  -24.644  -17.021  63.714 0.0000000000
52412  -25.495  -17.025  63.538 0.0000000000
51365  -26.939  -17.163  61.030 0.0000000000
51364  -26.176  -17.323  61.260 0.0000000000
52430  -27.163  -16.734  62.214 0.0000000000
142664  -30.488  -14.663  58.853 0.0000000000
51203  -10.601  -17.563  70.420 0.0000000000
144924  -10.852  -17.556  69.614 0.0000000000
52332  -11.414  -16.343  67.890 0.0000000000
50194  -11.816  -19.061  68.960 0.0000000000
49184  -12.149  -19.995  69.357 0.0000000000
51315  -14.800  -17.809  64.146 0.0000000000
132290  -14.730  -18.820  65.271 0.0000000000
49249  -15.067  -19.290  65.737 0.0000000000
49233  -15.354  -19.545  66.369 0.0000000000
44722  -10.766  -22.417  80.532 0.0000000000
45784  -10.884  -21.435  81.139 0.0000000000
46872  -10.586  -21.012  80.688 0.0000000000
46880  -10.042  -21.034  80.161 0.0000000000
59151  -33.789  -10.902  56.073 0.0000000000
53427  -19.936  -14.742  59.656 0.0000000000
53412  -19.489  -15.378  60.171 0.0000000000
52439  -19.526  -16.441  61.215 0.0000000000
62544  -31.069  -7.622  55.343 0.0000000000
71571  -38.221  0.545  42.318 0.0000000000
70504  -38.692  -0.052  41.796 0.0000000000
72646  -38.590  1.241  42.023 0.0000000000
72647  -39.190  1.472  41.632 0.0000000000
78023  -42.281  6.376  39.566 0.0000000000
78024  -42.716  6.674  39.137 0.0000000000
76990  -43.949  5.940  38.205 0.0000000000
78039  -43.898  6.797  37.958 0.0000000000
78052  -44.566  6.849  37.497 0.0000000000
79112  -44.865  7.482  37.341 0.0000000000
80205  -44.677  8.172  37.717 0.0000000000
65707  -30.446  -3.937  52.855 0.0000000000
66882  -29.773  -3.644  52.192 0.0000000000
149993  -31.400  -0.060  46.008 0.0000000000
71536  -31.571  0.827  45.852 0.0000000000
72607  -32.713  1.022  44.798 0.0000000000
72589  -32.953  1.799  45.050 0.0000000000
52484  -28.396  -16.804  57.085 0.0000000000
51398  -28.267  -17.117  58.407 0.0000000000
52475  -28.728  -16.781  57.937 0.0000000000
52476  -29.494  -16.190  58.381 0.0000000000
139698  -29.924  -15.856  59.094 0.0000000000
52372  -13.272  -16.414  65.391 0.0000000000
51295  -13.549  -17.292  65.231 0.0000000000
79151  -50.789  8.004  33.853 0.0000000000
79152  -51.386  7.705  33.755 0.0000000000
45803  -12.806  -22.153  78.577 0.0000000000
46895  -12.230  -21.690  78.213 0.0000000000
46882  -12.167  -21.026  80.854 0.0000000000
145163  -37.569  -5.732  53.375 0.0000000000
64675  -37.072  -5.720  51.904 0.0000000000
133248  -29.427  -11.373  56.876 0.0000000000
59111  -30.352  -10.709  57.940 0.0000000000
55607  -18.225  -13.435  61.372 0.0000000000
55606  -17.715  -13.828  61.673 0.0000000000
55592  -17.440  -13.488  62.385 0.0000000000
55579  -17.258  -13.020  63.101 0.0000000000
54488  -16.846  -13.865  62.800 0.0000000000
53385  -16.202  -15.418  62.910 0.0000000000
51344  -17.045  -17.263  62.570 0.0000000000
51334  -19.099  -17.081  63.173 0.0000000000
59207  -32.182  -10.867  51.902 0.0000000000
59208  -33.109  -10.865  51.796 0.0000000000
53443  -21.999  -14.659  58.313 0.0000000000
53455  -23.388  -15.143  57.741 0.0000000000
55651  -25.877  -14.235  58.402 0.0000000000
56810  -25.642  -13.605  57.991 0.0000000000
150393  -25.537  -14.466  56.533 0.0000000000
129766  -25.804  -14.915  56.345 0.0000000000
63516  -25.552  -6.476  56.382 0.0000000000
62543  -25.246  -7.243  55.906 0.0000000000
61460  -25.040  -8.164  55.389 0.0000000000
60326  -24.941  -9.695  55.103 0.0000000000
61464  -25.296  -8.929  54.662 0.0000000000
57939  -26.397  -10.984  54.380 0.0000000000
59166  -26.472  -10.198  53.837 0.0000000000
59180  -27.057  -10.099  53.402 0.0000000000
59181  -27.703  -10.324  53.293 0.0000000000
62588  -29.423  -8.158  52.733 0.0000000000
61485  -28.812  -8.488  52.564 0.0000000000
60367  -29.562  -9.326  52.193 0.0000000000
59205  -30.654  -10.435  52.360 0.0000000000
59185  -31.099  -10.853  52.883 0.0000000000
59206  -31.412  -10.650  52.122 0.0000000000
65855  -38.432  -4.358  44.598 0.0000000000
67019  -39.120  -3.947  44.193 0.0000000000
67033  -39.819  -3.540  43.860 0.0000000000
67034  -40.454  -3.137  43.547 0.0000000000
70492  -41.549  -1.251  42.061 0.0000000000
74810  -40.474  3.524  40.831 0.0000000000
74813  -43.145  2.985  39.855 0.0000000000
73747  -44.974  2.186  41.222 0.0000000000
153954  -46.484  8.001  36.069 0.0000000000
141626  -47.077  7.944  35.778 0.0000000000
80225  -48.085  8.858  35.118 0.0000000000
80226  -48.646  8.220  34.968 0.0000000000
152215  -48.243  9.484  35.011 0.0000000000
50158  -10.766  -18.977  71.733 0.0000000000
45817  -13.257  -23.150  76.013 0.0000000000
60391  -33.839  -9.319  50.375 0.0000000000
60383  -34.356  -9.726  50.937 0.0000000000
152398  -34.426  -9.316  50.377 0.0000000000
61512  -34.474  -8.864  49.937 0.0000000000
61524  -34.087  -8.238  49.585 0.0000000000
64710  -35.065  -5.737  49.662 0.0000000000
68154  -30.475  -2.241  47.590 0.0000000000
66954  -32.061  -3.789  48.311 0.0000000000
68189  -33.484  -2.281  45.455 0.0000000000
141622  -33.771  -2.642  45.965 0.0000000000
66990  -34.938  -3.670  46.121 0.0000000000
139237  -36.049  -4.316  46.912 0.0000000000
65821  -35.725  -4.314  46.057 0.0000000000
65839  -36.472  -4.695  45.824 0.0000000000
149787  -36.869  -4.572  45.098 0.0000000000
71559  -35.491  0.195  43.662 0.0000000000
71560  -36.335  0.160  43.727 0.0000000000
52465  -23.491  -17.060  59.622 0.0000000000
51375  -23.884  -17.379  60.635 0.0000000000
51363  -25.423  -17.421  61.380 0.0000000000
50230  -12.300  -17.930  67.140 0.0000000000
51234  -11.822  -17.995  68.066 0.0000000000
146662  -12.690  -19.468  67.927 0.0000000000
48054  -12.945  -20.685  68.783 0.0000000000
50260  -15.440  -18.344  64.163 0.0000000000
62582  -37.313  -7.304  53.729 0.0000000000
52394  -21.111  -16.077  64.990 0.0000000000
52395  -22.606  -16.395  64.716 0.0000000000
147089  -21.847  -16.395  63.492 0.0000000000
52409  -22.450  -16.458  63.852 0.0000000000
142589  -31.100  -11.216  55.494 0.0000000000
55620  -18.654  -13.511  60.817 0.0000000000
54498  -18.120  -14.163  61.035 0.0000000000
53401  -17.722  -15.657  61.328 0.0000000000
52437  -17.944  -16.399  61.497 0.0000000000
52422  -19.164  -16.875  62.001 0.0000000000
151925  -19.163  -16.984  62.623 0.0000000000
61487  -30.429  -8.452  52.189 0.0000000000
61473  -31.507  -8.400  52.802 0.0000000000
63533  -26.618  -6.307  55.278 0.0000000000
128682  -26.897  -6.560  54.627 0.0000000000
62558  -26.695  -7.071  54.144 0.0000000000
63549  -27.453  -6.860  54.228 0.0000000000
62559  -28.984  -7.290  54.114 0.0000000000
62576  -29.105  -7.719  53.307 0.0000000000
68232  -38.781  -2.312  42.593 0.0000000000
69410  -39.799  -1.028  41.688 0.0000000000
70506  -40.248  -0.448  41.500 0.0000000000
137934  -40.927  -0.176  41.419 0.0000000000
72649  -40.999  0.793  41.098 0.0000000000
75890  -40.738  5.178  41.029 0.0000000000
76971  -41.269  5.636  40.612 0.0000000000
75923  -42.331  4.706  39.454 0.0000000000
76978  -42.195  5.597  39.450 0.0000000000
74824  -44.415  3.656  39.492 0.0000000000
79113  -45.497  7.511  36.893 0.0000000000
79123  -46.059  7.717  36.471 0.0000000000
80214  -46.077  8.489  36.385 0.0000000000
48024  -11.998  -21.118  70.832 0.0000000000
48023  -11.370  -20.356  71.408 0.0000000000
63594  -32.467  -7.295  51.066 0.0000000000
63593  -31.859  -6.553  50.434 0.0000000000
65731  -30.773  -5.234  51.549 0.0000000000
64689  -31.180  -5.780  50.247 0.0000000000
64705  -30.548  -5.193  49.996 0.0000000000
71504  -30.820  0.923  48.187 0.0000000000
71513  -30.545  0.095  47.847 0.0000000000
68172  -31.998  -2.017  46.689 0.0000000000
69369  -33.223  -1.618  44.916 0.0000000000
69370  -33.914  -1.821  44.349 0.0000000000
69379  -34.485  -1.978  43.963 0.0000000000
70478  -33.965  -0.330  43.817 0.0000000000
131769  -33.270  0.703  44.394 0.0000000000
72609  -33.848  1.174  44.285 0.0000000000
150266  -34.371  0.874  43.962 0.0000000000
150467  -34.568  1.494  44.282 0.0000000000
72610  -35.476  1.551  44.372 0.0000000000
51395  -25.954  -17.501  58.535 0.0000000000
51388  -26.392  -17.519  59.479 0.0000000000
51379  -27.157  -17.325  60.193 0.0000000000
52457  -27.814  -16.882  60.767 0.0000000000
134398  -28.651  -16.747  59.650 0.0000000000
52458  -28.427  -16.732  60.299 0.0000000000
52333  -11.846  -16.436  67.146 0.0000000000
134867  -12.254  -15.959  66.600 0.0000000000
49231  -13.749  -19.322  66.494 0.0000000000
51297  -17.546  -17.808  65.716 0.0000000000
47991  -11.001  -20.867  75.631 0.0000000000
47990  -10.628  -20.092  75.543 0.0000000000
47981  -11.228  -20.906  76.640 0.0000000000
138589  -11.042  -20.185  77.313 0.0000000000
46894  -11.824  -21.383  77.788 0.0000000000
47971  -11.094  -19.687  78.344 0.0000000000
47964  -11.004  -19.510  79.504 0.0000000000
74790  -39.544  3.584  42.771 0.0000000000
74791  -39.953  4.332  42.785 0.0000000000
75879  -40.325  4.970  42.429 0.0000000000
65718  -36.517  -3.111  51.938 0.0000000000
54560  -28.588  -14.095  55.750 0.0000000000
131841  -29.591  -14.760  57.256 0.0000000000
149063  -29.445  -14.027  56.958 0.0000000000
55562  -15.789  -13.691  64.817 0.0000000000
54469  -14.869  -14.809  64.615 0.0000000000
53375  -14.466  -15.688  64.535 0.0000000000
151387  -14.858  -16.101  64.029 0.0000000000
52420  -17.499  -16.822  62.059 0.0000000000
143721  -17.533  -17.708  63.133 0.0000000000
51317  -17.552  -18.172  64.778 0.0000000000
81333  -52.114  9.563  34.118 0.0000000000
57924  -34.617  -10.535  54.614 0.0000000000
59170  -35.323  -10.254  54.060 0.0000000000
59186  -34.624  -10.714  53.568 0.0000000000
132937  -34.670  -10.623  52.696 0.0000000000
59228  -33.810  -10.324  51.429 0.0000000000
60382  -33.627  -9.820  50.930 0.0000000000
61488  -31.599  -8.506  51.871 0.0000000000
153830  -32.646  -5.147  53.574 0.0000000000
52454  -21.454  -16.359  60.268 0.0000000000
135015  -22.753  -16.616  59.437 0.0000000000
52466  -23.919  -16.989  58.853 0.0000000000
152736  -24.912  -14.802  58.042 0.0000000000
54535  -25.418  -14.635  57.822 0.0000000000
52480  -24.453  -16.334  57.659 0.0000000000
52474  -25.077  -16.844  57.748 0.0000000000
51394  -25.138  -17.279  58.362 0.0000000000
51409  -26.368  -17.374  57.845 0.0000000000
52482  -26.731  -17.088  57.223 0.0000000000
52483  -27.543  -17.049  57.063 0.0000000000
53468  -26.087  -15.444  56.377 0.0000000000
52497  -26.961  -16.538  56.562 0.0000000000
52498  -27.895  -16.518  56.375 0.0000000000
133833  -28.161  -16.026  55.922 0.0000000000
53486  -28.518  -14.882  55.779 0.0000000000
59108  -24.496  -10.596  56.831 0.0000000000
57898  -24.628  -10.952  56.173 0.0000000000
131548  -25.231  -12.392  55.536 0.0000000000
56839  -25.605  -12.840  55.085 0.0000000000
56862  -25.558  -12.105  54.942 0.0000000000
54588  -27.165  -13.936  54.726 0.0000000000
55675  -28.471  -12.892  55.736 0.0000000000
56822  -28.653  -11.831  55.898 0.0000000000
57919  -29.434  -11.025  55.498 0.0000000000
57920  -30.248  -11.001  55.487 0.0000000000
137953  -26.953  -7.990  53.155 0.0000000000
60352  -27.411  -9.611  52.874 0.0000000000
59182  -28.543  -10.508  53.203 0.0000000000
60366  -28.800  -9.258  52.430 0.0000000000
59202  -28.216  -9.863  52.699 0.0000000000
57942  -30.047  -11.023  54.705 0.0000000000
57921  -31.937  -11.482  55.028 0.0000000000
143833  -31.567  -11.124  53.356 0.0000000000
57944  -32.535  -11.405  54.182 0.0000000000
130961  -32.900  -11.395  54.996 0.0000000000
152844  -34.340  -10.582  55.069 0.0000000000
55635  -20.482  -13.359  59.428 0.0000000000
65843  -40.410  -4.227  45.409 0.0000000000
68220  -40.284  -2.729  42.974 0.0000000000
73745  -39.511  2.852  41.624 0.0000000000
141023  -39.767  2.055  41.332 0.0000000000
74811  -41.033  3.631  40.436 0.0000000000
73753  -41.065  2.972  40.524 0.0000000000
72650  -41.981  1.026  41.129 0.0000000000
70509  -43.265  0.113  41.901 0.0000000000
142109  -50.510  7.378  34.671 0.0000000000
80232  -49.372  8.360  34.591 0.0000000000
80233  -50.162  8.380  34.161 0.0000000000
148674  -50.403  9.181  34.115 0.0000000000
82359  -50.429  10.003  34.544 0.0000000000
151821  -51.113  10.112  34.590 0.0000000000
148934  -50.920  11.189  35.571 0.0000000000
151451  -10.467  -18.408  74.022 0.0000000000
49122  -10.490  -19.193  74.272 0.0000000000
48015  -11.190  -20.567  72.192 0.0000000000
48007  -10.993  -20.806  73.029 0.0000000000
46922  -11.592  -21.719  73.318 0.0000000000
134518  -10.878  -21.009  73.933 0.0000000000
47999  -10.948  -21.026  74.772 0.0000000000
46909  -12.186  -22.172  76.282 0.0000000000
45816  -12.706  -22.602  76.596 0.0000000000
45809  -12.746  -22.421  77.508 0.0000000000
60340  -35.806  -9.734  54.383 0.0000000000
59230  -35.210  -9.614  51.451 0.0000000000
60370  -36.269  -9.133  52.685 0.0000000000
150534  -36.963  -8.001  52.607 0.0000000000
62600  -36.778  -7.660  51.748 0.0000000000
62623  -34.336  -7.618  49.464 0.0000000000
61525  -34.819  -8.109  49.602 0.0000000000
62610  -35.580  -7.692  49.964 0.0000000000
63595  -36.703  -6.058  51.170 0.0000000000
64690  -35.642  -5.373  50.166 0.0000000000
66904  -35.636  -3.641  50.890 0.0000000000
66902  -29.369  -3.272  51.454 0.0000000000
68092  -29.243  -2.522  51.537 0.0000000000
65768  -30.126  -4.596  49.663 0.0000000000
69310  -29.169  -1.552  49.424 0.0000000000
152253  -29.613  -1.928  48.313 0.0000000000
66951  -29.509  -3.058  48.944 0.0000000000
65769  -31.453  -4.580  49.293 0.0000000000
65771  -33.126  -4.189  49.378 0.0000000000
66903  -34.982  -2.597  50.661 0.0000000000
68123  -34.546  -2.122  49.574 0.0000000000
65841  -38.684  -4.825  45.460 0.0000000000
68214  -34.899  -2.428  43.916 0.0000000000
68215  -35.565  -2.528  43.765 0.0000000000
139801  -35.716  -1.183  43.528 0.0000000000
69381  -36.022  -1.846  43.549 0.0000000000
70489  -37.553  -0.821  42.694 0.0000000000
71570  -37.571  -0.012  42.753 0.0000000000
72624  -38.236  1.373  43.523 0.0000000000
51361  -23.809  -17.319  61.603 0.0000000000
51347  -23.664  -17.177  62.274 0.0000000000
52426  -23.943  -17.012  63.017 0.0000000000
51350  -25.961  -17.233  61.980 0.0000000000
52413  -26.355  -16.841  63.326 0.0000000000
52428  -25.735  -17.130  62.731 0.0000000000
54536  -30.139  -14.756  58.050 0.0000000000
53432  -30.306  -15.303  59.373 0.0000000000
127290  -11.007  -17.193  68.989 0.0000000000
50203  -11.330  -17.745  68.847 0.0000000000
50193  -11.326  -18.311  69.331 0.0000000000
49183  -11.510  -19.081  69.725 0.0000000000
48033  -12.093  -20.571  70.070 0.0000000000
46965  -13.229  -21.300  69.468 0.0000000000
52373  -13.912  -16.553  64.794 0.0000000000
50259  -14.752  -18.367  64.672 0.0000000000
50244  -13.998  -18.239  65.311 0.0000000000
50232  -16.504  -18.866  66.256 0.0000000000
48085  -15.007  -19.987  66.925 0.0000000000
81341  -52.574  9.003  33.511 0.0000000000
140833  -11.397  -20.846  81.105 0.0000000000
44723  -11.285  -22.419  81.510 0.0000000000
46873  -11.421  -21.405  81.516 0.0000000000
47959  -11.012  -20.447  80.530 0.0000000000
45802  -10.385  -22.585  79.551 0.0000000000
45794  -9.928  -21.821  79.463 0.0000000000
136041  -9.829  -20.445  80.008 0.0000000000
51397  -27.638  -17.383  58.452 0.0000000000
52444  -26.698  -17.042  61.770 0.0000000000
53469  -26.677  -15.735  56.117 0.0000000000
53471  -28.629  -15.511  56.094 0.0000000000
54573  -28.113  -14.575  55.440 0.0000000000
55701  -26.563  -13.441  54.676 0.0000000000
56863  -26.714  -12.539  54.600 0.0000000000
59153  -35.289  -10.032  54.873 0.0000000000
60325  -24.629  -9.542  55.769 0.0000000000
60339  -25.412  -9.785  54.561 0.0000000000
61472  -27.227  -8.658  52.834 0.0000000000
62573  -26.461  -7.791  53.691 0.0000000000
67005  -40.990  -3.873  45.328 0.0000000000
79146  -50.436  7.773  34.232 0.0000000000
80236  -51.302  8.253  33.648 0.0000000000
131726  -28.524  -16.519  60.800 0.0000000000
133585  -36.955  -7.814  55.041 0.0000000000
134402  -24.966  -17.500  59.677 0.0000000000
136217  -35.920  -9.602  53.136 0.0000000000
140960  -24.832  -9.024  55.357 0.0000000000
148024  -23.288  -17.198  61.117 0.0000000000
150952  -34.595  -10.508  52.218 0.0000000000
151405  -35.721  -3.773  47.304 0.0000000000
152905  -12.200  -21.651  71.278 0.0000000000
