#!ascii label  , from subject sub-v2s3x28824_ses-1 vox2ras=TkReg
2152
45877  -35.477  -51.073  -2.660 0.5000000000
47004  -36.285  -50.510  -2.189 0.5000000000
129591  -35.890  -49.932  -1.978 0.4000000060
47998  -36.786  -49.852  -1.873 0.5000000000
48899  -37.149  -48.283  -1.577 0.5000000000
71414  -32.088  -26.177  -1.805 0.5000000000
71406  -32.854  -25.400  -1.719 0.4000000060
72548  -33.994  -24.971  -2.064 0.4000000060
72529  -33.795  -25.322  -1.492 0.4000000060
72539  -34.786  -25.322  -1.604 0.6000000238
71407  -35.659  -25.708  -1.008 0.5000000000
72541  -36.819  -25.607  -1.725 0.5000000000
71408  -36.553  -25.976  -0.940 0.5000000000
71391  -38.098  -26.623  -0.228 0.5000000000
71409  -37.613  -26.104  -0.876 0.5000000000
126788  -38.051  -25.620  -1.758 0.4000000060
44871  -35.574  -52.591  -3.312 0.5000000000
45892  -36.225  -52.002  -2.758 0.4000000060
45878  -36.839  -51.268  -2.408 0.5000000000
45879  -37.735  -51.078  -2.664 0.5000000000
45880  -38.205  -50.815  -3.026 0.5000000000
48000  -38.180  -49.504  -2.620 0.5000000000
48913  -37.745  -48.693  -2.070 0.5000000000
49998  -37.445  -47.573  -1.805 0.5000000000
149792  -31.672  -27.097  -1.212 0.5000000000
68313  -31.516  -27.786  -1.264 0.5000000000
69242  -31.937  -26.681  -1.400 0.5000000000
69259  -32.145  -26.356  -1.800 0.5000000000
71422  -33.185  -25.399  -2.205 0.5000000000
72549  -34.854  -25.293  -2.131 0.6000000238
75671  -39.661  -22.460  -2.123 0.3000000119
138155  -39.601  -23.376  -1.374 0.3000000119
73515  -39.223  -24.644  -1.390 0.4000000060
45891  -35.013  -51.775  -3.145 0.5000000000
47999  -37.555  -49.678  -2.109 0.5000000000
47005  -37.280  -50.491  -2.216 0.5000000000
49997  -36.699  -47.594  -1.295 0.5000000000
128116  -34.179  -25.621  -2.519 0.6000000238
75659  -39.660  -22.561  -0.491 0.3000000119
33141  -44.586  -63.033  -5.168 0.3000000119
34248  -45.403  -62.712  -5.277 0.3000000119
33149  -45.105  -63.495  -5.774 0.4000000060
33150  -45.894  -63.132  -5.740 0.4000000060
147984  -45.207  -63.967  -6.235 0.4000000060
143250  -46.825  -63.923  -6.622 0.4000000060
33161  -47.595  -63.715  -6.507 0.4000000060
32009  -46.539  -64.715  -7.155 0.4000000060
34259  -50.332  -63.048  -7.254 0.4000000060
35316  -51.004  -62.688  -7.908 0.4000000060
34237  -44.860  -62.328  -4.772 0.3000000119
34238  -45.851  -61.983  -4.620 0.3000000119
35297  -47.353  -61.479  -4.364 0.4000000060
34249  -46.364  -62.546  -5.276 0.4000000060
131963  -47.433  -62.458  -5.255 0.4000000060
34250  -48.134  -62.252  -5.281 0.4000000060
34251  -49.130  -62.589  -6.218 0.4000000060
35312  -50.085  -62.144  -7.170 0.4000000060
36370  -50.310  -60.072  -9.392 0.4000000060
146966  -50.765  -62.266  -8.512 0.4000000060
37310  -46.707  -59.846  -3.213 0.3000000119
133439  -46.923  -60.361  -3.846 0.3000000119
37327  -47.006  -59.869  -4.790 0.3000000119
35304  -47.812  -61.685  -4.807 0.4000000060
37328  -47.506  -60.335  -5.525 0.4000000060
35305  -48.370  -61.834  -5.529 0.4000000060
36360  -48.318  -60.840  -6.351 0.4000000060
35315  -49.541  -61.122  -7.399 0.4000000060
134250  -50.548  -61.584  -8.314 0.4000000060
37340  -50.429  -58.805  -10.011 0.4000000060
36364  -50.397  -60.470  -9.235 0.4000000060
39494  -49.461  -57.319  -10.277 0.4000000060
39495  -49.922  -57.358  -10.261 0.4000000060
38362  -50.311  -58.740  -10.139 0.4000000060
38330  -46.430  -58.796  -3.373 0.3000000119
36326  -46.487  -60.095  -2.757 0.3000000119
136174  -46.631  -59.349  -4.133 0.3000000119
146252  -47.409  -58.915  -6.602 0.3000000119
37330  -47.809  -59.725  -6.586 0.3000000119
37331  -49.042  -59.961  -7.770 0.4000000060
132802  -49.542  -58.908  -8.846 0.4000000060
39492  -49.930  -57.178  -10.259 0.4000000060
38356  -50.011  -57.995  -9.757 0.4000000060
37335  -50.228  -59.720  -9.323 0.4000000060
149974  -49.758  -56.928  -10.267 0.4000000060
41791  -48.774  -55.617  -10.271 0.4000000060
38337  -46.522  -58.362  -4.376 0.3000000119
39480  -46.614  -57.951  -5.233 0.3000000119
129760  -46.611  -57.466  -5.914 0.3000000119
39483  -47.048  -57.537  -6.786 0.4000000060
38352  -47.512  -58.256  -7.153 0.4000000060
39487  -47.941  -57.492  -7.761 0.4000000060
37334  -48.170  -58.980  -7.492 0.4000000060
42876  -49.491  -54.511  -9.903 0.3000000119
136316  -49.278  -55.860  -9.292 0.4000000060
38355  -48.592  -58.171  -8.308 0.4000000060
41790  -49.612  -55.246  -10.132 0.3000000119
40649  -49.600  -56.341  -10.217 0.4000000060
144514  -49.649  -56.615  -9.672 0.4000000060
41792  -49.471  -55.492  -10.217 0.4000000060
40612  -45.850  -56.318  -2.564 0.3000000119
40621  -45.979  -56.217  -3.471 0.3000000119
135444  -45.663  -54.887  -2.789 0.3000000119
144572  -46.383  -57.909  -3.810 0.3000000119
39464  -46.259  -57.149  -3.676 0.3000000119
39470  -46.436  -57.419  -4.584 0.3000000119
40641  -46.453  -56.764  -5.411 0.3000000119
147138  -46.526  -57.386  -5.279 0.3000000119
40643  -46.748  -56.772  -6.479 0.3000000119
41785  -47.162  -56.061  -7.133 0.3000000119
41786  -48.160  -55.327  -8.066 0.3000000119
39486  -47.441  -56.808  -7.375 0.3000000119
41787  -49.338  -55.017  -9.434 0.3000000119
149648  -48.046  -56.180  -7.950 0.4000000060
130335  -49.284  -54.063  -10.009 0.3000000119
42875  -49.172  -54.065  -10.115 0.4000000060
145229  -48.646  -53.586  -9.894 0.4000000060
143755  -47.845  -53.476  -9.620 0.4000000060
41748  -45.784  -55.298  -3.571 0.3000000119
42843  -45.897  -54.854  -4.313 0.3000000119
40627  -46.221  -56.500  -4.422 0.3000000119
125135  -46.267  -55.878  -5.145 0.3000000119
41779  -46.975  -55.232  -6.837 0.3000000119
125423  -46.565  -55.980  -6.154 0.3000000119
42870  -48.798  -54.457  -8.735 0.3000000119
41780  -47.646  -54.451  -7.446 0.3000000119
138866  -49.069  -53.883  -9.424 0.3000000119
43910  -48.831  -53.540  -9.800 0.3000000119
43906  -48.196  -52.875  -9.529 0.3000000119
43905  -47.179  -53.007  -9.005 0.4000000060
42827  -45.730  -54.488  -3.612 0.3000000119
42818  -45.629  -53.980  -3.014 0.3000000119
41757  -45.990  -55.656  -4.307 0.3000000119
42844  -46.288  -54.380  -5.158 0.3000000119
44878  -45.788  -53.128  -3.214 0.3000000119
148989  -46.381  -52.316  -4.008 0.3000000119
130919  -46.134  -55.193  -4.926 0.3000000119
44879  -46.200  -52.187  -3.389 0.3000000119
128971  -48.200  -53.085  -7.773 0.3000000119
43894  -47.443  -53.524  -6.933 0.3000000119
42860  -46.792  -54.380  -6.339 0.3000000119
43900  -48.362  -53.738  -8.162 0.3000000119
138779  -48.661  -53.184  -8.807 0.3000000119
44924  -48.568  -53.029  -9.333 0.3000000119
44923  -47.961  -51.954  -9.301 0.3000000119
44915  -46.591  -52.206  -8.415 0.4000000060
44914  -45.810  -52.674  -7.392 0.5000000000
43877  -45.946  -54.082  -4.285 0.3000000119
43862  -45.814  -53.723  -3.716 0.3000000119
43878  -46.329  -53.402  -4.758 0.3000000119
150443  -46.040  -53.568  -4.167 0.3000000119
43887  -46.701  -53.547  -5.815 0.3000000119
125601  -46.696  -51.642  -4.109 0.3000000119
45897  -47.188  -50.849  -3.706 0.3000000119
47037  -47.732  -50.505  -4.013 0.3000000119
44916  -48.391  -52.614  -8.000 0.3000000119
45948  -48.107  -51.547  -9.151 0.3000000119
45944  -48.354  -52.041  -9.030 0.3000000119
47039  -49.581  -49.770  -4.662 0.3000000119
44927  -48.280  -52.609  -9.341 0.3000000119
45943  -47.871  -51.216  -9.118 0.3000000119
45942  -47.335  -51.525  -8.918 0.3000000119
44922  -47.503  -52.257  -9.143 0.3000000119
45935  -46.090  -51.643  -7.348 0.4000000060
44902  -46.766  -52.723  -5.412 0.3000000119
44893  -46.526  -52.479  -4.559 0.3000000119
43888  -47.151  -52.919  -6.211 0.3000000119
44903  -47.357  -52.191  -5.975 0.3000000119
45911  -47.000  -51.871  -5.073 0.3000000119
45912  -47.435  -51.012  -4.658 0.3000000119
44917  -48.468  -52.411  -8.647 0.3000000119
47048  -48.540  -50.358  -5.515 0.3000000119
142229  -48.874  -50.007  -4.912 0.3000000119
126959  -50.171  -49.393  -7.809 0.3000000119
149501  -49.420  -49.941  -6.384 0.3000000119
47071  -47.369  -50.559  -8.821 0.3000000119
45936  -46.652  -51.123  -8.303 0.3000000119
45929  -47.933  -51.637  -6.680 0.3000000119
45938  -48.458  -51.470  -8.432 0.3000000119
45937  -48.351  -51.942  -7.743 0.3000000119
44910  -47.758  -52.543  -7.026 0.3000000119
45930  -48.477  -51.128  -7.489 0.3000000119
45920  -48.317  -50.817  -6.326 0.3000000119
45919  -47.631  -51.350  -5.651 0.3000000119
138486  -48.248  -50.981  -8.910 0.3000000119
47067  -49.047  -49.729  -8.779 0.3000000119
126028  -47.952  -50.739  -5.353 0.3000000119
47072  -48.049  -50.646  -9.084 0.3000000119
48046  -49.604  -49.258  -8.962 0.3000000119
47060  -49.493  -49.851  -7.434 0.3000000119
48056  -49.322  -48.812  -9.167 0.3000000119
130171  -48.962  -50.231  -6.405 0.3000000119
126171  -49.884  -48.597  -9.250 0.3000000119
144185  -46.730  -50.200  -8.193 0.4000000060
48047  -50.320  -48.952  -9.419 0.3000000119
47058  -46.478  -49.914  -7.272 0.4000000060
48058  -51.196  -48.644  -10.059 0.3000000119
150792  -46.386  -50.740  -7.574 0.3000000119
47057  -46.042  -50.783  -6.758 0.4000000060
48998  -51.929  -48.553  -10.253 0.3000000119
45928  -45.596  -51.584  -6.374 0.5000000000
44901  -45.329  -52.336  -6.005 0.5000000000
47073  -48.388  -49.933  -8.989 0.3000000119
48055  -48.839  -49.063  -9.072 0.3000000119
48053  -47.301  -49.650  -8.548 0.4000000060
48988  -49.512  -48.365  -9.115 0.3000000119
48057  -50.627  -48.268  -9.488 0.3000000119
137410  -46.898  -49.212  -7.479 0.4000000060
48064  -51.262  -48.224  -10.043 0.4000000060
48989  -51.143  -48.040  -9.928 0.4000000060
48037  -46.044  -49.984  -6.276 0.5000000000
132589  -45.586  -50.807  -5.906 0.6000000238
48990  -51.629  -48.142  -9.976 0.3000000119
45910  -45.289  -50.868  -5.047 0.6000000238
135827  -47.866  -49.799  -9.009 0.3000000119
48054  -48.264  -49.134  -9.008 0.3000000119
48975  -48.410  -48.398  -8.378 0.3000000119
142435  -47.759  -49.163  -8.748 0.3000000119
48987  -48.786  -48.579  -8.960 0.3000000119
147009  -49.150  -48.630  -9.141 0.3000000119
48976  -49.075  -48.234  -8.739 0.4000000060
142699  -46.903  -49.539  -7.989 0.4000000060
48977  -49.711  -48.044  -9.033 0.4000000060
48038  -46.602  -49.182  -6.605 0.5000000000
48978  -50.555  -47.915  -9.169 0.4000000060
48966  -51.120  -47.875  -7.583 0.4000000060
48027  -46.586  -48.905  -5.832 0.5000000000
48026  -46.141  -49.385  -5.698 0.6000000238
48979  -51.341  -47.940  -9.093 0.4000000060
48967  -52.144  -48.067  -7.545 0.4000000060
47046  -45.640  -50.071  -5.440 0.6000000238
48980  -52.303  -48.240  -8.775 0.3000000119
47036  -45.383  -50.060  -4.649 0.6000000238
47035  -44.861  -50.866  -4.095 0.6000000238
48965  -48.724  -48.223  -7.741 0.3000000119
48045  -47.400  -48.986  -8.140 0.3000000119
48963  -47.605  -48.549  -7.055 0.3000000119
127090  -49.322  -48.113  -7.403 0.4000000060
48973  -47.223  -48.791  -7.283 0.5000000000
126609  -49.299  -48.081  -8.333 0.4000000060
129813  -50.001  -47.995  -7.927 0.4000000060
48962  -47.019  -48.684  -6.408 0.5000000000
48947  -46.849  -48.642  -5.518 0.5000000000
48020  -46.230  -48.929  -5.047 0.6000000238
48953  -52.151  -47.966  -6.169 0.4000000060
48954  -53.013  -48.065  -6.223 0.4000000060
48019  -45.691  -49.330  -4.438 0.6000000238
48968  -53.241  -48.328  -7.272 0.4000000060
48955  -53.827  -48.052  -6.128 0.4000000060
48012  -44.914  -49.742  -3.069 0.6999999881
45883  -44.373  -51.390  -3.053 0.6999999881
48964  -48.120  -48.375  -6.788 0.4000000060
144676  -48.096  -48.364  -7.646 0.4000000060
48950  -48.912  -48.221  -6.362 0.4000000060
48938  -49.693  -48.128  -5.186 0.4000000060
48948  -47.458  -48.548  -6.107 0.4000000060
48949  -48.099  -48.415  -5.702 0.4000000060
48951  -49.832  -48.085  -6.502 0.4000000060
48937  -48.138  -48.365  -4.670 0.4000000060
141278  -50.565  -48.033  -5.564 0.4000000060
145811  -50.588  -47.958  -6.671 0.4000000060
48952  -51.339  -47.960  -5.879 0.4000000060
48941  -52.156  -47.798  -4.864 0.4000000060
48925  -46.533  -48.553  -3.735 0.6000000238
50039  -52.956  -47.750  -5.244 0.4000000060
50040  -53.737  -47.573  -5.431 0.4000000060
48934  -46.089  -48.809  -4.200 0.6000000238
48924  -45.890  -48.776  -3.422 0.6999999881
48013  -45.418  -49.244  -3.324 0.6999999881
50041  -54.541  -47.329  -5.780 0.4000000060
45882  -43.864  -51.361  -2.071 0.6999999881
142891  -48.778  -48.288  -5.199 0.4000000060
48936  -47.366  -48.477  -5.115 0.4000000060
48939  -50.586  -48.010  -4.638 0.4000000060
48935  -46.693  -48.591  -4.620 0.6000000238
48926  -47.396  -48.392  -4.030 0.5000000000
48940  -51.285  -47.916  -4.753 0.4000000060
48918  -47.097  -48.353  -3.034 0.6999999881
48917  -46.322  -48.509  -2.879 0.6999999881
50030  -52.820  -47.431  -4.553 0.4000000060
48916  -45.737  -48.739  -2.680 0.6999999881
51050  -54.078  -46.823  -5.123 0.4000000060
51042  -53.509  -46.594  -4.554 0.4000000060
47989  -44.788  -49.284  -1.892 0.6999999881
137662  -54.773  -46.335  -5.655 0.4000000060
48002  -44.555  -49.864  -2.313 0.6999999881
52185  -55.102  -45.706  -6.128 0.4000000060
52190  -55.485  -45.318  -7.041 0.4000000060
48920  -48.938  -48.087  -3.074 0.4000000060
48928  -49.127  -48.186  -4.133 0.4000000060
48919  -48.022  -48.246  -3.049 0.5000000000
48904  -46.911  -48.272  -2.091 0.6999999881
50029  -51.757  -47.683  -4.119 0.4000000060
50023  -52.361  -47.364  -4.043 0.4000000060
48903  -46.112  -48.429  -1.966 0.6999999881
50022  -51.651  -47.261  -3.462 0.4000000060
51033  -52.464  -46.683  -3.610 0.4000000060
48902  -45.337  -48.740  -1.765 0.6999999881
51034  -53.038  -46.465  -4.058 0.4000000060
52177  -53.375  -45.817  -4.400 0.4000000060
51043  -54.099  -46.075  -5.008 0.4000000060
52183  -53.911  -45.268  -5.192 0.4000000060
47988  -44.195  -49.683  -1.413 0.6999999881
52184  -54.572  -45.537  -5.697 0.4000000060
52189  -54.909  -45.022  -6.688 0.4000000060
52194  -55.017  -44.351  -8.001 0.4000000060
50020  -49.865  -47.873  -3.131 0.4000000060
48929  -50.223  -48.008  -3.969 0.4000000060
50010  -48.645  -47.809  -2.242 0.6000000238
50011  -49.482  -47.515  -2.389 0.5000000000
50012  -50.295  -47.237  -2.566 0.5000000000
50021  -50.745  -47.555  -3.231 0.4000000060
52154  -37.134  -45.934  -2.266 0.4000000060
51021  -37.560  -46.414  -2.851 0.5000000000
50002  -48.296  -47.467  -1.488 0.6000000238
51032  -51.750  -46.494  -3.009 0.4000000060
49988  -47.180  -47.258  -0.676 0.6000000238
52167  -52.278  -45.822  -3.303 0.4000000060
49987  -46.309  -47.428  -0.509 0.6000000238
52176  -52.789  -45.395  -3.986 0.4000000060
49986  -45.437  -47.619  -0.329 0.6999999881
48881  -44.562  -47.815  -0.053 0.6999999881
47982  -43.777  -49.297  -0.658 0.6999999881
53308  -54.341  -44.737  -6.152 0.4000000060
53315  -54.512  -44.316  -7.493 0.4000000060
54524  -54.400  -43.808  -8.098 0.4000000060
146078  -54.789  -43.641  -6.265 0.4000000060
51023  -49.805  -46.905  -2.019 0.5000000000
134171  -49.342  -46.501  -1.579 0.6000000238
50003  -49.068  -47.162  -1.719 0.5000000000
51024  -50.507  -46.512  -2.314 0.5000000000
53253  -35.863  -44.873  -2.149 0.3000000119
52153  -36.395  -45.211  -2.897 0.4000000060
51005  -46.744  -46.660  -0.173 0.6000000238
51015  -48.534  -46.663  -1.111 0.6000000238
51025  -51.192  -46.329  -2.624 0.4000000060
51004  -45.903  -46.889  0.081 0.6000000238
52166  -51.575  -45.846  -2.740 0.5000000000
50988  -44.705  -46.581  0.478 0.6999999881
53282  -52.289  -45.030  -3.686 0.4000000060
50987  -44.064  -46.330  0.608 0.8000000119
49974  -45.038  -47.089  0.251 0.6999999881
53295  -52.528  -44.648  -4.414 0.4000000060
53296  -53.275  -44.914  -4.704 0.4000000060
53307  -53.614  -44.551  -5.751 0.4000000060
53314  -53.791  -44.177  -7.083 0.4000000060
127766  -53.800  -43.395  -8.247 0.4000000060
54517  -54.400  -43.421  -7.024 0.4000000060
54510  -54.211  -43.355  -5.747 0.4000000060
52134  -48.280  -45.805  -0.755 0.6000000238
52145  -48.993  -45.870  -1.224 0.6000000238
52146  -49.650  -45.817  -1.641 0.5000000000
51016  -49.936  -46.350  -1.879 0.5000000000
53265  -35.888  -44.608  -2.909 0.4000000060
50990  -46.258  -46.182  0.285 0.6000000238
51006  -47.631  -46.465  -0.523 0.6000000238
53269  -50.569  -45.164  -2.392 0.5000000000
52163  -36.482  -44.963  -3.366 0.5000000000
52119  -44.829  -45.878  0.597 0.6999999881
50989  -45.436  -46.388  0.415 0.6999999881
53270  -51.136  -45.308  -2.699 0.5000000000
53276  -37.272  -45.033  -3.853 0.5000000000
53218  -44.136  -44.564  0.371 0.6999999881
52118  -43.945  -45.384  0.602 0.6999999881
53280  -50.747  -44.571  -3.082 0.5000000000
54480  -38.354  -43.371  -4.343 0.6999999881
54479  -37.594  -43.452  -3.617 0.6000000238
52116  -42.160  -45.533  0.306 0.6999999881
53217  -43.272  -44.563  0.370 0.6999999881
134054  -43.286  -46.119  0.612 0.6999999881
53293  -51.111  -44.337  -3.806 0.5000000000
55640  -38.672  -42.556  -4.460 0.6999999881
50985  -41.956  -46.445  0.304 0.6999999881
53294  -51.767  -44.445  -4.112 0.4000000060
52131  -41.379  -45.766  -0.189 0.6999999881
51003  -41.346  -46.645  -0.184 0.8000000119
53305  -51.855  -44.140  -5.185 0.4000000060
53306  -52.775  -44.338  -5.456 0.4000000060
53313  -52.974  -44.049  -6.781 0.4000000060
53319  -53.064  -43.537  -7.945 0.4000000060
55670  -54.041  -43.186  -7.790 0.4000000060
53257  -48.637  -44.980  -1.155 0.6000000238
53267  -49.130  -44.518  -1.865 0.6000000238
53258  -49.289  -45.240  -1.508 0.6000000238
53268  -49.877  -45.000  -1.967 0.5000000000
136695  -34.952  -43.705  -2.524 0.4000000060
144070  -35.537  -43.996  -2.789 0.4000000060
54462  -36.169  -44.238  -3.127 0.6999999881
53239  -46.406  -44.628  -0.246 0.6999999881
52132  -46.956  -45.312  -0.159 0.6000000238
53241  -47.982  -45.068  -0.702 0.6000000238
54468  -49.518  -44.228  -2.603 0.5000000000
54478  -37.035  -44.290  -3.515 0.6999999881
54419  -43.798  -43.937  0.084 0.6999999881
54446  -44.999  -43.254  -1.013 0.6999999881
53238  -45.463  -44.341  -0.083 0.6999999881
52121  -46.389  -45.471  0.173 0.6999999881
54485  -49.902  -44.073  -3.318 0.5000000000
55626  -37.309  -42.670  -3.158 0.6999999881
53237  -44.620  -44.136  0.039 0.6999999881
54486  -50.337  -43.988  -4.024 0.5000000000
55627  -38.031  -42.662  -3.707 0.6999999881
54445  -42.135  -43.141  -0.961 0.6999999881
54418  -43.107  -43.861  0.047 0.6999999881
54496  -50.915  -43.968  -4.814 0.4000000060
145863  -38.284  -42.002  -3.882 0.6999999881
53236  -41.864  -43.899  -0.482 0.6999999881
56622  -42.495  -41.584  -2.787 0.6000000238
54464  -41.040  -43.355  -2.210 0.6000000238
54444  -41.289  -43.676  -1.273 0.6999999881
54507  -51.145  -43.818  -6.092 0.4000000060
132984  -51.459  -43.464  -7.736 0.4000000060
57584  -39.130  -40.684  -4.711 0.6999999881
56621  -41.899  -41.777  -2.915 0.6000000238
54508  -52.067  -43.884  -6.491 0.4000000060
55629  -41.532  -41.909  -3.519 0.6000000238
54521  -52.162  -43.240  -9.429 0.4000000060
55676  -53.094  -42.930  -8.743 0.4000000060
55669  -53.467  -42.803  -7.678 0.4000000060
54509  -53.558  -42.854  -5.758 0.4000000060
54497  -53.691  -43.072  -4.863 0.4000000060
54467  -48.697  -43.799  -2.699 0.6000000238
55611  -34.686  -42.913  -2.614 0.6000000238
134152  -35.559  -42.664  -2.635 0.6000000238
132843  -35.968  -43.409  -2.781 0.6999999881
54447  -45.709  -43.092  -1.871 0.6000000238
54432  -45.867  -43.730  -0.812 0.6999999881
54448  -46.413  -43.514  -1.590 0.6999999881
53256  -47.790  -44.295  -1.240 0.6000000238
55567  -43.650  -42.868  -0.885 0.6000000238
55593  -44.757  -42.722  -1.671 0.6000000238
129616  -45.047  -43.751  -0.433 0.6999999881
54463  -36.769  -43.455  -3.132 0.6999999881
55591  -43.199  -42.363  -1.399 0.6000000238
56626  -37.733  -41.932  -3.315 0.6999999881
56620  -37.044  -41.900  -2.751 0.6999999881
56623  -43.162  -41.536  -2.723 0.6000000238
55590  -42.497  -42.463  -1.467 0.6000000238
127321  -50.007  -43.802  -4.894 0.4000000060
149913  -38.621  -41.007  -4.202 0.6999999881
56627  -38.193  -41.226  -3.667 0.6999999881
55589  -41.722  -42.801  -1.738 0.6999999881
57581  -38.478  -40.377  -4.029 0.6999999881
130225  -50.594  -43.609  -6.790 0.4000000060
56628  -42.082  -41.432  -3.795 0.6000000238
54520  -51.350  -43.191  -9.588 0.4000000060
56636  -39.602  -41.584  -5.273 0.6999999881
57585  -39.817  -40.654  -5.418 0.6999999881
56637  -40.673  -41.760  -5.306 0.6999999881
55643  -41.243  -41.759  -4.588 0.6000000238
54528  -52.335  -43.170  -9.400 0.4000000060
55668  -52.690  -42.597  -7.429 0.4000000060
55660  -53.168  -42.614  -6.403 0.4000000060
147802  -52.300  -42.435  -5.783 0.4000000060
55651  -53.036  -42.656  -5.212 0.4000000060
143297  -52.697  -42.719  -3.484 0.3000000119
54449  -48.462  -44.194  -1.778 0.6000000238
56617  -34.199  -41.490  -2.583 0.5000000000
55630  -44.685  -42.042  -3.156 0.6000000238
55617  -45.179  -42.526  -2.562 0.6000000238
128502  -47.120  -43.607  -1.885 0.6000000238
54466  -47.873  -43.675  -2.289 0.6000000238
56618  -34.934  -41.882  -2.601 0.6000000238
56619  -36.065  -41.731  -2.558 0.5000000000
56624  -43.893  -41.709  -2.856 0.6000000238
55592  -43.956  -42.480  -1.505 0.6000000238
55616  -44.321  -42.229  -2.268 0.6000000238
127043  -47.828  -43.535  -4.303 0.5000000000
54484  -48.564  -43.657  -3.831 0.4000000060
54495  -49.382  -43.761  -4.279 0.5000000000
55612  -36.477  -42.639  -2.763 0.6999999881
54494  -48.496  -43.620  -4.858 0.5000000000
126730  -49.296  -43.664  -5.597 0.4000000060
138306  -36.866  -41.201  -2.559 0.8000000119
56630  -43.503  -41.414  -3.540 0.6000000238
134239  -49.844  -43.520  -6.746 0.4000000060
57580  -37.861  -40.370  -3.307 0.6999999881
56639  -42.571  -41.121  -4.770 0.6000000238
54519  -50.270  -43.008  -9.318 0.4000000060
58529  -38.911  -39.542  -4.649 0.6999999881
56638  -41.848  -41.175  -5.086 0.6000000238
54526  -50.984  -42.626  -10.027 0.4000000060
55681  -51.543  -42.778  -10.013 0.4000000060
140481  -39.524  -39.672  -5.148 0.6999999881
57590  -40.444  -40.298  -5.574 0.6999999881
56648  -41.503  -40.539  -5.684 0.6999999881
55666  -51.123  -42.120  -8.141 0.4000000060
55675  -52.141  -42.547  -8.883 0.4000000060
140797  -40.038  -39.678  -5.483 0.6999999881
55658  -50.718  -42.206  -6.513 0.4000000060
55659  -51.264  -42.317  -5.413 0.3000000119
55637  -51.437  -42.567  -3.181 0.4000000060
55650  -52.354  -42.556  -4.477 0.3000000119
56632  -44.943  -41.943  -4.126 0.6000000238
55644  -45.617  -42.415  -4.571 0.6000000238
55632  -46.157  -42.832  -4.013 0.6000000238
54482  -46.738  -43.181  -4.420 0.6000000238
149171  -47.259  -43.384  -4.652 0.5000000000
133202  -34.721  -40.985  -2.523 0.6000000238
57575  -35.431  -41.138  -2.485 0.6000000238
56641  -44.336  -41.527  -4.742 0.6000000238
56642  -45.037  -41.886  -5.161 0.6000000238
54493  -47.711  -43.463  -5.233 0.5000000000
57576  -36.274  -40.654  -2.404 0.6999999881
56640  -43.783  -41.378  -4.332 0.6000000238
54504  -47.561  -43.207  -6.349 0.5000000000
54505  -48.341  -43.500  -5.995 0.4000000060
139362  -37.509  -41.191  -2.947 0.6999999881
58517  -36.869  -39.882  -2.511 0.6999999881
57587  -42.814  -40.649  -5.909 0.6000000238
57582  -43.199  -41.182  -4.504 0.6000000238
54512  -48.218  -43.026  -7.341 0.5000000000
54513  -49.015  -43.385  -6.961 0.5000000000
57577  -37.206  -40.491  -2.656 0.8000000119
55673  -48.811  -42.044  -9.519 0.4000000060
143504  -49.658  -43.262  -7.942 0.4000000060
58524  -38.268  -39.231  -3.992 0.8000000119
57586  -42.137  -40.478  -5.875 0.6000000238
54518  -49.044  -42.798  -8.630 0.4000000060
57592  -41.695  -39.229  -6.090 0.6999999881
139577  -47.388  -41.769  -2.232 0.5000000000
56634  -47.451  -41.376  -4.109 0.5000000000
56645  -48.203  -41.556  -5.496 0.5000000000
56654  -49.216  -41.582  -7.257 0.4000000060
56665  -49.933  -41.736  -9.633 0.4000000060
58530  -39.431  -38.480  -5.240 0.6999999881
58536  -40.574  -38.813  -5.670 0.6999999881
58537  -41.286  -38.276  -5.951 0.6999999881
56611  -47.286  -41.877  -1.193 0.5000000000
148264  -47.972  -41.858  -3.578 0.5000000000
55646  -48.857  -42.051  -4.674 0.4000000060
55656  -48.951  -41.857  -5.828 0.4000000060
55665  -50.140  -41.851  -7.590 0.4000000060
56573  -47.771  -41.593  0.445 0.4000000060
55619  -48.017  -42.306  -1.649 0.5000000000
134210  -48.792  -42.491  -1.943 0.4000000060
55635  -49.618  -42.441  -3.092 0.4000000060
55636  -50.530  -42.485  -3.440 0.4000000060
128723  -50.376  -42.255  -5.435 0.4000000060
56574  -48.587  -41.595  0.523 0.4000000060
150218  -48.504  -42.367  -0.559 0.4000000060
55595  -49.415  -42.547  -1.294 0.4000000060
143102  -50.202  -42.542  -2.575 0.4000000060
56650  -45.228  -41.647  -6.349 0.6000000238
55645  -46.268  -42.806  -5.011 0.6000000238
140135  -34.638  -40.266  -2.382 0.5000000000
57595  -44.240  -40.274  -6.657 0.6000000238
56649  -44.437  -41.358  -5.953 0.6000000238
55655  -46.379  -42.643  -6.137 0.5000000000
55662  -46.680  -42.177  -7.439 0.5000000000
54492  -46.952  -43.154  -5.451 0.5000000000
136801  -35.357  -40.377  -2.364 0.6000000238
58516  -36.147  -39.646  -2.342 0.6999999881
57594  -43.382  -39.284  -6.552 0.6000000238
57588  -43.577  -41.086  -5.684 0.6000000238
56657  -46.612  -41.110  -8.007 0.5000000000
54503  -46.970  -42.824  -6.588 0.5000000000
56663  -48.210  -40.825  -8.743 0.5000000000
55663  -47.483  -42.452  -7.791 0.5000000000
59442  -36.939  -39.017  -2.726 0.8000000119
56644  -47.576  -41.215  -5.169 0.5000000000
56658  -47.838  -40.286  -8.041 0.5000000000
55672  -48.244  -41.574  -8.965 0.5000000000
55664  -48.243  -42.375  -8.581 0.5000000000
59449  -37.699  -38.247  -3.822 0.8000000119
58538  -41.977  -37.955  -6.154 0.6000000238
57579  -46.286  -40.492  -2.305 0.5000000000
137885  -46.408  -39.332  -3.761 0.5000000000
56652  -47.798  -40.950  -6.480 0.5000000000
56659  -48.675  -41.011  -8.494 0.4000000060
57583  -46.407  -40.338  -3.279 0.5000000000
141770  -46.765  -41.156  -2.766 0.5000000000
56653  -48.370  -41.273  -6.908 0.5000000000
145175  -38.892  -38.458  -4.883 0.8000000119
59464  -40.814  -37.630  -5.611 0.6999999881
57567  -45.928  -39.985  -0.807 0.5000000000
57568  -46.462  -40.920  -0.382 0.4000000060
58535  -39.958  -38.626  -5.502 0.6999999881
56572  -47.044  -41.384  0.192 0.4000000060
55654  -45.703  -42.329  -5.651 0.5000000000
138636  -33.759  -39.059  -2.172 0.5000000000
55661  -45.951  -41.928  -6.902 0.5000000000
139095  -34.469  -38.982  -2.153 0.5000000000
57599  -46.586  -39.672  -7.994 0.5000000000
57602  -47.155  -39.597  -8.158 0.5000000000
136828  -33.393  -38.332  -2.077 0.5000000000
136827  -34.239  -38.289  -2.137 0.5000000000
58515  -35.133  -39.434  -2.226 0.5000000000
58539  -42.774  -37.842  -6.254 0.6000000238
58540  -43.761  -37.743  -6.348 0.6000000238
57589  -46.877  -39.517  -5.734 0.5000000000
57601  -47.432  -39.539  -7.824 0.5000000000
57603  -47.472  -39.908  -8.148 0.5000000000
59466  -43.264  -37.423  -6.078 0.6000000238
58534  -46.481  -38.497  -4.882 0.5000000000
57597  -47.566  -39.874  -7.373 0.5000000000
59441  -36.990  -38.065  -3.272 0.6999999881
59460  -42.420  -37.521  -5.852 0.6000000238
56643  -47.049  -40.711  -4.809 0.5000000000
56651  -47.357  -40.374  -6.130 0.5000000000
59465  -41.481  -37.580  -5.680 0.6999999881
57571  -45.989  -39.688  -1.759 0.5000000000
144481  -46.461  -39.643  1.347 0.4000000060
59450  -38.629  -37.666  -4.814 0.8000000119
59457  -39.979  -37.412  -5.463 0.6999999881
57529  -46.867  -40.360  1.228 0.5000000000
146948  -47.153  -38.468  2.345 0.5000000000
144655  -38.294  -37.080  -4.701 0.6999999881
59456  -39.450  -37.322  -5.258 0.8000000119
57530  -47.587  -40.436  1.419 0.4000000060
57531  -48.495  -40.377  1.421 0.5000000000
61467  -50.031  -36.082  2.201 0.4000000060
140277  -50.746  -36.257  1.390 0.5000000000
62571  -50.569  -35.412  1.640 0.5000000000
60469  -51.355  -37.458  0.996 0.5000000000
149698  -50.897  -36.975  1.212 0.5000000000
62572  -51.205  -35.594  0.983 0.5000000000
57598  -45.499  -39.588  -7.242 0.6000000238
58542  -44.595  -38.713  -6.668 0.6000000238
59470  -45.915  -38.089  -7.032 0.6000000238
58543  -46.834  -38.830  -7.602 0.5000000000
58544  -46.865  -38.519  -7.238 0.5000000000
57600  -47.220  -39.244  -7.746 0.5000000000
60518  -33.980  -37.494  -2.087 0.5000000000
137138  -35.134  -38.331  -2.288 0.6999999881
59467  -44.393  -37.295  -5.904 0.6000000238
148350  -45.258  -37.108  -6.013 0.6000000238
58528  -46.512  -37.995  -3.559 0.5000000000
58541  -46.748  -38.331  -6.416 0.5000000000
60517  -33.111  -37.520  -1.892 0.5000000000
60519  -34.868  -37.456  -2.370 0.6000000238
60520  -35.905  -37.306  -2.851 0.6999999881
58533  -43.551  -37.615  -5.418 0.6000000238
58521  -46.176  -38.494  -1.981 0.5000000000
134872  -36.671  -37.468  -3.325 0.6999999881
58532  -42.552  -37.940  -4.970 0.6000000238
58508  -45.723  -39.144  -0.291 0.6000000238
58492  -45.640  -38.264  0.211 0.4000000060
59412  -45.933  -38.797  1.246 0.5000000000
59458  -40.850  -37.456  -5.353 0.6999999881
59459  -41.303  -37.622  -5.053 0.6999999881
60539  -40.389  -37.168  -5.366 0.6999999881
128577  -46.645  -38.901  1.897 0.5000000000
62546  -48.366  -35.273  3.412 0.4000000060
140478  -49.432  -34.097  2.949 0.4000000060
60530  -40.127  -36.998  -4.856 0.6999999881
62555  -49.456  -35.569  2.795 0.4000000060
60529  -39.138  -36.549  -4.670 0.6999999881
60528  -38.356  -36.225  -4.723 0.6999999881
61481  -51.468  -36.534  0.773 0.5000000000
62595  -51.895  -35.710  0.309 0.5000000000
63620  -51.514  -34.891  0.614 0.5000000000
59468  -46.000  -37.288  -6.277 0.5000000000
59469  -46.401  -37.817  -6.517 0.5000000000
59461  -44.773  -37.220  -5.075 0.6000000238
60547  -45.549  -36.889  -5.487 0.5000000000
59462  -46.366  -37.536  -5.558 0.5000000000
132155  -33.762  -36.626  -2.063 0.6000000238
61550  -34.590  -36.632  -2.413 0.6000000238
59455  -46.474  -37.193  -4.330 0.5000000000
58527  -43.508  -38.670  -4.059 0.5000000000
59453  -44.202  -38.027  -4.334 0.5000000000
58522  -46.398  -37.662  -2.575 0.5000000000
59434  -46.158  -37.465  -1.795 0.5000000000
133530  -35.420  -36.533  -2.854 0.6999999881
58526  -42.634  -39.071  -3.668 0.6000000238
58513  -45.856  -38.808  -1.221 0.5000000000
59427  -45.788  -37.930  -0.888 0.6000000238
59393  -45.638  -37.944  0.986 0.5000000000
61551  -36.237  -36.057  -3.521 0.6999999881
59452  -41.120  -38.533  -3.913 0.6999999881
62544  -46.769  -35.133  3.335 0.5000000000
63580  -47.225  -34.515  3.502 0.4000000060
60526  -36.891  -36.439  -3.783 0.6999999881
59451  -40.713  -37.479  -4.860 0.6999999881
60523  -39.546  -37.693  -3.293 0.6999999881
60466  -46.152  -37.327  1.950 0.5000000000
61463  -46.711  -37.220  2.520 0.5000000000
61456  -47.085  -35.945  3.258 0.4000000060
63581  -48.016  -34.535  3.541 0.4000000060
63582  -48.864  -34.464  3.324 0.4000000060
59448  -37.551  -36.908  -4.198 0.6999999881
60538  -39.874  -36.921  -5.187 0.6999999881
65578  -49.324  -32.779  3.024 0.4000000060
65579  -49.885  -32.821  2.407 0.4000000060
60527  -37.818  -35.895  -4.359 0.6999999881
60521  -38.423  -36.050  -4.091 0.6999999881
140233  -49.994  -34.219  2.383 0.4000000060
64624  -50.141  -33.485  2.210 0.4000000060
61562  -38.181  -35.934  -4.522 0.6999999881
61552  -38.105  -35.754  -3.968 0.6999999881
65591  -50.442  -32.991  1.759 0.4000000060
65592  -51.036  -33.259  1.081 0.4000000060
63621  -52.029  -34.868  0.020 0.5000000000
64635  -51.280  -34.095  0.903 0.5000000000
60540  -45.651  -36.708  -4.452 0.5000000000
60533  -46.271  -36.680  -3.991 0.5000000000
59454  -45.010  -37.329  -3.949 0.5000000000
60531  -45.788  -36.756  -3.459 0.5000000000
60525  -46.200  -36.774  -3.063 0.5000000000
146695  -45.896  -37.455  -1.531 0.5000000000
62632  -34.257  -34.995  -2.403 0.6000000238
62633  -35.065  -35.010  -2.820 0.6000000238
58520  -44.236  -38.508  -3.262 0.5000000000
59435  -46.305  -36.986  -2.508 0.5000000000
133016  -35.200  -35.770  -2.856 0.6999999881
58519  -43.320  -39.209  -2.926 0.5000000000
136351  -45.509  -37.603  -0.720 0.6000000238
126122  -45.439  -37.225  0.308 0.5000000000
58518  -42.538  -39.388  -2.670 0.6000000238
58525  -41.790  -39.232  -3.163 0.6999999881
63579  -46.589  -34.429  3.368 0.4000000060
150705  -35.817  -35.703  -3.337 0.6999999881
59444  -40.995  -39.179  -2.599 0.8000000119
61462  -45.913  -36.003  2.200 0.5000000000
63588  -46.122  -34.766  3.106 0.5000000000
138942  -48.008  -33.219  3.582 0.4000000060
65571  -48.585  -32.814  3.428 0.4000000060
67373  -49.262  -31.243  2.926 0.4000000060
136157  -37.112  -35.510  -3.945 0.6999999881
61538  -39.679  -37.570  -0.949 0.6000000238
66502  -49.573  -32.044  2.641 0.4000000060
60522  -38.801  -37.103  -2.950 0.6999999881
60507  -38.941  -37.272  -1.456 0.6000000238
61514  -39.529  -36.784  -0.542 0.6000000238
66503  -50.144  -32.177  1.960 0.4000000060
61561  -37.562  -35.591  -4.057 0.6999999881
61536  -37.545  -35.786  -3.071 0.6000000238
61537  -38.137  -36.590  -2.480 0.6999999881
62622  -38.586  -36.605  -1.012 0.6000000238
65605  -50.698  -32.317  1.131 0.4000000060
62636  -37.016  -35.267  -3.454 0.6999999881
62603  -38.636  -35.342  -0.110 0.6000000238
62604  -39.303  -35.915  -0.167 0.6000000238
65606  -51.294  -32.761  0.491 0.5000000000
63632  -38.958  -34.575  0.310 0.6000000238
63633  -39.536  -35.067  0.218 0.6000000238
134445  -51.702  -34.281  0.313 0.5000000000
64647  -52.143  -34.030  -0.257 0.5000000000
60524  -45.718  -37.136  -2.361 0.6000000238
63652  -33.002  -34.603  -1.775 0.5000000000
141041  -45.150  -37.500  -3.011 0.5000000000
60510  -45.578  -37.530  -1.315 0.6000000238
63654  -34.840  -34.485  -2.517 0.6000000238
59432  -43.775  -38.617  -1.539 0.6000000238
59446  -44.599  -38.059  -2.240 0.6000000238
148571  -45.439  -36.840  0.686 0.5000000000
61500  -45.417  -36.435  0.940 0.5000000000
61479  -45.804  -36.629  1.670 0.5000000000
64673  -34.500  -33.991  -2.173 0.6000000238
63655  -35.164  -34.345  -2.415 0.6000000238
58512  -42.983  -39.318  -1.915 0.6000000238
59425  -42.729  -38.399  -0.675 0.6000000238
62570  -45.366  -35.401  1.654 0.5000000000
63587  -45.519  -34.268  2.632 0.5000000000
139167  -46.556  -32.989  3.484 0.4000000060
136821  -47.372  -33.102  3.588 0.4000000060
62643  -36.335  -35.039  -3.332 0.6999999881
59430  -41.218  -39.116  -1.583 0.6999999881
60509  -41.721  -38.512  -0.819 0.6000000238
135349  -45.532  -36.012  1.434 0.5000000000
62553  -45.710  -35.125  2.467 0.5000000000
63578  -46.065  -33.811  3.253 0.5000000000
66492  -48.148  -31.835  3.563 0.4000000060
66493  -48.996  -31.983  3.255 0.4000000060
67383  -49.338  -30.473  2.502 0.4000000060
59429  -40.192  -38.770  -1.965 0.6999999881
60508  -40.223  -38.140  -1.034 0.6999999881
62606  -41.217  -36.138  -0.088 0.6999999881
62594  -45.068  -35.728  1.009 0.5000000000
63602  -45.124  -34.622  1.859 0.5000000000
66514  -49.782  -31.286  2.102 0.4000000060
138538  -36.384  -34.652  -1.404 0.6000000238
62605  -40.283  -36.090  -0.084 0.6000000238
62590  -41.719  -35.319  -0.004 0.6999999881
150341  -50.120  -31.056  1.408 0.4000000060
62619  -36.526  -35.145  -2.389 0.6999999881
62620  -37.102  -35.702  -1.938 0.6000000238
62621  -37.809  -36.222  -1.474 0.6000000238
150242  -40.085  -35.423  0.138 0.6000000238
62589  -40.857  -35.356  0.062 0.6000000238
63616  -41.271  -34.536  0.064 0.6000000238
67396  -50.219  -30.616  0.923 0.4000000060
63646  -37.028  -35.171  -1.113 0.6000000238
63647  -37.735  -35.632  -0.805 0.6000000238
141490  -40.568  -33.725  0.200 0.6000000238
64643  -41.265  -32.929  -0.105 0.6000000238
147639  -50.520  -30.856  0.510 0.4000000060
64642  -39.457  -33.815  0.402 0.6000000238
137934  -40.513  -32.840  0.156 0.6000000238
65616  -51.569  -32.520  -0.132 0.5000000000
66531  -51.121  -31.952  0.297 0.4000000060
64658  -51.869  -33.165  -0.287 0.5000000000
65625  -52.513  -32.533  -1.456 0.5000000000
60503  -44.673  -37.329  -0.446 0.6000000238
59426  -43.750  -38.178  -0.738 0.6000000238
61519  -44.341  -36.759  0.197 0.6000000238
61499  -44.709  -36.188  0.553 0.5000000000
64667  -33.825  -33.553  -1.926 0.6000000238
60502  -43.370  -37.446  -0.261 0.6000000238
64613  -45.806  -32.845  3.195 0.5000000000
65570  -47.149  -32.174  3.605 0.4000000060
64674  -34.810  -33.874  -1.962 0.6000000238
63645  -35.310  -34.064  -1.841 0.6000000238
150659  -42.198  -37.714  -0.393 0.6000000238
61517  -42.611  -36.847  -0.099 0.6000000238
62592  -43.391  -35.407  0.410 0.5000000000
63601  -43.698  -33.771  0.985 0.5000000000
64633  -44.211  -33.364  1.553 0.5000000000
63586  -44.862  -33.795  2.078 0.5000000000
129072  -48.131  -30.862  3.490 0.4000000060
67372  -48.782  -30.495  3.145 0.4000000060
61516  -41.646  -36.969  -0.211 0.6999999881
62591  -42.550  -35.349  0.144 0.5000000000
140650  -44.394  -34.207  1.396 0.5000000000
62569  -44.658  -35.028  1.228 0.5000000000
68275  -49.574  -29.338  1.393 0.4000000060
64654  -36.516  -33.914  -0.585 0.6000000238
65603  -42.249  -32.336  -0.171 0.6000000238
67395  -49.738  -30.337  1.620 0.4000000060
63630  -37.017  -34.526  -0.564 0.6000000238
64655  -37.439  -33.935  0.079 0.6000000238
65615  -41.680  -32.275  -0.319 0.6000000238
67409  -49.946  -29.880  0.804 0.4000000060
62644  -36.922  -35.323  -3.729 0.6999999881
64656  -38.454  -33.919  0.396 0.6000000238
66541  -50.895  -31.036  0.020 0.4000000060
67410  -50.381  -30.375  0.313 0.4000000060
136625  -39.854  -33.072  0.379 0.6000000238
65617  -52.042  -32.509  -0.740 0.5000000000
67424  -51.302  -30.765  -0.831 0.4000000060
66554  -51.883  -31.210  -1.324 0.5000000000
66555  -52.353  -31.684  -1.790 0.4000000060
61498  -43.827  -36.137  0.382 0.5000000000
66500  -44.740  -31.294  2.388 0.5000000000
66501  -45.207  -31.717  2.743 0.5000000000
66489  -45.763  -31.473  3.212 0.5000000000
67370  -46.664  -30.520  3.467 0.4000000060
65624  -34.995  -33.219  -1.318 0.6000000238
134454  -35.728  -32.794  -0.518 0.6000000238
61497  -42.981  -36.100  0.143 0.6000000238
64632  -43.583  -32.912  1.047 0.5000000000
64621  -44.668  -32.936  2.217 0.5000000000
65577  -45.218  -32.506  2.714 0.5000000000
67371  -47.471  -30.309  3.469 0.4000000060
69181  -48.095  -28.994  2.957 0.4000000060
69195  -48.792  -29.201  2.577 0.4000000060
64653  -35.743  -33.583  -0.976 0.6000000238
64645  -43.101  -33.345  0.523 0.5000000000
68263  -49.296  -29.630  2.147 0.4000000060
130562  -36.283  -33.213  -0.365 0.6000000238
65614  -36.959  -33.204  0.122 0.6000000238
65598  -37.300  -32.380  0.343 0.6000000238
66540  -42.012  -31.645  -0.424 0.6000000238
68301  -49.812  -29.109  -0.356 0.4000000060
66525  -39.072  -31.720  0.454 0.6000000238
66527  -41.353  -31.607  -0.405 0.6000000238
67423  -50.618  -30.286  -0.417 0.4000000060
64641  -39.035  -33.198  0.487 0.6000000238
65601  -39.911  -32.237  0.329 0.6000000238
65602  -40.906  -32.250  -0.146 0.6000000238
67439  -50.857  -30.092  -1.197 0.4000000060
68320  -51.029  -29.858  -2.040 0.3000000119
66542  -51.584  -31.682  -0.553 0.5000000000
67440  -51.547  -30.496  -1.636 0.4000000060
67451  -51.688  -30.295  -2.498 0.3000000119
67382  -45.245  -30.829  2.766 0.5000000000
68260  -45.542  -29.926  2.909 0.5000000000
68244  -46.810  -29.621  3.348 0.5000000000
140229  -47.395  -27.616  2.526 0.5000000000
133370  -44.284  -31.260  1.813 0.5000000000
67394  -43.880  -30.467  1.406 0.6000000238
68245  -47.721  -29.589  3.281 0.4000000060
70241  -48.080  -27.825  2.465 0.5000000000
70242  -48.673  -27.776  2.076 0.4000000060
65613  -36.483  -32.569  0.016 0.6000000238
66523  -37.466  -31.478  0.378 0.6000000238
66529  -43.205  -31.385  0.630 0.6000000238
69196  -49.164  -28.649  1.929 0.4000000060
69211  -49.481  -28.574  1.200 0.4000000060
66524  -38.366  -31.256  0.437 0.6000000238
66528  -42.518  -31.620  0.038 0.6999999881
70280  -49.603  -27.812  -0.438 0.3000000119
67404  -38.631  -30.562  0.266 0.6000000238
132632  -42.247  -30.366  -0.330 0.6000000238
150919  -49.475  -28.045  -1.133 0.3000000119
65599  -38.187  -32.062  0.456 0.6000000238
145813  -39.076  -31.074  0.392 0.6000000238
67421  -41.669  -30.859  -0.554 0.6000000238
68302  -50.202  -29.656  -0.774 0.4000000060
135049  -39.743  -31.316  0.222 0.6000000238
66526  -40.547  -31.545  -0.129 0.6000000238
68300  -41.653  -29.949  -0.722 0.6000000238
68319  -50.181  -29.547  -1.644 0.3000000119
68328  -50.140  -29.437  -2.574 0.3000000119
68335  -50.176  -29.302  -3.499 0.3000000119
68274  -44.442  -29.826  1.942 0.6000000238
68259  -45.015  -29.316  2.434 0.5000000000
125431  -46.050  -28.013  2.624 0.5000000000
131376  -46.821  -28.253  2.805 0.5000000000
68273  -43.938  -29.566  1.409 0.6000000238
71370  -48.040  -27.063  2.220 0.4000000060
138326  -49.205  -26.968  1.129 0.4000000060
66522  -36.645  -31.265  0.257 0.6000000238
67402  -37.148  -30.805  0.298 0.6000000238
67408  -43.277  -30.544  0.690 0.6000000238
140179  -49.445  -27.307  0.643 0.3000000119
145933  -49.553  -28.131  0.663 0.3000000119
67403  -37.822  -30.685  0.334 0.6000000238
68283  -38.116  -29.948  0.046 0.6000000238
67418  -39.042  -29.945  -0.176 0.6000000238
68298  -39.527  -29.396  -0.824 0.6000000238
129073  -42.287  -29.477  -0.332 0.6000000238
67419  -39.949  -30.090  -0.463 0.6000000238
69232  -49.613  -28.586  -0.812 0.3000000119
67406  -40.271  -30.798  -0.234 0.6000000238
149740  -41.087  -29.594  -1.110 0.6000000238
69252  -49.182  -28.756  -1.947 0.3000000119
69261  -48.476  -29.047  -3.242 0.3000000119
69264  -48.062  -29.086  -3.851 0.3000000119
69265  -49.133  -29.098  -4.016 0.3000000119
69210  -44.569  -28.015  1.762 0.6000000238
69191  -44.936  -28.525  2.235 0.6000000238
69192  -45.580  -28.691  2.621 0.5000000000
71368  -46.301  -26.729  2.264 0.5000000000
70240  -46.590  -27.457  2.502 0.4000000060
69218  -43.490  -28.166  0.756 0.6000000238
69209  -44.001  -28.295  1.316 0.6000000238
71378  -47.700  -26.190  1.979 0.4000000060
72523  -48.312  -25.690  1.459 0.4000000060
72524  -48.902  -25.800  0.915 0.4000000060
71396  -49.308  -26.395  0.596 0.3000000119
68282  -37.274  -30.138  0.151 0.6000000238
132515  -42.827  -27.993  0.164 0.6000000238
145683  -49.512  -26.061  -0.095 0.3000000119
69231  -42.310  -28.570  -0.357 0.6000000238
72566  -49.179  -26.162  -1.951 0.3000000119
69230  -41.560  -29.016  -0.906 0.6000000238
70296  -49.217  -27.786  -1.753 0.3000000119
69250  -40.724  -28.887  -1.517 0.6000000238
69251  -41.201  -28.263  -1.431 0.6000000238
70308  -47.996  -27.731  -3.420 0.3000000119
69270  -47.699  -28.593  -4.044 0.3000000119
70253  -44.817  -27.169  1.722 0.6000000238
71377  -45.900  -26.085  1.899 0.5000000000
72511  -46.813  -25.917  1.993 0.4000000060
72522  -47.537  -25.355  1.669 0.4000000060
133482  -44.021  -27.476  1.192 0.6000000238
73498  -47.373  -24.553  1.417 0.4000000060
73499  -48.101  -24.769  1.249 0.4000000060
71394  -43.760  -26.800  0.810 0.6000000238
72533  -48.699  -25.130  0.782 0.4000000060
72546  -49.415  -25.395  -0.433 0.3000000119
68297  -38.499  -29.202  -0.610 0.6000000238
70265  -42.703  -27.196  -0.068 0.6000000238
73520  -49.245  -24.627  -0.799 0.3000000119
148557  -38.475  -28.622  -1.169 0.6000000238
69229  -39.115  -28.691  -1.305 0.6000000238
70279  -42.253  -27.764  -0.468 0.6000000238
73526  -49.002  -24.664  -1.837 0.3000000119
129916  -41.775  -28.222  -0.827 0.6000000238
68317  -39.968  -28.897  -1.553 0.6000000238
133656  -40.492  -28.009  -2.029 0.6000000238
142636  -40.993  -27.533  -1.881 0.6000000238
72519  -44.603  -25.775  1.182 0.6000000238
72520  -45.397  -25.481  1.472 0.4000000060
73496  -45.760  -24.622  1.343 0.4000000060
73497  -46.608  -24.516  1.452 0.4000000060
128245  -46.920  -25.110  1.688 0.4000000060
72531  -43.477  -25.559  0.360 0.5000000000
71395  -43.911  -26.101  0.783 0.5000000000
74575  -48.325  -23.331  0.298 0.4000000060
71393  -43.199  -26.469  0.274 0.5000000000
73519  -48.881  -23.982  -0.252 0.3000000119
131457  -42.447  -26.505  -0.442 0.5000000000
74584  -48.636  -23.210  -0.705 0.3000000119
69248  -38.534  -28.042  -1.874 0.6000000238
71411  -41.664  -26.673  -1.223 0.5000000000
69249  -39.490  -28.111  -2.069 0.6000000238
139312  -40.125  -28.326  -2.002 0.6000000238
149959  -41.307  -27.136  -1.608 0.6000000238
70295  -40.276  -27.273  -2.699 0.6000000238
71417  -40.038  -26.676  -3.441 0.5000000000
72553  -40.276  -26.012  -3.393 0.5000000000
137204  -43.824  -23.840  0.319 0.4000000060
126189  -44.481  -23.931  0.643 0.3000000119
74571  -44.941  -23.151  0.686 0.4000000060
74559  -46.225  -23.802  1.200 0.4000000060
74573  -46.705  -23.060  0.919 0.3000000119
73506  -43.853  -24.662  0.454 0.4000000060
75650  -46.302  -22.321  0.742 0.3000000119
75651  -47.194  -22.287  0.602 0.3000000119
73508  -47.872  -23.931  0.997 0.3000000119
141109  -42.449  -25.191  -0.573 0.5000000000
76635  -47.290  -21.617  0.276 0.3000000119
75652  -47.862  -22.636  0.365 0.3000000119
72543  -42.066  -25.822  -0.918 0.5000000000
75663  -48.269  -22.525  -0.213 0.3000000119
73516  -41.731  -24.929  -1.348 0.5000000000
75682  -48.408  -22.709  -2.528 0.3000000119
136516  -41.195  -25.865  -1.932 0.5000000000
71418  -40.832  -26.759  -2.267 0.5000000000
75647  -43.868  -22.654  0.161 0.3000000119
74570  -44.170  -23.223  0.378 0.3000000119
75648  -44.521  -22.488  0.434 0.3000000119
75649  -45.427  -22.291  0.645 0.3000000119
74582  -42.643  -23.098  -0.595 0.3000000119
74583  -43.426  -23.293  -0.065 0.4000000060
147991  -45.982  -21.864  0.657 0.3000000119
77546  -45.892  -20.765  0.279 0.3000000119
147788  -46.529  -21.464  0.459 0.3000000119
76655  -47.635  -21.482  -0.116 0.3000000119
76656  -48.121  -21.796  -0.548 0.3000000119
73524  -41.320  -24.311  -2.086 0.5000000000
76680  -48.197  -21.299  -2.555 0.3000000119
72564  -40.658  -25.026  -2.994 0.5000000000
76653  -43.460  -21.413  -0.293 0.3000000119
76632  -44.010  -21.934  0.162 0.3000000119
76654  -44.268  -21.081  0.099 0.3000000119
75660  -42.484  -22.449  -0.824 0.3000000119
76633  -44.809  -21.679  0.412 0.3000000119
76634  -45.627  -21.475  0.498 0.3000000119
75673  -41.894  -22.152  -1.478 0.3000000119
77568  -46.145  -20.095  -0.066 0.3000000119
77569  -46.814  -20.207  -0.261 0.3000000119
75672  -41.234  -22.722  -2.533 0.3000000119
74592  -41.922  -22.958  -1.333 0.3000000119
77570  -47.403  -20.358  -0.711 0.3000000119
76669  -47.820  -21.070  -0.695 0.3000000119
148951  -40.796  -22.355  -3.302 0.3000000119
74591  -41.341  -23.572  -2.194 0.4000000060
78499  -46.882  -19.171  -1.149 0.3000000119
78500  -47.439  -19.300  -1.996 0.3000000119
73535  -40.691  -24.149  -3.270 0.4000000060
77586  -47.915  -20.534  -2.848 0.3000000119
73534  -39.923  -24.526  -4.718 0.4000000060
77609  -47.426  -20.628  -3.887 0.3000000119
130722  -47.428  -21.240  -4.358 0.3000000119
77584  -42.212  -20.513  -1.386 0.3000000119
76652  -42.649  -21.759  -0.776 0.3000000119
77565  -42.801  -20.930  -0.754 0.3000000119
77566  -43.660  -20.433  -0.366 0.3000000119
77567  -44.595  -20.261  -0.028 0.3000000119
76668  -42.005  -21.335  -1.468 0.3000000119
78484  -44.196  -19.570  -0.406 0.3000000119
79363  -44.833  -18.799  -0.540 0.3000000119
148007  -45.687  -19.358  -0.358 0.3000000119
76667  -41.194  -21.840  -2.644 0.3000000119
79365  -46.253  -18.946  -0.748 0.3000000119
79382  -46.396  -18.320  -1.291 0.3000000119
74603  -40.663  -23.431  -3.484 0.4000000060
79383  -47.026  -18.678  -1.803 0.3000000119
79393  -47.338  -18.761  -2.699 0.3000000119
74613  -39.560  -23.250  -5.429 0.4000000060
78511  -47.634  -19.683  -3.122 0.3000000119
79405  -47.261  -18.990  -3.849 0.3000000119
77618  -47.203  -20.653  -4.625 0.3000000119
78540  -47.125  -20.142  -5.148 0.3000000119
78497  -42.553  -19.755  -1.203 0.3000000119
78483  -43.349  -19.640  -0.725 0.3000000119
78496  -41.583  -19.988  -2.142 0.3000000119
79379  -42.941  -18.489  -1.233 0.3000000119
79362  -43.760  -18.792  -0.803 0.3000000119
76678  -40.660  -21.381  -3.513 0.3000000119
77600  -40.636  -20.697  -3.471 0.3000000119
79380  -44.349  -18.002  -0.871 0.3000000119
80327  -45.098  -18.002  -0.811 0.3000000119
77599  -40.057  -21.383  -5.125 0.3000000119
80341  -44.863  -17.270  -1.198 0.3000000119
81314  -45.610  -16.946  -1.616 0.3000000119
75691  -39.855  -22.853  -5.291 0.4000000060
80342  -46.253  -17.466  -1.774 0.3000000119
79392  -46.803  -18.087  -2.199 0.3000000119
79404  -47.061  -18.138  -3.239 0.3000000119
143077  -39.100  -23.070  -5.627 0.4000000060
78530  -46.910  -19.583  -4.726 0.3000000119
75690  -39.014  -23.067  -5.596 0.4000000060
78539  -46.865  -19.461  -5.237 0.3000000119
78545  -46.793  -19.036  -5.921 0.3000000119
126591  -42.251  -19.113  -1.516 0.3000000119
78498  -42.982  -19.143  -1.046 0.3000000119
132855  -41.450  -19.076  -2.323 0.3000000119
80339  -42.899  -17.614  -1.488 0.3000000119
78510  -40.666  -19.824  -3.310 0.3000000119
80340  -43.887  -17.352  -1.258 0.3000000119
149530  -39.250  -20.805  -5.252 0.3000000119
81327  -45.460  -16.238  -2.044 0.3000000119
81328  -46.107  -16.732  -2.312 0.3000000119
136677  -46.430  -16.761  -3.315 0.3000000119
80359  -46.761  -17.560  -3.786 0.3000000119
80368  -46.558  -17.949  -4.905 0.3000000119
130416  -39.311  -22.752  -4.253 0.3000000119
79422  -46.576  -18.656  -5.605 0.3000000119
79427  -47.090  -18.556  -6.410 0.3000000119
79433  -47.715  -17.805  -6.847 0.3000000119
132726  -40.761  -19.037  -3.109 0.3000000119
79391  -41.324  -18.218  -2.557 0.3000000119
79378  -42.123  -18.333  -1.749 0.3000000119
81324  -42.406  -16.890  -1.924 0.3000000119
78519  -39.331  -19.672  -4.956 0.3000000119
129317  -40.064  -19.567  -4.372 0.3000000119
81311  -43.357  -16.698  -1.627 0.3000000119
125426  -44.292  -16.608  -1.527 0.3000000119
81312  -43.861  -15.914  -1.829 0.3000000119
81313  -45.024  -16.558  -1.585 0.3000000119
82318  -44.411  -15.330  -2.239 0.3000000119
83257  -45.429  -15.311  -2.968 0.3000000119
82330  -45.772  -15.470  -3.665 0.3000000119
142503  -46.253  -16.447  -4.785 0.3000000119
81349  -46.236  -17.162  -5.361 0.3000000119
81355  -45.891  -16.454  -5.659 0.3000000119
80374  -46.249  -17.874  -5.927 0.3000000119
79426  -46.510  -18.287  -6.204 0.3000000119
81362  -45.839  -16.919  -7.042 0.3000000119
80383  -46.985  -17.273  -7.128 0.3000000119
149067  -48.355  -17.470  -7.107 0.3000000119
79403  -39.706  -18.898  -4.453 0.3000000119
79390  -40.485  -18.572  -3.522 0.3000000119
128176  -40.788  -17.727  -3.120 0.3000000119
150722  -41.548  -17.262  -2.438 0.3000000119
79414  -38.869  -19.116  -5.018 0.3000000119
136277  -39.436  -18.213  -4.622 0.3000000119
80358  -40.209  -17.442  -3.812 0.3000000119
134399  -40.929  -16.839  -2.995 0.3000000119
81323  -41.807  -16.353  -2.379 0.3000000119
78528  -38.855  -19.737  -4.987 0.3000000119
82317  -43.553  -15.224  -2.230 0.3000000119
78508  -38.433  -19.597  -3.789 0.3000000119
83269  -45.297  -14.842  -3.435 0.3000000119
82331  -46.248  -16.167  -3.952 0.3000000119
82339  -45.943  -15.685  -4.704 0.3000000119
81361  -45.658  -16.433  -6.643 0.3000000119
81367  -46.040  -16.386  -7.568 0.3000000119
80367  -38.539  -18.105  -5.085 0.3000000119
79402  -37.803  -18.365  -4.253 0.3000000119
79413  -37.980  -18.076  -4.869 0.3000000119
80349  -37.801  -17.892  -3.496 0.3000000119
148771  -37.951  -18.416  -3.672 0.3000000119
133690  -38.446  -18.844  -4.650 0.3000000119
149650  -38.524  -18.514  -4.924 0.3000000119
79389  -38.448  -19.103  -3.025 0.3000000119
132926  -38.135  -18.934  -3.866 0.3000000119
62593  -44.243  -35.533  0.723 0.5000000000
63617  -42.145  -34.551  0.068 0.6999999881
63619  -43.795  -34.666  0.785 0.5000000000
64644  -42.448  -33.094  0.058 0.6000000238
63656  -35.921  -34.676  -2.617 0.6000000238
127603  -42.056  -64.469  -4.237 0.3000000119
31988  -43.108  -63.965  -4.768 0.3000000119
30802  -42.420  -65.300  -5.189 0.3000000119
31996  -44.264  -63.740  -5.506 0.3000000119
30812  -43.668  -65.262  -6.157 0.4000000060
32008  -45.326  -64.586  -6.649 0.4000000060
32019  -46.899  -65.703  -7.888 0.4000000060
32021  -48.724  -65.018  -7.838 0.4000000060
32023  -50.284  -64.119  -8.099 0.4000000060
33173  -50.985  -63.754  -8.117 0.4000000060
132066  -50.640  -62.147  -8.673 0.4000000060
36372  -50.089  -60.044  -9.620 0.4000000060
35322  -49.418  -61.914  -8.858 0.4000000060
126252  -50.048  -58.055  -10.312 0.4000000060
134321  -46.850  -54.023  -8.883 0.4000000060
43852  -45.612  -53.366  -2.472 0.3000000119
44865  -45.799  -52.485  -2.579 0.3000000119
127336  -46.643  -51.253  -3.200 0.3000000119
43899  -46.220  -53.298  -8.094 0.5000000000
47026  -47.768  -50.405  -3.282 0.3000000119
141276  -48.331  -50.180  -3.710 0.3000000119
43898  -45.525  -53.561  -7.230 0.5000000000
44909  -45.590  -52.264  -6.723 0.5000000000
48999  -52.714  -48.959  -10.342 0.3000000119
48991  -52.631  -48.506  -9.786 0.3000000119
45909  -44.887  -51.717  -4.749 0.6000000238
44892  -44.588  -52.591  -4.541 0.6000000238
48969  -54.332  -48.150  -6.559 0.4000000060
50047  -55.028  -47.615  -6.351 0.4000000060
50042  -55.280  -46.781  -6.202 0.4000000060
51051  -55.380  -46.096  -6.261 0.4000000060
52191  -55.825  -45.044  -7.908 0.4000000060
51011  -37.004  -46.860  -1.425 0.4000000060
51012  -37.379  -46.658  -1.945 0.5000000000
46993  -43.065  -50.624  -0.968 0.6999999881
54525  -55.225  -43.888  -8.234 0.4000000060
46982  -42.565  -50.199  -0.586 0.6999999881
144107  -55.460  -43.920  -6.126 0.4000000060
52164  -37.130  -45.626  -3.394 0.5000000000
52173  -37.498  -45.663  -4.234 0.5000000000
53291  -38.373  -44.869  -4.817 0.6000000238
53277  -37.875  -44.293  -4.207 0.6000000238
135359  -38.763  -44.066  -5.022 0.8000000119
48879  -42.735  -48.232  0.307 0.8000000119
48887  -43.248  -48.843  0.003 0.6999999881
49970  -41.675  -47.327  0.107 0.8000000119
48886  -42.248  -49.074  0.045 0.6999999881
54511  -54.957  -43.729  -5.323 0.4000000060
49971  -42.370  -47.541  0.386 0.8000000119
133686  -39.178  -43.250  -5.087 0.8000000119
52130  -40.802  -45.589  -0.845 0.8000000119
51002  -40.842  -46.393  -0.700 0.8000000119
54498  -54.439  -43.495  -4.616 0.4000000060
55641  -39.405  -42.405  -5.117 0.6999999881
53254  -40.607  -44.804  -1.748 0.8000000119
55652  -39.913  -42.217  -5.476 0.6999999881
55653  -40.190  -42.427  -5.392 0.6999999881
53266  -40.557  -44.628  -2.619 0.8000000119
55642  -40.563  -42.558  -4.914 0.6999999881
55628  -40.954  -42.542  -3.905 0.6000000238
55625  -53.917  -43.023  -2.167 0.3000000119
55570  -49.087  -42.364  -0.440 0.4000000060
55597  -51.325  -42.569  -1.702 0.4000000060
55638  -52.168  -42.642  -2.863 0.4000000060
126155  -52.979  -42.770  -2.536 0.3000000119
142969  -49.429  -41.521  0.501 0.4000000060
55571  -50.035  -42.402  -0.659 0.4000000060
55572  -50.976  -42.401  -0.828 0.4000000060
55622  -50.907  -42.589  -2.493 0.4000000060
58478  -50.943  -39.368  1.251 0.4000000060
59399  -51.169  -38.343  1.187 0.5000000000
59396  -48.392  -39.034  2.199 0.5000000000
60455  -49.527  -36.954  2.504 0.4000000060
60468  -50.617  -37.690  1.412 0.5000000000
59400  -51.989  -38.078  0.946 0.5000000000
60487  -52.094  -37.244  0.637 0.5000000000
60452  -47.338  -37.773  2.585 0.5000000000
61464  -47.470  -36.880  3.010 0.5000000000
61466  -49.315  -36.286  2.818 0.4000000060
135160  -52.530  -36.007  0.044 0.5000000000
63634  -52.508  -34.762  -0.436 0.5000000000
63648  -52.782  -34.278  -0.867 0.5000000000
147005  -52.750  -33.165  -1.477 0.5000000000
63643  -32.232  -34.085  -1.612 0.5000000000
66567  -52.491  -31.497  -2.667 0.4000000060
64666  -33.173  -33.045  -1.743 0.6000000238
128527  -33.720  -32.825  -1.691 0.6000000238
64668  -34.340  -33.366  -1.760 0.6000000238
67458  -51.736  -30.132  -3.502 0.3000000119
65623  -34.306  -32.516  -1.345 0.6000000238
65612  -35.043  -32.208  -0.661 0.6000000238
66538  -35.965  -31.873  -0.043 0.6000000238
68336  -51.145  -29.544  -3.940 0.3000000119
68340  -50.362  -29.122  -4.221 0.3000000119
136212  -35.993  -31.005  0.122 0.6000000238
67417  -36.552  -30.491  0.154 0.6000000238
68296  -37.496  -29.374  -0.328 0.6000000238
69228  -37.750  -28.532  -1.043 0.6000000238
70292  -38.207  -27.341  -3.010 0.6000000238
70306  -39.135  -27.149  -3.856 0.6000000238
70307  -39.464  -26.933  -3.813 0.6000000238
127726  -39.527  -25.364  -4.680 0.5000000000
147248  -39.432  -23.663  -5.392 0.4000000060
144037  -38.892  -23.496  -5.204 0.4000000060
129754  -45.617  -14.855  -4.956 0.3000000119
82344  -45.654  -15.614  -5.835 0.3000000119
82354  -45.965  -15.679  -8.021 0.3000000119
81376  -46.541  -15.734  -8.042 0.3000000119
133791  -47.772  -16.316  -7.750 0.3000000119
127641  -38.344  -18.418  -2.908 0.3000000119
80338  -39.095  -18.014  -1.773 0.3000000119
148556  -55.507  -44.257  -8.266 0.4000000060
61502  -52.954  -36.415  0.183 0.5000000000
145116  -48.662  -64.086  -6.942 0.4000000060
35287  -46.692  -60.956  -3.542 0.3000000119
36343  -47.127  -60.984  -3.775 0.3000000119
36344  -47.437  -60.936  -4.453 0.3000000119
35311  -49.032  -61.716  -6.430 0.4000000060
38351  -46.863  -58.340  -6.127 0.3000000119
38348  -47.139  -59.329  -5.797 0.3000000119
42879  -49.128  -54.737  -10.288 0.4000000060
40613  -46.129  -57.048  -2.826 0.3000000119
40646  -48.546  -56.726  -8.451 0.4000000060
41773  -46.452  -55.173  -5.744 0.3000000119
47047  -48.204  -50.352  -4.625 0.3000000119
47066  -48.665  -50.599  -8.404 0.3000000119
47059  -48.883  -50.407  -7.444 0.3000000119
48066  -52.223  -49.059  -10.261 0.3000000119
150338  -53.182  -48.487  -8.477 0.4000000060
47024  -45.217  -49.813  -3.824 0.6000000238
147037  -44.690  -50.398  -3.263 0.6999999881
48974  -47.783  -48.522  -7.929 0.3000000119
47009  -44.361  -50.617  -2.527 0.6999999881
50009  -47.760  -48.089  -2.179 0.6000000238
49999  -45.820  -48.132  -1.092 0.6999999881
48889  -45.011  -48.358  -0.783 0.6999999881
47987  -43.427  -50.008  -0.875 0.6999999881
50001  -47.477  -47.717  -1.381 0.6000000238
48901  -44.588  -49.001  -1.173 0.6999999881
133457  -55.055  -43.727  -7.304 0.4000000060
52142  -36.541  -45.622  -1.768 0.3000000119
48888  -44.154  -48.565  -0.395 0.6999999881
47981  -42.892  -49.558  -0.312 0.6999999881
139332  -47.002  -45.975  0.026 0.6000000238
53281  -51.642  -45.050  -3.223 0.5000000000
49973  -44.089  -47.175  0.431 0.6999999881
53219  -45.812  -44.986  0.239 0.6999999881
49972  -43.158  -47.456  0.477 0.6999999881
54430  -42.626  -43.522  -0.385 0.6999999881
54522  -52.811  -43.173  -8.937 0.4000000060
54433  -46.876  -43.989  -0.930 0.6999999881
55566  -42.902  -42.857  -0.814 0.6000000238
53234  -40.796  -44.903  -1.052 0.6999999881
56629  -42.877  -41.283  -3.575 0.6000000238
55613  -41.418  -42.479  -2.751 0.6999999881
54443  -40.696  -44.079  -1.907 0.6999999881
54481  -40.751  -43.301  -3.229 0.8000000119
54469  -54.339  -43.318  -3.000 0.4000000060
131220  -53.498  -42.989  -3.192 0.3000000119
55618  -46.009  -42.838  -3.000 0.6000000238
54465  -46.511  -43.275  -2.505 0.6000000238
126156  -47.171  -43.437  -2.942 0.6999999881
56646  -40.198  -41.502  -5.531 0.6999999881
56647  -40.856  -40.928  -5.561 0.6999999881
136341  -41.231  -41.305  -5.340 0.6999999881
54491  -40.507  -43.423  -4.373 0.8000000119
143362  -47.217  -43.404  -3.882 0.4000000060
56666  -50.541  -41.781  -9.154 0.3000000119
147855  -51.830  -42.408  -4.935 0.3000000119
55678  -48.856  -41.492  -9.369 0.4000000060
55679  -49.423  -41.811  -9.731 0.4000000060
55568  -48.016  -42.326  -0.750 0.4000000060
55634  -48.745  -42.206  -3.589 0.4000000060
56660  -49.592  -41.415  -8.791 0.4000000060
56625  -46.708  -41.315  -1.830 0.5000000000
130386  -49.642  -42.332  -4.035 0.4000000060
55657  -49.804  -42.061  -6.153 0.4000000060
56656  -45.846  -40.751  -7.447 0.5000000000
55671  -47.448  -41.230  -8.464 0.5000000000
137427  -36.184  -38.466  -2.565 0.6999999881
136451  -46.536  -40.042  -4.354 0.5000000000
60537  -39.018  -36.518  -4.820 0.8000000119
138732  -41.833  -37.674  -5.362 0.6999999881
59395  -47.469  -39.122  2.199 0.5000000000
144769  -38.402  -36.212  -4.787 0.6999999881
64634  -50.627  -33.921  1.634 0.4000000060
61549  -32.853  -36.534  -1.732 0.5000000000
60548  -46.049  -36.853  -5.489 0.5000000000
59380  -46.656  -37.985  2.193 0.5000000000
58531  -41.831  -38.476  -4.377 0.6999999881
61465  -48.601  -36.806  3.048 0.4000000060
61458  -48.784  -35.907  3.215 0.4000000060
61457  -47.938  -36.071  3.355 0.4000000060
59443  -40.358  -38.273  -3.555 0.8000000119
145077  -33.561  -34.996  -2.048 0.5000000000
140155  -46.606  -36.429  2.767 0.5000000000
125298  -39.459  -37.983  -1.750 0.6000000238
63653  -33.918  -34.295  -2.189 0.5000000000
133525  -35.605  -34.740  -2.890 0.6999999881
59431  -42.273  -39.057  -1.289 0.6000000238
61515  -40.563  -37.082  -0.400 0.6999999881
63615  -40.376  -34.730  0.219 0.6000000238
63631  -37.870  -34.776  -0.155 0.6000000238
133998  -52.475  -33.345  -0.920 0.5000000000
63644  -33.162  -33.773  -1.797 0.5000000000
60504  -45.182  -37.196  -0.223 0.6000000238
64622  -45.349  -33.372  2.716 0.5000000000
65569  -46.204  -32.169  3.402 0.4000000060
126210  -40.856  -38.584  -1.104 0.6999999881
60501  -41.182  -37.876  -0.558 0.6999999881
62607  -42.125  -36.106  -0.044 0.6999999881
64657  -41.902  -32.859  -0.234 0.6000000238
66490  -46.482  -31.365  3.479 0.4000000060
65590  -44.118  -32.521  1.619 0.5000000000
63618  -43.233  -34.057  0.575 0.5000000000
132179  -42.588  -33.882  0.253 0.6000000238
65604  -42.967  -32.398  0.426 0.6999999881
68286  -49.722  -29.025  0.536 0.4000000060
64640  -38.026  -33.049  0.459 0.6000000238
67441  -52.128  -30.934  -2.109 0.4000000060
67381  -44.562  -30.627  2.171 0.6000000238
67369  -45.924  -30.681  3.290 0.4000000060
66513  -43.729  -31.318  1.275 0.6000000238
148760  -45.543  -29.305  2.761 0.5000000000
68261  -46.021  -29.275  3.087 0.5000000000
71369  -47.135  -26.807  2.309 0.4000000060
70254  -48.735  -27.050  1.676 0.4000000060
67407  -42.679  -30.824  0.175 0.6000000238
71419  -49.569  -26.239  -0.921 0.3000000119
140361  -49.551  -27.246  -0.954 0.3000000119
69217  -42.976  -28.969  0.353 0.6000000238
67420  -40.899  -30.293  -0.746 0.6000000238
68327  -49.306  -29.206  -2.332 0.3000000119
69272  -49.760  -28.806  -4.373 0.3000000119
130016  -43.672  -28.931  1.088 0.6000000238
68285  -43.441  -29.733  0.845 0.6000000238
68299  -40.425  -29.546  -1.073 0.6000000238
70309  -48.553  -28.399  -2.863 0.3000000119
70239  -45.562  -26.884  2.089 0.6000000238
70266  -43.348  -27.351  0.518 0.6000000238
73510  -49.111  -24.777  0.071 0.4000000060
72554  -49.348  -25.372  -1.329 0.3000000119
70278  -41.617  -27.528  -1.112 0.6000000238
71428  -48.428  -26.624  -2.951 0.3000000119
71376  -45.109  -26.322  1.622 0.5000000000
74574  -47.535  -23.152  0.759 0.4000000060
73495  -44.791  -24.816  1.000 0.4000000060
72532  -44.139  -25.388  0.745 0.4000000060
74572  -45.823  -23.086  0.868 0.4000000060
72545  -43.063  -24.965  -0.057 0.5000000000
137439  -48.401  -21.968  -2.238 0.3000000119
76670  -48.286  -21.489  -1.498 0.3000000119
73518  -43.262  -24.158  -0.030 0.4000000060
73517  -42.548  -24.473  -0.531 0.4000000060
74581  -42.029  -23.862  -1.110 0.4000000060
143959  -45.393  -20.139  0.040 0.3000000119
77585  -47.969  -20.590  -1.690 0.3000000119
128641  -47.735  -19.965  -2.200 0.3000000119
77625  -47.242  -20.702  -4.766 0.3000000119
78482  -42.909  -20.235  -0.812 0.3000000119
77583  -41.377  -20.951  -2.342 0.3000000119
76677  -40.355  -22.091  -4.602 0.3000000119
78521  -47.209  -20.011  -4.292 0.3000000119
74602  -40.132  -23.357  -4.951 0.4000000060
79364  -45.674  -18.483  -0.744 0.3000000119
78546  -47.504  -19.237  -6.069 0.3000000119
146145  -42.040  -17.640  -1.965 0.3000000119
135418  -39.882  -20.635  -4.979 0.3000000119
78520  -39.370  -20.287  -5.107 0.3000000119
80382  -46.260  -17.111  -7.111 0.3000000119
81325  -42.822  -15.917  -2.013 0.3000000119
78518  -38.480  -19.467  -4.480 0.3000000119
83256  -44.899  -14.914  -2.751 0.3000000119
144232  -45.619  -15.027  -4.153 0.3000000119
81356  -45.913  -17.159  -6.332 0.3000000119
81366  -45.744  -16.145  -7.403 0.3000000119
81368  -46.913  -16.484  -7.563 0.3000000119
133790  -48.916  -16.032  -7.674 0.3000000119
81337  -39.176  -16.653  -4.873 0.3000000119
79377  -38.820  -18.938  -2.183 0.3000000119
82353  -45.662  -15.351  -7.761 0.3000000119
34267  -48.532  -62.860  -8.671 0.4000000060
51013  -40.593  -46.071  -1.475 0.8000000119
53278  -40.533  -44.247  -3.680 0.8000000119
58495  -51.716  -39.902  1.115 0.4000000060
71427  -38.987  -26.663  -4.591 0.5000000000
59397  -49.358  -38.802  1.930 0.4000000060
59398  -50.290  -38.569  1.511 0.4000000060
62611  -55.661  -35.729  -0.587 0.3000000119
62610  -54.633  -35.510  -0.764 0.4000000060
62639  -56.050  -35.768  -2.059 0.3000000119
135959  -53.054  -37.088  0.521 0.4000000060
62597  -53.214  -35.872  -0.246 0.4000000060
62638  -55.482  -35.577  -2.546 0.3000000119
62624  -54.460  -35.127  -1.614 0.4000000060
60467  -49.708  -37.845  2.066 0.3000000119
62608  -53.129  -35.099  -0.720 0.4000000060
62623  -53.867  -35.094  -1.108 0.4000000060
64676  -53.379  -33.600  -2.478 0.3000000119
63649  -53.392  -34.545  -1.302 0.4000000060
64684  -53.436  -33.844  -4.139 0.3000000119
63665  -53.757  -34.193  -3.117 0.3000000119
64669  -53.054  -33.772  -1.559 0.4000000060
65643  -52.970  -32.939  -4.198 0.3000000119
65642  -52.762  -32.144  -3.383 0.3000000119
66573  -52.501  -31.367  -3.812 0.3000000119
65633  -52.733  -32.262  -2.320 0.3000000119
129782  -32.764  -31.329  -1.549 0.5000000000
68314  -32.769  -29.128  -1.323 0.5000000000
143057  -33.399  -31.101  -1.277 0.5000000000
67438  -33.683  -30.317  -0.926 0.5000000000
66536  -34.245  -31.428  -0.829 0.5000000000
67459  -52.220  -30.636  -4.269 0.3000000119
67415  -34.703  -30.370  -0.519 0.5000000000
68295  -36.600  -29.625  -0.178 0.5000000000
69244  -33.667  -27.769  -1.303 0.5000000000
70290  -35.435  -27.123  -1.911 0.5000000000
69245  -34.976  -27.929  -1.005 0.5000000000
136796  -36.067  -28.047  -1.100 0.4000000060
70289  -34.188  -26.889  -1.753 0.5000000000
70288  -32.920  -26.592  -1.866 0.5000000000
144619  -36.924  -28.127  -1.335 0.5000000000
69246  -36.562  -27.417  -2.090 0.5000000000
70303  -34.744  -26.182  -2.590 0.4000000060
71423  -35.258  -26.003  -2.819 0.4000000060
135984  -38.099  -26.862  -3.695 0.5000000000
70304  -36.103  -26.528  -2.921 0.4000000060
72550  -36.089  -25.491  -2.170 0.4000000060
71433  -36.541  -26.076  -3.130 0.5000000000
71432  -35.752  -25.851  -2.866 0.4000000060
71426  -38.595  -26.427  -4.296 0.4000000060
125088  -38.060  -25.571  -3.323 0.5000000000
71425  -37.282  -26.412  -3.317 0.4000000060
72551  -37.144  -25.676  -2.626 0.3000000119
72560  -37.734  -26.043  -3.353 0.4000000060
147581  -38.953  -26.122  -4.838 0.4000000060
72561  -38.750  -25.795  -4.642 0.3000000119
142345  -38.486  -25.175  -2.558 0.3000000119
73522  -38.582  -25.363  -4.424 0.3000000119
73523  -38.845  -24.837  -5.110 0.3000000119
72562  -38.941  -25.527  -4.854 0.3000000119
72552  -38.804  -24.771  -2.803 0.3000000119
73533  -39.002  -24.624  -5.221 0.3000000119
74601  -38.956  -23.792  -5.383 0.3000000119
130361  -39.264  -24.180  -2.612 0.3000000119
134473  -39.427  -23.432  -3.232 0.3000000119
74590  -38.855  -24.089  -4.721 0.3000000119
128826  -31.584  -29.223  -1.421 0.5000000000
61524  -56.824  -36.382  0.099 0.3000000119
61503  -53.787  -36.518  0.236 0.4000000060
147029  -30.558  -28.704  -1.054 0.4000000060
145991  -32.658  -28.087  -1.379 0.5000000000
69243  -32.326  -27.143  -1.495 0.4000000060
70302  -33.437  -25.897  -2.436 0.5000000000
72558  -34.863  -25.561  -2.463 0.5000000000
59381  -47.868  -38.398  2.499 0.4000000060
57533  -50.396  -40.150  1.187 0.4000000060
59382  -48.765  -38.242  2.460 0.3000000119
128149  -52.694  -37.794  0.788 0.4000000060
62596  -52.519  -35.417  -0.209 0.4000000060
64675  -53.013  -32.987  -1.998 0.3000000119
66553  -33.589  -31.956  -1.445 0.5000000000
66537  -35.272  -31.204  -0.320 0.5000000000
69227  -36.759  -28.748  -0.598 0.5000000000
69247  -37.545  -27.726  -2.033 0.5000000000
70305  -38.718  -27.056  -4.023 0.4000000060
72563  -39.214  -26.216  -4.656 0.3000000119
62626  -56.287  -35.708  -1.239 0.3000000119
62625  -55.355  -35.462  -1.552 0.3000000119
61521  -54.179  -35.964  -0.205 0.4000000060
138422  -54.583  -36.382  0.161 0.4000000060
61522  -55.071  -36.025  -0.100 0.4000000060
145959  -53.495  -37.928  0.766 0.4000000060
63658  -54.249  -34.785  -2.452 0.3000000119
129586  -54.874  -35.225  -2.228 0.3000000119
63657  -53.633  -34.274  -2.076 0.4000000060
138201  -53.383  -33.477  -3.313 0.3000000119
65634  -53.149  -32.854  -2.892 0.3000000119
128374  -52.548  -31.988  -4.796 0.3000000119
66552  -31.907  -31.179  -1.622 0.5000000000
67436  -31.894  -30.321  -1.559 0.5000000000
67437  -32.707  -30.265  -1.420 0.5000000000
68315  -33.596  -28.668  -1.072 0.5000000000
135067  -34.116  -29.485  -0.746 0.5000000000
67416  -35.709  -30.154  -0.169 0.5000000000
68294  -35.032  -29.551  -0.507 0.5000000000
69226  -35.720  -28.941  -0.499 0.5000000000
68316  -34.611  -28.732  -0.748 0.5000000000
70291  -37.305  -27.054  -3.006 0.5000000000
60488  -54.029  -37.275  0.535 0.4000000060
134924  -39.939  -46.116  -5.681 0.6999999881
52155  -40.529  -45.523  -2.346 0.6999999881
145075  -40.457  -44.943  -4.410 0.6999999881
52175  -40.276  -45.148  -5.111 0.6999999881
53304  -40.092  -44.565  -5.280 0.6999999881
53303  -39.876  -44.803  -5.471 0.6999999881
53292  -40.331  -44.329  -4.823 0.6999999881
54500  -39.691  -44.003  -5.335 0.6999999881
56593  -51.617  -41.995  -0.111 0.3000000119
55573  -51.916  -42.429  -0.942 0.3000000119
56578  -53.259  -41.392  0.355 0.3000000119
147116  -52.199  -40.435  0.903 0.3000000119
56577  -52.212  -41.264  0.486 0.3000000119
54502  -40.166  -43.476  -5.160 0.6999999881
56592  -50.661  -42.004  -0.056 0.3000000119
57554  -51.549  -40.660  0.856 0.3000000119
57555  -52.942  -40.568  0.766 0.3000000119
58498  -54.418  -39.723  0.653 0.3000000119
133120  -54.857  -38.904  0.646 0.3000000119
54501  -39.862  -42.979  -5.333 0.6000000238
125196  -50.292  -41.474  0.454 0.3000000119
57553  -50.774  -40.782  0.840 0.3000000119
59415  -53.910  -38.838  0.794 0.3000000119
60489  -54.876  -37.376  0.524 0.3000000119
58496  -52.509  -39.740  1.027 0.3000000119
61504  -55.290  -36.661  0.319 0.3000000119
57532  -49.462  -40.230  1.302 0.3000000119
127761  -54.521  -36.807  0.380 0.3000000119
58477  -49.909  -39.442  1.475 0.3000000119
49984  -40.571  -47.055  -1.390 0.6999999881
136209  -41.301  -47.979  -0.317 0.6999999881
51048  -39.886  -47.009  -6.031 0.6999999881
51022  -40.520  -46.451  -2.355 0.6999999881
136964  -40.534  -46.730  -3.204 0.6999999881
131285  -40.482  -45.737  -4.488 0.6999999881
52182  -40.065  -45.325  -5.458 0.6999999881
51047  -39.237  -46.241  -5.613 0.6999999881
51031  -40.540  -46.043  -3.382 0.6999999881
53302  -39.185  -44.770  -5.352 0.6999999881
146596  -52.697  -42.494  -1.090 0.3000000119
56594  -52.685  -42.094  -0.228 0.3000000119
146505  -54.027  -41.509  0.299 0.3000000119
59417  -55.764  -38.951  0.542 0.3000000119
129158  -55.299  -38.161  0.582 0.3000000119
130836  -56.139  -38.186  0.514 0.3000000119
61523  -55.985  -36.210  0.060 0.3000000119
55624  -52.266  -42.611  -1.882 0.3000000119
59414  -52.844  -38.725  0.940 0.3000000119
58497  -53.438  -39.725  0.854 0.3000000119
40644  -44.843  -56.537  -7.429 0.4000000060
42863  -44.810  -55.036  -6.589 0.4000000060
41778  -45.326  -55.125  -7.446 0.4000000060
42873  -46.063  -55.036  -8.303 0.4000000060
41772  -44.518  -55.779  -6.167 0.4000000060
44900  -44.957  -52.427  -5.286 0.5000000000
43892  -44.989  -53.589  -5.934 0.4000000060
149539  -45.217  -53.791  -6.558 0.4000000060
144210  -44.865  -54.292  -6.209 0.4000000060
42859  -44.649  -54.059  -5.545 0.5000000000
127302  -44.498  -54.901  -5.613 0.4000000060
43893  -45.364  -53.038  -6.497 0.4000000060
43876  -44.661  -53.312  -5.173 0.5000000000
42842  -44.385  -54.232  -4.754 0.5000000000
40626  -44.266  -55.934  -5.120 0.5000000000
43861  -44.384  -53.430  -4.252 0.5000000000
42841  -44.050  -54.789  -3.944 0.5000000000
40619  -43.323  -56.184  -3.450 0.5000000000
41747  -42.737  -55.882  -2.815 0.5000000000
42826  -44.191  -54.086  -3.893 0.5000000000
44877  -44.307  -52.796  -3.690 0.6000000238
41756  -43.916  -55.645  -4.091 0.5000000000
43851  -43.409  -53.716  -2.609 0.5000000000
41742  -43.410  -55.249  -3.135 0.5000000000
42816  -42.068  -54.636  -2.334 0.6000000238
42815  -41.259  -54.377  -2.304 0.5000000000
44864  -44.235  -52.272  -3.162 0.6000000238
43860  -44.039  -53.566  -3.393 0.6000000238
44863  -43.792  -52.186  -2.426 0.6000000238
42817  -43.031  -54.516  -2.575 0.5000000000
43849  -41.682  -53.786  -2.114 0.6000000238
44861  -40.570  -52.863  -2.340 0.5000000000
44891  -40.311  -52.522  -4.963 0.5000000000
44874  -40.032  -53.234  -4.042 0.5000000000
44860  -40.249  -52.756  -2.908 0.5000000000
134870  -40.347  -51.772  -4.172 0.5000000000
126969  -38.609  -49.924  -5.616 0.4000000060
44876  -43.865  -52.944  -2.826 0.6000000238
48024  -38.694  -49.090  -5.872 0.5000000000
44853  -43.151  -52.026  -1.716 0.6000000238
44862  -43.109  -52.943  -2.023 0.5000000000
44852  -42.478  -52.431  -1.662 0.6000000238
43842  -42.126  -53.076  -1.829 0.6000000238
132955  -39.753  -49.801  -6.931 0.5000000000
150997  -40.856  -52.419  -1.843 0.6000000238
43841  -41.209  -53.041  -1.907 0.5000000000
141189  -40.413  -51.956  -6.862 0.5000000000
44875  -40.260  -52.274  -3.447 0.5000000000
130609  -40.501  -51.973  -2.308 0.5000000000
147170  -38.450  -49.713  -3.976 0.4000000060
48017  -38.481  -49.296  -4.669 0.5000000000
137798  -38.395  -50.873  -3.899 0.4000000060
48932  -38.465  -48.396  -5.151 0.5000000000
48945  -38.905  -48.306  -6.007 0.5000000000
147534  -39.619  -48.292  -6.397 0.5000000000
44851  -41.563  -52.294  -1.605 0.6000000238
44850  -40.898  -51.869  -1.629 0.6000000238
45867  -40.721  -51.123  -1.610 0.6000000238
45908  -40.478  -51.642  -5.589 0.5000000000
45895  -40.405  -51.014  -4.176 0.5000000000
47034  -40.508  -50.539  -5.451 0.5000000000
48010  -38.406  -49.318  -3.522 0.4000000060
50018  -38.295  -47.745  -4.372 0.5000000000
47022  -38.362  -50.126  -3.342 0.4000000060
50028  -38.520  -47.511  -5.440 0.5000000000
138563  -39.139  -46.996  -5.717 0.5000000000
50037  -39.401  -47.657  -6.083 0.5000000000
50045  -40.022  -47.917  -6.428 0.5000000000
46981  -41.812  -50.190  -0.576 0.6000000238
46992  -42.182  -50.930  -0.882 0.6000000238
48961  -40.186  -48.653  -6.558 0.5000000000
48035  -40.022  -49.327  -6.867 0.5000000000
46991  -41.293  -50.673  -1.005 0.6000000238
45917  -40.453  -51.032  -6.648 0.5000000000
45881  -40.432  -51.108  -2.311 0.5000000000
47045  -40.427  -50.018  -6.469 0.5000000000
48018  -40.537  -49.557  -5.404 0.5000000000
47023  -40.431  -50.089  -4.118 0.5000000000
51030  -37.954  -46.887  -4.724 0.5000000000
51054  -40.129  -47.446  -6.152 0.5000000000
47979  -41.734  -49.569  -0.364 0.6000000238
46990  -40.810  -50.369  -1.313 0.6000000238
48946  -40.475  -48.217  -5.996 0.5000000000
48036  -40.174  -49.617  -6.845 0.5000000000
47986  -40.686  -49.828  -1.402 0.6000000238
48025  -40.485  -49.079  -6.313 0.5000000000
133878  -40.371  -49.741  -2.904 0.5000000000
48011  -40.479  -49.061  -4.135 0.5000000000
50007  -38.322  -48.002  -3.366 0.4000000060
51039  -37.850  -46.169  -4.885 0.4000000060
48914  -38.301  -48.648  -2.914 0.4000000060
127294  -40.212  -45.990  -5.362 0.6000000238
143435  -40.417  -46.721  -5.259 0.6000000238
135582  -40.728  -49.120  -1.166 0.6000000238
148852  -40.494  -47.802  -5.437 0.5000000000
48933  -40.551  -48.220  -4.940 0.5000000000
48915  -40.440  -48.003  -2.613 0.6000000238
48923  -40.488  -48.167  -3.726 0.5000000000
50017  -37.998  -47.162  -3.488 0.5000000000
52174  -37.967  -45.468  -4.717 0.4000000060
51029  -37.569  -46.284  -4.079 0.4000000060
150009  -40.454  -46.255  -4.905 0.6000000238
51040  -40.550  -46.598  -4.255 0.6000000238
127571  -40.547  -47.449  -4.739 0.5000000000
50019  -40.530  -47.351  -3.503 0.5000000000
47054  -39.619  -50.677  -7.088 0.5000000000
47056  -40.192  -50.537  -7.107 0.5000000000
45927  -40.159  -51.591  -7.259 0.5000000000
50006  -38.037  -47.867  -2.570 0.4000000060
42869  -45.762  -54.231  -7.819 0.4000000060
45870  -43.117  -51.240  -1.351 0.6000000238
48878  -41.894  -48.229  0.162 0.6000000238
48885  -41.351  -48.871  -0.436 0.6000000238
129821  -40.706  -48.114  -0.964 0.6000000238
135175  -40.479  -47.808  -1.757 0.6000000238
50008  -40.494  -47.235  -2.442 0.6000000238
150739  -38.446  -46.171  -5.302 0.5000000000
133426  -44.257  -55.096  -4.714 0.5000000000
42825  -43.727  -54.335  -3.217 0.5000000000
135641  -42.671  -55.176  -2.616 0.5000000000
43850  -42.583  -53.788  -2.212 0.6000000238
45869  -42.296  -51.745  -1.371 0.6000000238
47007  -40.349  -50.630  -3.006 0.5000000000
45868  -41.421  -51.449  -1.296 0.6000000238
46980  -41.153  -49.829  -0.828 0.6000000238
48001  -40.432  -49.423  -1.917 0.6000000238
126012  -40.405  -48.843  -2.772 0.6000000238
48981  -54.041  -48.546  -7.650 0.3000000119
129948  -53.742  -48.666  -8.978 0.3000000119
148377  -54.637  -48.765  -8.079 0.3000000119
50052  -56.113  -48.055  -7.315 0.3000000119
48982  -55.510  -48.765  -7.984 0.3000000119
48983  -56.393  -48.518  -8.216 0.3000000119
50053  -56.754  -47.694  -7.857 0.3000000119
50048  -55.739  -47.347  -6.717 0.3000000119
50049  -56.546  -47.016  -7.391 0.3000000119
50054  -57.257  -46.869  -8.435 0.3000000119
51055  -55.971  -46.228  -6.917 0.3000000119
51056  -56.623  -45.680  -8.265 0.3000000119
53298  -56.915  -44.523  -4.405 0.3000000119
133875  -55.680  -44.128  -5.084 0.3000000119
53284  -56.635  -44.321  -3.600 0.3000000119
54499  -55.245  -43.852  -4.365 0.3000000119
150932  -55.685  -43.798  -2.878 0.3000000119
53283  -55.654  -43.939  -3.493 0.3000000119
145773  -55.153  -43.604  -2.918 0.3000000119
48993  -55.774  -49.301  -9.040 0.3000000119
40625  -43.758  -56.543  -4.316 0.4000000060
48994  -56.749  -48.987  -9.427 0.3000000119
50055  -57.318  -47.959  -8.803 0.3000000119
52196  -56.023  -44.402  -8.406 0.3000000119
53309  -56.246  -44.338  -5.770 0.3000000119
53310  -57.065  -44.574  -6.390 0.3000000119
53311  -58.257  -44.882  -5.857 0.3000000119
144700  -57.077  -44.625  -5.297 0.3000000119
53271  -57.493  -44.253  -2.962 0.3000000119
54489  -56.312  -44.009  -2.856 0.3000000119
50056  -57.758  -46.949  -10.250 0.3000000119
35299  -32.588  -61.562  -5.698 0.4000000060
143734  -32.896  -60.714  -5.726 0.3000000119
37323  -34.369  -59.619  -5.407 0.3000000119
38343  -34.296  -58.939  -5.627 0.3000000119
42824  -39.480  -54.836  -4.593 0.4000000060
135967  -39.189  -55.444  -3.951 0.4000000060
41739  -39.592  -55.588  -2.900 0.4000000060
43885  -40.182  -53.669  -7.339 0.4000000060
44890  -40.210  -53.518  -6.087 0.4000000060
43875  -39.786  -54.188  -5.267 0.4000000060
43859  -39.810  -54.037  -3.679 0.4000000060
140647  -40.013  -54.027  -2.808 0.4000000060
42814  -40.505  -54.526  -2.511 0.4000000060
147664  -40.240  -55.182  -2.594 0.4000000060
44873  -38.193  -52.151  -3.819 0.3000000119
44908  -40.183  -52.717  -7.339 0.4000000060
43847  -40.058  -53.392  -2.931 0.4000000060
45907  -38.418  -51.741  -4.496 0.3000000119
45894  -38.150  -51.448  -3.359 0.3000000119
41740  -41.117  -55.199  -2.400 0.4000000060
47044  -38.877  -50.455  -6.438 0.4000000060
41746  -38.980  -56.137  -3.401 0.4000000060
43884  -40.062  -54.435  -7.054 0.4000000060
42813  -39.674  -54.722  -3.154 0.4000000060
32035  -49.233  -64.717  -8.248 0.3000000119
33171  -49.122  -64.029  -8.495 0.3000000119
35321  -47.965  -61.749  -8.721 0.3000000119
36369  -49.009  -60.759  -9.281 0.3000000119
37339  -48.416  -59.116  -9.511 0.3000000119
37336  -45.296  -59.441  -8.259 0.3000000119
37333  -44.606  -59.503  -7.861 0.3000000119
37332  -44.024  -59.588  -7.379 0.3000000119
38357  -44.932  -58.714  -8.065 0.3000000119
38354  -44.377  -58.851  -7.524 0.3000000119
38353  -43.939  -59.044  -7.034 0.3000000119
39485  -45.024  -57.231  -7.875 0.3000000119
39482  -44.520  -57.320  -7.168 0.3000000119
38350  -44.189  -58.260  -6.875 0.3000000119
40642  -44.521  -56.553  -6.664 0.3000000119
39479  -44.200  -57.395  -6.158 0.3000000119
38364  -48.820  -58.145  -9.942 0.3000000119
40640  -44.339  -56.531  -5.851 0.3000000119
129930  -47.363  -60.856  -8.732 0.3000000119
30788  -41.356  -65.558  -4.351 0.3000000119
30789  -41.934  -65.075  -4.560 0.3000000119
30803  -43.170  -64.734  -5.396 0.3000000119
30813  -44.918  -65.305  -6.968 0.4000000060
30824  -48.575  -65.163  -8.410 0.3000000119
32010  -47.655  -64.457  -7.160 0.4000000060
32020  -47.700  -65.423  -7.883 0.4000000060
32022  -49.385  -64.715  -8.104 0.4000000060
33140  -43.784  -63.322  -4.850 0.3000000119
33151  -46.844  -63.202  -5.967 0.4000000060
33160  -45.898  -63.785  -6.360 0.4000000060
33162  -50.467  -63.752  -7.690 0.4000000060
33166  -50.956  -63.552  -8.112 0.4000000060
33167  -51.170  -63.363  -8.144 0.4000000060
33172  -50.252  -63.970  -8.212 0.4000000060
34239  -46.993  -62.012  -4.600 0.4000000060
34240  -47.668  -61.986  -4.708 0.4000000060
34242  -31.855  -61.857  -6.074 0.4000000060
34258  -48.302  -63.120  -5.982 0.4000000060
34263  -50.992  -63.299  -7.890 0.4000000060
34268  -49.908  -63.087  -8.552 0.4000000060
34269  -50.854  -63.225  -8.226 0.4000000060
35296  -46.728  -61.420  -4.069 0.3000000119
35317  -50.998  -62.683  -8.202 0.4000000060
35323  -50.602  -61.455  -8.857 0.4000000060
35324  -50.239  -60.975  -9.222 0.4000000060
36335  -46.203  -60.629  -3.153 0.3000000119
36336  -46.727  -60.504  -3.353 0.3000000119
36353  -47.839  -61.184  -5.259 0.4000000060
36362  -44.285  -60.278  -7.659 0.3000000119
36363  -50.123  -60.572  -8.534 0.4000000060
36368  -47.980  -60.012  -9.148 0.3000000119
36371  -49.497  -59.643  -9.720 0.3000000119
37341  -50.347  -59.430  -9.811 0.4000000060
37342  -49.927  -58.841  -10.305 0.4000000060
37343  -50.307  -59.361  -10.014 0.4000000060
38347  -46.762  -58.851  -5.077 0.3000000119
38361  -50.125  -58.029  -10.195 0.4000000060
39484  -44.675  -58.038  -7.696 0.3000000119
39488  -49.204  -57.333  -9.090 0.4000000060
40608  -39.581  -56.399  -2.724 0.4000000060
40620  -45.779  -55.660  -2.935 0.3000000119
40651  -49.579  -56.535  -10.229 0.4000000060
41783  -44.809  -55.810  -7.017 0.4000000060
42864  -45.236  -54.352  -6.967 0.4000000060
42874  -48.285  -54.172  -9.955 0.4000000060
42880  -49.494  -54.648  -10.058 0.3000000119
43848  -40.750  -53.720  -2.337 0.5000000000
43863  -46.129  -52.973  -3.978 0.3000000119
43886  -45.095  -52.954  -5.752 0.4000000060
43907  -48.978  -53.605  -9.659 0.3000000119
44899  -40.395  -52.715  -6.563 0.4000000060
45896  -44.492  -51.922  -3.927 0.6000000238
45918  -45.288  -51.638  -5.541 0.5000000000
47006  -37.984  -50.338  -2.543 0.5000000000
47008  -43.838  -50.508  -1.620 0.6999999881
47038  -48.969  -49.916  -4.124 0.3000000119
47055  -40.048  -50.870  -7.292 0.5000000000
47980  -42.213  -49.738  -0.303 0.6999999881
47985  -37.078  -49.058  -1.657 0.5000000000
48003  -45.198  -49.194  -2.623 0.6999999881
48034  -39.475  -49.025  -6.529 0.5000000000
48065  -51.431  -48.313  -10.149 0.3000000119
48880  -43.644  -48.025  0.214 0.6999999881
48900  -40.466  -48.568  -1.779 0.6000000238
48922  -38.424  -48.561  -3.975 0.4000000060
48927  -48.308  -48.275  -3.794 0.4000000060
48960  -39.985  -48.618  -6.668 0.5000000000
48970  -55.110  -48.327  -7.045 0.3000000119
48986  -48.044  -48.670  -8.650 0.3000000119
49985  -40.997  -47.262  -0.528 0.8000000119
50000  -46.631  -47.921  -1.269 0.6000000238
50013  -51.053  -46.897  -2.820 0.4000000060
50031  -53.423  -47.212  -4.762 0.4000000060
50038  -40.362  -47.448  -5.805 0.5000000000
50046  -40.224  -47.925  -6.263 0.5000000000
50986  -42.699  -46.785  0.526 0.8000000119
51014  -47.892  -47.146  -0.924 0.6000000238
51041  -52.983  -47.016  -4.181 0.4000000060
51049  -40.124  -46.791  -5.819 0.5000000000
52117  -42.951  -45.400  0.529 0.6999999881
52120  -45.654  -45.637  0.430 0.6999999881
52133  -47.554  -45.596  -0.401 0.6000000238
52143  -36.972  -46.261  -1.644 0.3000000119
52144  -40.625  -45.381  -1.459 0.8000000119
52156  -50.288  -45.802  -2.017 0.5000000000
52157  -50.917  -45.863  -2.405 0.5000000000
52165  -40.528  -45.199  -3.517 0.6999999881
52168  -52.829  -46.054  -3.788 0.4000000060
52180  -38.604  -45.592  -5.256 0.5000000000
52181  -39.584  -45.440  -5.525 0.6999999881
52195  -55.455  -44.423  -8.154 0.4000000060
53215  -41.772  -44.782  -0.088 0.6999999881
53216  -42.486  -44.209  0.043 0.6999999881
53235  -41.231  -44.408  -0.738 0.6999999881
53240  -47.302  -44.774  -0.537 0.6000000238
53255  -40.854  -44.338  -1.293 0.6999999881
53279  -50.171  -44.556  -2.603 0.5000000000
53285  -57.679  -44.542  -3.882 0.3000000119
53290  -37.785  -45.059  -4.337 0.6000000238
53297  -56.028  -44.277  -4.261 0.3000000119
53316  -56.001  -44.114  -7.231 0.3000000119
53320  -53.940  -43.678  -8.052 0.4000000060
53321  -54.646  -43.979  -8.234 0.4000000060
53322  -55.110  -44.039  -8.414 0.4000000060
54431  -43.396  -43.386  -0.374 0.6999999881
54461  -35.281  -43.374  -2.631 0.6000000238
54471  -55.771  -43.615  -2.261 0.3000000119
54472  -56.851  -43.801  -2.157 0.3000000119
54483  -47.871  -43.545  -3.349 0.6000000238
54487  -53.949  -43.251  -3.908 0.4000000060
54488  -54.776  -43.592  -3.695 0.3000000119
54506  -50.260  -43.753  -5.776 0.4000000060
54514  -50.489  -43.357  -8.007 0.4000000060
54515  -52.454  -43.459  -7.904 0.4000000060
54516  -53.868  -42.887  -6.773 0.4000000060
54523  -53.328  -43.225  -8.535 0.4000000060
54527  -51.783  -43.071  -10.037 0.4000000060
54529  -53.014  -43.064  -8.907 0.4000000060
55557  -49.014  -42.038  0.158 0.4000000060
55569  -48.329  -42.159  -0.064 0.4000000060
55594  -48.623  -42.496  -1.083 0.4000000060
55596  -50.345  -42.568  -1.661 0.4000000060
55614  -42.146  -42.075  -2.205 0.6999999881
55615  -43.523  -41.954  -2.056 0.6000000238
55620  -48.985  -42.413  -2.713 0.4000000060
55621  -49.569  -42.539  -2.205 0.4000000060
55623  -51.615  -42.601  -2.427 0.3000000119
55631  -45.470  -42.447  -3.571 0.6000000238
55633  -48.168  -42.175  -2.713 0.5000000000
55639  -53.182  -42.852  -4.174 0.3000000119
55647  -49.665  -42.212  -5.034 0.4000000060
55648  -50.478  -42.359  -4.546 0.4000000060
55649  -51.409  -42.460  -4.211 0.3000000119
55667  -51.724  -42.378  -6.989 0.4000000060
55674  -51.286  -42.183  -9.582 0.4000000060
55677  -53.479  -43.098  -8.462 0.4000000060
55680  -49.791  -42.344  -9.729 0.4000000060
56575  -49.747  -42.059  0.040 0.4000000060
56576  -51.198  -41.383  0.429 0.3000000119
56590  -46.970  -41.550  -0.536 0.4000000060
56591  -47.527  -41.908  -0.280 0.4000000060
56609  -42.823  -41.850  -2.009 0.6000000238
56610  -46.705  -41.327  -1.063 0.5000000000
56631  -44.198  -41.612  -3.740 0.6000000238
56633  -46.844  -40.955  -3.733 0.5000000000
56635  -48.104  -41.740  -4.391 0.5000000000
56655  -44.954  -40.832  -6.799 0.6000000238
56661  -46.780  -40.154  -8.283 0.5000000000
56662  -47.413  -40.289  -8.379 0.5000000000
56664  -49.101  -41.351  -9.295 0.4000000060
56667  -50.793  -42.192  -9.982 0.3000000119
57549  -46.673  -40.726  0.554 0.4000000060
57550  -47.304  -40.979  0.877 0.4000000060
57551  -48.087  -41.074  1.041 0.4000000060
57552  -49.004  -40.915  0.919 0.4000000060
57556  -53.977  -40.696  0.583 0.3000000119
57572  -46.301  -40.679  -1.365 0.5000000000
57578  -46.261  -39.195  -2.738 0.5000000000
57591  -41.090  -39.706  -5.765 0.6999999881
57593  -42.394  -39.107  -6.332 0.6000000238
57596  -47.304  -39.136  -7.202 0.5000000000
58474  -47.102  -39.795  1.765 0.5000000000
58475  -47.954  -39.814  1.922 0.5000000000
58476  -48.935  -39.623  1.719 0.4000000060
58493  -45.939  -39.443  0.654 0.6000000238
58494  -51.109  -40.170  1.100 0.4000000060
58499  -55.351  -39.712  0.544 0.3000000119
58509  -46.134  -40.134  0.131 0.4000000060
58511  -41.926  -39.466  -2.128 0.6000000238
58523  -37.477  -39.576  -3.069 0.8000000119
59394  -46.068  -38.067  1.616 0.5000000000
59413  -51.867  -39.023  1.104 0.4000000060
59416  -54.411  -38.058  0.686 0.3000000119
59433  -44.806  -37.657  -1.347 0.6000000238
59445  -43.742  -38.923  -2.351 0.5000000000
59447  -46.446  -36.991  -3.263 0.5000000000
59463  -40.342  -37.732  -5.563 0.6999999881
59471  -46.552  -38.046  -7.012 0.5000000000
60453  -48.182  -37.625  2.778 0.4000000060
60454  -48.980  -37.532  2.685 0.3000000119
60465  -45.676  -37.180  1.183 0.5000000000
60490  -55.703  -37.421  0.488 0.3000000119
60511  -46.158  -37.024  -2.115 0.5000000000
60532  -46.084  -36.574  -3.915 0.5000000000
60541  -46.053  -36.656  -4.711 0.5000000000
60542  -46.213  -36.879  -4.982 0.5000000000
60549  -46.158  -37.181  -5.813 0.5000000000
61480  -46.218  -36.740  2.246 0.5000000000
61501  -52.290  -36.513  0.359 0.5000000000
61518  -43.411  -36.686  0.091 0.5000000000
61520  -45.195  -36.692  0.412 0.6000000238
61560  -36.479  -35.319  -3.575 0.6999999881
62545  -47.532  -35.283  3.447 0.4000000060
62547  -49.015  -35.217  3.217 0.4000000060
62554  -46.347  -35.597  2.946 0.5000000000
62556  -50.032  -35.122  2.314 0.4000000060
62609  -53.795  -35.507  -0.621 0.4000000060
62612  -56.551  -35.917  -0.428 0.3000000119
62634  -35.816  -35.121  -3.280 0.6999999881
62635  -36.538  -35.092  -3.365 0.6999999881
62637  -54.834  -35.261  -3.010 0.3000000119
63589  -49.479  -34.777  2.858 0.4000000060
63603  -50.446  -34.684  1.838 0.4000000060
63604  -50.962  -34.762  1.264 0.5000000000
63650  -53.892  -34.775  -1.699 0.4000000060
64614  -46.891  -33.791  3.520 0.4000000060
64615  -47.653  -33.822  3.563 0.4000000060
64616  -48.398  -33.737  3.479 0.4000000060
64617  -49.083  -33.561  3.234 0.4000000060
64623  -49.636  -33.489  2.717 0.4000000060
64646  -51.558  -33.516  0.336 0.5000000000
65568  -45.636  -32.145  3.099 0.5000000000
65576  -44.572  -32.018  2.212 0.5000000000
65589  -43.589  -32.066  1.108 0.5000000000
65597  -36.766  -31.916  0.255 0.6000000238
65600  -38.949  -32.501  0.500 0.6000000238
66491  -47.345  -31.172  3.576 0.4000000060
66515  -50.274  -31.646  1.501 0.4000000060
66530  -50.549  -31.368  0.817 0.4000000060
66539  -40.962  -31.037  -0.490 0.6000000238
66543  -52.124  -31.888  -1.148 0.5000000000
67405  -39.462  -30.614  0.065 0.6000000238
67422  -42.216  -31.079  -0.314 0.6000000238
67452  -52.222  -30.750  -3.051 0.3000000119
68243  -46.141  -29.997  3.311 0.4000000060
68246  -48.451  -29.702  3.060 0.4000000060
68262  -48.991  -29.882  2.738 0.4000000060
68284  -42.786  -29.974  0.266 0.6000000238
68287  -50.126  -29.704  0.036 0.4000000060
68318  -49.692  -29.172  -1.285 0.3000000119
68329  -51.096  -29.683  -2.956 0.3000000119
68334  -48.982  -29.214  -3.317 0.3000000119
69180  -47.285  -28.919  3.121 0.4000000060
69193  -46.609  -28.917  3.098 0.5000000000
69194  -47.692  -28.325  2.755 0.5000000000
69219  -49.697  -28.388  -0.015 0.4000000060
70238  -45.328  -27.788  2.268 0.6000000238
70255  -49.241  -27.768  1.355 0.3000000119
70267  -49.594  -27.706  0.166 0.3000000119
70293  -39.000  -27.517  -2.995 0.6000000238
70294  -39.710  -27.550  -2.779 0.6000000238
70300  -32.090  -26.159  -1.900 0.5000000000
70301  -32.384  -25.863  -2.157 0.5000000000
71379  -48.317  -26.451  1.780 0.4000000060
71380  -48.825  -26.368  1.295 0.4000000060
71412  -49.604  -26.939  -0.118 0.3000000119
71415  -32.542  -25.513  -2.032 0.5000000000
71416  -33.286  -25.132  -2.091 0.4000000060
71424  -36.154  -26.133  -3.149 0.4000000060
71429  -48.837  -27.230  -2.378 0.3000000119
72521  -46.237  -25.290  1.651 0.5000000000
72534  -49.217  -25.560  0.321 0.3000000119
72540  -35.759  -25.475  -1.616 0.6000000238
72544  -42.793  -25.755  -0.202 0.5000000000
72557  -33.932  -25.123  -2.214 0.6000000238
72559  -36.363  -25.762  -2.861 0.4000000060
73507  -45.326  -23.891  0.999 0.4000000060
73509  -48.532  -24.286  0.560 0.4000000060
73525  -48.953  -23.915  -1.233 0.3000000119
73552  -39.164  -23.278  -5.644 0.4000000060
74560  -47.076  -23.797  1.202 0.3000000119
74612  -38.962  -23.311  -5.644 0.4000000060
75661  -43.252  -22.367  -0.308 0.3000000119
75662  -47.769  -22.030  0.136 0.3000000119
75674  -48.495  -22.391  -1.320 0.3000000119
75681  -40.542  -22.815  -4.061 0.4000000060
76679  -47.632  -21.357  -3.621 0.3000000119
76696  -38.974  -22.822  -5.524 0.4000000060
77545  -45.092  -20.873  0.297 0.3000000119
77547  -47.185  -20.936  -0.032 0.3000000119
78485  -46.504  -19.563  -0.506 0.3000000119
78486  -47.417  -19.835  -1.369 0.3000000119
78529  -38.982  -19.973  -5.134 0.3000000119
78531  -46.989  -20.217  -4.879 0.3000000119
79381  -45.682  -17.699  -1.157 0.3000000119
79401  -37.519  -17.739  -4.314 0.3000000119
79415  -46.744  -18.878  -4.807 0.3000000119
79428  -48.205  -18.614  -6.488 0.3000000119
80350  -46.601  -17.426  -2.719 0.3000000119
80378  -46.192  -17.537  -6.575 0.3000000119
80379  -46.697  -17.780  -6.711 0.3000000119
80384  -47.878  -17.008  -7.325 0.3000000119
81326  -44.729  -15.972  -1.845 0.3000000119
81339  -45.870  -15.977  -2.895 0.3000000119
81369  -48.507  -16.490  -7.574 0.3000000119
82319  -45.168  -15.560  -2.383 0.3000000119
82349  -45.465  -15.566  -6.940 0.3000000119
82359  -45.881  -15.136  -8.256 0.3000000119
125281  -46.513  -16.965  -4.349 0.3000000119
125759  -42.943  -34.647  0.368 0.5000000000
125883  -42.534  -64.577  -4.721 0.3000000119
126464  -39.114  -49.803  -6.538 0.5000000000
126896  -40.434  -50.332  -1.974 0.6000000238
127042  -52.012  -42.570  -3.643 0.4000000060
127646  -46.928  -18.283  -4.123 0.3000000119
127888  -48.464  -28.446  2.492 0.4000000060
128217  -44.937  -30.102  2.483 0.5000000000
128675  -40.558  -48.785  -5.449 0.5000000000
129221  -41.155  -45.061  -0.552 0.8000000119
129628  -49.927  -40.847  0.886 0.4000000060
131052  -47.882  -32.624  3.601 0.4000000060
131087  -45.650  -49.149  -3.849 0.6000000238
131183  -43.963  -64.457  -5.796 0.4000000060
131221  -46.634  -43.192  -3.489 0.6000000238
131411  -48.704  -31.274  3.329 0.4000000060
131477  -40.180  -18.149  -3.869 0.3000000119
131739  -49.344  -26.874  -1.554 0.3000000119
132283  -38.986  -51.157  -6.702 0.4000000060
132466  -49.527  -63.563  -6.864 0.4000000060
132471  -33.077  -32.317  -1.658 0.6000000238
132655  -44.355  -26.602  1.243 0.6000000238
132795  -34.409  -35.769  -2.451 0.6000000238
133034  -42.782  -23.763  -0.409 0.4000000060
135006  -40.191  -23.908  -4.566 0.4000000060
135766  -43.583  -18.029  -1.088 0.3000000119
136468  -42.500  -44.873  0.310 0.6999999881
136580  -44.272  -43.431  -0.472 0.6999999881
136598  -41.750  -33.647  -0.050 0.6000000238
136802  -34.195  -39.730  -2.300 0.5000000000
137380  -49.669  -64.350  -7.647 0.4000000060
137770  -49.216  -43.820  -3.357 0.5000000000
137860  -38.409  -46.668  -5.302 0.5000000000
138355  -46.201  -28.621  2.867 0.5000000000
138358  -44.995  -37.601  -6.326 0.6000000238
138717  -38.840  -41.655  -4.474 0.6999999881
139325  -44.959  -44.963  0.426 0.6999999881
139618  -37.726  -47.124  -2.435 0.5000000000
139834  -44.374  -28.916  1.731 0.6000000238
140074  -42.598  -46.046  0.499 0.6999999881
140839  -40.639  -43.901  -2.677 0.8000000119
140955  -33.630  -35.721  -2.070 0.5000000000
141068  -40.034  -50.140  -7.159 0.5000000000
142359  -38.359  -36.035  -0.602 0.6000000238
142557  -43.516  -30.921  0.999 0.6000000238
142627  -44.676  -64.160  -6.075 0.4000000060
142656  -51.102  -47.842  -3.924 0.4000000060
142843  -43.459  -46.789  0.571 0.6999999881
142933  -50.276  -36.975  1.769 0.5000000000
143149  -44.065  -31.835  1.597 0.5000000000
143494  -35.879  -34.226  -1.451 0.6000000238
143988  -47.144  -19.564  -5.595 0.3000000119
144408  -46.528  -20.674  0.117 0.3000000119
144605  -48.140  -30.171  3.348 0.4000000060
145288  -50.188  -42.110  -10.009 0.4000000060
145396  -47.415  -41.563  -3.183 0.5000000000
145415  -45.762  -49.508  -5.056 0.6000000238
145575  -43.083  -38.852  -1.153 0.6000000238
145901  -45.941  -27.351  2.409 0.5000000000
146477  -43.634  -64.027  -5.283 0.3000000119
146803  -35.517  -25.597  -2.488 0.4000000060
147662  -56.351  -44.408  -4.900 0.3000000119
147939  -42.149  -27.125  -0.637 0.5000000000
148652  -44.324  -42.939  -1.076 0.6000000238
148701  -44.943  -19.602  -0.202 0.3000000119
148929  -47.060  -19.777  -0.728 0.3000000119
149317  -40.323  -51.458  -3.125 0.5000000000
149425  -51.578  -32.998  0.102 0.5000000000
149569  -39.472  -32.743  0.445 0.6000000238
149570  -57.226  -36.104  -0.416 0.3000000119
149893  -45.578  -48.933  -3.045 0.6999999881
150502  -46.397  -40.135  0.853 0.5000000000
150816  -42.145  -47.031  0.387 0.8000000119
151126  -51.157  -63.180  -8.081 0.4000000060
151171  -39.796  -34.379  0.330 0.6000000238
151294  -44.621  -50.131  -2.832 0.6999999881
