#!ascii label  , from subject sub-v2s3x28742_ses-1 vox2ras=TkReg
1012
49561  28.645  -33.634  46.087 0.0000000000
134494  39.783  -15.149  31.556 0.0000000000
57612  33.254  -25.683  37.543 0.0000000000
39973  13.769  -43.144  55.403 0.0000000000
51451  22.237  -31.310  50.145 0.0000000000
62311  32.796  -21.085  36.262 0.0000000000
42891  19.325  -40.258  51.704 0.0000000000
39968  18.410  -44.467  54.581 0.0000000000
131056  22.339  -40.068  49.731 0.0000000000
117550  43.923  -15.587  31.500 0.0000000000
53513  31.802  -30.491  45.968 0.0000000000
52587  31.572  -30.702  42.055 0.0000000000
49532  32.733  -33.855  47.124 0.0000000000
71819  42.400  -10.377  30.531 0.0000000000
69994  45.628  -12.151  28.791 0.0000000000
68045  35.967  -14.347  34.357 0.0000000000
65146  40.134  -18.436  35.172 0.0000000000
63235  36.354  -19.346  35.194 0.0000000000
58591  37.891  -24.552  37.091 0.0000000000
48492  25.277  -33.968  49.478 0.0000000000
38007  11.362  -45.917  57.467 0.0000000000
36906  8.046  -46.968  58.785 0.0000000000
35967  6.893  -47.067  63.355 0.0000000000
53498  25.680  -29.859  46.733 0.0000000000
45640  25.238  -37.750  47.023 0.0000000000
57563  28.119  -25.630  40.432 0.0000000000
56547  34.141  -26.281  43.382 0.0000000000
72741  48.663  -8.985  26.822 0.0000000000
68071  41.834  -15.054  30.901 0.0000000000
112393  42.038  -16.732  33.446 0.0000000000
50494  30.770  -32.574  45.704 0.0000000000
49596  31.321  -33.698  44.896 0.0000000000
48547  30.527  -34.509  46.198 0.0000000000
69955  39.140  -12.252  32.292 0.0000000000
71812  41.312  -10.240  32.376 0.0000000000
69033  40.748  -13.084  30.559 0.0000000000
69974  43.106  -12.781  29.712 0.0000000000
33134  5.772  -51.078  62.418 0.0000000000
66121  35.571  -16.388  34.522 0.0000000000
66109  33.752  -16.989  35.713 0.0000000000
112452  32.958  -23.861  36.345 0.0000000000
59483  34.741  -23.212  35.667 0.0000000000
57610  35.537  -25.473  37.066 0.0000000000
125110  36.049  -26.557  39.951 0.0000000000
39971  15.545  -43.836  54.947 0.0000000000
38013  17.063  -45.486  56.725 0.0000000000
38992  14.413  -45.390  56.690 0.0000000000
37988  13.700  -46.117  58.087 0.0000000000
38994  12.574  -44.979  56.752 0.0000000000
125461  8.339  -44.115  58.915 0.0000000000
36885  7.183  -46.549  61.692 0.0000000000
53467  23.553  -29.781  48.390 0.0000000000
116607  23.559  -32.854  46.150 0.0000000000
127798  22.002  -33.941  47.527 0.0000000000
42890  22.584  -40.902  52.258 0.0000000000
42898  24.188  -40.150  52.132 0.0000000000
52538  34.362  -30.629  45.464 0.0000000000
54611  32.966  -28.728  42.591 0.0000000000
64157  33.153  -18.220  37.850 0.0000000000
61356  32.486  -21.368  38.359 0.0000000000
59449  30.970  -23.285  37.710 0.0000000000
41919  20.513  -42.154  52.843 0.0000000000
133176  20.581  -43.589  54.847 0.0000000000
40956  18.732  -42.454  52.875 0.0000000000
40958  16.771  -41.972  53.480 0.0000000000
41898  14.791  -40.921  55.061 0.0000000000
47555  22.222  -35.741  49.183 0.0000000000
113210  22.490  -36.649  50.715 0.0000000000
42918  20.725  -40.313  50.649 0.0000000000
54561  29.675  -28.419  45.732 0.0000000000
54594  28.808  -29.258  43.676 0.0000000000
52555  30.528  -31.039  43.640 0.0000000000
50548  33.272  -32.709  44.476 0.0000000000
72739  45.625  -9.743  28.299 0.0000000000
70926  44.206  -11.361  29.299 0.0000000000
69029  45.045  -13.765  29.761 0.0000000000
67164  37.724  -14.331  32.596 0.0000000000
66128  40.105  -16.963  33.054 0.0000000000
65182  37.775  -16.990  33.552 0.0000000000
125809  37.919  -18.629  35.167 0.0000000000
61381  38.607  -21.288  36.349 0.0000000000
122722  34.387  -20.480  35.319 0.0000000000
60459  36.975  -22.112  35.819 0.0000000000
49535  26.294  -32.728  47.519 0.0000000000
48513  29.190  -34.330  48.502 0.0000000000
123923  38.162  -12.497  33.769 0.0000000000
40914  11.525  -42.213  56.880 0.0000000000
127896  9.894  -43.879  57.265 0.0000000000
36913  9.341  -46.174  57.747 0.0000000000
35098  9.257  -48.793  59.382 0.0000000000
35089  7.280  -48.862  59.831 0.0000000000
124395  6.287  -49.452  61.626 0.0000000000
35059  5.994  -48.260  63.111 0.0000000000
35040  5.509  -47.423  63.783 0.0000000000
51507  27.135  -31.368  45.989 0.0000000000
50470  25.455  -32.727  46.875 0.0000000000
47563  25.443  -35.382  47.965 0.0000000000
44689  23.351  -38.121  47.771 0.0000000000
57581  30.875  -25.483  39.312 0.0000000000
55602  29.189  -28.054  40.948 0.0000000000
121091  31.267  -26.486  41.224 0.0000000000
56590  33.363  -25.783  40.582 0.0000000000
114187  31.832  -34.324  49.800 0.0000000000
72753  49.654  -10.049  25.563 0.0000000000
71828  47.138  -10.478  27.290 0.0000000000
70010  48.681  -12.265  26.579 0.0000000000
67177  40.569  -15.296  31.427 0.0000000000
67160  41.926  -16.035  31.945 0.0000000000
67161  41.088  -15.998  31.918 0.0000000000
50495  29.372  -33.428  45.957 0.0000000000
49587  29.899  -33.948  45.652 0.0000000000
49560  29.265  -34.018  45.929 0.0000000000
68073  38.861  -13.701  31.686 0.0000000000
111475  39.902  -12.902  31.037 0.0000000000
69016  40.293  -13.825  30.758 0.0000000000
68083  41.035  -13.895  30.458 0.0000000000
33123  5.210  -51.309  63.168 0.0000000000
66093  34.088  -15.692  35.904 0.0000000000
67104  33.806  -15.830  36.685 0.0000000000
58611  32.738  -24.635  36.712 0.0000000000
58609  34.653  -24.602  36.338 0.0000000000
119569  34.757  -25.677  37.236 0.0000000000
56623  35.783  -26.316  38.383 0.0000000000
116443  35.062  -26.338  38.515 0.0000000000
39972  14.619  -43.616  55.227 0.0000000000
39033  15.178  -44.457  55.462 0.0000000000
39015  13.892  -44.596  56.025 0.0000000000
38993  13.500  -45.163  56.718 0.0000000000
39016  12.935  -44.369  56.257 0.0000000000
52479  22.518  -30.555  49.555 0.0000000000
51473  22.184  -31.586  48.219 0.0000000000
113441  21.967  -32.283  48.802 0.0000000000
41907  22.108  -41.842  54.232 0.0000000000
57519  27.567  -25.699  44.502 0.0000000000
115177  34.405  -29.055  45.477 0.0000000000
60430  31.832  -21.996  37.613 0.0000000000
60416  30.870  -22.004  38.855 0.0000000000
41937  20.040  -41.598  52.111 0.0000000000
40955  19.937  -42.743  53.080 0.0000000000
120699  18.509  -41.418  52.426 0.0000000000
42881  17.055  -40.317  53.150 0.0000000000
41923  16.367  -40.742  53.675 0.0000000000
40947  15.612  -42.324  54.361 0.0000000000
47534  22.600  -34.936  51.064 0.0000000000
44657  20.206  -38.724  51.168 0.0000000000
43807  20.684  -39.532  50.558 0.0000000000
42902  20.232  -40.645  51.235 0.0000000000
41957  20.599  -41.259  51.635 0.0000000000
53515  30.078  -29.367  45.169 0.0000000000
127453  31.279  -30.712  45.252 0.0000000000
49584  32.414  -33.977  45.263 0.0000000000
49594  32.882  -33.422  44.771 0.0000000000
49583  33.148  -33.575  45.612 0.0000000000
50491  34.178  -32.208  46.784 0.0000000000
50447  33.888  -32.814  48.456 0.0000000000
71815  42.075  -10.046  31.160 0.0000000000
72736  43.729  -9.862  29.557 0.0000000000
70922  43.288  -11.223  29.630 0.0000000000
112623  43.172  -14.391  30.139 0.0000000000
133871  44.311  -13.532  29.707 0.0000000000
67183  44.714  -15.219  30.551 0.0000000000
68055  37.111  -14.144  33.140 0.0000000000
67147  37.397  -15.678  33.159 0.0000000000
67148  36.684  -15.470  33.637 0.0000000000
122020  36.029  -17.910  34.602 0.0000000000
65168  36.745  -17.565  34.400 0.0000000000
64179  37.097  -18.751  35.225 0.0000000000
62322  37.873  -19.926  35.849 0.0000000000
62323  37.115  -20.473  35.687 0.0000000000
63223  32.893  -19.230  36.494 0.0000000000
64172  33.136  -18.566  36.100 0.0000000000
62326  33.454  -20.277  35.600 0.0000000000
116541  36.616  -23.667  36.174 0.0000000000
60460  36.155  -22.309  35.591 0.0000000000
59475  37.392  -23.365  36.305 0.0000000000
59474  38.236  -23.165  36.533 0.0000000000
49511  26.091  -32.813  48.498 0.0000000000
49487  27.423  -33.352  49.205 0.0000000000
68976  36.254  -13.548  35.084 0.0000000000
68984  37.025  -13.232  34.471 0.0000000000
68995  37.487  -13.613  32.984 0.0000000000
39967  19.560  -44.270  54.829 0.0000000000
39029  18.892  -44.780  55.453 0.0000000000
37989  12.859  -46.192  58.065 0.0000000000
112594  13.208  -46.271  59.899 0.0000000000
126843  12.552  -46.498  58.938 0.0000000000
112617  10.957  -46.919  58.397 0.0000000000
40903  10.464  -42.012  58.246 0.0000000000
39949  10.530  -43.630  56.894 0.0000000000
115120  9.997  -43.004  57.539 0.0000000000
37972  8.058  -45.868  58.809 0.0000000000
37992  8.709  -45.835  58.133 0.0000000000
36914  8.628  -46.611  58.237 0.0000000000
35989  9.610  -47.819  58.520 0.0000000000
116791  8.023  -47.779  58.882 0.0000000000
34150  8.564  -49.199  59.469 0.0000000000
35985  7.666  -48.303  59.285 0.0000000000
35972  6.909  -47.248  62.024 0.0000000000
35976  7.023  -47.540  61.098 0.0000000000
118034  6.615  -48.272  61.826 0.0000000000
35070  6.083  -48.964  62.548 0.0000000000
35069  6.446  -47.848  63.023 0.0000000000
52487  27.415  -30.458  48.259 0.0000000000
52502  28.001  -31.105  47.556 0.0000000000
52521  26.603  -30.608  46.192 0.0000000000
51508  26.191  -31.207  45.907 0.0000000000
51509  25.162  -31.083  45.887 0.0000000000
47585  24.604  -35.713  46.136 0.0000000000
47575  24.832  -34.958  46.549 0.0000000000
46631  25.593  -36.435  47.208 0.0000000000
45618  22.215  -37.733  48.683 0.0000000000
113096  22.413  -37.096  48.001 0.0000000000
43829  23.218  -38.906  48.595 0.0000000000
43794  24.992  -39.670  51.816 0.0000000000
65165  39.844  -18.055  34.318 0.0000000000
65178  41.227  -17.517  34.161 0.0000000000
65145  40.964  -18.129  35.657 0.0000000000
120740  28.380  -24.253  40.137 0.0000000000
58558  29.397  -24.382  39.157 0.0000000000
57583  29.307  -25.190  39.576 0.0000000000
52589  29.811  -30.341  42.346 0.0000000000
54614  28.143  -28.655  42.179 0.0000000000
53576  30.640  -29.266  41.266 0.0000000000
55584  33.137  -27.502  43.011 0.0000000000
55599  31.946  -27.768  41.776 0.0000000000
56563  32.648  -26.074  42.179 0.0000000000
56591  32.440  -25.694  40.849 0.0000000000
113130  33.439  -25.785  42.135 0.0000000000
118661  34.857  -26.086  41.158 0.0000000000
48489  30.558  -34.390  49.247 0.0000000000
72747  49.126  -9.489  26.187 0.0000000000
71825  45.451  -10.743  28.440 0.0000000000
71824  46.044  -10.401  27.973 0.0000000000
70929  45.984  -11.506  28.339 0.0000000000
70001  48.273  -12.573  27.320 0.0000000000
70000  49.011  -12.977  27.042 0.0000000000
43782  19.242  -39.341  51.765 0.0000000000
42892  18.385  -40.337  52.279 0.0000000000
67175  42.560  -15.405  31.072 0.0000000000
119430  43.914  -15.703  32.977 0.0000000000
67159  42.706  -15.886  31.880 0.0000000000
50493  31.243  -32.063  45.645 0.0000000000
51528  31.288  -32.304  44.661 0.0000000000
50526  30.982  -33.065  44.967 0.0000000000
48559  31.107  -34.400  45.652 0.0000000000
48545  32.067  -34.341  46.708 0.0000000000
71806  41.259  -10.221  33.244 0.0000000000
70916  40.195  -11.195  32.277 0.0000000000
112259  41.119  -10.897  31.310 0.0000000000
70924  41.941  -11.699  30.245 0.0000000000
115139  42.765  -11.903  29.789 0.0000000000
69032  41.563  -13.371  30.178 0.0000000000
68081  42.477  -14.719  30.446 0.0000000000
33143  6.459  -51.056  61.541 0.0000000000
68038  35.143  -14.514  35.299 0.0000000000
67135  35.953  -14.996  34.197 0.0000000000
67125  34.560  -15.614  35.226 0.0000000000
65147  34.501  -17.288  35.197 0.0000000000
64181  35.186  -18.265  34.911 0.0000000000
60455  32.833  -22.444  36.162 0.0000000000
116768  34.052  -21.933  35.482 0.0000000000
59484  33.921  -23.201  35.736 0.0000000000
58608  35.595  -24.726  36.504 0.0000000000
58592  37.066  -24.917  36.979 0.0000000000
118429  36.900  -26.122  38.163 0.0000000000
56607  37.407  -26.454  39.639 0.0000000000
46604  25.505  -35.765  49.846 0.0000000000
39970  16.422  -44.079  54.746 0.0000000000
39012  17.445  -45.165  56.048 0.0000000000
39013  16.566  -45.111  56.027 0.0000000000
38014  16.215  -45.531  56.716 0.0000000000
38004  14.960  -45.905  57.553 0.0000000000
38006  13.147  -45.756  57.327 0.0000000000
120565  12.134  -45.602  57.268 0.0000000000
39930  8.797  -43.208  58.985 0.0000000000
38945  7.758  -44.278  60.546 0.0000000000
37955  7.603  -45.348  60.022 0.0000000000
36897  7.161  -46.883  60.377 0.0000000000
36884  7.409  -45.947  60.817 0.0000000000
126175  7.359  -46.066  62.532 0.0000000000
36859  7.357  -45.963  63.290 0.0000000000
53481  24.318  -29.721  47.750 0.0000000000
51510  24.051  -31.473  46.060 0.0000000000
51489  22.804  -31.184  46.849 0.0000000000
119321  22.760  -33.781  46.471 0.0000000000
46645  23.096  -36.338  46.231 0.0000000000
42916  21.909  -40.641  50.663 0.0000000000
42915  23.325  -40.254  50.626 0.0000000000
128830  22.830  -40.726  51.731 0.0000000000
64171  39.937  -19.010  36.172 0.0000000000
57548  27.481  -25.882  41.328 0.0000000000
52570  33.421  -30.502  43.385 0.0000000000
53563  32.721  -29.694  42.323 0.0000000000
53529  33.673  -29.487  43.734 0.0000000000
54575  33.795  -28.444  44.094 0.0000000000
73596  48.158  -8.119  28.018 0.0000000000
33113  4.756  -50.511  63.053 0.0000000000
63212  33.465  -19.031  38.417 0.0000000000
122693  32.863  -19.894  37.116 0.0000000000
123871  32.558  -21.244  36.905 0.0000000000
60442  32.168  -22.437  36.781 0.0000000000
58612  32.102  -23.952  36.699 0.0000000000
128186  32.041  -24.643  37.027 0.0000000000
40941  21.552  -42.368  54.112 0.0000000000
40931  21.466  -42.977  55.326 0.0000000000
119772  20.344  -43.215  53.885 0.0000000000
40943  19.359  -43.300  53.455 0.0000000000
40944  18.286  -43.212  53.351 0.0000000000
41939  17.719  -40.831  52.648 0.0000000000
40957  17.681  -42.314  53.121 0.0000000000
39982  16.816  -43.612  54.069 0.0000000000
39983  15.955  -43.283  54.391 0.0000000000
40932  15.136  -42.955  54.740 0.0000000000
40933  14.358  -42.594  55.118 0.0000000000
49490  21.987  -33.862  49.406 0.0000000000
48475  22.189  -34.397  50.306 0.0000000000
111448  22.380  -36.261  49.977 0.0000000000
44679  21.776  -38.961  49.363 0.0000000000
44655  21.720  -37.883  51.048 0.0000000000
44668  21.297  -39.327  49.968 0.0000000000
42932  21.820  -40.292  50.037 0.0000000000
42901  21.167  -41.003  50.991 0.0000000000
41918  21.537  -41.916  53.373 0.0000000000
56520  28.918  -27.034  46.206 0.0000000000
55557  28.214  -27.571  44.610 0.0000000000
54576  29.225  -28.861  44.719 0.0000000000
52556  29.960  -30.405  43.666 0.0000000000
51589  31.219  -31.237  42.389 0.0000000000
51548  31.497  -32.230  43.863 0.0000000000
51572  31.798  -32.071  43.215 0.0000000000
51570  33.231  -31.512  43.522 0.0000000000
51546  34.053  -31.259  44.906 0.0000000000
51504  34.415  -31.427  46.540 0.0000000000
73593  44.742  -8.632  29.349 0.0000000000
117688  44.846  -11.023  28.823 0.0000000000
70925  44.982  -11.833  29.004 0.0000000000
116522  43.669  -12.043  29.563 0.0000000000
69044  44.833  -12.939  29.490 0.0000000000
121410  38.480  -14.937  32.175 0.0000000000
66140  39.639  -16.268  32.406 0.0000000000
115230  38.698  -15.869  32.475 0.0000000000
65181  38.526  -17.221  33.500 0.0000000000
65166  38.899  -17.924  34.132 0.0000000000
66120  36.378  -16.740  34.239 0.0000000000
132961  37.336  -17.618  34.290 0.0000000000
115282  38.698  -18.785  35.466 0.0000000000
63229  39.446  -19.597  36.257 0.0000000000
62309  39.950  -20.807  36.693 0.0000000000
130049  33.125  -17.865  36.412 0.0000000000
64182  33.714  -18.755  35.620 0.0000000000
63236  34.962  -19.804  35.177 0.0000000000
61390  34.746  -21.350  35.333 0.0000000000
61389  35.742  -21.567  35.386 0.0000000000
117756  36.400  -21.000  35.449 0.0000000000
61382  37.754  -21.773  36.027 0.0000000000
49562  27.827  -33.089  46.068 0.0000000000
117685  28.609  -34.230  47.563 0.0000000000
129303  27.749  -33.639  47.890 0.0000000000
49486  28.216  -33.646  49.753 0.0000000000
115466  38.769  -12.144  33.086 0.0000000000
69005  38.485  -13.302  32.178 0.0000000000
40923  12.893  -41.787  56.113 0.0000000000
40913  12.250  -41.616  56.823 0.0000000000
40924  12.191  -42.546  56.213 0.0000000000
39948  11.430  -43.284  56.447 0.0000000000
39018  11.137  -44.283  56.630 0.0000000000
36917  10.482  -45.576  57.173 0.0000000000
38974  8.880  -44.277  58.207 0.0000000000
38008  9.765  -45.405  57.355 0.0000000000
36918  9.988  -46.052  57.396 0.0000000000
35988  10.265  -47.377  58.428 0.0000000000
35983  10.324  -47.903  59.137 0.0000000000
127388  7.315  -50.482  60.555 0.0000000000
35980  7.201  -47.882  60.042 0.0000000000
35090  6.997  -49.345  60.332 0.0000000000
34123  6.459  -50.285  61.139 0.0000000000
34108  6.104  -50.238  62.095 0.0000000000
34093  5.670  -49.663  62.841 0.0000000000
34079  5.044  -50.069  63.058 0.0000000000
35049  6.202  -47.584  63.450 0.0000000000
117399  5.804  -47.788  63.332 0.0000000000
35050  5.198  -48.693  63.145 0.0000000000
51505  29.051  -32.579  46.279 0.0000000000
51487  28.588  -31.827  46.833 0.0000000000
51506  28.033  -31.978  45.967 0.0000000000
49563  26.962  -32.566  46.227 0.0000000000
50469  26.003  -32.394  46.674 0.0000000000
49536  25.381  -32.992  47.758 0.0000000000
50500  24.086  -32.343  46.004 0.0000000000
48515  25.167  -33.513  47.765 0.0000000000
114322  25.271  -34.747  49.001 0.0000000000
48516  21.968  -34.358  48.427 0.0000000000
46633  22.759  -36.786  46.727 0.0000000000
44699  24.141  -38.167  47.338 0.0000000000
43805  24.076  -39.701  50.162 0.0000000000
43818  24.527  -39.194  49.428 0.0000000000
44677  25.752  -38.799  48.934 0.0000000000
66127  41.221  -17.034  33.369 0.0000000000
59437  29.947  -23.265  38.831 0.0000000000
58576  30.761  -24.655  38.179 0.0000000000
57596  32.034  -25.481  38.268 0.0000000000
55574  27.542  -27.216  43.346 0.0000000000
118143  27.847  -27.866  41.854 0.0000000000
55613  28.680  -26.881  40.675 0.0000000000
54621  30.982  -28.168  41.261 0.0000000000
55601  30.362  -27.351  41.022 0.0000000000
56594  29.386  -26.416  40.444 0.0000000000
56614  30.505  -25.808  40.037 0.0000000000
56612  32.055  -25.682  40.024 0.0000000000
56625  33.341  -26.006  38.853 0.0000000000
56610  34.740  -26.349  39.402 0.0000000000
121328  29.467  -34.514  47.543 0.0000000000
131265  31.003  -34.570  47.718 0.0000000000
48509  32.294  -34.057  48.571 0.0000000000
48469  32.474  -34.222  50.403 0.0000000000
49484  33.274  -33.628  49.371 0.0000000000
72752  50.490  -9.620  25.252 0.0000000000
72737  47.057  -8.959  27.768 0.0000000000
72743  47.480  -9.414  27.363 0.0000000000
70002  47.483  -12.294  27.681 0.0000000000
134024  47.547  -10.925  26.982 0.0000000000
72748  48.326  -9.850  26.502 0.0000000000
71830  48.832  -10.639  25.954 0.0000000000
70946  50.113  -11.703  25.301 0.0000000000
117508  39.990  -14.545  31.162 0.0000000000
67178  39.130  -14.530  31.614 0.0000000000
123634  39.481  -13.730  31.230 0.0000000000
33112  4.930  -50.916  63.122 0.0000000000
57628  33.362  -25.263  36.929 0.0000000000
57611  33.936  -25.760  37.337 0.0000000000
56634  34.496  -26.115  37.886 0.0000000000
56635  33.663  -26.046  38.029 0.0000000000
39959  14.012  -43.862  55.632 0.0000000000
39960  13.319  -43.724  55.824 0.0000000000
51461  22.234  -31.428  49.182 0.0000000000
50419  22.086  -32.062  49.680 0.0000000000
125696  22.585  -41.291  54.330 0.0000000000
57518  27.907  -25.637  45.342 0.0000000000
41958  19.840  -41.008  51.658 0.0000000000
41938  19.164  -41.114  51.998 0.0000000000
43795  19.948  -39.721  51.149 0.0000000000
53514  31.083  -29.858  45.539 0.0000000000
49559  32.654  -34.068  46.142 0.0000000000
49558  33.295  -33.475  46.555 0.0000000000
123326  33.765  -32.860  46.930 0.0000000000
49531  33.464  -33.296  47.622 0.0000000000
72732  42.644  -9.715  30.703 0.0000000000
71818  43.026  -10.315  29.967 0.0000000000
125529  43.996  -15.389  30.800 0.0000000000
68080  44.156  -14.535  30.149 0.0000000000
32177  7.337  -50.955  60.915 0.0000000000
68056  36.522  -14.425  33.696 0.0000000000
64180  36.160  -18.627  34.847 0.0000000000
63234  37.128  -19.567  35.563 0.0000000000
62324  36.386  -20.154  35.368 0.0000000000
62319  32.850  -20.192  36.136 0.0000000000
115461  33.134  -20.850  35.802 0.0000000000
58606  37.222  -24.122  36.600 0.0000000000
128902  37.861  -23.829  36.644 0.0000000000
49489  25.637  -33.290  48.730 0.0000000000
49488  26.304  -33.030  49.265 0.0000000000
49465  25.778  -33.599  50.005 0.0000000000
68985  36.326  -13.837  34.286 0.0000000000
68996  36.931  -13.710  33.623 0.0000000000
134350  12.130  -46.244  57.970 0.0000000000
37990  11.645  -46.559  58.245 0.0000000000
36904  11.861  -46.970  59.206 0.0000000000
35984  8.670  -47.600  58.479 0.0000000000
36907  7.572  -47.368  59.405 0.0000000000
131559  6.836  -47.400  62.655 0.0000000000
53465  25.758  -29.595  48.195 0.0000000000
114203  26.896  -30.156  48.938 0.0000000000
53479  26.122  -29.706  47.330 0.0000000000
132267  26.607  -29.947  47.149 0.0000000000
52504  26.414  -30.033  46.670 0.0000000000
52522  25.918  -30.438  46.158 0.0000000000
52523  25.221  -30.324  46.363 0.0000000000
46643  25.045  -36.486  46.437 0.0000000000
134156  25.373  -37.098  46.847 0.0000000000
45626  25.832  -37.375  47.582 0.0000000000
130277  25.596  -38.067  47.621 0.0000000000
124843  22.315  -39.108  48.945 0.0000000000
44690  22.628  -38.402  48.460 0.0000000000
43820  22.693  -39.595  49.302 0.0000000000
65164  40.721  -17.973  34.638 0.0000000000
58544  27.850  -24.790  40.663 0.0000000000
130934  28.028  -23.900  40.809 0.0000000000
57584  28.459  -25.088  39.945 0.0000000000
57562  28.886  -25.794  40.101 0.0000000000
52588  30.589  -30.726  42.175 0.0000000000
53566  30.171  -30.020  41.694 0.0000000000
53565  31.133  -29.978  41.626 0.0000000000
56548  33.329  -26.302  42.841 0.0000000000
55585  32.544  -26.879  42.424 0.0000000000
56562  34.083  -25.916  42.639 0.0000000000
73602  49.046  -8.312  27.285 0.0000000000
73609  49.499  -8.625  26.597 0.0000000000
70930  45.368  -11.498  28.674 0.0000000000
44647  19.288  -38.529  51.991 0.0000000000
43767  18.745  -38.679  52.455 0.0000000000
122968  42.067  -15.616  31.437 0.0000000000
66138  41.715  -16.451  32.697 0.0000000000
125705  42.531  -16.232  32.612 0.0000000000
48560  30.454  -34.252  45.619 0.0000000000
48546  31.305  -34.521  46.403 0.0000000000
70917  39.508  -11.642  32.671 0.0000000000
69967  39.745  -11.982  31.673 0.0000000000
69966  40.522  -12.148  30.919 0.0000000000
70919  41.177  -11.512  30.817 0.0000000000
69965  41.335  -12.393  30.388 0.0000000000
69975  42.182  -12.640  29.945 0.0000000000
68082  41.701  -14.283  30.363 0.0000000000
67124  34.842  -14.985  34.992 0.0000000000
68039  34.596  -15.045  35.637 0.0000000000
66094  33.643  -16.389  36.127 0.0000000000
66108  34.163  -16.359  35.493 0.0000000000
131829  34.259  -18.204  35.339 0.0000000000
59479  33.225  -23.146  36.053 0.0000000000
60463  33.549  -22.503  35.733 0.0000000000
122021  33.609  -23.728  36.058 0.0000000000
57626  34.967  -25.177  36.746 0.0000000000
58593  36.286  -25.214  36.951 0.0000000000
57609  36.832  -25.621  37.561 0.0000000000
117205  36.076  -25.728  37.431 0.0000000000
56609  35.711  -26.454  39.195 0.0000000000
56622  36.419  -26.358  38.630 0.0000000000
56608  36.600  -26.489  39.410 0.0000000000
56587  36.733  -26.561  40.238 0.0000000000
68967  35.623  -13.943  35.654 0.0000000000
39031  16.951  -44.701  55.347 0.0000000000
39032  16.047  -44.581  55.375 0.0000000000
117266  14.797  -44.976  55.994 0.0000000000
120926  15.680  -45.077  56.000 0.0000000000
39014  15.329  -45.519  56.720 0.0000000000
38003  15.890  -45.870  57.485 0.0000000000
126196  11.761  -44.823  56.713 0.0000000000
37936  7.575  -44.979  61.213 0.0000000000
53457  23.570  -29.472  49.256 0.0000000000
53456  24.366  -29.077  49.486 0.0000000000
112566  25.165  -29.396  48.919 0.0000000000
53482  23.497  -29.973  47.646 0.0000000000
52489  22.939  -30.203  48.057 0.0000000000
129963  21.953  -33.164  47.457 0.0000000000
50472  22.225  -32.649  46.995 0.0000000000
48551  22.406  -34.361  46.799 0.0000000000
47587  22.714  -35.352  46.486 0.0000000000
42900  22.062  -40.974  51.518 0.0000000000
115042  22.667  -40.595  51.013 0.0000000000
58529  27.401  -24.848  42.289 0.0000000000
56564  27.328  -26.350  41.978 0.0000000000
52553  34.130  -30.421  44.742 0.0000000000
125336  33.839  -30.189  44.122 0.0000000000
53512  34.361  -29.912  45.265 0.0000000000
54559  34.572  -27.986  45.692 0.0000000000
54574  34.148  -28.177  44.895 0.0000000000
34081  4.451  -49.311  63.110 0.0000000000
134176  33.302  -19.748  38.037 0.0000000000
61373  32.299  -21.596  37.246 0.0000000000
61384  32.594  -21.775  36.438 0.0000000000
60443  31.542  -22.830  37.282 0.0000000000
59464  31.465  -23.617  37.131 0.0000000000
122845  31.591  -24.274  37.148 0.0000000000
40954  20.908  -42.602  53.613 0.0000000000
39980  18.898  -43.970  53.879 0.0000000000
42880  17.634  -40.035  52.740 0.0000000000
41922  17.202  -41.333  53.072 0.0000000000
40945  17.263  -43.001  53.523 0.0000000000
40946  16.377  -42.663  53.923 0.0000000000
41909  15.362  -41.310  54.547 0.0000000000
40948  14.886  -41.961  54.792 0.0000000000
41899  14.160  -41.333  55.399 0.0000000000
49466  22.026  -33.428  50.469 0.0000000000
114369  22.232  -37.162  49.725 0.0000000000
125128  21.881  -38.100  49.452 0.0000000000
43806  21.208  -40.060  50.053 0.0000000000
42917  21.375  -40.486  50.445 0.0000000000
41936  21.036  -41.683  52.394 0.0000000000
55538  29.136  -27.670  45.835 0.0000000000
55556  28.835  -28.051  45.150 0.0000000000
52540  30.580  -30.350  44.565 0.0000000000
53530  29.601  -29.734  44.169 0.0000000000
52573  30.063  -30.715  42.938 0.0000000000
52572  30.699  -31.300  42.834 0.0000000000
50550  31.665  -32.982  44.327 0.0000000000
50549  32.598  -32.979  44.127 0.0000000000
50567  32.976  -32.321  43.773 0.0000000000
51571  32.539  -31.855  43.209 0.0000000000
51547  33.565  -31.872  44.280 0.0000000000
72725  41.776  -9.735  32.800 0.0000000000
71821  44.289  -10.440  29.135 0.0000000000
69045  44.004  -12.826  29.566 0.0000000000
69983  45.301  -12.491  29.189 0.0000000000
67163  37.880  -15.352  32.681 0.0000000000
66131  37.289  -16.343  33.518 0.0000000000
66130  38.058  -16.364  33.028 0.0000000000
120387  36.093  -15.868  34.228 0.0000000000
64196  37.446  -18.123  34.654 0.0000000000
64195  38.358  -18.273  34.741 0.0000000000
134315  39.262  -19.118  35.908 0.0000000000
63233  38.654  -19.423  35.880 0.0000000000
62317  38.608  -20.230  36.174 0.0000000000
62316  39.333  -20.509  36.485 0.0000000000
66077  33.432  -16.757  37.703 0.0000000000
65130  33.090  -17.441  37.184 0.0000000000
63237  33.998  -19.627  35.426 0.0000000000
124857  34.603  -18.961  35.289 0.0000000000
60462  34.252  -22.636  35.558 0.0000000000
60461  35.073  -22.328  35.454 0.0000000000
61388  36.476  -21.683  35.585 0.0000000000
61387  37.088  -21.337  35.753 0.0000000000
49534  27.250  -33.194  46.991 0.0000000000
118919  26.630  -33.159  50.074 0.0000000000
70910  39.387  -11.490  33.605 0.0000000000
69944  38.113  -12.973  32.898 0.0000000000
69006  37.996  -13.622  32.503 0.0000000000
122149  38.406  -14.069  32.069 0.0000000000
39957  21.043  -43.638  55.953 0.0000000000
114358  14.240  -46.018  58.841 0.0000000000
41900  13.480  -41.286  55.895 0.0000000000
124180  11.798  -41.372  57.739 0.0000000000
38996  10.303  -44.647  57.001 0.0000000000
38995  11.122  -45.139  56.895 0.0000000000
37991  9.112  -45.270  57.806 0.0000000000
36912  10.053  -46.736  57.753 0.0000000000
35103  9.128  -48.250  58.751 0.0000000000
35097  9.712  -48.276  59.042 0.0000000000
34151  7.890  -49.160  59.399 0.0000000000
34135  8.244  -49.763  59.882 0.0000000000
33152  7.913  -50.446  60.453 0.0000000000
34136  7.518  -49.799  60.063 0.0000000000
35079  6.936  -48.533  60.640 0.0000000000
35080  6.585  -49.352  60.909 0.0000000000
34137  6.884  -50.075  60.563 0.0000000000
34094  5.300  -50.304  62.960 0.0000000000
34078  5.599  -48.873  62.979 0.0000000000
35058  6.554  -47.343  63.557 0.0000000000
35048  6.567  -46.900  64.007 0.0000000000
126449  4.907  -48.201  63.367 0.0000000000
51488  27.767  -31.304  46.498 0.0000000000
50497  27.512  -32.227  45.917 0.0000000000
50499  25.557  -31.906  46.008 0.0000000000
50448  25.740  -32.771  47.819 0.0000000000
50501  23.375  -32.196  46.220 0.0000000000
49564  24.250  -33.208  46.219 0.0000000000
47574  25.277  -35.599  46.814 0.0000000000
48531  24.687  -33.969  46.663 0.0000000000
48530  25.151  -34.568  47.355 0.0000000000
48514  25.191  -34.105  48.516 0.0000000000
111712  25.530  -35.663  49.004 0.0000000000
46618  25.896  -36.503  48.184 0.0000000000
48493  22.102  -34.814  49.332 0.0000000000
47564  22.100  -35.207  48.504 0.0000000000
45643  22.862  -37.402  47.201 0.0000000000
45642  23.691  -37.680  46.941 0.0000000000
44688  24.148  -38.539  47.973 0.0000000000
42931  23.048  -39.987  49.828 0.0000000000
42914  24.191  -40.013  51.179 0.0000000000
113278  25.000  -39.443  50.854 0.0000000000
114288  24.968  -39.267  50.067 0.0000000000
43827  25.064  -38.912  48.792 0.0000000000
60417  30.245  -22.436  39.192 0.0000000000
57598  30.492  -25.081  38.831 0.0000000000
58577  30.092  -24.506  38.652 0.0000000000
57597  31.223  -25.233  38.523 0.0000000000
58594  31.552  -24.863  37.654 0.0000000000
54577  28.470  -28.409  44.218 0.0000000000
55573  27.867  -27.893  43.750 0.0000000000
54595  28.182  -28.663  43.210 0.0000000000
54613  28.921  -29.074  41.465 0.0000000000
54623  28.415  -28.293  41.449 0.0000000000
55603  28.364  -27.513  41.071 0.0000000000
54612  32.413  -28.876  41.888 0.0000000000
55586  31.994  -26.611  41.834 0.0000000000
55600  31.316  -27.135  41.492 0.0000000000
56575  30.291  -26.602  40.722 0.0000000000
118047  30.189  -26.193  40.415 0.0000000000
56593  30.861  -26.103  40.666 0.0000000000
112642  32.942  -25.861  39.796 0.0000000000
56626  32.490  -25.746  39.035 0.0000000000
56611  33.833  -26.090  39.593 0.0000000000
56589  34.336  -26.111  40.342 0.0000000000
134184  35.426  -26.230  41.449 0.0000000000
48511  30.805  -34.508  48.424 0.0000000000
48488  31.301  -34.398  49.143 0.0000000000
48510  31.576  -34.384  48.271 0.0000000000
116432  31.914  -34.266  49.063 0.0000000000
126833  33.194  -33.853  50.143 0.0000000000
50431  33.783  -33.087  49.232 0.0000000000
72746  49.974  -9.068  25.876 0.0000000000
73616  50.859  -8.686  25.579 0.0000000000
71834  50.216  -10.647  25.079 0.0000000000
73592  45.598  -8.337  29.074 0.0000000000
72744  46.698  -9.899  27.559 0.0000000000
70932  47.893  -11.750  26.920 0.0000000000
71831  48.081  -10.802  26.548 0.0000000000
70937  48.524  -11.505  26.345 0.0000000000
67176  41.407  -15.475  31.396 0.0000000000
50527  30.319  -33.351  45.585 0.0000000000
48548  29.785  -34.313  46.043 0.0000000000
69017  39.094  -12.893  31.696 0.0000000000
68072  40.956  -14.658  30.868 0.0000000000
123869  34.363  -15.195  36.451 0.0000000000
58610  33.675  -24.507  36.369 0.0000000000
57627  34.210  -25.239  36.746 0.0000000000
56633  35.437  -26.047  37.738 0.0000000000
39034  14.491  -44.321  55.650 0.0000000000
122996  7.547  -44.805  62.057 0.0000000000
52478  22.965  -30.045  48.958 0.0000000000
52508  22.587  -30.936  47.684 0.0000000000
52490  22.545  -30.766  48.603 0.0000000000
50449  21.947  -32.454  47.813 0.0000000000
41917  22.339  -41.357  53.593 0.0000000000
42879  22.754  -40.855  53.071 0.0000000000
56534  27.474  -26.472  43.939 0.0000000000
119830  34.578  -29.898  46.085 0.0000000000
53476  34.809  -29.452  46.978 0.0000000000
61357  31.641  -21.714  38.564 0.0000000000
60431  31.194  -22.400  38.030 0.0000000000
41920  19.447  -41.958  52.512 0.0000000000
41908  16.007  -41.614  54.033 0.0000000000
44656  21.002  -38.482  50.810 0.0000000000
52554  31.116  -31.426  44.424 0.0000000000
49585  31.590  -34.119  45.123 0.0000000000
49595  32.056  -33.541  44.544 0.0000000000
132679  33.442  -33.009  45.177 0.0000000000
50525  33.850  -32.178  45.212 0.0000000000
50492  33.758  -32.803  46.035 0.0000000000
50467  34.089  -32.494  47.633 0.0000000000
71816  41.465  -10.373  31.573 0.0000000000
72728  42.405  -9.388  31.503 0.0000000000
72730  43.951  -8.970  29.734 0.0000000000
71822  43.688  -10.650  29.479 0.0000000000
69030  43.528  -13.631  29.785 0.0000000000
68079  45.286  -14.670  30.156 0.0000000000
67182  45.500  -15.331  30.693 0.0000000000
115697  37.166  -14.862  33.092 0.0000000000
113532  35.892  -17.171  34.494 0.0000000000
127366  36.710  -18.194  34.707 0.0000000000
64178  37.917  -19.141  35.562 0.0000000000
62318  37.831  -20.845  35.992 0.0000000000
64166  32.916  -18.370  36.872 0.0000000000
63230  33.218  -19.434  35.838 0.0000000000
59476  35.798  -23.209  35.762 0.0000000000
60454  36.773  -22.881  35.916 0.0000000000
60453  37.594  -22.605  36.125 0.0000000000
49510  26.820  -33.003  48.331 0.0000000000
68975  37.015  -13.105  35.538 0.0000000000
69918  37.619  -12.649  35.083 0.0000000000
134641  37.697  -12.738  34.323 0.0000000000
69931  37.556  -13.150  33.646 0.0000000000
39958  20.320  -44.129  55.528 0.0000000000
39010  19.744  -44.589  55.800 0.0000000000
133749  19.219  -44.956  56.168 0.0000000000
37971  13.428  -46.201  58.962 0.0000000000
36905  11.083  -47.370  59.412 0.0000000000
130761  11.132  -41.875  57.682 0.0000000000
40915  10.759  -42.631  57.163 0.0000000000
38960  7.967  -44.704  59.377 0.0000000000
38975  8.487  -45.035  58.486 0.0000000000
114422  9.356  -47.100  58.040 0.0000000000
35099  8.423  -48.496  58.938 0.0000000000
52503  27.170  -30.410  46.863 0.0000000000
50498  26.601  -31.914  45.863 0.0000000000
49565  23.448  -33.567  46.212 0.0000000000
48549  24.034  -34.030  46.141 0.0000000000
116611  24.247  -34.826  46.117 0.0000000000
46617  26.311  -37.377  48.567 0.0000000000
46605  22.278  -36.695  48.936 0.0000000000
45627  22.663  -37.782  47.978 0.0000000000
43780  24.873  -39.758  52.743 0.0000000000
65180  39.491  -17.449  33.583 0.0000000000
65179  40.458  -17.559  33.804 0.0000000000
59427  28.634  -23.333  40.493 0.0000000000
59439  28.891  -23.887  39.672 0.0000000000
59438  29.390  -23.586  39.221 0.0000000000
57599  29.875  -24.962  39.092 0.0000000000
57582  30.124  -25.407  39.451 0.0000000000
53547  29.352  -30.044  43.029 0.0000000000
53548  28.667  -29.376  42.554 0.0000000000
53567  29.313  -29.875  41.983 0.0000000000
53577  29.779  -29.442  41.399 0.0000000000
54622  29.969  -28.626  41.040 0.0000000000
124055  32.599  -27.897  42.348 0.0000000000
56574  32.131  -26.004  41.551 0.0000000000
56592  31.625  -25.864  40.876 0.0000000000
56573  32.906  -25.727  41.545 0.0000000000
118660  33.831  -25.742  41.301 0.0000000000
129851  34.190  -25.762  41.926 0.0000000000
48491  29.005  -34.066  49.487 0.0000000000
48490  29.783  -34.269  49.330 0.0000000000
48471  30.333  -34.223  50.077 0.0000000000
112927  31.092  -34.360  49.974 0.0000000000
70934  46.569  -10.996  27.726 0.0000000000
43783  18.706  -39.598  52.121 0.0000000000
43768  18.022  -39.265  52.741 0.0000000000
44645  20.797  -37.929  51.857 0.0000000000
43781  19.631  -38.879  51.526 0.0000000000
67174  43.284  -15.563  31.310 0.0000000000
67158  43.505  -15.793  32.132 0.0000000000
52520  31.944  -31.342  46.499 0.0000000000
52539  31.423  -31.373  45.490 0.0000000000
49586  30.624  -33.832  45.259 0.0000000000
131180  30.978  -34.176  45.195 0.0000000000
48558  31.877  -34.346  45.817 0.0000000000
71813  40.698  -10.652  32.776 0.0000000000
71817  40.827  -10.714  31.936 0.0000000000
70920  40.557  -11.363  31.476 0.0000000000
71820  41.779  -10.804  30.769 0.0000000000
70923  42.499  -11.041  30.086 0.0000000000
69031  42.499  -13.743  29.919 0.0000000000
67184  43.267  -15.128  30.598 0.0000000000
32167  6.934  -51.315  61.414 0.0000000000
68977  35.713  -14.080  34.846 0.0000000000
68046  35.416  -14.678  34.704 0.0000000000
67136  35.245  -15.486  34.653 0.0000000000
66122  34.818  -16.312  34.939 0.0000000000
120342  35.214  -16.925  34.770 0.0000000000
65169  35.361  -17.521  34.745 0.0000000000
115589  35.526  -19.169  35.044 0.0000000000
61383  33.173  -21.667  35.804 0.0000000000
59478  34.283  -23.888  35.944 0.0000000000
59477  35.173  -23.968  35.961 0.0000000000
114774  35.949  -24.024  36.109 0.0000000000
58607  36.471  -24.462  36.533 0.0000000000
57593  37.654  -25.811  38.129 0.0000000000
57579  38.182  -26.155  39.034 0.0000000000
57594  36.258  -26.113  37.935 0.0000000000
56621  37.221  -26.321  38.804 0.0000000000
56606  38.116  -26.324  39.928 0.0000000000
47554  25.375  -34.885  49.715 0.0000000000
115121  25.410  -34.119  50.205 0.0000000000
47544  25.655  -35.064  50.552 0.0000000000
39969  17.356  -44.335  54.603 0.0000000000
39030  17.912  -44.916  55.300 0.0000000000
38959  8.203  -43.646  59.843 0.0000000000
36896  7.557  -46.380  59.618 0.0000000000
36870  7.451  -45.593  61.880 0.0000000000
36871  7.200  -46.733  62.834 0.0000000000
126150  25.006  -29.548  48.238 0.0000000000
53480  25.317  -29.659  47.528 0.0000000000
52505  24.799  -29.918  46.894 0.0000000000
52506  23.862  -30.073  46.968 0.0000000000
52525  23.510  -30.810  46.543 0.0000000000
50502  22.729  -32.035  46.616 0.0000000000
51490  22.333  -31.790  47.308 0.0000000000
49566  22.801  -32.937  46.428 0.0000000000
48550  23.315  -34.513  46.202 0.0000000000
47586  23.710  -35.622  45.941 0.0000000000
46644  24.090  -36.626  46.030 0.0000000000
125855  22.481  -40.353  50.254 0.0000000000
42899  23.451  -40.433  51.513 0.0000000000
42889  23.352  -40.538  52.471 0.0000000000
42888  24.101  -40.120  53.075 0.0000000000
64177  39.571  -18.768  35.668 0.0000000000
64176  40.350  -18.592  35.946 0.0000000000
58536  27.485  -25.108  41.417 0.0000000000
56596  27.817  -26.142  40.812 0.0000000000
52586  32.356  -30.580  42.316 0.0000000000
53564  32.028  -29.858  41.808 0.0000000000
52585  32.978  -30.342  42.701 0.0000000000
53546  33.260  -29.593  42.960 0.0000000000
54593  33.426  -28.588  43.308 0.0000000000
53528  34.055  -29.411  44.628 0.0000000000
124515  33.597  -27.660  43.649 0.0000000000
55572  33.765  -26.828  43.530 0.0000000000
73603  48.239  -8.664  27.468 0.0000000000
69982  46.018  -12.804  29.076 0.0000000000
69993  46.310  -12.442  28.629 0.0000000000
34080  4.894  -49.758  63.066 0.0000000000
65120  33.436  -17.379  38.242 0.0000000000
63213  32.981  -19.064  37.455 0.0000000000
62310  32.706  -20.672  36.979 0.0000000000
60456  32.501  -23.157  36.450 0.0000000000
59463  31.900  -23.199  36.803 0.0000000000
57613  32.509  -25.281  37.396 0.0000000000
41896  21.875  -42.336  54.853 0.0000000000
40942  21.196  -42.912  54.414 0.0000000000
132743  19.779  -43.721  54.137 0.0000000000
39981  17.811  -43.902  53.844 0.0000000000
41921  17.946  -41.702  52.791 0.0000000000
111568  21.917  -32.874  49.570 0.0000000000
114096  22.058  -32.321  50.633 0.0000000000
47545  22.337  -35.334  50.151 0.0000000000
44678  22.062  -38.543  48.858 0.0000000000
43821  21.878  -39.704  49.582 0.0000000000
45608  22.082  -37.478  50.625 0.0000000000
44667  21.585  -38.419  50.158 0.0000000000
41956  21.382  -41.315  51.782 0.0000000000
41935  21.974  -41.357  52.541 0.0000000000
56521  28.376  -26.387  45.766 0.0000000000
55539  28.547  -27.233  45.434 0.0000000000
124230  32.089  -32.981  44.013 0.0000000000
50569  31.884  -32.558  43.768 0.0000000000
51549  31.080  -31.708  43.424 0.0000000000
51573  31.350  -31.590  42.812 0.0000000000
51588  31.963  -31.403  42.573 0.0000000000
52571  32.783  -31.113  42.856 0.0000000000
124891  33.756  -30.986  44.135 0.0000000000
50524  34.177  -32.026  46.049 0.0000000000
51527  34.289  -31.398  45.709 0.0000000000
52519  34.496  -30.786  46.153 0.0000000000
72734  45.141  -9.144  28.685 0.0000000000
72735  44.420  -9.506  29.126 0.0000000000
117711  44.915  -10.102  28.661 0.0000000000
69984  44.534  -12.226  29.345 0.0000000000
67162  39.267  -15.468  31.941 0.0000000000
66129  39.072  -16.721  32.953 0.0000000000
64194  39.243  -18.399  34.940 0.0000000000
130176  36.714  -16.314  33.925 0.0000000000
66119  37.168  -17.080  33.976 0.0000000000
65167  37.934  -17.638  34.098 0.0000000000
62315  40.086  -20.045  36.593 0.0000000000
66087  33.390  -16.557  36.920 0.0000000000
65136  33.343  -17.163  36.316 0.0000000000
65148  33.575  -17.820  35.738 0.0000000000
113905  35.762  -19.843  35.154 0.0000000000
61391  33.758  -21.095  35.500 0.0000000000
62325  35.502  -20.623  35.247 0.0000000000
60452  38.361  -22.282  36.360 0.0000000000
60451  38.995  -22.001  36.604 0.0000000000
49533  28.159  -33.807  46.695 0.0000000000
49509  28.401  -33.887  48.735 0.0000000000
69956  38.684  -12.692  32.406 0.0000000000
39009  20.399  -44.280  56.317 0.0000000000
39011  18.402  -45.169  56.216 0.0000000000
40934  13.619  -42.232  55.540 0.0000000000
39974  12.988  -42.841  55.731 0.0000000000
39961  12.441  -43.494  56.062 0.0000000000
39017  11.998  -44.210  56.366 0.0000000000
39938  9.625  -42.623  58.538 0.0000000000
39939  9.367  -43.562  57.898 0.0000000000
38997  9.517  -44.539  57.479 0.0000000000
36911  10.753  -46.312  57.668 0.0000000000
33153  6.848  -50.839  60.919 0.0000000000
35039  6.141  -47.154  64.076 0.0000000000
55526  29.641  -27.642  46.523 0.0000000000
50468  30.200  -32.648  46.313 0.0000000000
50496  28.377  -32.832  46.043 0.0000000000
52524  24.413  -30.565  46.361 0.0000000000
112975  24.721  -31.834  45.970 0.0000000000
50471  24.823  -32.505  46.280 0.0000000000
49537  25.042  -33.132  46.913 0.0000000000
49512  21.848  -33.280  48.396 0.0000000000
48532  22.186  -35.061  47.517 0.0000000000
128971  22.274  -36.091  48.067 0.0000000000
47576  22.461  -36.103  46.969 0.0000000000
45657  24.072  -37.319  46.401 0.0000000000
45641  24.499  -37.825  46.841 0.0000000000
43819  23.583  -39.445  49.294 0.0000000000
43828  24.218  -38.941  48.705 0.0000000000
117451  24.829  -38.719  48.140 0.0000000000
44698  24.932  -38.347  47.473 0.0000000000
44687  25.575  -38.531  48.205 0.0000000000
44676  26.238  -38.463  48.864 0.0000000000
116321  40.158  -15.838  31.876 0.0000000000
66139  40.668  -16.469  32.513 0.0000000000
132826  40.844  -18.388  36.165 0.0000000000
60432  30.550  -22.839  38.424 0.0000000000
59451  29.767  -23.930  38.728 0.0000000000
59450  30.379  -23.811  38.219 0.0000000000
58595  31.042  -24.126  37.573 0.0000000000
57595  32.866  -25.819  38.139 0.0000000000
56533  27.922  -26.610  44.853 0.0000000000
55587  27.718  -27.990  42.790 0.0000000000
55588  27.489  -27.196  42.392 0.0000000000
55604  27.685  -27.093  41.505 0.0000000000
56576  27.991  -26.794  40.880 0.0000000000
56595  28.451  -26.309  40.521 0.0000000000
53575  31.617  -29.042  41.418 0.0000000000
55612  29.385  -27.142  40.729 0.0000000000
57561  29.728  -25.827  40.010 0.0000000000
56613  31.257  -25.730  40.062 0.0000000000
57580  31.661  -25.560  39.186 0.0000000000
56624  34.192  -26.221  38.688 0.0000000000
121402  35.274  -26.417  40.135 0.0000000000
56588  35.888  -26.467  40.821 0.0000000000
48529  29.047  -34.273  46.534 0.0000000000
118877  29.931  -34.572  46.759 0.0000000000
48512  30.019  -34.462  48.458 0.0000000000
119339  30.327  -34.578  47.645 0.0000000000
48528  30.757  -34.630  46.977 0.0000000000
48527  31.490  -34.491  47.277 0.0000000000
48526  32.162  -34.182  47.664 0.0000000000
49508  32.804  -33.752  48.074 0.0000000000
48470  31.667  -34.340  50.666 0.0000000000
48487  32.538  -34.015  49.464 0.0000000000
49485  32.854  -33.772  48.824 0.0000000000
49507  33.373  -33.428  48.600 0.0000000000
72738  46.331  -9.350  27.975 0.0000000000
73597  47.507  -8.275  28.170 0.0000000000
73604  47.691  -8.645  27.748 0.0000000000
72742  48.044  -9.378  27.027 0.0000000000
70928  46.703  -11.987  28.024 0.0000000000
70933  47.189  -11.446  27.439 0.0000000000
71827  47.676  -10.108  26.871 0.0000000000
71835  49.559  -10.981  25.481 0.0000000000
70936  49.223  -11.799  25.881 0.0000000000
45656  24.743  -37.214  46.507 0.0000000000
46619  22.470  -36.732  47.334 0.0000000000
46632  23.373  -37.084  46.433 0.0000000000
49538  22.252  -33.470  46.891 0.0000000000
50568  32.316  -32.483  43.647 0.0000000000
51511  23.245  -31.524  46.394 0.0000000000
52466  22.881  -29.691  49.859 0.0000000000
52488  26.623  -29.929  47.975 0.0000000000
52507  23.117  -30.430  47.235 0.0000000000
53466  24.332  -29.467  48.688 0.0000000000
55558  27.729  -27.177  44.119 0.0000000000
56577  27.629  -26.489  41.244 0.0000000000
58545  27.685  -25.524  40.875 0.0000000000
58559  28.846  -24.580  39.633 0.0000000000
123025  27.330  -25.561  41.922 0.0000000000
