#!ascii label  , from subject sub-v2s3x28742_ses-1 vox2ras=TkReg
1571
30193  31.513  -54.422  -3.993 0.8999999762
29337  30.976  -55.292  -3.899 0.8000000119
132661  31.893  -55.171  -5.260 0.8000000119
28401  31.201  -56.457  -5.435 0.6999999881
28420  31.403  -56.301  -6.323 0.8000000119
29338  30.261  -55.307  -3.243 0.8999999762
30208  32.045  -54.585  -4.867 1.0000000000
30218  32.474  -53.911  -5.324 1.0000000000
30219  32.218  -54.731  -5.686 0.8999999762
117357  31.801  -55.501  -5.948 0.8000000119
29365  31.711  -55.587  -6.877 0.8000000119
28434  31.329  -56.295  -7.314 0.8000000119
29386  31.146  -55.456  -8.594 0.6999999881
29387  30.663  -55.926  -8.833 0.6999999881
30181  29.290  -54.670  -2.517 0.8000000119
30194  30.712  -54.532  -3.277 0.8999999762
31026  30.368  -53.838  -2.692 0.8999999762
114538  29.441  -53.889  -2.411 0.8999999762
30196  27.188  -54.004  -2.839 0.8999999762
31042  32.123  -53.847  -4.445 0.8999999762
31056  32.785  -53.254  -5.243 1.0000000000
30233  32.176  -54.907  -6.525 0.8999999762
31094  32.661  -53.601  -7.096 1.0000000000
123843  32.367  -54.376  -7.005 0.8999999762
30249  32.277  -54.237  -7.761 0.8999999762
29376  31.550  -55.570  -7.781 0.8000000119
29398  30.516  -55.246  -9.271 0.6999999881
120499  31.656  -53.029  -3.242 0.8999999762
31968  30.827  -52.977  -2.634 0.8999999762
31013  29.995  -53.224  -2.388 0.8999999762
125339  29.302  -52.992  -2.331 0.8999999762
31961  27.941  -52.819  -2.720 0.8999999762
31025  31.161  -53.750  -3.218 0.8999999762
31024  32.286  -53.072  -4.012 0.8999999762
31072  32.913  -53.321  -6.031 1.0000000000
30263  32.038  -54.071  -8.540 0.8000000119
31114  31.535  -54.252  -9.045 0.8000000119
31128  30.785  -54.416  -9.409 0.8000000119
117241  30.337  -53.802  -9.877 0.8000000119
31129  29.624  -53.930  -10.241 0.8000000119
114992  29.215  -53.384  -10.503 0.8000000119
31959  30.055  -52.404  -2.309 0.8999999762
31969  28.333  -51.976  -2.827 0.8999999762
31970  27.676  -52.243  -3.480 0.8999999762
31967  31.485  -52.279  -2.796 0.8999999762
31977  27.146  -52.442  -4.336 0.8000000119
31057  26.213  -53.134  -5.287 0.8000000119
31976  32.664  -52.257  -4.108 0.8999999762
32938  27.534  -51.619  -4.345 0.6999999881
31978  26.622  -52.495  -5.184 0.6999999881
31984  26.044  -52.504  -5.915 0.6999999881
31975  33.126  -52.139  -4.836 0.8999999762
117885  26.449  -51.745  -5.883 0.6999999881
32021  25.242  -51.927  -7.308 0.6999999881
32974  25.363  -51.361  -6.935 0.6000000238
31983  33.096  -52.719  -5.422 1.0000000000
32001  33.497  -51.976  -6.626 1.0000000000
123682  33.154  -52.801  -6.829 1.0000000000
32020  32.892  -52.837  -7.749 1.0000000000
31112  32.449  -53.506  -8.194 0.8999999762
32019  33.305  -52.279  -7.419 1.0000000000
32032  32.549  -52.741  -8.710 0.8999999762
31113  31.956  -53.456  -9.112 0.8000000119
32042  30.727  -53.068  -10.046 0.8000000119
123046  30.377  -52.426  -10.358 0.8000000119
32043  29.861  -53.074  -10.374 0.8000000119
32044  29.071  -52.688  -10.663 0.8000000119
33015  29.639  -52.131  -10.544 0.8000000119
33022  28.765  -51.797  -10.856 0.8000000119
31958  30.840  -52.172  -2.476 0.8999999762
122438  29.128  -52.163  -2.397 0.8999999762
32917  31.232  -51.477  -2.472 0.8999999762
32919  29.697  -51.544  -2.372 0.8999999762
32920  28.919  -51.363  -2.640 0.8999999762
32928  28.017  -51.433  -3.617 0.8999999762
32926  32.557  -51.617  -3.537 0.8999999762
32939  27.055  -51.726  -5.147 0.6999999881
32937  33.067  -51.543  -4.221 0.8999999762
32953  26.804  -50.974  -5.754 0.6000000238
32973  26.140  -51.067  -6.410 0.6000000238
32936  33.513  -51.368  -4.989 1.0000000000
128816  24.646  -50.933  -6.355 0.5000000000
32972  33.800  -51.188  -5.986 1.0000000000
33896  24.389  -50.157  -5.805 0.5000000000
122413  33.770  -51.249  -6.871 1.0000000000
32992  33.567  -51.606  -7.527 1.0000000000
33001  33.535  -51.290  -8.225 1.0000000000
32993  33.154  -52.031  -8.302 1.0000000000
33003  32.630  -51.958  -9.200 0.8999999762
32041  31.389  -53.009  -9.662 0.8000000119
128865  31.913  -51.737  -9.832 0.8999999762
121833  31.196  -52.279  -10.149 0.8000000119
33012  31.749  -50.921  -10.009 0.8999999762
33013  31.251  -51.421  -10.226 0.8000000119
33946  30.912  -50.588  -10.340 0.8999999762
33947  29.900  -50.572  -10.502 0.8000000119
33954  28.229  -50.423  -10.978 0.8000000119
34952  28.524  -49.733  -10.803 0.8000000119
34953  27.663  -49.716  -11.221 0.8000000119
122120  29.446  -50.789  -2.541 0.8999999762
32927  32.011  -51.601  -2.887 0.8999999762
33861  31.832  -50.822  -2.573 0.8999999762
33862  28.361  -50.674  -3.713 0.6999999881
33863  27.859  -50.853  -4.370 0.8000000119
33877  32.944  -51.033  -3.701 0.8999999762
33860  32.485  -50.927  -3.112 0.8999999762
33894  27.224  -50.122  -5.620 0.6999999881
33895  26.435  -50.322  -6.121 0.6000000238
33914  25.751  -50.512  -6.397 0.6000000238
34888  27.297  -49.146  -5.491 0.6999999881
34889  26.603  -49.581  -5.921 0.6000000238
34904  25.334  -49.775  -6.076 0.5000000000
34890  25.178  -49.016  -5.772 0.5000000000
34891  24.474  -49.235  -5.663 0.5000000000
33913  34.012  -50.757  -6.646 1.0000000000
33928  33.930  -50.702  -7.541 1.0000000000
34930  33.923  -49.910  -8.158 1.0000000000
33936  33.553  -50.638  -8.546 1.0000000000
33011  32.504  -51.165  -9.503 0.8999999762
34918  34.258  -49.750  -7.333 1.0000000000
34931  33.429  -49.879  -8.912 0.8999999762
33937  33.024  -50.554  -9.249 0.8999999762
33944  32.294  -50.383  -9.741 0.8999999762
34940  32.762  -49.743  -9.494 0.8999999762
33945  31.619  -50.235  -10.139 0.8999999762
34943  30.299  -49.756  -10.437 0.8999999762
34944  29.399  -49.765  -10.574 0.8999999762
117974  32.337  -48.911  -9.699 0.8999999762
34942  31.157  -49.665  -10.285 0.8999999762
123996  28.838  -48.995  -10.656 0.8999999762
119348  30.633  -48.907  -10.333 0.8999999762
33839  31.017  -50.581  -2.214 0.8999999762
33840  30.222  -50.888  -2.311 0.8999999762
33841  29.390  -49.971  -2.714 0.8999999762
124267  30.247  -50.080  -2.270 0.8999999762
34862  29.176  -49.072  -3.171 1.0000000000
116402  28.686  -49.770  -3.670 0.8000000119
118951  31.657  -50.069  -2.320 0.8999999762
33879  27.713  -50.334  -4.974 0.6999999881
33876  33.406  -50.766  -4.279 0.8999999762
33859  33.042  -50.254  -3.501 0.8999999762
114482  27.872  -48.989  -5.051 0.6999999881
132706  27.007  -48.457  -5.306 0.6999999881
116601  26.495  -48.801  -5.643 0.5000000000
34887  33.907  -50.415  -5.170 1.0000000000
35802  25.568  -48.399  -5.489 0.5000000000
35803  24.583  -48.459  -5.493 0.5000000000
34886  34.317  -49.799  -5.751 1.0000000000
34902  34.422  -49.488  -6.471 1.0000000000
35815  34.547  -48.559  -6.449 1.0000000000
34917  34.444  -49.047  -7.094 1.0000000000
35828  34.201  -49.027  -7.866 1.0000000000
35827  34.461  -48.293  -7.268 1.0000000000
119596  33.743  -49.292  -8.525 0.8999999762
35853  32.734  -48.129  -9.472 0.8999999762
36752  32.211  -47.354  -9.655 0.8999999762
130891  31.870  -46.653  -12.398 0.6999999881
38810  31.416  -46.006  -12.554 0.8000000119
37783  30.209  -46.607  -12.505 0.8000000119
37795  29.658  -46.146  -12.572 0.8000000119
34860  32.867  -49.477  -2.956 0.8999999762
34836  32.045  -49.251  -2.268 1.0000000000
34837  30.951  -49.476  -2.011 1.0000000000
35752  29.548  -48.434  -2.761 1.0000000000
34863  28.675  -48.783  -3.963 0.6999999881
34875  33.656  -49.872  -4.261 0.8999999762
34859  33.382  -49.470  -3.599 0.8999999762
35790  27.604  -48.443  -5.062 0.6999999881
35801  34.486  -48.973  -5.667 1.0000000000
34874  34.192  -49.418  -4.947 0.8999999762
35788  33.884  -48.881  -4.076 0.8999999762
36703  23.832  -47.769  -5.421 0.4000000060
35839  34.235  -48.112  -8.013 1.0000000000
36738  33.622  -47.312  -8.755 1.0000000000
36737  34.145  -47.346  -8.221 1.0000000000
38796  28.348  -45.850  -11.889 0.8999999762
37794  34.544  -46.343  -13.081 0.6000000238
38809  32.625  -46.190  -12.596 0.6000000238
113094  32.774  -45.355  -13.198 0.8000000119
38811  30.450  -46.002  -12.603 0.8000000119
37796  28.887  -46.366  -12.480 0.8999999762
38814  27.900  -46.207  -12.118 0.8999999762
35770  33.333  -48.807  -3.232 0.8999999762
35771  32.782  -48.785  -2.625 0.8999999762
35772  29.055  -48.324  -3.459 0.8000000119
35789  28.195  -48.480  -4.645 0.6999999881
36689  27.895  -47.757  -4.627 0.6999999881
36690  26.385  -47.352  -4.714 0.6000000238
36702  24.770  -47.652  -5.235 0.4000000060
35787  34.370  -48.454  -4.860 1.0000000000
119983  34.574  -47.989  -5.640 1.0000000000
36712  34.603  -47.485  -6.554 1.0000000000
36724  34.424  -47.423  -7.532 1.0000000000
37732  34.365  -46.660  -7.915 1.0000000000
38757  34.250  -45.994  -8.342 1.0000000000
37757  29.074  -46.168  -10.868 0.8999999762
39746  29.839  -45.153  -11.422 0.8999999762
38795  29.059  -45.542  -11.702 0.8999999762
39774  30.134  -44.656  -13.129 0.8999999762
39761  29.027  -45.568  -12.243 0.8999999762
38808  35.948  -45.750  -12.932 0.6000000238
38821  33.618  -45.846  -13.027 0.6000000238
39771  33.658  -45.217  -13.557 0.8000000119
38822  31.726  -45.382  -13.008 0.8000000119
38824  29.882  -45.400  -12.722 0.8999999762
35750  31.282  -48.461  -1.858 0.8999999762
35751  30.341  -48.529  -2.153 0.8999999762
124118  29.850  -47.849  -2.379 0.6999999881
36652  31.550  -47.489  -1.677 0.8999999762
117001  30.540  -47.717  -1.852 0.8999999762
133879  28.472  -47.357  -3.908 0.6000000238
114528  33.737  -48.108  -3.512 1.0000000000
36668  33.183  -48.015  -2.665 1.0000000000
36670  28.159  -47.154  -4.034 0.6000000238
37680  27.235  -47.038  -4.336 0.6000000238
36691  25.742  -46.931  -4.626 0.5000000000
36687  34.448  -47.405  -4.773 1.0000000000
36688  34.152  -47.957  -4.148 1.0000000000
36699  34.635  -47.025  -5.602 1.0000000000
37709  34.726  -46.474  -6.258 1.0000000000
37720  34.574  -46.631  -7.121 1.0000000000
38745  34.561  -45.953  -7.612 1.0000000000
129531  34.615  -45.393  -8.143 1.0000000000
39713  34.137  -45.337  -8.873 1.0000000000
130361  33.451  -45.461  -9.292 1.0000000000
39728  32.835  -45.137  -9.703 1.0000000000
38771  32.049  -45.491  -9.888 1.0000000000
39737  32.134  -44.777  -10.254 1.0000000000
38782  31.193  -45.221  -10.396 0.8999999762
37747  31.746  -46.621  -9.794 0.8999999762
38774  29.894  -45.977  -10.592 0.8999999762
39760  29.513  -45.070  -12.199 0.8999999762
39757  37.044  -44.571  -12.396 0.6000000238
38807  36.614  -45.106  -12.503 0.6000000238
38820  35.636  -45.182  -13.642 0.6000000238
120563  34.354  -45.629  -13.476 0.6000000238
129076  32.896  -44.734  -13.738 0.8000000119
39772  31.965  -44.781  -13.534 0.8000000119
36651  32.557  -47.463  -1.983 0.8999999762
36653  30.723  -46.879  -1.651 0.6999999881
35773  28.579  -47.797  -4.011 0.6000000238
120662  28.654  -47.090  -3.599 0.6000000238
36667  33.772  -47.304  -3.212 0.8999999762
37664  27.736  -46.338  -3.679 0.6000000238
36666  34.205  -47.232  -3.937 1.0000000000
37698  34.578  -46.617  -4.966 1.0000000000
37660  34.417  -46.555  -4.290 0.8999999762
38722  34.718  -46.194  -5.471 1.0000000000
38733  34.779  -45.858  -6.820 1.0000000000
38744  34.900  -45.315  -7.396 1.0000000000
39699  35.038  -44.809  -7.998 1.0000000000
40689  35.028  -44.233  -8.675 1.0000000000
39726  34.381  -44.610  -9.131 1.0000000000
39727  33.663  -44.872  -9.462 1.0000000000
39736  33.089  -44.458  -10.033 1.0000000000
39738  31.427  -44.453  -10.801 1.0000000000
39744  30.884  -44.278  -11.369 0.8999999762
39745  30.221  -44.534  -11.763 0.8999999762
125543  30.097  -44.372  -12.472 0.8999999762
121722  30.143  -43.931  -13.509 0.8999999762
39758  36.582  -44.389  -12.888 0.6000000238
131170  36.014  -44.509  -13.938 0.6000000238
38831  35.310  -44.878  -14.190 0.6000000238
39785  34.855  -44.428  -14.641 0.6999999881
127427  33.107  -44.239  -14.331 0.6999999881
126736  31.227  -44.313  -13.897 0.8000000119
39788  30.408  -44.096  -13.788 0.8999999762
40731  37.950  -43.799  -12.621 0.6000000238
40759  32.400  -43.612  -14.577 0.6999999881
39787  32.091  -44.246  -14.106 0.8000000119
40760  31.063  -43.708  -14.311 0.8999999762
37662  29.165  -46.689  -2.905 0.6999999881
37663  28.527  -46.271  -3.258 0.6000000238
37646  33.119  -46.416  -2.021 0.8999999762
36637  32.091  -46.862  -1.621 0.8000000119
37637  31.021  -46.176  -1.563 0.6999999881
37661  34.126  -46.495  -3.508 0.8999999762
37645  33.632  -46.462  -2.735 0.8000000119
117150  34.634  -45.932  -4.723 1.0000000000
38686  34.452  -45.646  -3.845 0.8000000119
38703  35.230  -44.860  -4.990 0.8999999762
38704  34.858  -45.158  -4.501 0.8000000119
126193  34.998  -45.695  -6.008 1.0000000000
38732  35.170  -45.169  -6.600 1.0000000000
39698  35.313  -44.666  -7.227 1.0000000000
39711  35.469  -44.172  -7.845 1.0000000000
40688  35.649  -43.572  -8.388 1.0000000000
131110  34.611  -44.010  -9.348 1.0000000000
40705  33.973  -44.225  -9.724 1.0000000000
40714  32.382  -43.980  -10.688 1.0000000000
40722  31.525  -43.851  -11.345 0.8999999762
40723  30.653  -43.847  -12.111 0.8999999762
40746  30.068  -43.436  -13.731 0.8999999762
134177  34.428  -43.967  -14.910 0.6999999881
40761  30.062  -43.412  -14.069 0.8999999762
41687  38.815  -42.647  -13.697 0.6000000238
40744  37.538  -43.325  -13.213 0.6000000238
40758  33.599  -43.634  -14.877 0.6999999881
41701  31.653  -42.997  -14.781 0.6999999881
37647  30.262  -46.194  -1.752 0.6999999881
37649  29.071  -46.007  -2.736 0.6000000238
128854  32.848  -45.908  -1.706 0.8000000119
37636  31.752  -46.225  -1.547 0.8000000119
38667  30.681  -45.539  -1.591 0.6999999881
37648  29.585  -46.130  -2.242 0.6999999881
38687  33.934  -45.705  -3.003 0.6999999881
38674  33.393  -45.698  -2.138 0.8000000119
39652  35.116  -44.399  -4.515 0.6999999881
39671  35.677  -44.183  -5.780 0.8000000119
40659  35.941  -43.761  -6.251 0.8000000119
39687  35.537  -44.455  -6.433 0.8000000119
40658  36.265  -43.236  -6.902 0.8000000119
40672  35.886  -43.604  -7.622 0.8999999762
112612  35.203  -43.443  -9.318 1.0000000000
111571  34.398  -43.573  -9.929 1.0000000000
40721  33.029  -43.291  -11.010 1.0000000000
41670  32.639  -42.899  -11.722 1.0000000000
113196  34.066  -43.010  -10.695 1.0000000000
40713  33.497  -43.766  -10.350 1.0000000000
114982  32.236  -43.445  -11.320 1.0000000000
41671  31.676  -43.188  -12.100 1.0000000000
41672  30.679  -43.170  -12.830 0.8999999762
41681  30.118  -43.117  -13.522 0.8999999762
41689  37.146  -42.743  -13.898 0.6000000238
40745  36.699  -43.577  -13.528 0.6000000238
39784  35.520  -44.203  -14.696 0.6000000238
124666  35.123  -43.338  -15.442 0.6999999881
114543  30.564  -43.058  -14.494 0.8999999762
41711  34.075  -42.048  -15.574 0.6999999881
40771  32.817  -42.970  -15.145 0.6999999881
41713  30.908  -42.459  -14.907 0.8999999762
38675  32.783  -45.304  -1.639 0.6999999881
38666  31.414  -45.586  -1.528 0.6000000238
39625  30.446  -44.805  -1.627 0.6000000238
38678  28.687  -45.478  -2.780 0.6000000238
39622  33.672  -44.870  -2.378 0.6999999881
39614  31.906  -44.888  -1.492 0.6000000238
119099  34.208  -45.006  -3.179 0.6999999881
40621  35.429  -43.633  -4.618 0.6999999881
41624  36.599  -42.429  -7.204 0.8000000119
40687  36.295  -42.972  -7.924 0.8000000119
41637  36.406  -42.369  -8.513 0.8000000119
40704  35.905  -42.892  -8.855 0.8000000119
40712  34.937  -42.938  -10.149 1.0000000000
41653  35.587  -42.630  -9.668 0.8000000119
41668  34.326  -42.275  -11.308 1.0000000000
41669  33.494  -42.632  -11.485 1.0000000000
41679  32.346  -42.564  -12.471 1.0000000000
42635  33.862  -41.966  -12.075 1.0000000000
41678  33.076  -42.279  -12.280 1.0000000000
42644  31.246  -41.872  -13.402 1.0000000000
115102  30.672  -42.635  -13.314 1.0000000000
39783  36.104  -43.734  -14.623 0.6000000238
41690  29.913  -42.933  -13.979 0.8999999762
41688  37.915  -42.641  -13.693 0.6000000238
40755  36.541  -42.933  -14.463 0.6000000238
40768  35.544  -42.831  -15.548 0.6999999881
41702  30.030  -42.577  -14.348 0.8999999762
41710  35.033  -42.126  -15.713 0.6999999881
42669  33.151  -41.676  -15.533 0.6999999881
42670  31.202  -41.706  -15.335 0.8999999762
40600  30.271  -43.925  -1.778 0.5000000000
39623  32.891  -44.500  -1.638 0.6000000238
40598  31.985  -43.913  -1.523 0.5000000000
39636  34.160  -44.166  -2.835 0.6999999881
40597  33.519  -43.863  -1.989 0.6999999881
40611  34.585  -43.572  -3.414 0.6999999881
127687  35.749  -42.663  -4.690 0.6999999881
40622  34.950  -43.856  -4.086 0.6999999881
41591  36.246  -42.583  -5.520 0.6999999881
41610  36.500  -42.477  -6.322 0.6999999881
122941  36.638  -42.294  -7.892 0.8000000119
128685  36.514  -41.878  -8.876 0.8000000119
41652  36.151  -42.235  -9.241 0.8000000119
42619  36.391  -41.568  -9.455 0.8000000119
42620  35.921  -41.914  -9.958 0.8000000119
42628  35.044  -41.890  -11.110 0.8999999762
42627  35.661  -41.411  -10.675 0.8000000119
130588  34.796  -40.875  -12.220 0.8999999762
42634  34.574  -41.554  -11.819 1.0000000000
42642  33.408  -41.651  -12.730 1.0000000000
42643  32.537  -41.843  -13.090 1.0000000000
115346  30.244  -41.568  -13.717 1.0000000000
42645  30.048  -42.375  -13.786 0.8999999762
42651  29.886  -42.281  -14.148 0.8999999762
128008  29.736  -41.344  -14.222 0.8999999762
42660  29.829  -41.684  -14.568 0.8999999762
41699  37.531  -42.045  -14.368 0.6000000238
41708  36.210  -42.520  -15.301 0.6000000238
127254  32.354  -41.459  -15.488 0.8000000119
42671  30.152  -41.472  -15.120 0.8999999762
41698  38.359  -41.985  -14.193 0.6000000238
42666  35.280  -41.629  -15.686 0.6999999881
42668  33.826  -41.255  -15.638 0.6999999881
126805  30.903  -40.943  -15.452 0.8000000119
43602  33.109  -40.778  -15.602 0.6999999881
129236  32.770  -43.650  -1.636 0.5000000000
40599  31.126  -43.242  -1.852 0.5000000000
40612  34.002  -43.084  -2.465 0.6999999881
115521  32.244  -43.062  -1.709 0.5000000000
41564  34.602  -42.613  -3.253 0.6999999881
41578  35.139  -43.095  -3.975 0.6999999881
42561  36.508  -41.675  -5.759 0.6999999881
42579  36.778  -41.721  -6.679 0.6999999881
42594  37.170  -41.162  -8.077 0.8000000119
43552  36.680  -40.745  -9.565 0.8000000119
43558  36.319  -40.540  -10.366 0.8000000119
42633  35.252  -41.086  -11.510 0.8000000119
43565  34.479  -40.307  -12.863 0.8999999762
42641  34.110  -41.192  -12.690 1.0000000000
43572  32.269  -40.997  -13.452 1.0000000000
43559  35.835  -40.523  -11.031 0.8000000119
43564  35.317  -40.160  -11.999 0.8000000119
43571  33.336  -40.999  -13.295 0.8999999762
119233  31.834  -39.984  -13.550 1.0000000000
43573  31.106  -40.900  -13.554 1.0000000000
119347  32.875  -40.192  -13.509 0.8999999762
44419  29.914  -40.007  -13.745 1.0000000000
43574  30.051  -40.799  -13.725 1.0000000000
43581  28.978  -40.417  -14.624 1.0000000000
43604  28.990  -40.630  -15.085 0.8999999762
41709  35.709  -42.094  -15.656 0.6999999881
43592  28.436  -40.311  -15.014 0.8999999762
42659  37.008  -41.327  -14.835 0.6000000238
124434  36.283  -41.781  -15.370 0.6000000238
44447  29.310  -40.229  -15.345 0.8999999762
131492  35.753  -41.523  -15.603 0.6999999881
43600  34.609  -40.619  -15.663 0.6999999881
128566  33.578  -40.154  -15.680 0.6999999881
132440  32.570  -40.421  -15.577 0.6999999881
128245  30.585  -40.168  -15.494 0.8000000119
118666  32.929  -40.012  -15.650 0.6999999881
45383  28.786  -39.454  -15.332 0.8999999762
118525  31.914  -40.130  -15.562 0.6999999881
41552  33.459  -42.468  -2.299 0.5000000000
41563  35.211  -42.135  -3.888 0.6999999881
42550  36.174  -41.174  -5.066 0.6999999881
42551  35.703  -41.640  -4.532 0.6999999881
43493  36.536  -40.708  -5.652 0.6999999881
43482  36.171  -40.329  -5.060 0.6999999881
119184  36.798  -41.049  -6.277 0.6999999881
43507  37.251  -39.879  -7.095 0.6999999881
129696  37.125  -40.899  -7.112 0.6999999881
44378  37.438  -39.467  -7.877 0.6999999881
43528  37.371  -40.329  -7.918 0.6999999881
43543  37.165  -40.598  -8.731 0.8000000119
125140  36.741  -39.852  -10.045 0.8000000119
131323  37.098  -40.099  -9.291 0.8000000119
125546  36.295  -39.961  -10.735 0.8000000119
44403  36.456  -39.258  -10.756 0.8000000119
44409  35.519  -39.172  -11.973 0.8000000119
44416  34.141  -39.433  -13.251 0.8000000119
44417  33.299  -39.407  -13.471 0.8999999762
124330  30.821  -40.098  -13.594 1.0000000000
45330  35.122  -38.671  -12.424 0.8000000119
45337  34.469  -38.613  -12.908 0.8000000119
44425  28.952  -39.888  -14.164 1.0000000000
121903  29.707  -39.237  -13.646 1.0000000000
43591  36.831  -40.576  -14.895 0.6000000238
44442  35.015  -40.166  -15.556 0.6999999881
44443  34.218  -39.936  -15.667 0.6999999881
43605  28.300  -40.151  -15.104 0.8999999762
44435  27.915  -39.888  -14.946 1.0000000000
44444  33.455  -39.484  -15.649 0.6999999881
44445  32.541  -39.294  -15.674 0.8000000119
44446  31.412  -39.303  -15.610 0.8000000119
123775  36.918  -40.256  -6.311 0.6999999881
44359  37.302  -39.110  -7.190 0.6999999881
44398  37.245  -39.421  -9.384 0.6999999881
134334  37.500  -38.387  -8.707 0.6999999881
44399  36.985  -38.962  -10.113 0.8000000119
123524  36.067  -38.817  -11.400 0.8000000119
45322  36.571  -38.354  -10.797 0.8000000119
45329  35.586  -38.366  -11.920 0.8000000119
45339  32.730  -38.661  -13.511 0.8999999762
44418  32.481  -39.412  -13.541 0.8999999762
45338  33.661  -38.601  -13.347 0.8000000119
122244  32.187  -37.915  -13.527 0.8999999762
121279  30.705  -39.362  -13.584 0.8999999762
122870  36.345  -40.117  -15.061 0.6000000238
46337  31.150  -37.734  -13.539 0.8999999762
45341  30.483  -38.562  -13.557 0.8999999762
128143  28.639  -39.062  -13.840 1.0000000000
123866  37.207  -39.886  -14.613 0.6000000238
45352  27.737  -38.662  -14.050 0.8999999762
45378  34.166  -38.914  -15.501 0.6999999881
122307  27.660  -38.689  -14.527 0.8999999762
45380  31.974  -38.370  -15.604 0.8000000119
45382  30.133  -39.370  -15.514 0.8999999762
129534  29.712  -38.388  -15.459 0.8000000119
44346  36.549  -39.829  -5.622 0.6999999881
44360  36.985  -39.224  -6.345 0.6999999881
116223  37.358  -38.661  -9.397 0.6999999881
45317  37.153  -38.178  -10.054 0.6999999881
46334  34.012  -37.794  -13.054 0.8000000119
125100  33.122  -37.837  -13.391 0.8000000119
47279  33.403  -37.041  -13.057 0.8000000119
46335  32.583  -37.143  -13.363 0.8000000119
45342  29.333  -38.456  -13.578 0.8999999762
132988  35.677  -40.375  -15.416 0.6000000238
46336  31.853  -37.236  -13.484 0.8000000119
47282  31.273  -36.773  -13.444 0.8999999762
46338  29.967  -37.735  -13.512 0.8999999762
45343  28.337  -38.397  -13.702 0.8999999762
116819  36.660  -39.225  -14.630 0.6000000238
45377  34.802  -39.477  -15.456 0.6999999881
129776  27.675  -38.029  -13.815 0.8999999762
45379  33.169  -38.495  -15.549 0.6999999881
119168  28.211  -38.571  -15.115 0.8000000119
47317  31.783  -37.421  -15.497 0.6999999881
45274  36.847  -38.228  -6.168 0.6999999881
115896  37.414  -37.927  -7.464 0.6999999881
45307  37.519  -37.708  -8.349 0.6999999881
113345  34.932  -37.825  -12.471 0.8000000119
46323  34.254  -36.999  -12.623 0.8000000119
47271  33.561  -36.211  -12.672 0.8000000119
47281  32.036  -36.541  -13.332 0.8000000119
119346  30.395  -36.947  -13.477 0.8999999762
122659  29.449  -37.021  -13.497 0.8999999762
44434  35.642  -39.541  -15.185 0.6000000238
46339  28.635  -37.645  -13.576 0.8999999762
45366  35.093  -38.757  -15.157 0.6999999881
46374  33.882  -38.122  -15.347 0.6999999881
46349  27.652  -37.347  -13.876 0.8999999762
112843  32.630  -37.604  -15.451 0.6999999881
111867  30.959  -37.070  -15.489 0.8000000119
47320  28.030  -36.679  -14.596 0.8000000119
133614  31.618  -36.766  -15.446 0.6999999881
47318  29.890  -36.578  -15.394 0.8000000119
46378  28.797  -37.394  -15.183 0.8000000119
112066  31.036  -36.322  -15.454 0.8000000119
46263  37.183  -37.653  -6.809 0.6999999881
46278  37.410  -37.245  -7.525 0.6000000238
45365  37.010  -38.264  -14.326 0.6000000238
113429  31.468  -35.962  -13.251 0.8000000119
47283  29.640  -36.248  -13.464 0.8999999762
47284  28.556  -36.567  -13.676 0.8999999762
46362  35.412  -37.915  -14.671 0.6000000238
48215  28.353  -35.725  -14.332 0.8999999762
46375  33.419  -37.580  -15.303 0.8000000119
47305  27.967  -36.440  -14.276 0.8999999762
47319  28.743  -36.441  -15.132 0.8000000119
47316  32.274  -36.809  -15.371 0.6999999881
48225  30.357  -35.706  -15.426 0.8000000119
48226  29.093  -35.627  -15.281 0.8000000119
45367  34.560  -38.100  -15.064 0.6999999881
48195  30.969  -35.339  -13.250 0.8000000119
47303  34.421  -36.649  -14.648 0.5000000000
46363  34.110  -37.458  -15.009 0.6000000238
115611  33.947  -36.013  -14.626 0.6000000238
47315  32.999  -36.862  -15.241 0.6999999881
123983  28.356  -35.170  -14.824 0.8000000119
133793  33.285  -36.273  -14.868 0.6000000238
48223  31.977  -35.346  -15.197 0.6000000238
134875  30.722  -35.108  -15.429 0.6999999881
117363  29.873  -34.952  -15.452 0.8000000119
126792  28.428  -36.049  -14.909 0.8000000119
120517  31.339  -34.811  -15.370 0.6000000238
129647  29.736  -34.753  -13.539 0.8000000119
49174  29.183  -34.449  -13.907 0.8000000119
49181  28.701  -35.002  -13.969 0.8999999762
48212  34.838  -35.725  -14.475 0.6000000238
49202  28.776  -34.523  -15.285 0.8000000119
118280  28.382  -35.221  -15.025 0.8000000119
49203  28.252  -34.393  -15.010 0.8000000119
49200  30.528  -34.450  -15.549 0.6000000238
50172  30.071  -34.181  -13.637 0.8000000119
50181  28.946  -33.840  -14.456 0.8000000119
119545  34.260  -35.073  -14.529 0.6000000238
48214  32.701  -34.969  -14.846 0.6000000238
49214  28.513  -33.817  -15.199 0.8000000119
113287  32.061  -34.494  -15.260 0.6000000238
49213  29.194  -33.748  -15.558 0.6999999881
50200  28.481  -33.615  -15.129 0.8000000119
50212  31.797  -33.241  -16.076 0.6000000238
51200  29.893  -32.721  -16.309 0.6000000238
50214  29.162  -32.949  -15.902 0.6999999881
117532  32.846  -34.135  -15.226 0.6000000238
50196  32.183  -33.829  -15.551 0.6000000238
51169  31.261  -32.743  -13.854 0.8000000119
51171  29.426  -33.090  -14.491 0.8000000119
49187  35.253  -34.887  -14.571 0.6000000238
50180  30.411  -33.411  -13.828 0.8000000119
49199  35.736  -34.390  -15.236 0.5000000000
52218  28.973  -32.074  -15.915 0.8000000119
51179  29.000  -32.602  -15.277 0.8000000119
49188  34.637  -34.233  -15.117 0.6000000238
49189  33.580  -34.545  -14.838 0.6000000238
51218  29.181  -32.044  -16.292 0.6000000238
120259  33.762  -33.711  -15.542 0.6000000238
117528  32.782  -33.476  -15.800 0.6000000238
51199  30.923  -32.645  -16.569 0.6000000238
50210  34.330  -33.381  -16.400 0.6000000238
130072  32.534  -33.012  -16.398 0.6000000238
51198  31.880  -32.593  -16.808 0.6000000238
51216  31.059  -31.950  -17.203 0.6000000238
52198  30.669  -32.099  -14.483 0.8000000119
51178  29.660  -32.271  -14.857 0.8000000119
52197  31.712  -31.881  -14.226 0.8000000119
125142  30.948  -31.431  -14.769 0.6999999881
52205  30.025  -31.582  -15.148 0.6999999881
50195  35.089  -33.717  -15.937 0.6000000238
52247  29.474  -31.226  -16.952 0.6000000238
52230  29.242  -31.290  -16.485 0.6000000238
53193  29.174  -31.242  -16.171 0.6999999881
132063  34.872  -33.472  -16.646 0.5000000000
52246  30.217  -31.160  -17.428 0.6000000238
51196  33.826  -32.733  -17.465 0.5000000000
51197  32.800  -32.602  -17.091 0.6000000238
51215  32.058  -31.946  -17.536 0.6000000238
50222  34.752  -33.179  -17.565 0.5000000000
52203  32.337  -31.264  -14.427 0.6999999881
53174  30.387  -30.932  -15.406 0.6000000238
131045  29.426  -30.746  -16.330 0.6000000238
53175  29.509  -31.050  -15.799 0.6000000238
123340  29.867  -30.108  -17.503 0.6000000238
53192  29.888  -30.460  -16.180 0.6000000238
51214  33.052  -31.964  -17.954 0.6000000238
52244  32.226  -31.072  -18.187 0.6000000238
52245  31.183  -31.087  -17.824 0.6000000238
130568  29.779  -30.598  -17.369 0.6000000238
54247  30.214  -29.753  -16.811 0.6000000238
52243  33.291  -30.998  -18.599 0.6000000238
51213  34.517  -32.590  -18.268 0.5000000000
52242  34.127  -31.839  -18.578 0.5000000000
52254  35.131  -31.290  -19.268 0.4000000060
52255  34.334  -30.737  -19.087 0.5000000000
53173  31.868  -30.749  -15.006 0.6000000238
53191  30.980  -30.298  -15.760 0.6000000238
53214  31.210  -30.010  -18.465 0.6000000238
53215  30.288  -30.195  -17.963 0.6000000238
54246  31.327  -29.477  -16.596 0.6000000238
53213  32.369  -30.090  -18.791 0.6000000238
53227  31.524  -29.230  -18.964 0.6000000238
53226  33.467  -30.013  -19.164 0.6000000238
116136  34.419  -29.925  -19.350 0.5000000000
52253  35.841  -30.935  -19.369 0.4000000060
112329  35.174  -30.396  -19.345 0.4000000060
54274  30.444  -29.516  -18.089 0.6000000238
54262  30.663  -29.150  -17.768 0.5000000000
53190  32.152  -30.106  -15.593 0.5000000000
53228  30.626  -29.568  -18.308 0.6000000238
117946  33.743  -29.201  -19.311 0.5000000000
53225  34.753  -29.533  -19.306 0.4000000060
53189  32.954  -30.014  -15.338 0.4000000060
54281  30.913  -29.178  -18.644 0.6000000238
54273  30.907  -29.051  -18.556 0.5000000000
112324  32.493  -29.128  -19.216 0.4000000060
54280  31.597  -28.625  -18.983 0.6000000238
54272  31.464  -28.582  -18.524 0.4000000060
54279  34.142  -28.576  -19.296 0.4000000060
55275  33.751  -27.637  -19.280 0.4000000060
55262  32.260  -28.010  -18.243 0.4000000060
122587  32.917  -28.183  -19.221 0.4000000060
55269  32.301  -27.922  -18.950 0.4000000060
54278  34.893  -29.114  -19.024 0.4000000060
55237  33.748  -28.937  -15.156 0.4000000060
134207  32.999  -29.029  -16.040 0.4000000060
55276  33.159  -27.243  -19.056 0.4000000060
55268  32.920  -27.211  -18.711 0.4000000060
55250  33.262  -28.520  -15.984 0.4000000060
124429  33.401  -27.638  -16.156 0.4000000060
55251  32.690  -28.540  -16.880 0.4000000060
56254  33.754  -26.777  -19.093 0.3000000119
55261  33.036  -27.573  -17.388 0.4000000060
56232  33.631  -27.123  -15.609 0.4000000060
37784  29.527  -46.982  -12.505 0.8000000119
129039  28.216  -46.432  -12.352 0.8999999762
37759  27.506  -46.798  -11.717 0.8999999762
36770  27.064  -47.270  -12.002 0.8999999762
36764  27.151  -47.496  -11.799 0.8999999762
35852  33.417  -48.043  -8.973 0.8999999762
37745  33.314  -46.640  -9.107 1.0000000000
38758  33.643  -45.992  -8.905 1.0000000000
122661  29.748  -48.976  -10.465 0.8999999762
118575  31.478  -48.868  -10.103 0.8999999762
36753  31.347  -47.287  -9.978 0.8999999762
38770  32.854  -45.918  -9.430 1.0000000000
35857  29.159  -48.213  -10.535 0.8999999762
35855  30.979  -48.059  -10.215 0.8999999762
36754  30.412  -47.189  -10.252 0.8999999762
37750  28.817  -46.795  -10.706 0.8999999762
38773  30.659  -45.878  -10.297 0.8999999762
54261  31.671  -28.695  -17.461 0.4000000060
54245  32.538  -29.346  -16.152 0.4000000060
54244  33.329  -29.454  -15.402 0.4000000060
129010  31.759  -53.629  -3.773 0.8999999762
30232  32.498  -54.149  -6.270 1.0000000000
30265  31.165  -54.856  -8.978 0.8000000119
31014  28.493  -53.493  -2.415 0.8999999762
122284  32.777  -52.826  -4.715 1.0000000000
31127  31.122  -53.675  -9.517 0.8000000119
33002  33.148  -51.310  -8.903 0.8999999762
32033  31.968  -52.547  -9.501 0.8000000119
33014  30.389  -51.533  -10.426 0.8000000119
125091  29.399  -51.258  -10.607 0.8000000119
33912  34.237  -50.195  -6.727 1.0000000000
33948  29.029  -50.472  -10.676 0.8000000119
35866  28.205  -48.220  -10.871 0.8999999762
123509  27.948  -48.995  -11.052 0.8000000119
35841  33.237  -48.959  -9.149 0.8999999762
35856  30.083  -48.129  -10.370 0.8999999762
34838  29.927  -49.245  -2.422 1.0000000000
35791  27.109  -47.851  -4.902 0.6000000238
36701  25.629  -47.540  -5.018 0.4000000060
129804  33.871  -47.885  -8.489 1.0000000000
36785  29.210  -47.750  -12.480 0.6999999881
38823  30.648  -45.311  -12.962 0.8000000119
35749  32.254  -48.257  -2.110 0.8999999762
37758  28.281  -46.425  -11.293 0.8999999762
37781  32.448  -47.178  -12.397 0.6000000238
38825  29.265  -45.730  -12.455 0.8999999762
36669  29.227  -47.587  -3.091 0.6999999881
37749  29.663  -46.628  -10.473 0.8999999762
39775  29.607  -45.137  -12.620 0.8999999762
39770  34.488  -45.002  -14.024 0.6999999881
133177  33.646  -44.698  -13.991 0.6999999881
36638  31.418  -46.718  -1.566 0.8000000119
36650  33.201  -47.099  -2.410 0.8999999762
37748  30.970  -46.522  -10.083 0.8999999762
38783  30.268  -45.423  -10.767 0.8999999762
121657  30.330  -46.412  -10.320 0.8999999762
39759  30.008  -44.544  -12.871 0.8999999762
38688  27.997  -45.531  -3.191 0.5000000000
119489  34.973  -45.469  -5.227 1.0000000000
40733  30.132  -43.764  -13.083 0.8999999762
39635  34.632  -44.557  -3.774 0.6999999881
39651  35.484  -44.249  -5.152 0.8000000119
38721  35.341  -44.892  -5.724 0.8999999762
40769  34.710  -42.798  -15.583 0.6999999881
41712  32.173  -42.261  -15.317 0.8000000119
38677  29.318  -45.398  -2.330 0.6000000238
131452  33.263  -45.099  -1.870 0.8000000119
39615  31.091  -45.020  -1.518 0.6000000238
40639  35.895  -43.473  -5.407 0.6999999881
40638  36.258  -43.132  -6.050 0.6999999881
41661  34.763  -42.492  -10.731 1.0000000000
41680  31.580  -42.550  -12.981 1.0000000000
41714  30.338  -42.010  -14.855 0.8999999762
39624  31.102  -44.273  -1.546 0.6000000238
39627  28.916  -44.599  -2.465 0.5000000000
41660  35.359  -42.256  -10.414 0.8999999762
117544  36.894  -41.742  -7.537 0.8000000119
42661  29.264  -40.862  -14.845 0.8999999762
41551  34.005  -42.155  -2.642 0.6000000238
41553  32.651  -42.376  -2.179 0.5000000000
122289  33.726  -40.202  -13.359 0.8999999762
44404  35.937  -39.637  -11.334 0.8000000119
44410  34.869  -39.399  -12.624 0.8000000119
45384  27.845  -39.504  -14.980 0.8999999762
131294  33.257  -41.739  -2.532 0.5000000000
42537  35.230  -41.156  -3.877 0.6999999881
44391  37.372  -39.836  -8.640 0.6999999881
45340  31.641  -38.878  -13.570 0.8999999762
45381  30.920  -38.637  -15.562 0.8000000119
45273  37.247  -38.448  -6.931 0.6999999881
45291  37.469  -38.583  -7.858 0.6999999881
46322  35.690  -37.599  -11.788 0.8000000119
113016  27.509  -37.147  -14.101 0.8999999762
113826  30.622  -36.091  -13.360 0.8999999762
111263  31.831  -36.156  -15.345 0.6999999881
49175  29.087  -35.149  -13.680 0.8999999762
49201  29.672  -34.262  -15.562 0.6999999881
50197  31.282  -33.926  -15.622 0.6000000238
51201  28.929  -32.642  -15.767 0.8000000119
51217  30.065  -31.945  -16.814 0.6000000238
52206  29.242  -31.791  -15.613 0.6999999881
50211  33.358  -33.142  -16.405 0.6000000238
54263  30.091  -29.740  -17.482 0.6000000238
55249  33.755  -28.101  -15.288 0.4000000060
56247  33.495  -26.477  -18.803 0.4000000060
36763  27.744  -47.488  -11.292 0.8999999762
128632  28.254  -62.198  -4.624 0.4000000060
23209  27.202  -61.465  -3.615 0.4000000060
116482  25.888  -62.078  -3.436 0.4000000060
23223  29.134  -61.044  -4.931 0.4000000060
132028  27.769  -60.943  -3.696 0.4000000060
23210  26.205  -61.316  -3.355 0.4000000060
24267  29.560  -60.561  -5.307 0.3000000119
23224  28.511  -60.773  -4.210 0.4000000060
123949  30.273  -59.829  -6.370 0.4000000060
25336  30.425  -59.375  -7.047 0.4000000060
25350  30.384  -59.423  -7.809 0.4000000060
26422  29.898  -58.133  -8.913 0.4000000060
24228  27.041  -60.580  -3.316 0.5000000000
129801  26.118  -60.485  -3.167 0.4000000060
133044  29.107  -59.655  -4.257 0.4000000060
24227  27.994  -60.266  -3.537 0.4000000060
25317  30.233  -59.211  -5.807 0.5000000000
26396  30.403  -58.943  -6.461 0.4000000060
26410  30.453  -58.599  -7.378 0.4000000060
121979  30.366  -57.984  -8.166 0.5000000000
27515  30.125  -57.413  -8.813 0.5000000000
28447  29.758  -56.771  -9.321 0.6000000238
28458  29.011  -56.872  -9.820 0.5000000000
124981  28.420  -56.208  -10.300 0.6000000238
125518  27.570  -55.969  -10.832 0.4000000060
25273  27.448  -59.695  -3.148 0.5000000000
25274  26.535  -59.810  -3.000 0.5000000000
25276  24.831  -59.619  -3.604 0.5000000000
25301  24.423  -59.795  -4.207 0.5000000000
25271  28.967  -59.273  -3.873 0.6000000238
25272  28.281  -59.484  -3.434 0.6000000238
25300  29.498  -59.266  -4.535 0.5000000000
26371  29.827  -58.560  -4.604 0.6000000238
26386  30.382  -58.546  -5.757 0.5000000000
27488  30.538  -58.167  -6.512 0.5000000000
27501  30.647  -57.649  -7.326 0.4000000060
27514  30.537  -57.332  -8.155 0.6000000238
28446  30.476  -56.669  -8.664 0.6000000238
29388  30.091  -56.026  -9.316 0.6000000238
29399  29.666  -55.332  -9.699 0.6000000238
29400  28.903  -55.408  -10.170 0.6000000238
30278  28.540  -54.677  -10.531 0.6000000238
123262  29.291  -56.095  -9.729 0.6000000238
29401  28.072  -55.386  -10.628 0.6000000238
31130  27.323  -53.869  -11.413 0.6000000238
25262  26.980  -59.072  -2.799 0.5000000000
25263  26.147  -59.074  -2.883 0.5000000000
130796  25.433  -58.952  -3.228 0.5000000000
129550  24.569  -59.188  -4.029 0.5000000000
26351  29.357  -58.477  -3.905 0.6000000238
26352  28.601  -58.723  -3.353 0.6000000238
26370  30.258  -58.220  -5.057 0.6000000238
27466  29.931  -57.907  -4.367 0.6000000238
27478  30.613  -57.755  -5.714 0.5000000000
27465  30.447  -57.500  -4.867 0.6000000238
28421  31.071  -57.010  -6.871 0.6000000238
28435  30.876  -56.887  -7.750 0.6000000238
30276  30.018  -54.571  -9.753 0.6000000238
131451  28.212  -53.935  -10.892 0.6000000238
31142  26.858  -53.074  -11.672 0.6999999881
26343  25.966  -58.242  -2.823 0.6000000238
132573  25.383  -58.261  -3.264 0.5000000000
119302  24.746  -58.023  -4.222 0.5000000000
27452  29.530  -57.548  -3.639 0.6000000238
26340  28.159  -58.181  -2.837 0.6000000238
26341  27.338  -58.324  -2.700 0.6000000238
27468  24.832  -57.223  -4.396 0.5000000000
120046  24.473  -57.530  -6.015 0.5000000000
28396  29.706  -56.677  -3.391 0.6000000238
33023  27.961  -51.842  -11.235 0.6999999881
27438  27.657  -57.478  -2.585 0.6000000238
27440  26.111  -57.487  -2.732 0.6000000238
27454  25.597  -57.634  -3.081 0.6000000238
130802  28.449  -57.518  -2.778 0.6000000238
28382  26.561  -56.885  -2.570 0.6000000238
27467  25.303  -57.042  -3.525 0.6000000238
27479  24.603  -57.021  -5.405 0.6000000238
28380  28.346  -56.788  -2.609 0.6000000238
123974  24.297  -56.888  -6.208 0.5000000000
28402  30.164  -57.116  -4.113 0.6000000238
28423  23.964  -56.103  -6.468 0.6000000238
33024  27.008  -51.383  -11.588 0.6999999881
28381  27.417  -56.549  -2.445 0.6000000238
28398  25.628  -56.302  -3.335 0.6000000238
29320  28.203  -55.874  -2.444 0.6000000238
29321  27.385  -55.591  -2.407 0.6000000238
134774  26.398  -55.807  -2.715 0.6000000238
28404  24.829  -56.504  -4.877 0.6000000238
28422  24.549  -56.146  -5.620 0.6000000238
29356  24.779  -55.389  -5.506 0.6000000238
28395  30.427  -56.168  -3.847 0.6000000238
29354  31.539  -55.734  -5.260 0.6000000238
33955  27.322  -50.453  -11.414 0.6999999881
34966  26.346  -49.806  -11.986 0.6999999881
28379  29.114  -56.140  -2.734 0.6000000238
127065  26.688  -55.384  -2.644 0.6999999881
29341  25.528  -55.696  -3.936 0.6999999881
113303  29.842  -55.928  -3.143 0.6000000238
35879  26.814  -48.120  -11.975 0.6999999881
120195  28.031  -54.987  -2.349 0.6999999881
29339  29.554  -55.304  -2.757 0.6999999881
120366  28.817  -55.215  -2.476 0.6999999881
30197  26.532  -54.657  -3.139 0.6999999881
30198  25.911  -54.984  -3.895 0.6999999881
29347  25.086  -55.764  -4.830 0.6000000238
29355  25.216  -54.991  -5.149 0.6999999881
30220  25.367  -54.243  -5.449 0.6000000238
30221  24.772  -54.711  -5.843 0.5000000000
36786  28.372  -47.100  -12.502 0.8000000119
30182  28.654  -54.395  -2.398 0.6999999881
30183  27.259  -54.776  -2.530 0.6999999881
31028  26.734  -53.857  -3.500 0.6999999881
30209  26.258  -54.215  -4.116 0.6999999881
30236  23.565  -54.563  -7.566 0.5000000000
31043  26.590  -53.306  -4.386 0.6999999881
31058  25.557  -53.338  -5.833 0.6000000238
30234  24.903  -53.897  -6.231 0.6000000238
47280  32.771  -36.383  -13.034 0.6999999881
46312  36.847  -37.570  -10.520 0.6999999881
46313  36.345  -37.574  -11.209 0.6999999881
47270  35.188  -36.796  -12.161 0.6999999881
45316  37.435  -37.923  -9.312 0.6000000238
47258  37.186  -36.878  -10.236 0.6000000238
122121  34.427  -36.281  -12.424 0.6999999881
48186  33.367  -35.465  -12.570 0.6999999881
118155  32.166  -35.812  -13.045 0.6999999881
49172  31.499  -34.703  -13.094 0.6999999881
46303  37.480  -37.041  -9.312 0.6000000238
47269  35.972  -36.873  -11.537 0.6999999881
48184  34.955  -35.749  -12.085 0.6999999881
46293  37.525  -36.824  -8.309 0.6000000238
49164  32.869  -34.965  -12.613 0.6999999881
111339  32.200  -35.145  -12.825 0.6999999881
50171  30.953  -34.060  -13.397 0.6999999881
47248  37.405  -36.160  -9.822 0.6000000238
48182  36.348  -35.308  -11.120 0.6000000238
48183  35.679  -35.490  -11.562 0.6999999881
48185  34.071  -35.577  -12.414 0.6999999881
112675  33.102  -34.225  -12.569 0.6999999881
50170  32.553  -33.681  -12.861 0.6999999881
50179  32.023  -33.205  -13.333 0.6999999881
47238  37.610  -36.182  -8.973 0.6000000238
48166  37.531  -35.430  -9.416 0.6000000238
48175  36.819  -35.156  -10.623 0.5000000000
49161  35.733  -34.550  -11.454 0.6000000238
117229  34.880  -34.268  -11.886 0.5000000000
49171  34.036  -34.052  -12.300 0.6999999881
114947  33.638  -32.676  -12.696 0.6999999881
51168  32.300  -32.456  -13.609 0.6999999881
55260  35.348  -28.726  -17.218 0.3000000119
55266  34.981  -28.570  -18.417 0.3000000119
55274  34.430  -28.255  -19.098 0.3000000119
22156  27.479  -62.208  -4.029 0.4000000060
22142  25.232  -62.560  -3.450 0.3000000119
22143  24.316  -62.659  -3.575 0.4000000060
23239  29.012  -61.951  -5.303 0.3000000119
23211  25.284  -61.660  -3.406 0.4000000060
23248  30.225  -60.764  -6.772 0.4000000060
23212  24.602  -61.201  -3.620 0.4000000060
24284  30.374  -60.103  -7.289 0.4000000060
24293  30.314  -60.203  -8.131 0.4000000060
123883  29.737  -58.877  -9.074 0.4000000060
27525  29.466  -57.525  -9.399 0.5000000000
27527  27.955  -57.407  -10.536 0.4000000060
24231  24.480  -60.447  -3.825 0.4000000060
29410  27.204  -55.358  -11.267 0.5000000000
129439  24.306  -59.834  -5.023 0.5000000000
123160  26.364  -53.774  -11.896 0.6000000238
26388  24.527  -58.739  -5.650 0.5000000000
112346  24.587  -57.884  -5.239 0.5000000000
112428  24.410  -58.234  -6.298 0.5000000000
32052  26.405  -52.225  -11.878 0.6000000238
27489  24.102  -57.654  -6.673 0.5000000000
27504  22.451  -57.542  -7.804 0.4000000060
33956  26.455  -50.468  -11.878 0.6999999881
28436  23.320  -56.066  -7.256 0.5000000000
34995  26.620  -49.118  -12.171 0.6999999881
29367  23.723  -55.301  -6.921 0.5000000000
35907  26.999  -48.575  -12.344 0.8000000119
128490  28.449  -48.178  -12.511 0.6999999881
30252  22.961  -54.157  -8.593 0.5000000000
30251  23.767  -53.511  -8.020 0.6000000238
43483  35.715  -40.749  -4.528 0.6000000238
47223  37.415  -36.592  -7.586 0.6000000238
49146  37.640  -34.719  -8.995 0.5000000000
50149  37.356  -33.939  -10.015 0.5000000000
123600  36.150  -33.715  -11.198 0.5000000000
125465  35.323  -33.622  -11.649 0.5000000000
51158  34.277  -32.546  -12.427 0.5000000000
51159  33.249  -32.091  -13.346 0.5000000000
55248  35.447  -28.085  -16.393 0.3000000119
56245  34.843  -27.711  -17.875 0.3000000119
55267  34.321  -27.520  -18.962 0.3000000119
29346  31.092  -55.955  -4.618 0.6000000238
113331  30.701  -56.737  -4.706 0.6000000238
28412  31.044  -57.083  -6.032 0.6000000238
31027  27.260  -53.164  -3.359 0.8000000119
31140  28.626  -53.266  -10.768 0.6999999881
125223  28.031  -51.150  -11.151 0.6999999881
121707  27.210  -49.099  -11.451 0.6999999881
47259  36.597  -36.855  -10.915 0.6999999881
49173  30.538  -34.719  -13.366 0.6999999881
52196  32.590  -31.794  -13.918 0.6000000238
35897  26.847  -48.092  -12.069 0.8000000119
35896  28.630  -49.139  -12.573 0.6999999881
120577  35.608  -36.219  -11.704 0.6999999881
23208  27.986  -61.521  -4.127 0.4000000060
24253  29.231  -60.154  -4.636 0.4000000060
23238  29.577  -61.242  -5.645 0.3000000119
25318  29.855  -59.789  -5.386 0.5000000000
24230  24.912  -60.380  -3.494 0.5000000000
26428  29.273  -58.268  -9.495 0.3000000119
28472  27.525  -56.719  -10.801 0.4000000060
24255  24.183  -60.418  -4.613 0.5000000000
30235  24.259  -54.432  -6.824 0.6000000238
49163  33.643  -34.854  -12.428 0.6999999881
112171  31.785  -33.930  -13.145 0.6999999881
47268  36.233  -36.133  -11.292 0.6999999881
47257  36.871  -35.992  -10.610 0.6000000238
113654  35.130  -34.982  -11.793 0.6999999881
48174  37.274  -35.345  -10.147 0.6000000238
49160  36.513  -34.519  -10.909 0.5000000000
49162  34.448  -34.908  -12.176 0.6999999881
50169  33.378  -33.429  -12.585 0.6999999881
50178  32.840  -32.915  -13.023 0.6999999881
128116  37.443  -34.691  -9.760 0.5000000000
50150  36.844  -33.801  -10.603 0.5000000000
133191  34.643  -33.579  -12.032 0.5000000000
50160  34.140  -33.175  -12.338 0.5000000000
50158  35.750  -32.869  -11.457 0.5000000000
52185  34.036  -32.028  -12.797 0.5000000000
34994  27.154  -49.276  -12.475 0.6000000238
35906  27.606  -48.730  -12.530 0.6000000238
35893  31.496  -48.616  -12.391 0.5000000000
34983  28.703  -49.906  -12.556 0.6000000238
35895  29.559  -48.639  -12.490 0.6000000238
124316  33.791  -47.653  -12.614 0.5000000000
36782  32.053  -47.947  -12.364 0.5000000000
36783  31.076  -47.731  -12.351 0.6000000238
32994  24.824  -51.828  -7.502 0.5000000000
36784  30.400  -47.183  -12.419 0.6000000238
36781  34.489  -47.755  -12.669 0.5000000000
113123  33.053  -48.008  -12.506 0.5000000000
119351  35.750  -47.252  -12.599 0.5000000000
32975  24.728  -51.543  -7.206 0.4000000060
32976  24.111  -51.512  -6.421 0.4000000060
132501  23.961  -50.811  -5.767 0.4000000060
37779  34.140  -47.064  -12.709 0.5000000000
37777  36.236  -46.627  -12.500 0.5000000000
37778  35.406  -46.492  -12.940 0.5000000000
111639  23.367  -50.351  -5.558 0.4000000060
115261  36.788  -45.907  -12.229 0.5000000000
34892  23.552  -49.465  -5.539 0.4000000060
38689  27.205  -45.425  -3.502 0.4000000060
37665  26.798  -46.122  -3.902 0.4000000060
37681  25.582  -46.219  -4.505 0.4000000060
37699  24.953  -46.753  -4.867 0.3000000119
41555  30.812  -42.419  -2.521 0.4000000060
112638  30.046  -42.996  -2.373 0.4000000060
124999  28.262  -44.893  -2.815 0.4000000060
39638  27.617  -44.727  -3.147 0.4000000060
42531  30.735  -41.825  -2.990 0.4000000060
39637  28.150  -44.171  -2.776 0.4000000060
40613  27.423  -43.881  -3.230 0.4000000060
38690  26.424  -45.272  -3.861 0.4000000060
38705  25.630  -45.252  -4.363 0.4000000060
40601  29.436  -43.819  -2.209 0.4000000060
41556  29.093  -43.114  -2.627 0.4000000060
40602  28.739  -43.778  -2.548 0.4000000060
42530  31.280  -41.913  -2.705 0.4000000060
41565  30.148  -42.157  -2.962 0.4000000060
129634  29.498  -42.506  -2.883 0.4000000060
114914  28.178  -43.267  -2.977 0.4000000060
119007  27.983  -42.555  -3.509 0.4000000060
41568  27.354  -43.065  -3.577 0.4000000060
39639  26.866  -44.540  -3.534 0.4000000060
41579  27.404  -42.268  -4.161 0.4000000060
40623  26.076  -43.451  -4.354 0.4000000060
117912  26.113  -44.346  -4.077 0.4000000060
42541  31.258  -41.324  -3.248 0.4000000060
42542  30.316  -41.454  -3.601 0.4000000060
41566  29.454  -41.960  -3.452 0.4000000060
42538  34.518  -41.578  -3.146 0.5000000000
42539  33.695  -40.987  -2.894 0.4000000060
42540  32.069  -40.937  -3.215 0.4000000060
42553  29.455  -41.352  -4.156 0.4000000060
41567  28.771  -42.510  -3.188 0.4000000060
42554  27.733  -41.511  -4.615 0.4000000060
41569  26.711  -42.905  -4.157 0.4000000060
43473  35.271  -40.294  -4.040 0.5000000000
43474  34.529  -40.569  -3.487 0.5000000000
43475  33.695  -40.323  -3.398 0.4000000060
124047  32.020  -40.431  -3.665 0.4000000060
43476  31.534  -40.720  -3.648 0.4000000060
112118  30.918  -40.791  -3.958 0.4000000060
115868  28.462  -41.872  -3.931 0.4000000060
44328  34.816  -39.876  -3.841 0.5000000000
113945  32.812  -40.471  -3.349 0.4000000060
43485  31.513  -40.243  -4.272 0.4000000060
43486  30.795  -40.368  -4.732 0.4000000060
44329  34.115  -39.779  -3.690 0.4000000060
44330  33.195  -39.778  -3.740 0.4000000060
43484  32.306  -39.939  -3.977 0.4000000060
44341  31.206  -39.826  -5.077 0.4000000060
45252  34.262  -38.520  -4.421 0.4000000060
45253  33.487  -38.442  -4.624 0.4000000060
45254  32.813  -38.707  -4.724 0.4000000060
44347  32.175  -39.013  -4.894 0.4000000060
45262  32.192  -38.424  -5.389 0.4000000060
129759  36.140  -39.631  -5.092 0.5000000000
45260  35.796  -38.288  -4.890 0.5000000000
45261  33.009  -38.073  -5.079 0.4000000060
45263  31.576  -38.498  -5.933 0.3000000119
44337  34.576  -39.237  -4.069 0.5000000000
44338  33.572  -39.093  -4.194 0.4000000060
44339  32.623  -39.340  -4.363 0.4000000060
44340  31.867  -39.572  -4.667 0.4000000060
44348  31.548  -39.104  -5.435 0.4000000060
46249  34.925  -37.795  -4.674 0.5000000000
46242  33.861  -37.858  -4.784 0.4000000060
46251  33.314  -37.398  -5.343 0.4000000060
46253  31.861  -37.919  -6.029 0.3000000119
46264  36.724  -37.337  -6.178 0.5000000000
127029  35.740  -37.427  -5.117 0.5000000000
46250  34.226  -37.175  -5.143 0.4000000060
47195  32.794  -36.942  -5.776 0.4000000060
46252  32.518  -37.665  -5.614 0.3000000119
46266  31.519  -37.434  -6.486 0.3000000119
46267  30.839  -37.539  -6.923 0.3000000119
46248  36.249  -37.021  -5.610 0.5000000000
47203  37.147  -36.741  -6.841 0.5000000000
47192  35.424  -36.226  -5.393 0.3000000119
47193  34.498  -36.391  -5.423 0.4000000060
47194  33.591  -36.663  -5.580 0.4000000060
47206  32.341  -36.543  -6.190 0.3000000119
46265  32.121  -37.236  -6.095 0.3000000119
47207  31.145  -36.769  -6.712 0.3000000119
46268  30.381  -36.935  -7.111 0.3000000119
47191  36.121  -36.280  -5.606 0.3000000119
47204  36.599  -36.493  -6.148 0.4000000060
48129  36.934  -35.846  -6.666 0.4000000060
49127  37.256  -35.195  -7.240 0.4000000060
112755  37.533  -36.099  -8.096 0.4000000060
48160  37.596  -35.443  -8.581 0.4000000060
48124  33.834  -35.861  -5.805 0.3000000119
47205  33.033  -36.201  -5.986 0.3000000119
126772  31.784  -36.223  -6.433 0.3000000119
133630  31.784  -36.858  -6.409 0.3000000119
115786  29.759  -36.222  -6.672 0.3000000119
46279  29.630  -37.081  -7.284 0.3000000119
48133  31.102  -35.899  -6.552 0.3000000119
47208  30.566  -36.290  -6.684 0.3000000119
47209  28.888  -35.766  -6.524 0.3000000119
48130  36.422  -35.701  -6.056 0.3000000119
112754  37.542  -34.691  -8.062 0.4000000060
131684  37.553  -34.125  -9.403 0.4000000060
120551  36.565  -32.940  -10.874 0.4000000060
50159  34.861  -32.833  -11.975 0.4000000060
130521  28.350  -36.150  -6.617 0.3000000119
49100  35.588  -34.857  -5.844 0.3000000119
48123  34.861  -35.484  -5.645 0.3000000119
48122  35.841  -35.584  -5.653 0.3000000119
49099  36.213  -35.087  -5.982 0.3000000119
113825  36.677  -34.091  -6.658 0.3000000119
113047  37.442  -33.735  -7.878 0.3000000119
113049  37.623  -33.957  -8.710 0.4000000060
51134  37.570  -32.637  -9.040 0.3000000119
50140  37.528  -33.332  -9.422 0.4000000060
51141  37.433  -32.451  -9.718 0.4000000060
51148  36.246  -32.078  -11.214 0.4000000060
51149  35.389  -32.065  -11.761 0.4000000060
51157  34.694  -32.030  -12.320 0.4000000060
114964  36.716  -34.943  -6.548 0.3000000119
116874  37.491  -31.958  -9.078 0.3000000119
52168  37.374  -31.614  -9.786 0.3000000119
52178  35.901  -31.278  -11.592 0.4000000060
52183  35.177  -31.315  -12.231 0.4000000060
53152  34.897  -30.558  -12.760 0.4000000060
52194  34.341  -30.891  -13.225 0.4000000060
53160  33.949  -30.727  -13.857 0.4000000060
120457  33.221  -31.189  -14.052 0.5000000000
53131  37.230  -30.816  -9.725 0.3000000119
52169  37.108  -31.223  -10.293 0.3000000119
52177  36.630  -31.236  -10.908 0.4000000060
53144  36.317  -30.410  -11.306 0.4000000060
53151  35.623  -30.520  -12.052 0.4000000060
54207  35.384  -29.901  -12.471 0.3000000119
53159  34.450  -30.272  -13.524 0.4000000060
53170  34.109  -30.127  -14.180 0.3000000119
53171  33.517  -30.265  -14.628 0.3000000119
53172  32.718  -30.592  -14.801 0.4000000060
53111  37.172  -30.490  -9.001 0.3000000119
116940  37.024  -30.055  -9.564 0.3000000119
53143  36.852  -30.375  -10.393 0.3000000119
54194  35.926  -29.569  -11.770 0.3000000119
55205  35.397  -29.178  -12.464 0.3000000119
54221  34.884  -29.572  -13.118 0.3000000119
54233  34.395  -29.520  -13.939 0.3000000119
55223  34.675  -28.744  -13.581 0.3000000119
53112  36.922  -29.898  -8.900 0.3000000119
54178  36.765  -29.455  -10.005 0.3000000119
55188  36.170  -28.653  -11.174 0.3000000119
55189  35.742  -28.763  -11.913 0.3000000119
129136  35.047  -28.783  -12.973 0.3000000119
55236  34.230  -28.645  -14.468 0.3000000119
54234  33.971  -29.569  -14.686 0.3000000119
113560  34.531  -27.865  -13.843 0.3000000119
56220  34.130  -27.548  -14.686 0.3000000119
123206  35.755  -39.945  -4.590 0.5000000000
131827  26.356  -50.222  -12.141 0.6000000238
33994  27.241  -50.194  -12.503 0.5000000000
116687  30.546  -49.901  -12.498 0.5000000000
34982  29.570  -49.719  -12.516 0.5000000000
36780  35.296  -47.863  -12.618 0.5000000000
111693  33.349  -48.926  -12.703 0.5000000000
34980  31.729  -49.296  -12.469 0.5000000000
31073  25.096  -53.169  -6.617 0.6000000238
31095  24.905  -52.559  -7.310 0.6000000238
32022  24.557  -52.034  -7.838 0.5000000000
33004  23.984  -51.955  -8.499 0.5000000000
32996  24.152  -51.841  -7.825 0.5000000000
32004  23.616  -52.111  -6.908 0.5000000000
31985  23.295  -51.842  -5.971 0.4000000060
32954  23.289  -51.162  -5.619 0.4000000060
34893  22.665  -49.732  -5.569 0.4000000060
37700  24.074  -46.919  -5.282 0.3000000119
37682  24.915  -45.767  -4.770 0.4000000060
40624  25.468  -43.661  -4.793 0.4000000060
41580  26.215  -42.759  -4.627 0.4000000060
42552  30.207  -40.844  -4.393 0.4000000060
42555  27.062  -41.753  -4.752 0.4000000060
42565  26.532  -41.618  -5.398 0.4000000060
43487  29.485  -40.774  -4.836 0.4000000060
43488  28.622  -41.167  -4.671 0.4000000060
115884  30.147  -40.371  -5.117 0.4000000060
42563  27.908  -40.895  -5.192 0.4000000060
45264  31.049  -38.831  -6.242 0.4000000060
112947  30.635  -40.003  -5.350 0.4000000060
44349  30.840  -39.492  -5.787 0.4000000060
45276  30.607  -38.334  -6.817 0.3000000119
45292  30.147  -37.694  -7.237 0.3000000119
45293  29.390  -37.845  -7.386 0.3000000119
128397  36.504  -47.331  -12.386 0.5000000000
41581  25.665  -42.946  -5.003 0.4000000060
41592  26.070  -42.300  -5.255 0.4000000060
116050  28.764  -40.580  -5.328 0.4000000060
35804  23.659  -48.604  -5.512 0.4000000060
41554  31.666  -42.428  -2.249 0.4000000060
45259  36.392  -38.889  -5.461 0.5000000000
48148  37.327  -35.996  -7.332 0.5000000000
42529  32.122  -41.646  -2.627 0.4000000060
113197  36.348  -37.856  -5.513 0.5000000000
113678  37.210  -33.091  -10.229 0.4000000060
52195  33.885  -31.410  -13.326 0.4000000060
52184  34.493  -31.377  -12.754 0.4000000060
128289  30.256  -49.228  -12.477 0.6000000238
35892  32.418  -48.874  -12.513 0.5000000000
35891  33.959  -48.351  -12.685 0.5000000000
40614  26.712  -43.673  -3.759 0.4000000060
133420  25.751  -43.936  -4.396 0.4000000060
126439  32.782  -41.100  -2.827 0.4000000060
42556  26.647  -42.257  -4.673 0.4000000060
44335  35.773  -39.168  -4.765 0.5000000000
45251  35.144  -38.732  -4.424 0.5000000000
44336  35.269  -39.538  -4.245 0.5000000000
118038  35.120  -36.932  -5.076 0.4000000060
112811  35.776  -36.771  -5.326 0.4000000060
128758  37.484  -35.476  -7.837 0.4000000060
51142  37.046  -32.085  -10.489 0.4000000060
49108  36.209  -34.413  -6.192 0.3000000119
52156  37.353  -31.208  -9.098 0.3000000119
54160  36.742  -29.399  -9.264 0.3000000119
54193  36.478  -29.495  -10.815 0.3000000119
42564  27.171  -41.227  -5.204 0.4000000060
116635  22.867  -56.882  -7.626 0.4000000060
28437  22.506  -55.961  -8.053 0.4000000060
125932  21.726  -55.808  -9.003 0.4000000060
29389  21.708  -55.127  -9.389 0.3000000119
29378  22.344  -55.023  -8.792 0.4000000060
30279  22.026  -54.116  -9.387 0.3000000119
120081  26.342  -53.687  -11.993 0.5000000000
31116  22.999  -53.205  -8.927 0.5000000000
31117  22.521  -53.341  -8.987 0.3000000119
31153  26.255  -53.150  -11.900 0.5000000000
125588  26.254  -51.951  -12.067 0.5000000000
31167  26.442  -53.540  -12.136 0.5000000000
31096  24.285  -52.549  -8.014 0.5000000000
130356  23.223  -52.563  -8.758 0.4000000060
33043  26.307  -51.348  -12.055 0.5000000000
31178  27.000  -52.985  -12.513 0.5000000000
120242  27.922  -51.978  -12.607 0.3000000119
121348  26.772  -50.839  -12.343 0.5000000000
33055  27.062  -51.687  -12.461 0.4000000060
33054  27.605  -51.077  -12.562 0.4000000060
32070  28.926  -52.257  -12.559 0.3000000119
33042  28.553  -51.285  -12.592 0.3000000119
32069  29.930  -52.088  -12.421 0.3000000119
33041  29.511  -51.353  -12.506 0.3000000119
121937  31.010  -50.663  -12.529 0.3000000119
33040  30.425  -51.348  -12.456 0.3000000119
33978  30.042  -50.593  -12.487 0.4000000060
33979  29.120  -50.556  -12.550 0.4000000060
32955  22.602  -51.679  -5.613 0.3000000119
131742  33.479  -49.597  -13.012 0.4000000060
129444  31.798  -50.489  -12.657 0.4000000060
116181  31.389  -49.907  -12.534 0.4000000060
119432  21.895  -51.360  -5.478 0.3000000119
35805  22.801  -48.849  -5.648 0.3000000119
38706  24.863  -44.888  -4.841 0.3000000119
39653  25.443  -44.356  -4.561 0.3000000119
39672  24.936  -44.075  -5.222 0.3000000119
40641  24.593  -43.707  -6.146 0.3000000119
40640  25.177  -43.309  -5.656 0.3000000119
43498  26.704  -40.943  -5.779 0.3000000119
42580  26.251  -41.123  -6.427 0.3000000119
41611  25.480  -42.092  -7.678 0.3000000119
43494  30.029  -39.825  -5.892 0.3000000119
43495  29.499  -40.312  -5.453 0.3000000119
43496  28.079  -40.319  -5.813 0.3000000119
43497  27.224  -40.611  -5.754 0.3000000119
43510  26.594  -40.363  -6.635 0.3000000119
44361  30.362  -39.095  -6.489 0.3000000119
43508  28.201  -39.791  -6.346 0.3000000119
43509  27.416  -40.001  -6.366 0.3000000119
44363  28.658  -39.267  -6.738 0.3000000119
44364  27.727  -39.336  -6.891 0.3000000119
45277  29.894  -38.498  -7.067 0.3000000119
44362  29.538  -39.234  -6.620 0.3000000119
45279  28.182  -38.680  -7.361 0.3000000119
30290  26.737  -54.578  -11.620 0.5000000000
33897  22.439  -50.705  -5.498 0.3000000119
42581  25.798  -41.448  -7.386 0.3000000119
44350  28.990  -39.938  -6.044 0.3000000119
31097  22.537  -53.060  -8.503 0.3000000119
32005  23.097  -52.526  -7.703 0.3000000119
31986  22.752  -52.461  -6.159 0.3000000119
23240  23.898  -61.037  -5.210 0.4000000060
23250  24.285  -61.040  -6.602 0.4000000060
24275  24.484  -60.479  -7.113 0.4000000060
24296  23.930  -60.672  -8.406 0.4000000060
116720  23.349  -60.569  -8.215 0.3000000119
122700  24.480  -59.862  -6.684 0.4000000060
24295  24.298  -60.236  -7.924 0.4000000060
25337  24.124  -59.504  -7.577 0.4000000060
27526  28.671  -57.670  -9.981 0.3000000119
26397  24.407  -59.182  -6.760 0.4000000060
25339  22.754  -59.356  -7.636 0.3000000119
123470  22.733  -58.475  -7.632 0.3000000119
26411  23.649  -58.803  -7.518 0.4000000060
27505  20.984  -57.606  -8.470 0.3000000119
26413  21.836  -58.373  -7.751 0.3000000119
27516  21.027  -56.978  -9.024 0.3000000119
27503  23.413  -57.845  -7.367 0.4000000060
26412  21.677  -57.618  -8.189 0.3000000119
28448  21.822  -56.795  -8.474 0.3000000119
22200  24.311  -61.418  -8.241 0.4000000060
24285  24.463  -60.643  -7.896 0.4000000060
28449  20.600  -56.219  -9.523 0.3000000119
23225  24.019  -61.138  -4.132 0.3000000119
124125  20.067  -56.832  -8.827 0.3000000119
22140  26.638  -62.111  -3.584 0.4000000060
23251  24.182  -61.604  -7.306 0.4000000060
23263  24.513  -61.044  -7.710 0.4000000060
23275  24.448  -61.011  -8.257 0.4000000060
23277  23.581  -61.216  -8.629 0.4000000060
24229  25.405  -60.809  -3.342 0.4000000060
24254  28.703  -59.941  -3.971 0.4000000060
24268  24.304  -60.288  -5.873 0.4000000060
24274  29.962  -60.584  -5.957 0.4000000060
25275  25.548  -59.865  -3.200 0.5000000000
25319  24.470  -59.491  -5.847 0.4000000060
25351  30.088  -59.508  -8.607 0.4000000060
25352  23.999  -60.127  -8.067 0.3000000119
26342  26.618  -58.489  -2.718 0.5000000000
26353  27.816  -58.925  -2.990 0.5000000000
26354  24.874  -58.644  -3.696 0.5000000000
26372  24.602  -58.605  -4.547 0.5000000000
26387  30.046  -58.938  -5.172 0.5000000000
27439  26.743  -57.731  -2.604 0.6000000238
27453  29.052  -57.121  -2.970 0.6000000238
27455  25.091  -57.808  -3.652 0.6000000238
27490  23.663  -56.901  -6.922 0.6000000238
27502  24.100  -58.535  -7.103 0.4000000060
27517  20.412  -56.860  -9.077 0.3000000119
28383  25.830  -56.930  -2.898 0.6000000238
28397  26.154  -56.246  -2.777 0.6000000238
28403  25.171  -56.411  -4.135 0.6000000238
28445  31.084  -56.186  -8.169 0.6999999881
28459  28.374  -56.982  -10.300 0.6000000238
29322  26.739  -56.062  -2.495 0.6000000238
29340  26.071  -55.568  -3.131 0.6999999881
29366  24.358  -55.367  -6.181 0.5000000000
29377  23.051  -55.190  -7.756 0.4000000060
29390  21.055  -55.524  -9.735 0.3000000119
29402  21.267  -54.787  -9.688 0.3000000119
30195  29.962  -54.599  -2.726 0.8000000119
30210  25.696  -54.577  -4.686 0.6999999881
30250  32.036  -54.938  -7.377 0.8999999762
30264  31.726  -54.791  -8.296 0.8000000119
30277  29.299  -54.666  -10.168 0.6000000238
30280  21.208  -54.485  -9.619 0.3000000119
30289  27.715  -54.652  -11.038 0.6000000238
30303  26.238  -54.462  -12.015 0.5000000000
31015  27.726  -53.520  -2.654 0.8999999762
31041  32.518  -53.399  -4.734 1.0000000000
31044  25.978  -53.829  -4.980 0.6999999881
31074  24.581  -53.388  -7.197 0.6000000238
31115  23.647  -52.442  -8.597 0.4000000060
31131  21.687  -53.965  -9.386 0.3000000119
31141  27.877  -53.170  -11.256 0.6000000238
31960  28.620  -52.692  -2.466 0.8999999762
31966  32.141  -52.325  -3.373 0.8999999762
31982  33.401  -52.007  -5.648 1.0000000000
32002  25.814  -51.784  -6.626 0.6999999881
32003  25.490  -52.507  -6.665 0.6000000238
32023  23.751  -52.071  -8.380 0.5000000000
32024  23.267  -52.556  -8.730 0.3000000119
32034  24.059  -51.964  -8.476 0.5000000000
32035  23.712  -52.146  -8.580 0.5000000000
32050  28.350  -52.516  -11.056 0.6999999881
32051  27.414  -52.364  -11.454 0.6999999881
32060  26.282  -52.184  -12.029 0.5000000000
32071  26.386  -52.628  -12.069 0.5000000000
32081  27.290  -52.554  -12.536 0.3000000119
32082  26.651  -52.073  -12.313 0.5000000000
32918  30.481  -51.622  -2.352 0.8999999762
32952  27.402  -50.944  -5.086 0.6000000238
32995  24.272  -51.958  -8.037 0.5000000000
33031  26.201  -51.328  -12.085 0.6999999881
33056  26.408  -51.440  -12.134 0.5000000000
33842  28.810  -50.600  -2.983 0.8999999762
33878  28.151  -50.096  -4.451 0.8000000119
33893  34.178  -50.411  -6.080 1.0000000000
33915  25.142  -50.755  -6.518 0.5000000000
33965  26.311  -50.493  -12.136 0.6000000238
33980  26.181  -50.671  -12.154 0.5000000000
33993  28.182  -50.446  -12.592 0.4000000060
33995  26.517  -49.993  -12.234 0.6000000238
34861  32.364  -50.154  -2.737 0.8999999762
34876  28.246  -49.286  -4.538 0.6999999881
34877  27.791  -49.655  -5.096 0.6999999881
34903  26.041  -49.855  -6.202 0.6000000238
34941  31.947  -49.634  -9.966 0.8999999762
34954  26.785  -49.696  -11.673 0.6999999881
34979  32.897  -49.472  -12.814 0.5000000000
34981  31.000  -49.261  -12.440 0.5000000000
34984  26.373  -49.783  -12.068 0.6000000238
34993  27.859  -49.617  -12.585 0.5000000000
35840  33.812  -48.572  -8.511 0.8999999762
35854  31.830  -48.093  -9.850 0.8999999762
35867  27.302  -48.288  -11.499 0.8999999762
35868  26.660  -48.959  -11.838 0.6999999881
35880  26.530  -48.977  -12.037 0.6999999881
35890  34.820  -48.506  -12.689 0.5000000000
35894  30.581  -48.559  -12.412 0.6000000238
36654  29.839  -47.013  -2.180 0.6999999881
36700  26.383  -48.058  -5.220 0.6000000238
36751  33.039  -47.357  -9.302 0.8999999762
36755  29.459  -47.410  -10.456 0.8999999762
36756  28.556  -47.493  -10.727 0.8999999762
36779  36.169  -47.944  -12.479 0.5000000000
36787  27.146  -47.160  -12.062 0.8999999762
36795  27.419  -47.726  -12.341 0.8000000119
37635  32.474  -46.337  -1.666 0.8000000119
37733  33.930  -46.649  -8.538 1.0000000000
37746  32.569  -46.657  -9.500 1.0000000000
37766  27.893  -46.202  -11.836 0.8999999762
37780  33.300  -47.082  -12.540 0.6000000238
37782  31.052  -46.760  -12.416 0.6000000238
37785  27.868  -46.117  -12.009 0.8999999762
37786  27.411  -46.524  -12.030 0.8999999762
37793  35.131  -45.649  -13.575 0.6000000238
37797  27.605  -46.749  -12.235 0.8999999762
38665  32.187  -45.703  -1.550 0.8000000119
38676  29.964  -45.454  -1.793 0.6999999881
38772  31.406  -45.932  -9.955 0.8999999762
38784  29.431  -45.669  -11.084 0.8999999762
38785  28.620  -45.941  -11.450 0.8999999762
38812  28.803  -45.576  -12.017 0.8999999762
38813  28.349  -45.871  -12.056 0.8999999762
38819  36.114  -44.991  -13.136 0.6000000238
38826  28.568  -45.994  -12.319 0.8999999762
39626  29.707  -44.654  -1.930 0.5000000000
39712  34.631  -44.869  -8.555 1.0000000000
39739  30.609  -44.788  -11.026 0.8999999762
39773  30.932  -44.732  -13.448 0.8000000119
39786  34.038  -44.353  -14.485 0.6999999881
40673  35.725  -43.984  -7.042 0.8999999762
40730  38.746  -43.827  -12.664 0.6000000238
40732  37.188  -43.952  -12.691 0.6000000238
40743  38.370  -43.279  -13.155 0.6000000238
40756  35.612  -43.559  -15.180 0.6000000238
40757  34.486  -43.440  -15.289 0.6999999881
40770  33.826  -42.904  -15.397 0.6999999881
41700  36.813  -42.177  -14.675 0.6000000238
42562  36.133  -41.959  -5.086 0.6999999881
42609  36.774  -41.818  -8.288 0.8000000119
42626  36.201  -41.207  -10.128 0.8000000119
42658  38.684  -41.401  -14.443 0.6000000238
42667  34.605  -41.320  -15.699 0.6999999881
42672  29.510  -41.155  -14.988 0.8999999762
43544  36.803  -41.314  -8.844 0.8000000119
43575  29.431  -40.520  -14.118 1.0000000000
43598  36.187  -40.971  -15.388 0.6000000238
43599  35.300  -40.966  -15.644 0.6999999881
43601  34.012  -40.652  -15.702 0.6999999881
43603  29.793  -40.879  -15.278 0.8999999762
44426  28.081  -39.487  -14.491 1.0000000000
45275  31.256  -38.131  -6.486 0.3000000119
45323  36.086  -38.143  -11.443 0.8000000119
45368  27.657  -39.087  -14.557 0.8999999762
46304  37.295  -37.531  -9.928 0.6000000238
46364  33.667  -36.847  -14.935 0.6000000238
46365  27.281  -38.108  -14.070 0.8999999762
46376  30.978  -37.879  -15.514 0.8000000119
46377  30.111  -37.453  -15.454 0.8000000119
46379  27.682  -37.767  -14.501 0.8999999762
47224  28.961  -36.553  -6.879 0.3000000119
47292  27.926  -36.550  -14.010 0.8999999762
47304  32.612  -35.992  -15.023 0.6000000238
48193  32.804  -35.661  -12.758 0.6999999881
48194  31.672  -35.362  -13.079 0.6999999881
48196  29.071  -35.764  -13.622 0.8999999762
48204  28.541  -35.776  -13.880 0.8999999762
48213  33.366  -35.464  -14.687 0.6000000238
48224  31.257  -35.590  -15.383 0.6999999881
48227  28.242  -35.864  -14.608 0.8000000119
49152  37.100  -34.580  -10.372 0.5000000000
49190  28.416  -34.796  -14.724 0.8999999762
50182  28.667  -34.435  -14.437 0.8999999762
50188  28.646  -33.301  -14.946 0.8000000119
50189  28.367  -34.022  -14.904 0.8000000119
50198  30.032  -33.610  -15.837 0.6999999881
50199  28.795  -32.974  -15.433 0.8000000119
50213  30.793  -33.226  -16.076 0.6000000238
50215  28.776  -33.217  -15.418 0.8000000119
51170  30.294  -32.717  -14.277 0.8000000119
51228  34.941  -32.087  -18.926 0.5000000000
52204  31.646  -31.260  -14.658 0.6000000238
53203  29.636  -30.291  -16.895 0.6000000238
53216  29.454  -30.677  -17.009 0.6000000238
111598  25.900  -49.231  -5.944 0.5000000000
111868  34.886  -37.284  -14.664 0.6999999881
112117  30.806  -57.123  -5.359 0.6000000238
112260  24.476  -59.259  -4.839 0.5000000000
112485  36.032  -38.562  -14.662 0.6000000238
113967  34.946  -47.135  -12.812 0.5000000000
114079  30.075  -47.815  -12.407 0.6000000238
115047  33.171  -43.022  -1.805 0.5000000000
115599  29.595  -33.791  -14.040 0.8000000119
116079  27.887  -54.189  -2.456 0.6999999881
116204  32.041  -40.898  -15.508 0.6999999881
116629  29.933  -35.394  -13.415 0.8999999762
116723  37.464  -39.060  -8.642 0.6999999881
116733  24.281  -60.709  -8.267 0.4000000060
116814  32.246  -49.814  -12.673 0.4000000060
117181  27.088  -57.173  -2.490 0.6000000238
117761  29.940  -61.267  -6.319 0.4000000060
118232  31.717  -47.245  -12.342 0.5000000000
119251  33.220  -42.376  -15.427 0.6999999881
119821  32.313  -34.436  -12.808 0.6999999881
120324  24.399  -60.005  -7.439 0.4000000060
120704  26.407  -52.965  -12.030 0.5000000000
121815  32.094  -46.099  -9.691 1.0000000000
121820  25.485  -55.200  -4.505 0.6000000238
122100  28.923  -53.975  -10.493 0.8000000119
122268  28.124  -46.954  -11.110 0.8999999762
122829  24.609  -62.003  -3.518 0.4000000060
123086  28.884  -57.940  -3.213 0.6000000238
123519  26.304  -46.607  -4.364 0.5000000000
123841  33.267  -52.596  -6.105 1.0000000000
123994  30.240  -58.750  -8.349 0.4000000060
125471  28.704  -51.022  -10.810 0.8000000119
126215  31.189  -30.933  -15.065 0.6000000238
127141  36.070  -43.189  -15.163 0.6000000238
127283  33.666  -46.480  -12.743 0.6000000238
127471  28.467  -51.212  -3.110 0.8999999762
128732  35.050  -43.882  -15.138 0.6999999881
128958  28.247  -40.097  -14.765 1.0000000000
129057  32.712  -46.851  -1.887 0.8999999762
129074  28.595  -61.497  -4.645 0.4000000060
129433  31.568  -55.217  -4.627 0.8000000119
129722  31.310  -33.468  -13.496 0.6999999881
131622  33.948  -40.705  -13.149 1.0000000000
131834  29.346  -30.833  -16.600 0.6000000238
132368  30.772  -57.553  -6.486 0.6000000238
132390  31.482  -56.003  -5.745 0.6999999881
132436  34.505  -33.706  -15.692 0.6000000238
132437  33.902  -41.598  -2.728 0.5000000000
132458  31.539  -50.933  -12.627 0.3000000119
132968  26.130  -45.903  -4.174 0.4000000060
133205  21.152  -56.324  -9.309 0.4000000060
133263  34.330  -49.984  -6.256 1.0000000000
133509  36.014  -40.925  -10.557 0.8000000119
133791  31.310  -39.539  -13.565 0.8999999762
133841  28.284  -46.721  -3.670 0.6000000238
134037  30.754  -51.148  -2.318 0.8999999762
134187  33.996  -47.650  -3.710 1.0000000000
134257  29.799  -50.421  -2.417 0.8999999762
