#!ascii label  , from subject sub-v2s3x28742_ses-1 vox2ras=TkReg
430
27247  41.737  -57.317  8.652 0.0000000000
119575  42.545  -68.736  -2.110 0.0000000000
21976  34.887  -62.492  6.585 0.0000000000
22053  38.763  -61.838  1.781 0.0000000000
15213  45.038  -69.717  0.166 0.0000000000
17976  39.205  -66.767  2.357 0.0000000000
15189  43.198  -69.892  2.393 0.0000000000
19949  42.014  -63.872  -1.427 0.0000000000
127730  36.429  -60.795  0.864 0.0000000000
27249  36.194  -57.138  8.599 0.0000000000
22036  35.651  -62.133  3.851 0.0000000000
18929  42.391  -65.154  -0.023 0.0000000000
17080  45.708  -67.247  -2.266 0.0000000000
12629  46.296  -72.308  -1.623 0.0000000000
23000  49.023  -61.674  9.562 0.0000000000
25053  42.813  -59.497  11.323 0.0000000000
27208  37.389  -57.384  11.557 0.0000000000
28277  36.934  -55.928  3.835 0.0000000000
17023  41.189  -67.379  3.664 0.0000000000
18033  42.376  -66.041  -2.173 0.0000000000
18948  40.130  -65.525  -1.280 0.0000000000
121916  34.524  -59.508  7.917 0.0000000000
122979  35.150  -62.952  5.253 0.0000000000
16117  42.546  -68.651  0.083 0.0000000000
17992  40.366  -66.415  0.642 0.0000000000
17055  44.076  -66.911  -0.685 0.0000000000
17996  44.960  -65.999  -1.727 0.0000000000
16120  46.265  -68.254  -1.315 0.0000000000
12645  46.434  -72.458  -2.853 0.0000000000
25028  42.359  -59.314  11.922 0.0000000000
132972  39.836  -57.702  11.323 0.0000000000
27194  40.469  -58.380  12.587 0.0000000000
24135  35.794  -60.039  3.637 0.0000000000
26265  36.086  -58.661  3.004 0.0000000000
123736  35.542  -60.167  -0.258 0.0000000000
27384  35.973  -57.576  1.085 0.0000000000
114821  36.912  -63.679  6.144 0.0000000000
19882  36.780  -64.644  4.493 0.0000000000
117187  39.743  -66.933  2.961 0.0000000000
16107  41.307  -68.472  1.672 0.0000000000
15199  43.576  -70.011  1.339 0.0000000000
22090  40.684  -62.259  0.122 0.0000000000
23151  38.033  -61.231  1.522 0.0000000000
21005  39.199  -62.741  -0.114 0.0000000000
126986  37.198  -63.451  0.284 0.0000000000
13479  42.481  -71.196  -2.517 0.0000000000
28230  38.601  -56.495  8.595 0.0000000000
25160  34.904  -59.953  4.858 0.0000000000
22055  36.940  -62.099  2.880 0.0000000000
131556  37.373  -64.536  2.707 0.0000000000
19913  39.005  -64.168  1.606 0.0000000000
20976  40.619  -62.531  0.841 0.0000000000
19934  42.857  -63.677  -0.985 0.0000000000
18031  44.237  -65.323  -2.199 0.0000000000
17082  44.254  -67.783  -2.553 0.0000000000
13447  47.309  -70.941  -0.398 0.0000000000
14339  47.403  -69.977  -2.159 0.0000000000
130065  46.509  -70.197  -2.578 0.0000000000
14342  44.058  -70.545  -2.564 0.0000000000
23018  46.776  -61.892  8.565 0.0000000000
25084  44.257  -60.076  9.252 0.0000000000
24014  45.262  -60.432  10.240 0.0000000000
26142  42.217  -58.271  9.771 0.0000000000
28204  39.135  -56.780  10.137 0.0000000000
27221  36.416  -57.336  10.415 0.0000000000
25086  34.658  -59.543  9.491 0.0000000000
25072  35.115  -58.903  11.125 0.0000000000
23020  34.868  -61.584  8.787 0.0000000000
27364  36.113  -57.513  2.085 0.0000000000
26165  42.937  -58.095  8.388 0.0000000000
26187  43.423  -58.225  7.582 0.0000000000
111400  42.233  -57.486  8.103 0.0000000000
115616  42.269  -67.891  -2.085 0.0000000000
17084  41.883  -67.107  -1.962 0.0000000000
24062  34.408  -60.837  7.437 0.0000000000
24081  34.391  -60.659  6.621 0.0000000000
21990  34.821  -62.424  5.695 0.0000000000
15231  43.479  -68.824  -0.194 0.0000000000
16123  43.188  -67.918  -0.408 0.0000000000
16122  44.267  -67.956  -0.573 0.0000000000
16121  45.396  -67.968  -0.880 0.0000000000
15229  45.703  -68.979  -0.549 0.0000000000
10873  43.906  -74.230  -2.723 0.0000000000
26084  41.994  -58.931  12.441 0.0000000000
24134  36.489  -60.589  3.042 0.0000000000
25181  35.750  -59.064  3.655 0.0000000000
24146  36.951  -60.465  2.321 0.0000000000
27400  35.817  -57.932  -0.492 0.0000000000
19881  37.831  -64.790  4.823 0.0000000000
18886  40.160  -65.827  4.390 0.0000000000
16092  42.091  -68.733  3.108 0.0000000000
16093  41.554  -68.353  2.610 0.0000000000
16106  41.952  -68.973  1.911 0.0000000000
15200  42.725  -69.492  1.578 0.0000000000
21013  41.649  -63.260  -0.978 0.0000000000
22104  39.937  -62.133  0.049 0.0000000000
19935  40.688  -63.391  -0.780 0.0000000000
19937  38.831  -64.006  -0.352 0.0000000000
18932  37.945  -64.674  -0.279 0.0000000000
19939  36.734  -64.098  0.032 0.0000000000
28216  37.732  -56.586  9.249 0.0000000000
28231  37.624  -56.580  8.268 0.0000000000
27268  36.141  -57.275  7.704 0.0000000000
23106  35.737  -61.056  3.747 0.0000000000
133027  36.208  -62.474  3.435 0.0000000000
18888  37.592  -65.361  3.673 0.0000000000
18901  37.594  -65.376  2.959 0.0000000000
17988  38.675  -66.198  1.950 0.0000000000
17991  41.280  -66.199  0.318 0.0000000000
18921  40.727  -65.466  0.604 0.0000000000
18911  40.350  -64.694  0.916 0.0000000000
19912  40.084  -63.730  1.215 0.0000000000
19911  40.999  -63.407  0.774 0.0000000000
19924  41.822  -63.334  0.165 0.0000000000
18928  43.067  -64.199  -0.654 0.0000000000
18010  45.212  -66.308  -2.078 0.0000000000
18962  44.550  -65.432  -2.052 0.0000000000
18029  45.314  -66.604  -2.213 0.0000000000
126832  43.945  -67.039  -2.550 0.0000000000
16148  45.350  -67.774  -2.490 0.0000000000
10053  43.493  -76.590  0.161 0.0000000000
11720  45.519  -72.768  -0.972 0.0000000000
11721  44.823  -73.510  -0.305 0.0000000000
12615  46.326  -72.479  -0.298 0.0000000000
13448  47.205  -71.376  -0.582 0.0000000000
131532  47.541  -69.981  -1.348 0.0000000000
13462  47.199  -71.275  -1.578 0.0000000000
12661  46.171  -72.652  -3.540 0.0000000000
14358  46.619  -70.913  -2.765 0.0000000000
13476  46.146  -71.887  -3.397 0.0000000000
128582  45.003  -70.480  -2.669 0.0000000000
13477  44.847  -71.320  -3.089 0.0000000000
21920  48.338  -62.104  9.018 0.0000000000
23001  47.360  -61.682  9.107 0.0000000000
120543  45.623  -61.119  8.949 0.0000000000
23002  46.435  -61.328  9.203 0.0000000000
25068  44.846  -60.117  11.012 0.0000000000
25067  46.574  -60.031  10.614 0.0000000000
25070  43.425  -59.891  10.802 0.0000000000
24016  43.935  -60.242  10.195 0.0000000000
26123  41.600  -58.259  10.446 0.0000000000
27216  40.967  -57.655  10.355 0.0000000000
26124  41.072  -58.258  11.019 0.0000000000
27207  38.411  -57.423  11.783 0.0000000000
120133  38.018  -57.035  10.914 0.0000000000
27220  37.206  -57.154  10.688 0.0000000000
26143  35.175  -58.218  9.753 0.0000000000
27210  35.867  -57.751  10.979 0.0000000000
25030  35.386  -59.224  12.418 0.0000000000
23999  34.885  -59.587  10.844 0.0000000000
24017  34.730  -59.954  10.213 0.0000000000
24191  37.283  -60.848  1.348 0.0000000000
24167  36.606  -59.714  2.066 0.0000000000
25232  36.124  -59.476  1.412 0.0000000000
29248  36.528  -55.828  1.497 0.0000000000
18946  41.856  -65.323  -1.813 0.0000000000
18947  41.160  -64.797  -1.496 0.0000000000
130760  34.748  -58.808  8.156 0.0000000000
114749  35.122  -58.314  7.856 0.0000000000
124263  34.572  -59.426  7.139 0.0000000000
125634  35.315  -62.628  4.537 0.0000000000
17045  40.855  -68.030  1.102 0.0000000000
17986  39.867  -66.903  1.097 0.0000000000
17051  41.357  -67.434  0.284 0.0000000000
17057  42.214  -66.526  -0.114 0.0000000000
17056  43.118  -66.795  -0.406 0.0000000000
17997  43.958  -65.829  -0.790 0.0000000000
128555  44.585  -66.116  -1.178 0.0000000000
111405  45.791  -67.424  -1.528 0.0000000000
16135  46.290  -67.699  -1.907 0.0000000000
12628  46.721  -71.919  -2.039 0.0000000000
11755  45.515  -73.431  -2.989 0.0000000000
11754  46.040  -73.091  -3.477 0.0000000000
128967  42.148  -59.234  11.570 0.0000000000
117054  41.616  -58.781  11.336 0.0000000000
26104  40.892  -58.569  11.836 0.0000000000
27205  39.955  -58.121  11.925 0.0000000000
27206  39.211  -57.742  12.325 0.0000000000
27330  36.085  -57.334  4.062 0.0000000000
127513  36.152  -57.309  3.064 0.0000000000
23171  35.760  -60.632  0.355 0.0000000000
25214  35.806  -58.935  1.081 0.0000000000
26306  35.544  -58.879  0.308 0.0000000000
28342  36.140  -56.991  0.518 0.0000000000
130824  35.911  -63.470  6.299 0.0000000000
20912  35.714  -63.559  5.653 0.0000000000
19865  37.216  -64.317  5.383 0.0000000000
18887  38.646  -65.833  3.741 0.0000000000
17977  39.090  -66.515  3.144 0.0000000000
17035  40.674  -67.612  2.687 0.0000000000
17046  40.322  -67.606  1.580 0.0000000000
16118  41.648  -68.475  0.699 0.0000000000
15215  43.000  -69.357  0.542 0.0000000000
22070  39.857  -61.963  0.982 0.0000000000
23126  37.815  -60.993  2.011 0.0000000000
22091  39.863  -62.011  0.583 0.0000000000
22105  39.245  -61.980  0.396 0.0000000000
22092  38.538  -61.660  0.691 0.0000000000
19936  39.667  -64.282  -0.697 0.0000000000
20993  37.990  -62.586  0.381 0.0000000000
22093  37.460  -61.893  0.637 0.0000000000
22094  36.416  -62.151  0.358 0.0000000000
23180  35.567  -61.217  -0.298 0.0000000000
14344  42.165  -70.396  -2.267 0.0000000000
27248  41.090  -56.961  8.800 0.0000000000
131080  40.699  -56.784  8.134 0.0000000000
28229  39.481  -56.517  8.474 0.0000000000
23105  36.409  -61.519  3.254 0.0000000000
22054  37.994  -61.650  2.239 0.0000000000
19902  36.923  -64.001  2.942 0.0000000000
17993  39.849  -65.953  0.872 0.0000000000
19901  38.080  -64.542  2.129 0.0000000000
121042  37.744  -63.606  2.392 0.0000000000
20978  38.677  -63.227  1.865 0.0000000000
124796  38.393  -62.381  2.145 0.0000000000
22071  39.187  -62.088  1.598 0.0000000000
126140  40.982  -62.345  0.352 0.0000000000
21002  41.858  -63.123  -0.585 0.0000000000
132921  42.573  -63.888  -1.376 0.0000000000
18927  44.035  -64.796  -1.570 0.0000000000
19947  43.669  -64.608  -1.624 0.0000000000
18964  43.485  -64.791  -2.054 0.0000000000
18032  43.411  -65.588  -2.336 0.0000000000
16149  43.219  -67.830  -2.410 0.0000000000
118630  43.461  -68.732  -2.346 0.0000000000
15198  44.524  -70.296  0.937 0.0000000000
10836  44.404  -74.464  0.297 0.0000000000
14297  46.851  -71.314  0.603 0.0000000000
15212  46.124  -69.903  -0.121 0.0000000000
112366  46.704  -69.199  -0.863 0.0000000000
15240  46.993  -68.743  -1.685 0.0000000000
16146  46.854  -68.587  -2.131 0.0000000000
124705  46.953  -71.370  -2.427 0.0000000000
14340  47.050  -70.038  -2.421 0.0000000000
15249  46.647  -69.173  -2.401 0.0000000000
15250  45.601  -68.825  -2.467 0.0000000000
123220  44.715  -69.712  -2.470 0.0000000000
15251  43.711  -69.662  -2.354 0.0000000000
13478  43.503  -71.286  -2.731 0.0000000000
21939  47.011  -62.401  8.076 0.0000000000
21938  47.634  -62.351  8.475 0.0000000000
24044  45.730  -61.460  8.200 0.0000000000
133139  45.314  -60.962  8.365 0.0000000000
25097  43.905  -59.366  8.693 0.0000000000
26164  43.369  -58.855  9.160 0.0000000000
24011  47.879  -60.484  10.260 0.0000000000
24032  47.191  -60.979  9.675 0.0000000000
24035  44.646  -60.462  9.784 0.0000000000
125439  43.740  -59.692  9.468 0.0000000000
115870  42.747  -58.330  9.218 0.0000000000
27229  40.692  -57.098  9.623 0.0000000000
27230  39.907  -56.876  9.832 0.0000000000
28215  38.513  -56.588  9.638 0.0000000000
27218  39.674  -57.301  10.721 0.0000000000
28206  37.822  -56.743  10.133 0.0000000000
27232  36.291  -57.170  9.530 0.0000000000
26166  35.025  -58.335  8.779 0.0000000000
26167  34.639  -59.150  8.755 0.0000000000
117243  34.504  -60.074  8.715 0.0000000000
25073  34.864  -58.989  10.236 0.0000000000
117854  34.609  -60.841  9.018 0.0000000000
23042  34.630  -61.532  7.779 0.0000000000
25194  36.282  -59.088  2.445 0.0000000000
27352  36.082  -57.965  2.833 0.0000000000
26290  36.015  -58.266  1.528 0.0000000000
28304  36.320  -56.419  2.389 0.0000000000
10872  45.162  -74.013  -3.479 0.0000000000
11738  45.836  -72.805  -2.390 0.0000000000
12614  46.840  -71.874  -0.977 0.0000000000
12644  46.740  -72.040  -2.954 0.0000000000
13461  47.471  -70.624  -1.219 0.0000000000
13474  47.393  -70.640  -1.996 0.0000000000
13475  47.042  -70.801  -2.464 0.0000000000
13494  46.747  -71.711  -3.020 0.0000000000
14306  47.154  -70.838  0.029 0.0000000000
14307  46.596  -70.702  0.343 0.0000000000
14324  47.375  -70.346  -0.713 0.0000000000
14335  47.569  -69.980  -1.797 0.0000000000
14341  45.957  -70.830  -2.925 0.0000000000
14343  43.060  -70.495  -2.404 0.0000000000
15190  42.607  -69.339  2.694 0.0000000000
15211  46.975  -70.088  -0.372 0.0000000000
15228  47.297  -69.591  -1.113 0.0000000000
15230  44.555  -68.902  -0.348 0.0000000000
15239  47.419  -69.439  -1.735 0.0000000000
15247  47.458  -69.476  -2.018 0.0000000000
15248  47.249  -69.293  -2.168 0.0000000000
15252  42.777  -69.607  -2.201 0.0000000000
16094  40.855  -68.125  2.074 0.0000000000
16133  47.246  -68.950  -2.033 0.0000000000
16134  46.789  -68.403  -2.028 0.0000000000
16147  46.241  -68.098  -2.314 0.0000000000
17034  41.299  -67.822  2.996 0.0000000000
17036  39.748  -67.244  2.158 0.0000000000
17050  42.228  -67.725  -0.166 0.0000000000
17052  40.539  -67.205  0.695 0.0000000000
17054  45.585  -66.791  -1.837 0.0000000000
17065  46.290  -67.835  -2.131 0.0000000000
17066  45.705  -67.023  -2.101 0.0000000000
17081  44.963  -66.792  -2.458 0.0000000000
17083  43.013  -66.802  -2.397 0.0000000000
17987  39.342  -66.437  1.548 0.0000000000
17998  43.184  -65.488  -0.417 0.0000000000
18011  44.848  -65.767  -2.026 0.0000000000
18030  44.841  -65.976  -2.201 0.0000000000
18873  38.275  -65.294  4.338 0.0000000000
18874  37.122  -65.069  4.071 0.0000000000
18900  38.148  -65.776  2.472 0.0000000000
18912  39.338  -65.225  1.348 0.0000000000
18913  38.558  -65.200  1.783 0.0000000000
18919  42.388  -64.044  -0.123 0.0000000000
18920  41.708  -64.729  0.337 0.0000000000
18926  44.524  -65.322  -1.850 0.0000000000
18930  39.619  -65.134  -0.909 0.0000000000
18945  42.626  -64.407  -1.658 0.0000000000
18963  44.170  -64.926  -1.936 0.0000000000
18965  42.815  -65.118  -2.096 0.0000000000
19891  37.069  -64.875  3.372 0.0000000000
19923  42.465  -63.478  -0.506 0.0000000000
19933  43.436  -64.306  -1.256 0.0000000000
19938  37.766  -63.800  0.096 0.0000000000
19948  43.050  -64.131  -1.375 0.0000000000
19950  41.205  -63.876  -1.229 0.0000000000
19951  40.406  -64.503  -1.096 0.0000000000
20889  35.635  -63.123  6.757 0.0000000000
20911  36.153  -64.000  5.317 0.0000000000
20946  35.835  -63.275  3.966 0.0000000000
20963  37.365  -62.823  2.631 0.0000000000
20977  39.676  -62.822  1.427 0.0000000000
20991  42.003  -63.132  -0.394 0.0000000000
20992  41.474  -62.609  -0.038 0.0000000000
20994  36.778  -63.037  0.311 0.0000000000
21003  41.209  -62.760  -0.424 0.0000000000
21004  40.322  -62.605  -0.286 0.0000000000
21012  42.410  -63.502  -1.087 0.0000000000
21962  34.831  -62.142  7.323 0.0000000000
21989  35.245  -63.100  6.045 0.0000000000
22010  34.886  -62.286  5.020 0.0000000000
22069  40.460  -62.206  0.545 0.0000000000
22095  35.988  -61.425  0.365 0.0000000000
22106  36.085  -62.859  -0.011 0.0000000000
22107  35.682  -62.129  -0.319 0.0000000000
23019  46.150  -61.586  8.586 0.0000000000
23062  34.520  -61.563  6.815 0.0000000000
23125  38.467  -61.465  1.591 0.0000000000
23127  37.202  -61.107  2.567 0.0000000000
23149  39.141  -61.548  0.889 0.0000000000
23150  39.153  -61.594  1.212 0.0000000000
23169  38.034  -61.264  0.960 0.0000000000
23170  36.946  -61.323  0.857 0.0000000000
24013  46.145  -60.416  10.218 0.0000000000
24015  44.497  -60.341  10.484 0.0000000000
24033  46.496  -60.765  9.776 0.0000000000
24034  45.838  -60.754  9.629 0.0000000000
24036  34.646  -60.411  9.559 0.0000000000
24045  44.903  -60.558  8.910 0.0000000000
24046  34.497  -60.848  8.279 0.0000000000
24115  35.222  -60.479  4.357 0.0000000000
24166  37.267  -60.574  1.855 0.0000000000
24192  36.405  -60.177  1.287 0.0000000000
25029  41.675  -59.103  11.991 0.0000000000
25052  42.996  -59.445  11.810 0.0000000000
25054  35.081  -59.669  11.661 0.0000000000
25069  44.005  -60.237  10.961 0.0000000000
25071  42.945  -59.410  10.586 0.0000000000
25085  43.363  -59.545  10.030 0.0000000000
25113  34.404  -60.079  7.240 0.0000000000
25139  35.144  -59.278  5.098 0.0000000000
25180  36.297  -59.643  2.866 0.0000000000
25213  36.189  -58.969  1.857 0.0000000000
25233  35.689  -59.680  0.588 0.0000000000
25246  35.497  -59.393  -0.297 0.0000000000
26085  41.263  -58.652  12.548 0.0000000000
26103  43.663  -59.194  11.970 0.0000000000
26122  42.293  -58.954  10.713 0.0000000000
26125  35.343  -58.235  10.635 0.0000000000
26141  42.852  -58.866  9.909 0.0000000000
26144  34.794  -58.808  9.422 0.0000000000
26189  34.753  -58.871  7.464 0.0000000000
26244  35.889  -58.111  3.648 0.0000000000
26277  36.175  -58.394  2.305 0.0000000000
26305  35.751  -58.283  0.721 0.0000000000
26318  35.571  -58.645  -0.471 0.0000000000
27209  36.546  -57.535  11.278 0.0000000000
27217  40.382  -57.869  11.081 0.0000000000
27219  38.837  -57.132  10.894 0.0000000000
27222  35.734  -57.644  10.118 0.0000000000
27227  42.288  -57.741  8.951 0.0000000000
27228  41.544  -57.545  9.522 0.0000000000
27231  37.044  -56.877  9.836 0.0000000000
27233  35.619  -57.635  9.194 0.0000000000
27250  35.579  -57.708  8.258 0.0000000000
27399  35.838  -57.698  0.265 0.0000000000
28205  38.463  -56.801  10.347 0.0000000000
28213  40.207  -56.645  8.879 0.0000000000
28214  39.322  -56.574  9.272 0.0000000000
28217  36.906  -56.738  8.913 0.0000000000
28227  41.421  -57.092  7.877 0.0000000000
28228  40.030  -56.588  7.902 0.0000000000
28232  36.811  -56.804  7.972 0.0000000000
28294  36.423  -56.532  3.422 0.0000000000
28321  36.170  -56.728  1.373 0.0000000000
29199  37.657  -55.535  4.187 0.0000000000
111447  43.764  -64.889  -0.912 0.0000000000
112407  45.081  -66.908  -1.199 0.0000000000
112568  34.414  -60.273  7.922 0.0000000000
112969  39.332  -57.540  11.510 0.0000000000
115624  42.279  -69.096  0.886 0.0000000000
115909  39.789  -63.313  -0.490 0.0000000000
115910  45.720  -69.873  -2.543 0.0000000000
117784  44.502  -68.739  -2.472 0.0000000000
119598  43.566  -58.664  8.303 0.0000000000
120013  45.240  -60.679  9.523 0.0000000000
120080  34.573  -61.901  6.069 0.0000000000
121044  43.504  -59.717  11.383 0.0000000000
121610  45.847  -59.978  10.739 0.0000000000
122455  40.329  -57.334  10.319 0.0000000000
124213  41.178  -64.324  0.645 0.0000000000
124335  44.176  -66.149  -2.440 0.0000000000
125008  41.260  -62.626  0.406 0.0000000000
126430  43.759  -75.861  0.305 0.0000000000
127677  39.559  -61.692  0.920 0.0000000000
128316  44.370  -65.380  -1.423 0.0000000000
130463  36.523  -63.220  3.253 0.0000000000
131606  35.535  -60.698  -0.286 0.0000000000
132001  36.452  -56.577  -0.013 0.0000000000
132438  38.677  -61.429  1.190 0.0000000000
133610  35.602  -58.268  0.060 0.0000000000
134164  42.332  -63.353  -0.726 0.0000000000
134359  41.925  -64.552  -1.637 0.0000000000
