#!ascii label  , from subject sub-v2s3x28793_ses-1 vox2ras=TkReg
1289
3342  -39.761  -86.408  -2.955 0.5000000000
2955  -39.149  -87.196  -2.326 0.6000000238
5744  -41.609  -81.017  -3.723 0.3000000119
129556  -39.042  -87.929  -1.426 0.5000000000
5232  -42.625  -81.905  -3.971 0.4000000060
5746  -42.586  -81.759  -3.690 0.4000000060
6338  -42.404  -81.126  -4.272 0.4000000060
5752  -42.416  -81.141  -4.624 0.4000000060
4250  -37.555  -85.019  -3.872 0.5000000000
3742  -38.097  -85.529  -3.874 0.5000000000
3341  -39.317  -86.368  -3.244 0.5000000000
4229  -37.381  -84.769  -2.143 0.6000000238
3732  -37.984  -85.456  -3.125 0.5000000000
3332  -39.064  -86.749  -2.869 0.6000000238
6336  -39.625  -80.079  -3.598 0.3000000119
3326  -38.478  -86.657  -1.436 0.5000000000
5230  -41.383  -82.693  -4.559 0.5000000000
4749  -41.865  -83.003  -3.823 0.5000000000
6337  -40.717  -80.377  -4.024 0.3000000119
3724  -38.035  -85.634  -1.793 0.6000000238
3327  -39.007  -87.265  -2.262 0.5000000000
5239  -41.734  -81.892  -5.011 0.5000000000
5751  -42.288  -81.491  -4.775 0.4000000060
6346  -42.429  -80.597  -5.014 0.4000000060
6344  -41.221  -79.873  -4.608 0.3000000119
5757  -41.218  -81.418  -5.727 0.4000000060
5759  -42.326  -80.673  -5.504 0.4000000060
113548  -42.419  -80.357  -5.403 0.4000000060
5761  -41.951  -80.755  -5.981 0.4000000060
5222  -35.447  -82.659  -3.987 0.6999999881
112980  -35.938  -83.292  -4.414 0.6999999881
4259  -36.553  -83.872  -4.712 0.6999999881
3745  -39.856  -85.868  -3.280 0.5000000000
5221  -35.010  -82.026  -3.593 0.6999999881
5209  -35.478  -82.549  -2.952 0.6999999881
4737  -35.891  -83.206  -3.442 0.8000000119
4238  -37.097  -84.456  -3.203 0.5000000000
114366  -36.770  -84.159  -2.316 0.6999999881
109783  -39.995  -85.075  -3.549 0.5000000000
4727  -35.889  -83.137  -2.412 0.6999999881
4251  -40.369  -84.302  -3.831 0.4000000060
4748  -40.916  -83.515  -4.169 0.5000000000
4716  -36.323  -83.668  -1.881 0.6000000238
4754  -40.451  -83.103  -4.776 0.5000000000
5238  -40.838  -82.336  -5.226 0.5000000000
6975  -39.623  -79.120  -3.674 0.3000000119
4228  -36.698  -84.322  -1.511 0.5000000000
112886  -40.141  -81.927  -5.602 0.5000000000
5756  -40.337  -80.970  -6.119 0.4000000060
6351  -42.657  -80.057  -5.976 0.4000000060
6989  -42.614  -79.985  -5.741 0.4000000060
6988  -41.825  -79.341  -5.397 0.4000000060
6353  -41.133  -80.070  -6.549 0.3000000119
5760  -41.333  -80.667  -6.225 0.4000000060
6973  -33.049  -79.544  -4.038 0.5000000000
6333  -33.779  -80.192  -3.725 0.6000000238
6339  -34.118  -80.342  -4.081 0.6000000238
6340  -34.780  -81.342  -4.237 0.6000000238
5228  -35.141  -82.048  -4.411 0.6000000238
6977  -30.886  -79.233  -4.158 0.5000000000
6971  -31.072  -79.452  -3.879 0.5000000000
6961  -31.835  -79.373  -2.953 0.6000000238
5731  -34.669  -81.408  -3.273 0.6999999881
4260  -37.678  -84.957  -4.518 0.6000000238
6953  -36.866  -79.190  -1.648 0.3000000119
6950  -30.282  -79.838  -1.556 0.6999999881
117889  -30.879  -79.622  -2.968 0.6000000238
6951  -32.119  -79.488  -1.755 0.6000000238
6962  -32.918  -79.445  -3.312 0.6000000238
6324  -33.646  -79.984  -2.649 0.6999999881
5208  -34.999  -81.847  -2.441 0.6999999881
4263  -37.573  -84.472  -5.096 0.6000000238
4264  -38.343  -84.391  -5.139 0.6000000238
4262  -39.462  -84.847  -4.221 0.5000000000
7593  -30.315  -79.203  -2.289 0.6999999881
6323  -30.653  -79.848  -1.983 0.6000000238
6313  -30.958  -80.137  -1.580 0.6000000238
6939  -32.940  -79.521  -1.080 0.6000000238
6305  -34.128  -80.626  -1.111 0.6999999881
5195  -34.959  -82.042  -1.336 0.6999999881
4747  -39.971  -83.917  -4.439 0.5000000000
6335  -38.842  -80.137  -3.096 0.3000000119
117443  -30.493  -78.292  -0.487 0.6999999881
7579  -30.198  -79.325  -1.329 0.6000000238
6311  -29.888  -80.174  -0.892 0.6999999881
117863  -32.980  -79.809  -0.098 0.6000000238
5715  -33.815  -80.761  -0.148 0.6000000238
4715  -35.748  -83.225  -1.422 0.6999999881
116913  -38.329  -82.983  -5.514 0.5000000000
5237  -39.217  -82.636  -5.462 0.5000000000
6302  -30.768  -80.424  -0.682 0.6000000238
6290  -32.535  -80.325  0.585 0.6000000238
5185  -34.780  -82.298  -0.455 0.6000000238
4704  -35.534  -83.410  -0.451 0.6000000238
4214  -35.912  -84.166  -0.158 0.6000000238
5236  -38.512  -82.266  -5.622 0.5000000000
6976  -40.263  -79.558  -4.145 0.3000000119
6923  -29.622  -80.152  -0.410 0.6999999881
6301  -30.002  -80.502  -0.611 0.6000000238
6303  -31.992  -79.992  -0.051 0.6000000238
6291  -33.204  -80.473  0.524 0.6000000238
5710  -33.628  -81.288  0.709 0.5000000000
5176  -34.306  -81.747  0.153 0.5000000000
4197  -35.655  -84.511  0.618 0.5000000000
4215  -36.535  -84.575  -0.600 0.5000000000
107725  -39.343  -81.687  -5.767 0.5000000000
7630  -40.949  -78.504  -6.781 0.3000000119
6995  -41.579  -79.411  -6.738 0.3000000119
113922  -42.379  -78.971  -6.521 0.4000000060
6993  -42.453  -79.050  -6.244 0.4000000060
4198  -36.282  -84.917  0.268 0.5000000000
7628  -39.845  -78.799  -6.269 0.3000000119
6994  -40.685  -79.373  -6.630 0.3000000119
116674  -41.770  -79.705  -6.627 0.4000000060
8272  -31.280  -78.316  -4.385 0.5000000000
7618  -31.636  -78.774  -4.425 0.5000000000
7619  -32.625  -78.551  -4.461 0.5000000000
123602  -33.072  -79.046  -4.405 0.5000000000
8974  -30.834  -77.003  -3.603 0.5000000000
126761  -30.688  -77.656  -3.749 0.5000000000
7611  -30.666  -79.040  -4.048 0.5000000000
6972  -31.929  -79.275  -3.963 0.5000000000
6980  -33.347  -79.539  -4.217 0.5000000000
118891  -34.778  -80.860  -4.388 0.6000000238
123850  -35.531  -80.918  -4.686 0.6000000238
128417  -30.483  -77.679  -3.218 0.5000000000
6341  -35.246  -81.579  -4.645 0.6000000238
5233  -35.942  -82.757  -5.189 0.8000000119
7594  -36.345  -78.394  -1.285 0.3000000119
116732  -30.648  -76.875  -1.497 0.6000000238
8251  -30.535  -78.055  -1.591 0.6000000238
7604  -30.435  -79.110  -3.268 0.6000000238
6342  -36.484  -80.912  -4.939 0.4000000060
7595  -37.072  -78.276  -1.700 0.3000000119
8242  -30.750  -77.271  -0.597 0.6999999881
110876  -37.158  -82.223  -5.508 0.5000000000
4750  -36.852  -83.876  -5.207 0.6000000238
6964  -38.301  -79.663  -2.693 0.3000000119
7605  -38.575  -78.773  -2.808 0.3000000119
8232  -30.658  -77.485  0.275 0.6999999881
6348  -37.453  -80.953  -5.308 0.4000000060
7614  -39.218  -78.549  -3.266 0.3000000119
6924  -30.002  -79.378  -0.473 0.6999999881
124470  -37.956  -82.074  -5.620 0.4000000060
6987  -40.827  -79.197  -4.622 0.3000000119
7567  -30.326  -78.534  0.494 0.6000000238
113747  -29.667  -79.650  0.111 0.6999999881
6289  -31.314  -80.550  0.318 0.6000000238
6276  -32.994  -80.780  1.209 0.5000000000
5701  -33.356  -81.714  1.598 0.5000000000
4691  -35.109  -83.345  0.332 0.6000000238
6349  -38.470  -80.836  -5.665 0.4000000060
5755  -38.574  -81.562  -5.716 0.4000000060
8992  -40.237  -76.639  -5.620 0.3000000119
8284  -40.536  -77.207  -6.309 0.3000000119
8993  -40.953  -76.529  -6.320 0.3000000119
113506  -41.546  -77.192  -6.788 0.3000000119
7632  -42.321  -78.558  -6.917 0.4000000060
7625  -41.126  -78.469  -4.852 0.3000000119
5708  -29.813  -81.091  0.623 0.6000000238
5700  -32.498  -81.259  1.849 0.5000000000
5688  -32.798  -81.863  2.325 0.5000000000
5167  -34.063  -82.127  0.970 0.5000000000
4196  -35.116  -84.039  1.034 0.5000000000
4179  -35.322  -84.824  1.234 0.6000000238
3709  -35.826  -85.345  0.985 0.5000000000
6992  -39.611  -79.691  -6.190 0.3000000119
118374  -39.589  -78.153  -5.746 0.3000000119
5709  -30.785  -80.932  0.852 0.5000000000
5161  -33.290  -82.467  2.225 0.5000000000
4683  -34.388  -83.824  1.683 0.5000000000
3679  -33.456  -84.756  2.327 0.5000000000
119042  -31.007  -76.287  -3.418 0.5000000000
8975  -31.476  -76.975  -3.800 0.5000000000
8273  -32.266  -77.903  -4.406 0.5000000000
8986  -34.271  -76.603  -4.357 0.5000000000
8275  -33.948  -77.511  -4.505 0.5000000000
125769  -34.171  -78.287  -4.463 0.5000000000
8966  -30.370  -76.367  -2.544 0.5000000000
8263  -31.014  -77.659  -4.125 0.5000000000
118146  -34.794  -78.672  -4.287 0.4000000060
124451  -30.471  -77.334  -2.518 0.5000000000
7621  -35.461  -79.244  -4.187 0.4000000060
8244  -36.016  -77.478  -0.862 0.3000000119
8967  -36.610  -76.893  -1.185 0.3000000119
107586  -30.478  -75.898  -1.466 0.6000000238
6982  -35.040  -80.142  -4.449 0.4000000060
9697  -30.651  -75.818  -0.283 0.6000000238
8960  -30.741  -76.478  -0.696 0.6000000238
8259  -37.758  -77.881  -2.097 0.3000000119
112492  -38.305  -78.173  -2.492 0.3000000119
8956  -30.739  -76.616  0.082 0.6000000238
6343  -37.211  -80.286  -4.764 0.4000000060
9681  -30.599  -75.927  0.786 0.6000000238
6984  -37.904  -79.726  -4.856 0.4000000060
6990  -37.987  -80.375  -5.256 0.4000000060
7615  -39.754  -78.436  -3.663 0.3000000119
8220  -30.527  -77.515  1.146 0.6999999881
108602  -39.200  -79.272  -5.736 0.3000000119
8283  -39.730  -77.400  -5.555 0.3000000119
8977  -33.048  -76.423  -3.900 0.5000000000
8976  -32.349  -76.996  -4.083 0.5000000000
9740  -33.854  -76.152  -4.179 0.5000000000
8987  -35.139  -76.228  -4.227 0.4000000060
120898  -30.586  -76.310  -3.191 0.5000000000
115503  -34.648  -77.010  -4.299 0.4000000060
8276  -34.793  -77.798  -4.170 0.4000000060
9725  -30.407  -75.440  -3.078 0.6000000238
7612  -35.733  -78.178  -3.747 0.4000000060
7622  -36.447  -78.991  -3.995 0.4000000060
8254  -37.762  -77.100  -1.848 0.3000000119
8253  -37.184  -77.414  -1.602 0.3000000119
115390  -37.081  -79.585  -4.393 0.4000000060
7623  -37.564  -78.839  -4.314 0.4000000060
7624  -38.479  -78.379  -4.650 0.4000000060
6985  -38.536  -79.156  -5.109 0.3000000119
8279  -39.161  -77.297  -4.737 0.3000000119
8207  -30.324  -77.386  2.038 0.6000000238
9727  -32.212  -76.177  -3.361 0.5000000000
10456  -34.940  -74.916  -4.149 0.4000000060
9741  -34.687  -75.757  -4.256 0.4000000060
9726  -31.426  -75.515  -3.020 0.5000000000
9718  -32.584  -75.222  -2.834 0.5000000000
9730  -35.945  -75.721  -3.907 0.4000000060
114114  -30.135  -75.583  -2.549 0.6000000238
10444  -29.985  -74.423  -3.177 0.6000000238
11125  -31.725  -73.872  -2.780 0.6000000238
8978  -35.882  -76.564  -3.697 0.4000000060
9709  -29.929  -75.108  -2.044 0.6000000238
10431  -29.722  -74.336  -2.945 0.6000000238
8266  -36.228  -77.239  -3.577 0.4000000060
8267  -37.099  -77.175  -3.578 0.4000000060
10416  -30.373  -75.107  -0.863 0.6000000238
8277  -37.716  -77.878  -4.010 0.4000000060
8268  -37.929  -77.185  -3.840 0.4000000060
8981  -38.619  -76.715  -4.140 0.4000000060
8260  -38.443  -77.265  -2.341 0.3000000119
10405  -30.423  -75.067  0.172 0.6000000238
9744  -39.243  -75.971  -4.272 0.4000000060
8270  -40.288  -77.233  -3.639 0.3000000119
7606  -38.907  -77.937  -2.844 0.3000000119
10392  -30.270  -75.034  1.149 0.6000000238
9657  -30.289  -75.771  1.779 0.6000000238
10391  -29.682  -74.419  1.445 0.6999999881
11110  -28.504  -72.938  0.157 0.6999999881
9666  -29.980  -75.049  1.904 0.6000000238
10390  -29.139  -73.832  1.826 0.6999999881
11103  -28.530  -73.149  1.230 0.6999999881
10380  -28.819  -74.207  2.713 0.6000000238
11821  -27.659  -72.107  -0.582 0.6999999881
11828  -27.207  -71.254  -1.131 0.6000000238
11095  -28.403  -73.438  2.218 0.6999999881
11807  -27.826  -72.371  0.543 0.6999999881
9728  -33.270  -75.677  -3.422 0.5000000000
10447  -35.068  -74.097  -3.857 0.5000000000
10434  -32.670  -74.337  -2.678 0.5000000000
10435  -33.292  -73.701  -2.765 0.5000000000
10446  -33.557  -74.705  -3.014 0.5000000000
10457  -35.645  -74.443  -4.200 0.5000000000
9742  -35.433  -75.273  -4.206 0.4000000060
11139  -30.025  -73.423  -3.271 0.6000000238
11141  -31.940  -72.629  -3.023 0.6000000238
11127  -32.898  -72.672  -2.928 0.6000000238
125492  -33.654  -72.982  -2.911 0.6000000238
9731  -36.623  -75.500  -3.616 0.4000000060
10423  -29.509  -74.255  -2.422 0.6000000238
11873  -31.313  -71.899  -3.215 0.6000000238
11874  -32.360  -71.527  -3.264 0.6000000238
8979  -36.668  -76.327  -3.537 0.4000000060
124362  -29.813  -74.561  -1.443 0.6000000238
110916  -29.209  -73.406  -2.843 0.6000000238
11138  -29.368  -72.897  -3.149 0.6000000238
12631  -30.830  -71.612  -3.050 0.6000000238
108512  -31.733  -71.214  -3.063 0.6000000238
8980  -37.615  -76.454  -3.591 0.4000000060
11146  -39.660  -73.803  -3.066 0.4000000060
10415  -29.384  -73.859  -1.410 0.6000000238
129208  -28.933  -72.775  -2.950 0.6000000238
12630  -30.058  -71.821  -3.080 0.6000000238
12626  -31.246  -71.364  -2.915 0.6000000238
12618  -32.793  -71.234  -2.437 0.6000000238
9733  -38.328  -75.827  -3.640 0.4000000060
9734  -39.087  -75.168  -3.723 0.4000000060
118323  -29.901  -74.404  -0.519 0.6000000238
11117  -28.210  -72.541  -1.949 0.5000000000
11863  -28.848  -72.163  -2.938 0.6000000238
129131  -30.469  -71.531  -2.591 0.6000000238
12617  -31.982  -71.363  -2.526 0.6000000238
130192  -33.345  -71.757  -1.585 0.6999999881
10404  -29.823  -74.352  0.496 0.6999999881
11111  -29.201  -73.572  -0.348 0.6000000238
11862  -28.146  -71.638  -2.362 0.6000000238
120304  -29.598  -71.486  -2.534 0.6000000238
11850  -32.718  -71.967  -1.499 0.6000000238
11851  -34.066  -71.857  -1.221 0.6000000238
116407  -34.811  -71.654  -0.794 0.6000000238
12615  -30.054  -71.527  -1.769 0.6000000238
11848  -31.124  -72.103  -1.206 0.6000000238
11832  -32.680  -72.477  -0.518 0.6000000238
11834  -34.357  -72.217  -0.110 0.6000000238
11829  -27.615  -71.848  -1.561 0.6000000238
12614  -28.807  -71.200  -2.082 0.6000000238
11830  -30.687  -72.186  -0.474 0.5000000000
11831  -31.745  -72.494  -0.418 0.6000000238
118176  -33.511  -72.556  0.271 0.6000000238
12598  -29.652  -71.590  -0.869 0.5000000000
11102  -27.871  -72.669  1.644 0.6999999881
11820  -27.194  -71.499  -0.175 0.6999999881
12595  -27.194  -70.912  -1.140 0.5000000000
12597  -28.736  -71.077  -0.734 0.6000000238
12590  -29.803  -71.743  0.022 0.5000000000
11823  -31.461  -72.571  0.417 0.5000000000
12533  -21.195  -70.924  4.368 0.6000000238
13291  -20.403  -70.139  3.816 0.6000000238
13301  -19.598  -69.473  3.081 0.6000000238
11143  -34.949  -73.139  -3.522 0.5000000000
10448  -35.729  -73.565  -4.004 0.5000000000
124258  -36.516  -73.768  -3.674 0.5000000000
10449  -36.668  -74.432  -3.628 0.4000000060
12632  -32.491  -70.834  -3.104 0.5000000000
11875  -33.424  -71.847  -3.358 0.5000000000
12633  -33.714  -71.053  -3.486 0.5000000000
10436  -37.766  -74.083  -2.716 0.4000000060
111647  -32.971  -71.040  -3.390 0.5000000000
130110  -34.139  -70.280  -3.241 0.5000000000
9732  -37.373  -75.546  -3.480 0.4000000060
10437  -38.701  -74.009  -2.759 0.4000000060
12628  -33.032  -70.603  -3.064 0.5000000000
13361  -34.107  -70.068  -3.035 0.5000000000
111417  -33.572  -70.368  -3.063 0.5000000000
116506  -38.158  -75.123  -3.426 0.4000000060
126812  -33.552  -71.182  -2.239 0.6000000238
13356  -34.524  -70.271  -2.498 0.6000000238
12620  -35.177  -70.955  -1.377 0.6000000238
13357  -35.412  -70.090  -1.930 0.5000000000
13339  -35.826  -70.673  0.094 0.4000000060
14092  -36.293  -69.561  -0.650 0.4000000060
14096  -36.268  -69.211  -1.376 0.4000000060
111756  -34.607  -72.076  1.374 0.6000000238
12592  -35.362  -71.394  0.468 0.6000000238
129742  -35.767  -70.322  0.530 0.5000000000
14786  -36.286  -69.196  -0.192 0.4000000060
117031  -36.468  -67.980  -1.452 0.4000000060
15478  -36.388  -67.375  -1.034 0.4000000060
11094  -27.685  -73.107  2.620 0.6999999881
11825  -33.467  -72.651  1.272 0.6000000238
13331  -35.522  -70.741  0.941 0.5000000000
14788  -36.192  -68.454  -0.120 0.4000000060
12594  -26.884  -70.612  -0.309 0.6000000238
11808  -31.121  -72.539  1.168 0.5000000000
11810  -32.654  -72.738  1.618 0.5000000000
12578  -34.638  -71.642  1.976 0.5000000000
14080  -34.924  -69.842  1.642 0.5000000000
14785  -35.724  -69.028  0.565 0.4000000060
15467  -35.402  -68.002  0.447 0.4000000060
12588  -27.964  -70.551  -0.326 0.6000000238
11799  -32.682  -72.623  2.525 0.5000000000
11765  -22.528  -72.347  5.141 0.6999999881
11772  -21.925  -71.620  4.701 0.6000000238
115909  -22.672  -71.184  4.933 0.6999999881
13292  -21.182  -69.666  4.298 0.6000000238
13278  -21.963  -69.539  5.681 0.6000000238
14038  -20.643  -69.074  3.785 0.6000000238
13293  -21.559  -69.091  5.060 0.6000000238
13261  -21.852  -69.289  7.038 0.6000000238
13260  -21.781  -69.288  7.667 0.6000000238
14048  -19.935  -68.913  2.838 0.5000000000
14039  -21.235  -68.798  4.283 0.6000000238
14040  -21.560  -68.852  5.019 0.6000000238
14030  -21.868  -68.874  6.050 0.6000000238
123059  -21.855  -68.934  7.014 0.6000000238
14773  -20.260  -68.701  1.876 0.5000000000
14758  -21.124  -68.424  2.991 0.5000000000
123922  -21.940  -68.639  5.271 0.5000000000
14031  -22.057  -68.744  6.317 0.5000000000
108465  -34.458  -72.058  -3.441 0.4000000060
111074  -35.739  -71.764  -3.599 0.5000000000
11864  -37.235  -72.747  -2.215 0.5000000000
11145  -37.072  -74.029  -2.999 0.4000000060
14766  -21.800  -68.570  2.290 0.5000000000
14760  -22.651  -68.672  3.837 0.5000000000
112739  -23.214  -69.020  5.247 0.5000000000
14032  -23.879  -69.389  5.889 0.5000000000
12634  -35.234  -70.723  -3.525 0.5000000000
11120  -38.157  -72.847  -1.526 0.4000000060
118885  -38.866  -72.750  -1.393 0.4000000060
11837  -40.154  -72.024  -0.720 0.4000000060
126626  -22.078  -68.834  1.724 0.5000000000
126244  -23.436  -68.903  3.383 0.5000000000
14041  -23.115  -68.887  4.377 0.6000000238
14042  -24.068  -69.286  4.414 0.6000000238
11131  -38.971  -73.385  -2.123 0.4000000060
14063  -23.517  -68.943  1.881 0.6000000238
14050  -23.947  -68.984  2.462 0.6000000238
116692  -24.120  -69.157  3.517 0.6999999881
14113  -34.659  -69.589  -3.024 0.4000000060
13362  -34.719  -69.518  -2.927 0.5000000000
12547  -24.524  -71.783  3.129 0.6000000238
14107  -35.568  -69.183  -2.457 0.5000000000
14807  -36.121  -67.830  -2.716 0.4000000060
11783  -25.618  -72.150  3.072 0.6000000238
11794  -26.422  -72.203  2.556 0.6000000238
11805  -26.509  -71.448  1.396 0.6000000238
15490  -36.448  -67.104  -1.874 0.4000000060
13336  -26.377  -70.132  0.306 0.6000000238
11806  -27.255  -71.823  0.967 0.6999999881
12589  -28.956  -71.193  0.515 0.6000000238
12576  -29.349  -71.484  1.568 0.6000000238
12577  -30.094  -72.028  1.117 0.5000000000
11809  -31.746  -72.695  1.992 0.5000000000
11766  -23.454  -71.943  5.422 0.6999999881
11767  -23.919  -71.694  5.806 0.6999999881
12508  -23.964  -71.566  6.417 0.6000000238
12507  -23.010  -70.650  6.037 0.6000000238
12493  -22.676  -70.567  7.104 0.6000000238
13235  -21.775  -69.794  8.004 0.6000000238
13994  -21.843  -69.366  8.042 0.6999999881
13995  -23.003  -69.337  7.795 0.6000000238
14019  -23.317  -69.276  6.838 0.6000000238
12636  -36.769  -71.632  -3.178 0.5000000000
11877  -36.318  -72.253  -3.496 0.5000000000
11144  -36.135  -73.106  -3.871 0.5000000000
107603  -24.527  -69.584  7.372 0.5000000000
120397  -37.165  -71.970  -2.254 0.5000000000
11119  -37.651  -73.004  -1.838 0.5000000000
11835  -38.426  -72.167  -0.876 0.4000000060
13279  -25.550  -69.762  4.720 0.6000000238
14033  -25.130  -69.728  5.599 0.6000000238
13236  -25.669  -69.999  6.964 0.5000000000
13366  -35.790  -70.258  -3.524 0.5000000000
12559  -24.199  -70.934  2.331 0.6000000238
13313  -23.593  -70.322  1.862 0.4000000060
14076  -23.901  -69.374  1.689 0.6000000238
14052  -25.637  -69.375  2.758 0.6000000238
113891  -25.009  -69.451  3.841 0.6000000238
13262  -25.762  -70.104  6.151 0.6000000238
14119  -35.312  -69.313  -3.279 0.4000000060
14121  -36.921  -68.976  -3.455 0.4000000060
12572  -24.882  -70.482  1.731 0.5000000000
109939  -24.888  -69.742  1.548 0.5000000000
14064  -24.546  -69.268  1.895 0.6000000238
126020  -25.274  -69.314  1.997 0.6999999881
14053  -26.454  -69.614  2.810 0.6000000238
13302  -26.881  -70.147  3.730 0.6000000238
13294  -26.430  -70.205  4.715 0.6000000238
14806  -35.474  -68.741  -3.123 0.5000000000
12560  -25.106  -71.330  2.444 0.6000000238
14065  -25.388  -69.634  1.491 0.6000000238
14066  -25.985  -69.443  1.784 0.6000000238
110011  -27.654  -70.484  3.301 0.6000000238
13295  -27.468  -70.662  4.356 0.6000000238
12525  -27.986  -71.034  5.215 0.6000000238
126255  -35.767  -68.322  -3.095 0.4000000060
12573  -25.558  -70.590  1.390 0.5000000000
113754  -25.216  -70.056  1.286 0.6000000238
14067  -26.782  -69.625  2.006 0.6000000238
13303  -28.349  -70.982  3.368 0.6000000238
13296  -28.197  -71.091  4.219 0.6000000238
12561  -25.889  -71.455  2.072 0.6000000238
129595  -26.047  -70.980  1.359 0.6000000238
13327  -25.787  -70.040  0.685 0.6000000238
13329  -27.630  -70.245  1.315 0.6000000238
13315  -28.134  -70.598  2.501 0.6000000238
110424  -28.190  -70.580  0.732 0.6000000238
13338  -27.232  -70.271  0.107 0.6000000238
12564  -30.159  -72.133  2.185 0.5000000000
11798  -31.911  -72.640  2.806 0.5000000000
11068  -24.100  -72.648  5.788 0.6999999881
11751  -24.590  -72.420  6.298 0.6999999881
10328  -24.887  -75.129  6.976 0.6999999881
10329  -25.340  -74.178  6.938 0.6999999881
11053  -24.670  -73.396  6.361 0.6999999881
11739  -24.810  -72.220  6.949 0.6999999881
121713  -23.870  -71.497  7.395 0.6000000238
109364  -22.662  -70.657  8.196 0.6000000238
12485  -22.248  -70.445  8.959 0.5000000000
13224  -21.617  -70.057  8.790 0.6999999881
13977  -21.617  -69.705  8.843 0.5000000000
13978  -22.423  -69.440  8.792 0.5000000000
112693  -24.199  -69.500  8.358 0.5000000000
117293  -37.236  -71.332  -2.768 0.4000000060
13358  -38.205  -70.863  -0.996 0.5000000000
13345  -39.069  -70.446  -0.617 0.5000000000
12601  -38.633  -71.394  -0.642 0.5000000000
13346  -40.194  -70.572  -0.378 0.4000000060
111722  -36.513  -69.806  -3.514 0.4000000060
13359  -38.581  -70.163  -1.238 0.4000000060
129865  -26.336  -70.301  6.583 0.6000000238
13280  -26.568  -70.439  5.807 0.6000000238
13263  -27.036  -70.497  6.636 0.6000000238
12535  -28.841  -71.438  4.900 0.6000000238
13282  -28.113  -70.957  5.999 0.6000000238
12562  -28.840  -71.265  2.954 0.6000000238
12549  -29.603  -71.804  3.564 0.6000000238
12526  -28.730  -71.179  5.701 0.6000000238
124069  -28.632  -70.953  1.824 0.6000000238
12536  -29.757  -71.759  4.592 0.5000000000
12563  -29.461  -71.635  2.534 0.6000000238
11796  -30.251  -72.189  3.138 0.5000000000
11785  -31.595  -72.458  3.450 0.5000000000
121412  -25.142  -75.727  7.645 0.6999999881
122556  -25.447  -75.024  7.414 0.6999999881
11036  -25.759  -73.595  7.642 0.6999999881
11054  -25.287  -73.037  6.837 0.6999999881
11734  -25.818  -72.811  8.161 0.6000000238
12494  -24.832  -72.012  7.733 0.6999999881
127084  -23.893  -71.469  8.313 0.4000000060
8846  -25.317  -76.151  8.499 0.6999999881
9574  -25.838  -75.513  8.733 0.6999999881
9575  -26.150  -74.829  8.478 0.6000000238
10322  -26.220  -74.048  8.258 0.6000000238
12470  -22.828  -70.606  9.362 0.5000000000
8107  -24.067  -77.246  10.134 0.6999999881
8108  -24.653  -76.892  9.830 0.6999999881
13210  -22.430  -70.289  9.939 0.5000000000
8813  -23.690  -76.863  10.801 0.6999999881
13968  -21.750  -69.710  9.408 0.5000000000
9530  -22.810  -75.527  11.589 0.6000000238
10290  -22.268  -74.941  11.727 0.6000000238
113948  -21.819  -74.584  12.009 0.6000000238
11680  -20.115  -72.794  13.769 0.5000000000
11659  -20.615  -72.793  14.238 0.5000000000
123114  -39.202  -69.658  -1.185 0.4000000060
14097  -39.972  -69.815  -0.684 0.4000000060
12527  -29.522  -71.412  5.426 0.6000000238
11721  -26.046  -72.304  8.883 0.5000000000
12487  -25.080  -71.904  8.445 0.5000000000
9560  -25.629  -75.999  9.359 0.6000000238
9561  -26.231  -75.154  9.387 0.6000000238
10312  -26.439  -74.257  9.009 0.6000000238
11022  -26.658  -73.657  9.588 0.6000000238
111059  -25.059  -71.460  9.384 0.5000000000
12486  -23.874  -71.308  9.050 0.5000000000
12471  -23.583  -70.787  9.782 0.5000000000
8814  -24.529  -76.630  10.471 0.6999999881
9547  -25.127  -76.124  10.687 0.6000000238
9548  -25.823  -75.670  10.232 0.6000000238
9549  -26.343  -74.996  10.172 0.6000000238
10292  -26.531  -74.417  11.316 0.6000000238
13195  -23.044  -70.225  10.529 0.5000000000
9531  -23.645  -75.697  11.598 0.6999999881
9532  -24.595  -75.804  11.393 0.6000000238
10277  -24.614  -74.917  12.706 0.6000000238
10278  -25.526  -74.704  12.506 0.6000000238
10279  -26.362  -74.357  12.196 0.6000000238
9509  -23.126  -75.132  11.959 0.6000000238
9510  -24.081  -75.339  12.083 0.6000000238
10263  -24.229  -74.576  13.456 0.6000000238
10264  -25.165  -74.467  13.310 0.6000000238
10275  -22.573  -74.633  12.454 0.6000000238
10249  -22.486  -73.976  13.956 0.6000000238
10250  -23.175  -74.048  14.293 0.6000000238
10251  -23.934  -74.238  14.249 0.6000000238
10973  -21.648  -73.803  13.571 0.5000000000
10960  -21.291  -73.197  14.153 0.5000000000
108212  -21.962  -73.522  14.228 0.5000000000
10961  -22.638  -73.520  14.697 0.6000000238
10962  -23.567  -73.692  14.826 0.6000000238
14798  -40.859  -68.964  -1.758 0.4000000060
11658  -19.128  -72.499  14.505 0.5000000000
127599  -21.144  -72.769  14.661 0.5000000000
11636  -21.492  -72.597  15.288 0.6000000238
11637  -22.847  -72.676  15.831 0.6000000238
11617  -18.901  -72.284  16.248 0.5000000000
11618  -19.724  -72.080  16.469 0.5000000000
120519  -20.306  -72.282  15.966 0.4000000060
11619  -21.071  -72.247  15.991 0.5000000000
11620  -22.083  -72.316  16.105 0.6000000238
110107  -26.661  -72.745  9.501 0.6000000238
108301  -25.735  -71.238  10.014 0.5000000000
12456  -24.510  -70.829  10.274 0.5000000000
11012  -27.077  -73.204  10.279 0.6000000238
11711  -27.018  -72.256  10.174 0.5000000000
13196  -24.182  -70.362  10.999 0.5000000000
10991  -26.772  -73.709  12.675 0.6999999881
11005  -27.426  -72.938  11.736 0.6999999881
10975  -25.675  -73.849  13.772 0.6000000238
10976  -26.565  -73.535  13.489 0.6999999881
10974  -24.794  -74.181  14.087 0.6000000238
10965  -26.290  -73.320  14.266 0.6999999881
10963  -24.440  -73.672  14.724 0.6000000238
11661  -24.964  -73.146  15.246 0.6999999881
11638  -23.604  -72.660  15.849 0.6000000238
11639  -24.565  -72.519  15.774 0.6999999881
13132  -18.200  -71.296  16.872 0.5000000000
12377  -19.183  -71.799  16.783 0.5000000000
12378  -20.533  -71.892  16.709 0.4000000060
12379  -21.441  -71.817  16.814 0.6000000238
11621  -23.044  -72.202  16.341 0.6000000238
13109  -18.726  -70.775  17.177 0.5000000000
12361  -19.862  -71.481  17.179 0.4000000060
12362  -20.852  -71.385  17.296 0.5000000000
13197  -25.656  -70.694  10.771 0.5000000000
12447  -26.889  -71.012  11.040 0.5000000000
11712  -27.377  -72.634  10.915 0.6000000238
11704  -27.554  -72.176  11.606 0.5000000000
13187  -27.257  -70.748  11.785 0.5000000000
10977  -27.192  -73.236  13.181 0.6999999881
11681  -27.172  -72.957  13.947 0.6999999881
11662  -25.799  -72.911  14.933 0.6000000238
11622  -23.973  -72.090  16.326 0.6999999881
114752  -25.380  -72.506  15.532 0.6000000238
12380  -22.393  -71.727  16.815 0.6000000238
12381  -23.334  -71.506  16.752 0.6000000238
124558  -19.192  -70.245  17.257 0.5000000000
13111  -20.355  -70.907  17.532 0.4000000060
12363  -21.773  -71.303  17.302 0.6000000238
13895  -19.382  -69.410  17.019 0.4000000060
13870  -19.910  -70.179  17.438 0.4000000060
13896  -20.281  -69.262  17.223 0.5000000000
13112  -21.252  -70.818  17.541 0.5000000000
11682  -27.551  -72.635  13.231 0.6000000238
12438  -28.199  -71.240  13.052 0.5000000000
11665  -27.782  -72.256  13.988 0.6000000238
12426  -28.013  -71.852  13.312 0.5000000000
11641  -27.080  -72.205  15.144 0.6000000238
12400  -26.568  -71.728  15.678 0.6000000238
12401  -27.462  -71.551  15.424 0.5000000000
109279  -25.211  -71.343  16.396 0.6000000238
13133  -23.805  -70.905  16.939 0.6999999881
13134  -24.654  -70.709  16.678 0.5000000000
12364  -22.685  -71.176  17.238 0.6000000238
13872  -21.673  -69.965  17.556 0.5000000000
14617  -21.185  -69.172  17.371 0.5000000000
17791  -16.930  -65.534  7.926 0.4000000060
16976  -16.979  -65.254  6.937 0.3000000119
17792  -17.300  -65.214  8.100 0.4000000060
12417  -28.240  -71.530  14.210 0.5000000000
16936  -17.045  -65.592  10.153 0.3000000119
17783  -17.306  -65.251  9.078 0.4000000060
13136  -26.591  -70.790  16.368 0.5000000000
12402  -28.208  -71.253  15.040 0.5000000000
16909  -17.353  -65.785  12.158 0.3000000119
17767  -17.307  -65.226  9.974 0.4000000060
13135  -25.692  -70.564  16.524 0.5000000000
16910  -17.973  -65.818  12.782 0.3000000119
13115  -24.061  -70.170  17.066 0.6000000238
13873  -22.570  -69.818  17.489 0.6999999881
13874  -23.458  -69.650  17.329 0.6000000238
14634  -20.757  -68.406  16.848 0.5000000000
14618  -22.124  -68.955  17.405 0.5000000000
124478  -21.523  -68.416  17.110 0.4000000060
14635  -22.166  -68.020  17.089 0.4000000060
119201  -15.863  -64.032  5.035 0.3000000119
17816  -16.471  -64.392  5.712 0.3000000119
111409  -17.461  -63.985  6.440 0.3000000119
18671  -17.566  -64.239  7.589 0.3000000119
18657  -17.539  -64.191  8.780 0.4000000060
12384  -27.797  -70.858  15.742 0.5000000000
111582  -17.376  -65.211  10.924 0.4000000060
18643  -17.486  -64.165  9.806 0.4000000060
13899  -26.588  -70.149  16.515 0.5000000000
17732  -17.737  -65.142  12.016 0.4000000060
17748  -18.056  -64.162  11.952 0.4000000060
13897  -24.928  -69.916  16.773 0.5000000000
13898  -25.775  -69.652  16.646 0.5000000000
127869  -18.304  -65.088  12.773 0.4000000060
13875  -24.353  -69.280  17.091 0.5000000000
115896  -22.986  -69.037  17.407 0.5000000000
125247  -23.416  -68.545  17.295 0.5000000000
15303  -19.703  -67.683  15.869 0.3000000119
15325  -20.927  -66.952  15.977 0.4000000060
113862  -21.402  -67.636  16.584 0.4000000060
123189  -23.533  -67.994  17.190 0.4000000060
19553  -15.600  -62.904  4.818 0.3000000119
18679  -16.749  -64.128  5.519 0.3000000119
18672  -17.817  -63.081  7.464 0.4000000060
18658  -17.852  -63.138  8.481 0.4000000060
13925  -29.121  -69.297  14.020 0.4000000060
18644  -17.785  -63.160  9.538 0.4000000060
13914  -29.258  -69.269  14.890 0.4000000060
18612  -17.542  -64.248  10.732 0.4000000060
18632  -17.809  -63.257  10.507 0.4000000060
13137  -28.087  -70.041  16.123 0.4000000060
18613  -18.045  -63.514  11.442 0.4000000060
14622  -25.746  -68.854  16.714 0.5000000000
17733  -18.388  -64.387  12.479 0.4000000060
16881  -19.467  -65.574  14.193 0.3000000119
15298  -24.875  -67.935  16.915 0.5000000000
16069  -20.528  -66.389  15.424 0.3000000119
19554  -16.104  -62.831  4.474 0.3000000119
128956  -17.349  -62.536  5.866 0.3000000119
19531  -17.624  -62.858  6.592 0.3000000119
19532  -18.145  -62.189  7.423 0.4000000060
19520  -18.385  -62.286  8.208 0.4000000060
20405  -18.946  -61.655  8.843 0.3000000119
19512  -18.367  -62.367  9.203 0.4000000060
14661  -29.245  -68.319  13.776 0.4000000060
14672  -28.862  -67.888  13.024 0.4000000060
19502  -18.317  -62.494  10.179 0.4000000060
13901  -28.491  -69.122  16.084 0.4000000060
115886  -26.693  -69.250  16.579 0.4000000060
18597  -18.540  -63.603  12.208 0.3000000119
14636  -26.424  -68.371  16.617 0.4000000060
16895  -18.793  -65.281  13.490 0.3000000119
17734  -18.963  -63.885  12.816 0.3000000119
125557  -20.084  -65.173  14.407 0.3000000119
15305  -22.288  -67.297  16.629 0.4000000060
20445  -16.235  -61.352  4.642 0.3000000119
19540  -17.736  -62.004  6.632 0.4000000060
20425  -18.214  -61.305  7.330 0.4000000060
20414  -18.748  -61.546  8.054 0.4000000060
16129  -28.245  -66.223  11.568 0.4000000060
15341  -29.406  -67.349  13.607 0.4000000060
114065  -18.989  -61.768  9.898 0.4000000060
14655  -29.422  -68.324  15.009 0.4000000060
19485  -18.396  -62.644  11.065 0.4000000060
14638  -28.138  -68.534  16.397 0.4000000060
15312  -28.981  -67.829  15.954 0.4000000060
18614  -18.782  -62.854  11.838 0.3000000119
15310  -27.704  -67.884  16.509 0.4000000060
18584  -19.684  -63.526  13.177 0.3000000119
15308  -25.633  -68.108  16.738 0.5000000000
17702  -19.688  -64.811  13.949 0.3000000119
17703  -20.443  -64.546  14.282 0.3000000119
109963  -25.560  -67.309  16.717 0.5000000000
16070  -21.366  -66.187  15.736 0.3000000119
15306  -23.676  -67.289  16.826 0.4000000060
20431  -17.183  -60.863  5.777 0.3000000119
20415  -19.358  -61.010  8.556 0.3000000119
20406  -19.550  -61.167  9.314 0.3000000119
16117  -29.281  -66.477  12.489 0.4000000060
19503  -18.823  -62.104  10.693 0.3000000119
108762  -29.457  -67.880  14.387 0.4000000060
16093  -29.530  -66.542  13.170 0.3000000119
19486  -19.172  -62.177  11.388 0.3000000119
15311  -28.447  -67.840  16.320 0.4000000060
123563  -29.486  -67.571  14.954 0.4000000060
18599  -20.054  -62.788  12.882 0.3000000119
18585  -20.508  -63.290  13.501 0.3000000119
16061  -26.487  -66.935  16.615 0.4000000060
16882  -20.721  -65.082  14.722 0.3000000119
16873  -21.819  -65.443  15.502 0.3000000119
16071  -22.179  -66.010  15.997 0.3000000119
16861  -23.844  -65.838  16.289 0.3000000119
20395  -19.424  -61.599  10.793 0.3000000119
108807  -19.636  -61.247  10.115 0.3000000119
120257  -29.633  -66.559  13.873 0.3000000119
124835  -29.159  -67.082  15.737 0.4000000060
16082  -29.665  -66.087  14.474 0.4000000060
19458  -20.918  -62.567  13.200 0.3000000119
115923  -28.011  -67.184  16.486 0.4000000060
16867  -28.946  -66.429  15.969 0.4000000060
18561  -20.901  -63.811  14.096 0.3000000119
17704  -21.475  -64.890  15.023 0.3000000119
16060  -25.042  -66.672  16.629 0.3000000119
126764  -23.341  -65.334  15.900 0.3000000119
19469  -21.408  -61.890  12.845 0.3000000119
18586  -21.359  -63.092  13.816 0.3000000119
16063  -28.306  -66.438  16.334 0.3000000119
16877  -29.187  -65.777  15.656 0.3000000119
18562  -21.798  -63.657  14.431 0.3000000119
127301  -26.564  -66.306  16.556 0.3000000119
16874  -22.650  -65.330  15.700 0.3000000119
129847  -24.589  -66.125  16.454 0.3000000119
19470  -22.353  -61.732  13.194 0.3000000119
115879  -22.728  -61.098  12.696 0.3000000119
18587  -22.212  -62.874  14.075 0.3000000119
16864  -26.949  -65.708  16.480 0.3000000119
19460  -22.532  -62.320  13.706 0.3000000119
126493  -23.058  -61.434  13.193 0.3000000119
16056  -21.777  -66.757  16.238 0.4000000060
16081  -20.120  -65.862  14.769 0.3000000119
16872  -20.988  -65.618  15.239 0.3000000119
4249  -37.035  -84.457  -4.236 0.6000000238
3753  -38.300  -85.347  -4.359 0.5000000000
118111  -38.756  -86.080  -3.471 0.5000000000
3733  -38.659  -86.429  -2.686 0.5000000000
3744  -39.250  -85.736  -3.803 0.5000000000
4739  -41.360  -83.821  -3.504 0.5000000000
5749  -35.565  -82.217  -5.014 0.6999999881
4252  -40.777  -84.511  -3.325 0.4000000060
5186  -35.298  -82.714  -0.953 0.6999999881
4753  -39.591  -83.387  -5.051 0.5000000000
7616  -40.276  -78.048  -3.998 0.3000000119
6352  -40.041  -80.257  -6.361 0.3000000119
6981  -34.188  -80.000  -4.316 0.6000000238
7620  -33.867  -79.130  -4.479 0.5000000000
6960  -30.622  -79.500  -2.612 0.6000000238
6315  -34.215  -80.565  -2.027 0.6999999881
6963  -37.710  -78.892  -2.262 0.3000000119
6938  -32.111  -79.688  -0.798 0.6000000238
6314  -33.590  -79.948  -1.578 0.6000000238
5723  -34.581  -81.298  -1.659 0.6999999881
5235  -37.698  -82.722  -5.561 0.5000000000
4752  -38.698  -83.586  -5.307 0.6000000238
121216  -38.854  -84.751  -4.722 0.5000000000
5716  -34.474  -81.472  -0.731 0.6000000238
4703  -35.093  -82.863  -0.223 0.6999999881
6275  -32.035  -80.716  1.198 0.5000000000
5177  -34.625  -82.681  0.416 0.5000000000
108772  -29.368  -80.275  0.419 0.6000000238
5168  -34.294  -82.930  1.307 0.5000000000
8287  -41.888  -78.237  -7.117 0.3000000119
6347  -36.792  -81.588  -5.331 0.5000000000
4682  -33.800  -83.169  1.981 0.5000000000
10443  -29.617  -73.749  -3.095 0.6000000238
11104  -29.241  -73.660  0.848 0.6999999881
11114  -28.346  -72.697  -0.941 0.6000000238
111461  -28.232  -70.786  -1.702 0.6000000238
11872  -30.241  -72.328  -3.212 0.6000000238
122812  -34.780  -71.332  -3.527 0.5000000000
10450  -37.454  -74.682  -3.280 0.4000000060
127086  -31.992  -71.023  -3.075 0.6000000238
12616  -31.096  -71.574  -2.219 0.6000000238
13344  -36.074  -69.865  -1.241 0.4000000060
11795  -27.167  -72.336  2.071 0.6000000238
12575  -26.636  -71.028  0.192 0.6999999881
112158  -21.286  -68.981  4.574 0.6000000238
129230  -36.042  -72.446  -3.718 0.4000000060
13365  -34.920  -69.885  -3.346 0.4000000060
15502  -36.402  -66.926  -2.945 0.4000000060
11812  -34.148  -72.334  1.886 0.4000000060
11093  -27.006  -72.861  3.084 0.6000000238
12534  -21.815  -70.417  4.635 0.6000000238
128169  -22.285  -68.617  4.581 0.6000000238
122716  -38.006  -71.562  -0.969 0.5000000000
14775  -22.652  -68.753  1.917 0.5000000000
14020  -24.790  -69.661  6.456 0.6000000238
14075  -22.827  -69.036  1.661 0.4000000060
119571  -26.723  -69.891  0.559 0.5000000000
14120  -35.914  -68.964  -3.438 0.5000000000
14054  -27.072  -69.937  2.810 0.6000000238
14078  -25.863  -69.783  0.870 0.5000000000
9529  -22.075  -75.387  11.508 0.6000000238
11634  -19.613  -72.404  15.441 0.5000000000
127619  -26.752  -73.917  10.214 0.5000000000
9533  -25.506  -75.511  11.144 0.6000000238
10291  -25.901  -74.927  11.689 0.6000000238
124547  -27.265  -73.306  11.088 0.6000000238
10262  -23.186  -74.430  13.508 0.6000000238
12376  -18.476  -71.853  16.650 0.5000000000
12448  -27.440  -71.454  11.471 0.5000000000
11623  -24.817  -71.984  16.244 0.6000000238
13110  -19.502  -70.900  17.405 0.5000000000
13114  -23.142  -70.538  17.311 0.6000000238
16960  -17.021  -65.611  8.600 0.3000000119
12416  -27.749  -71.894  14.730 0.5000000000
15304  -20.430  -67.682  16.239 0.3000000119
13919  -28.906  -70.023  14.968 0.4000000060
13153  -28.476  -70.459  15.354 0.4000000060
15297  -24.220  -67.804  17.052 0.5000000000
119419  -29.361  -68.640  14.426 0.4000000060
124459  -16.350  -62.120  4.596 0.3000000119
18598  -19.272  -63.134  12.528 0.3000000119
15309  -26.358  -67.649  16.627 0.4000000060
16057  -22.579  -66.592  16.375 0.3000000119
19467  -19.612  -62.403  12.157 0.3000000119
16059  -24.187  -66.634  16.589 0.4000000060
125026  -16.969  -59.901  5.245 0.3000000119
19468  -20.497  -62.095  12.481 0.3000000119
16062  -27.363  -66.511  16.523 0.4000000060
19459  -21.797  -62.403  13.492 0.3000000119
4178  -29.932  -84.875  2.545 0.5000000000
3676  -30.711  -84.965  2.370 0.5000000000
3677  -31.637  -85.084  2.216 0.5000000000
3678  -32.602  -84.951  2.358 0.4000000060
4161  -28.589  -84.641  2.936 0.5000000000
4162  -29.438  -84.563  3.038 0.5000000000
4163  -30.279  -84.442  3.029 0.5000000000
4164  -31.147  -84.380  2.908 0.5000000000
4675  -32.387  -83.464  3.025 0.5000000000
109652  -33.176  -83.282  2.610 0.4000000060
4148  -28.031  -84.173  3.247 0.4000000060
4149  -28.941  -84.140  3.337 0.5000000000
4151  -30.648  -83.801  3.349 0.5000000000
5160  -32.485  -82.499  2.867 0.4000000060
4665  -28.423  -83.531  3.401 0.5000000000
4666  -29.392  -83.388  3.451 0.5000000000
4150  -29.816  -84.008  3.370 0.5000000000
119888  -28.747  -82.773  3.345 0.5000000000
5146  -30.891  -82.941  3.490 0.5000000000
5157  -29.387  -82.326  3.097 0.5000000000
5158  -30.402  -82.279  3.159 0.5000000000
5686  -30.759  -81.646  2.459 0.4000000060
5684  -28.955  -81.679  2.407 0.5000000000
5685  -29.585  -81.748  2.422 0.5000000000
121089  -30.416  -81.273  1.380 0.5000000000
7520  -28.007  -78.678  4.530 0.5000000000
5672  -28.025  -82.117  3.270 0.5000000000
6248  -28.223  -80.850  3.528 0.5000000000
112459  -28.391  -81.489  3.025 0.5000000000
6898  -28.784  -80.301  2.957 0.5000000000
5696  -28.774  -81.355  2.262 0.5000000000
6262  -28.835  -80.652  1.851 0.5000000000
5697  -28.999  -81.235  1.590 0.5000000000
5707  -29.284  -81.019  0.858 0.5000000000
6872  -28.419  -79.376  4.246 0.5000000000
116222  -28.385  -77.872  4.476 0.5000000000
8910  -28.265  -76.416  4.468 0.5000000000
6885  -29.070  -79.258  3.600 0.5000000000
8186  -28.736  -77.172  4.337 0.5000000000
8921  -29.026  -76.465  4.074 0.5000000000
6899  -29.253  -79.683  2.462 0.5000000000
7545  -29.550  -78.672  2.936 0.5000000000
8195  -29.373  -77.334  3.762 0.5000000000
6912  -29.164  -80.126  1.318 0.5000000000
7557  -29.744  -79.010  1.981 0.5000000000
6274  -29.023  -80.854  1.008 0.5000000000
6287  -29.635  -80.581  0.150 0.5000000000
11076  -26.171  -73.704  4.315 0.5000000000
11087  -27.421  -73.580  3.527 0.6000000238
9641  -28.531  -75.742  4.215 0.5000000000
8930  -29.613  -76.481  3.299 0.5000000000
10375  -29.149  -74.978  3.200 0.5000000000
8206  -29.897  -77.275  2.889 0.5000000000
9656  -29.738  -75.596  2.685 0.5000000000
7566  -29.779  -79.315  0.985 0.5000000000
7558  -30.247  -78.290  1.563 0.5000000000
11782  -24.923  -72.388  3.535 0.5000000000
11086  -26.268  -72.879  3.549 0.5000000000
11088  -28.146  -73.826  3.167 0.6000000238
11770  -19.942  -72.371  4.319 0.5000000000
11771  -20.956  -72.030  4.583 0.6000000238
11064  -20.428  -73.922  4.975 0.5000000000
11763  -20.672  -73.047  4.770 0.5000000000
11764  -21.572  -72.730  5.011 0.6000000238
11065  -21.236  -73.618  5.290 0.5000000000
10357  -22.838  -73.920  5.745 0.6000000238
10341  -22.472  -74.748  6.061 0.5000000000
11067  -23.269  -72.954  5.524 0.6000000238
11052  -23.864  -73.638  5.928 0.6000000238
9610  -23.071  -75.361  6.506 0.5000000000
9611  -23.984  -75.263  6.682 0.6000000238
10343  -24.428  -74.379  6.474 0.6000000238
8861  -23.767  -76.525  7.682 0.5000000000
9589  -24.355  -75.890  7.296 0.5000000000
8124  -23.608  -77.516  9.750 0.5000000000
115684  -23.150  -77.465  10.493 0.6000000238
118212  -21.356  -76.291  11.521 0.6000000238
8090  -21.983  -77.141  11.359 0.5000000000
8125  -24.283  -77.181  9.336 0.6000000238
8862  -24.611  -76.411  8.006 0.5000000000
8812  -22.860  -76.986  11.133 0.5000000000
10274  -21.172  -74.295  12.274 0.6000000238
118061  -21.350  -74.858  11.473 0.6000000238
10989  -21.115  -73.953  12.979 0.6000000238
8281  -41.834  -77.792  -5.406 0.3000000119
8991  -43.303  -76.441  -5.848 0.3000000119
7629  -42.532  -78.292  -6.707 0.3000000119
9749  -44.462  -75.420  -5.472 0.3000000119
8289  -42.695  -77.199  -6.706 0.3000000119
7626  -42.470  -78.567  -6.016 0.3000000119
5687  -31.961  -81.710  2.578 0.4000000060
7546  -29.989  -78.084  2.459 0.5000000000
10381  -29.473  -74.645  2.314 0.5000000000
12532  -20.198  -71.302  4.057 0.5000000000
5147  -31.761  -82.893  3.329 0.4000000060
5159  -31.421  -82.269  3.142 0.5000000000
5683  -28.658  -81.942  2.894 0.5000000000
6871  -27.612  -79.525  4.478 0.5000000000
6234  -28.002  -80.210  4.249 0.5000000000
116563  -27.406  -77.864  4.554 0.5000000000
115924  -27.947  -77.121  4.598 0.5000000000
7533  -29.300  -78.242  3.747 0.5000000000
9650  -29.178  -75.742  3.629 0.5000000000
125434  -42.478  -77.391  -5.738 0.3000000119
8999  -43.230  -76.461  -6.636 0.3000000119
8285  -42.601  -77.777  -6.511 0.3000000119
8995  -43.256  -76.433  -6.571 0.3000000119
9755  -43.803  -76.000  -6.191 0.3000000119
109323  -29.500  -65.922  15.159 0.3000000119
3333  -39.429  -86.830  -2.709 0.5000000000
3692  -30.087  -85.264  1.715 0.5000000000
3743  -38.658  -85.668  -4.013 0.5000000000
3754  -38.810  -85.325  -4.359 0.5000000000
4165  -32.050  -84.317  2.767 0.5000000000
4166  -33.707  -83.969  2.349 0.5000000000
4261  -38.249  -84.970  -4.773 0.6000000238
4265  -39.155  -84.212  -4.841 0.5000000000
4667  -30.181  -83.393  3.466 0.5000000000
4674  -31.499  -83.619  3.266 0.5000000000
4692  -35.481  -83.867  0.278 0.6000000238
4705  -36.171  -83.825  -0.980 0.6000000238
4728  -36.429  -83.699  -2.826 0.6999999881
4738  -36.458  -83.834  -3.825 0.5000000000
4746  -36.175  -83.289  -5.058 0.8000000119
4751  -37.655  -83.668  -5.438 0.6000000238
5145  -29.999  -82.828  3.447 0.5000000000
5196  -35.450  -82.557  -1.912 0.6999999881
5229  -35.633  -82.724  -4.792 0.6999999881
5231  -42.254  -82.232  -4.279 0.4000000060
5234  -36.687  -83.053  -5.411 0.6000000238
5698  -29.625  -81.325  1.415 0.5000000000
5699  -31.467  -81.192  1.801 0.5000000000
5742  -34.720  -81.619  -4.003 0.6000000238
5750  -35.873  -81.617  -5.094 0.4000000060
5753  -36.224  -82.285  -5.345 0.5000000000
5754  -37.760  -81.554  -5.526 0.4000000060
5758  -42.003  -81.270  -5.460 0.5000000000
6261  -28.560  -81.039  2.400 0.5000000000
6273  -28.790  -81.061  1.686 0.5000000000
6288  -30.210  -80.771  -0.014 0.6000000238
6304  -33.522  -80.067  -0.764 0.6000000238
6312  -30.325  -80.205  -1.224 0.6999999881
6325  -34.275  -80.710  -3.008 0.6000000238
6334  -34.435  -81.004  -3.862 0.6999999881
6345  -42.308  -80.397  -4.966 0.4000000060
6350  -39.265  -80.361  -5.970 0.4000000060
6354  -41.931  -80.183  -6.418 0.4000000060
6355  -42.426  -80.227  -6.105 0.4000000060
6937  -29.806  -79.976  -1.031 0.6000000238
6952  -32.925  -79.404  -2.105 0.6000000238
6970  -30.775  -79.338  -3.627 0.5000000000
6974  -38.986  -79.385  -3.230 0.3000000119
6978  -31.254  -79.189  -4.281 0.5000000000
6979  -32.310  -79.149  -4.205 0.5000000000
6983  -36.209  -80.014  -4.418 0.4000000060
6986  -40.233  -78.806  -4.165 0.3000000119
6991  -38.704  -79.930  -5.598 0.4000000060
6996  -42.131  -79.156  -6.757 0.4000000060
6997  -42.384  -79.644  -6.370 0.4000000060
7521  -28.786  -78.542  4.225 0.5000000000
7522  -29.011  -77.839  4.209 0.5000000000
7613  -36.723  -78.034  -3.688 0.4000000060
7617  -30.951  -78.972  -4.459 0.5000000000
7627  -39.131  -78.635  -5.444 0.3000000119
7631  -41.690  -78.868  -6.938 0.3000000119
8140  -23.452  -77.481  8.990 0.5000000000
8252  -36.592  -77.695  -1.362 0.3000000119
8258  -30.388  -78.328  -2.771 0.5000000000
8262  -30.511  -78.395  -3.602 0.5000000000
8264  -31.663  -77.581  -4.194 0.5000000000
8265  -35.414  -77.184  -3.815 0.4000000060
8271  -30.802  -78.406  -4.208 0.5000000000
8274  -33.128  -77.842  -4.513 0.5000000000
8278  -38.508  -77.579  -4.398 0.4000000060
8282  -39.144  -77.946  -5.061 0.3000000119
8286  -40.229  -77.957  -6.316 0.3000000119
8796  -22.430  -76.239  11.424 0.6000000238
8797  -23.266  -76.257  11.280 0.6999999881
8798  -24.076  -76.277  11.122 0.6999999881
8815  -25.223  -76.454  9.988 0.6999999881
8831  -25.017  -76.656  9.305 0.6999999881
8845  -24.687  -76.731  8.712 0.6999999881
8931  -30.152  -76.513  2.414 0.5000000000
8944  -30.482  -76.636  1.521 0.6000000238
8970  -30.531  -76.860  -3.209 0.5000000000
8985  -33.304  -77.050  -4.414 0.5000000000
8988  -39.545  -76.695  -4.836 0.3000000119
8994  -42.955  -77.019  -6.416 0.3000000119
9511  -25.066  -75.301  11.987 0.6000000238
9534  -26.190  -75.034  10.844 0.6000000238
9588  -23.490  -75.978  6.982 0.5000000000
9590  -25.712  -75.353  8.029 0.6999999881
9708  -29.868  -75.001  -2.821 0.6000000238
9717  -30.282  -75.728  -2.930 0.5000000000
9729  -34.162  -75.324  -3.778 0.5000000000
9743  -36.184  -74.846  -4.094 0.4000000060
10260  -21.745  -74.295  12.785 0.6000000238
10261  -22.314  -74.276  13.282 0.6000000238
10273  -20.659  -74.377  11.802 0.6000000238
10276  -23.609  -74.847  12.653 0.6000000238
10303  -26.530  -74.419  9.817 0.6000000238
10321  -25.837  -74.543  7.750 0.6999999881
10342  -23.413  -74.551  6.227 0.6000000238
10374  -28.471  -74.595  3.546 0.5000000000
10432  -29.938  -74.984  -3.012 0.6000000238
10433  -31.957  -74.770  -2.709 0.5000000000
10445  -30.873  -74.693  -3.010 0.6000000238
10451  -38.437  -74.585  -3.193 0.4000000060
10452  -39.422  -74.408  -3.438 0.4000000060
10950  -23.191  -73.189  15.390 0.6000000238
10951  -24.073  -73.230  15.380 0.6000000238
10964  -25.323  -73.535  14.512 0.6000000238
10972  -20.704  -73.333  13.491 0.5000000000
10990  -26.052  -74.187  13.036 0.6000000238
10992  -27.345  -73.132  12.515 0.6999999881
11004  -27.023  -73.718  11.758 0.6999999881
11037  -26.370  -73.350  8.760 0.6000000238
11066  -22.185  -73.320  5.406 0.6000000238
11085  -25.481  -72.965  3.906 0.5000000000
11115  -28.729  -73.204  -1.511 0.6000000238
11118  -28.861  -73.302  -2.255 0.6000000238
11124  -28.559  -72.501  -2.540 0.5000000000
11126  -32.550  -73.469  -2.733 0.6000000238
11128  -36.764  -73.187  -3.022 0.5000000000
11129  -37.435  -73.466  -2.432 0.4000000060
11130  -38.044  -73.506  -2.145 0.4000000060
11140  -30.962  -72.976  -3.136 0.6000000238
11142  -34.181  -73.736  -3.172 0.5000000000
11152  -36.141  -73.990  -4.133 0.5000000000
11633  -18.619  -72.462  15.385 0.5000000000
11635  -20.599  -72.486  15.094 0.4000000060
11640  -26.216  -72.375  15.354 0.6000000238
11660  -22.340  -72.892  15.339 0.6000000238
11663  -26.646  -72.675  14.671 0.6000000238
11664  -27.338  -72.412  14.496 0.6000000238
11695  -27.615  -72.423  12.478 0.5000000000
11740  -25.394  -72.691  7.502 0.6999999881
11797  -31.044  -72.507  2.734 0.5000000000
11800  -33.383  -72.406  2.678 0.5000000000
11811  -33.413  -72.566  2.104 0.5000000000
11822  -30.660  -72.306  0.449 0.5000000000
11824  -32.517  -72.707  0.565 0.6000000238
11826  -34.229  -72.433  0.945 0.6000000238
11833  -33.509  -72.288  -0.768 0.6000000238
11836  -39.182  -71.913  -0.590 0.4000000060
11846  -27.424  -71.145  -1.796 0.6000000238
11847  -27.800  -71.763  -2.105 0.6000000238
11849  -31.894  -72.112  -1.359 0.6000000238
11852  -37.651  -72.224  -1.446 0.5000000000
11853  -39.388  -72.423  -1.012 0.4000000060
11861  -27.676  -71.206  -2.121 0.6000000238
11871  -29.544  -72.153  -3.141 0.6000000238
11876  -35.502  -72.495  -3.650 0.4000000060
11878  -36.799  -72.379  -2.890 0.5000000000
12360  -18.997  -71.355  17.096 0.5000000000
12365  -23.267  -71.061  17.143 0.6000000238
12382  -26.141  -71.273  16.228 0.5000000000
12383  -27.017  -71.163  16.052 0.5000000000
12399  -25.621  -71.901  15.905 0.6000000238
12437  -27.799  -71.561  12.297 0.5000000000
12457  -26.604  -71.476  10.358 0.5000000000
12458  -27.294  -71.814  10.848 0.5000000000
12472  -26.348  -71.868  9.627 0.6000000238
12524  -23.183  -71.018  5.455 0.6999999881
12548  -28.926  -71.485  3.973 0.6000000238
12574  -26.219  -70.503  0.668 0.6000000238
12579  -35.102  -71.497  1.247 0.5000000000
12586  -26.671  -70.547  0.006 0.6000000238
12587  -26.878  -70.878  -0.563 0.6999999881
12591  -34.823  -72.007  0.697 0.6000000238
12596  -27.862  -70.636  -1.231 0.5000000000
12599  -35.047  -71.825  0.003 0.6000000238
12600  -35.425  -71.275  -0.376 0.6000000238
12612  -27.465  -70.884  -1.637 0.5000000000
12613  -27.994  -70.866  -2.142 0.6000000238
12619  -34.361  -71.128  -1.844 0.6000000238
12621  -37.648  -71.335  -1.655 0.5000000000
12622  -27.633  -70.918  -2.015 0.6000000238
12623  -27.891  -71.066  -2.257 0.6000000238
12624  -28.600  -71.435  -2.437 0.6000000238
12625  -30.307  -71.593  -2.868 0.6000000238
12627  -32.397  -70.849  -3.069 0.6000000238
12629  -33.684  -70.364  -2.856 0.5000000000
13113  -22.158  -70.664  17.471 0.6000000238
13161  -28.646  -70.674  14.525 0.4000000060
13183  -22.496  -69.553  10.637 0.5000000000
13193  -21.743  -69.873  9.565 0.5000000000
13208  -21.591  -69.856  9.248 0.5000000000
13209  -21.723  -70.046  9.455 0.5000000000
13223  -21.533  -69.866  9.021 0.5000000000
13234  -21.663  -69.690  8.463 0.6999999881
13281  -27.451  -70.733  5.922 0.6000000238
13314  -27.411  -70.056  2.223 0.6000000238
13325  -23.319  -69.678  1.649 0.6000000238
13326  -24.274  -69.997  1.570 0.5000000000
13328  -27.012  -69.756  1.397 0.6000000238
13330  -35.023  -70.781  1.760 0.5000000000
13335  -25.938  -69.978  0.509 0.5000000000
13337  -26.693  -70.310  0.048 0.6000000238
13340  -36.109  -70.156  -0.465 0.4000000060
13342  -27.284  -70.685  -0.857 0.6000000238
13343  -35.769  -70.564  -0.839 0.6000000238
13355  -27.671  -70.778  -1.711 0.6000000238
13360  -33.223  -70.623  -3.160 0.5000000000
13871  -20.776  -70.094  17.545 0.5000000000
13876  -25.134  -69.241  16.810 0.5000000000
13900  -27.739  -69.282  16.426 0.4000000060
13913  -28.746  -69.615  15.503 0.4000000060
14018  -21.936  -68.931  7.233 0.6000000238
14043  -26.044  -69.700  3.754 0.6000000238
14049  -20.742  -68.683  3.442 0.5000000000
14051  -24.794  -69.190  2.605 0.6000000238
14074  -21.723  -68.991  1.589 0.5000000000
14077  -25.620  -69.954  0.956 0.6000000238
14079  -26.411  -69.673  1.096 0.5000000000
14081  -35.575  -69.939  0.930 0.4000000060
14090  -26.190  -69.952  0.416 0.5000000000
14091  -36.115  -69.897  0.150 0.5000000000
14108  -40.013  -69.223  -1.465 0.4000000060
14114  -35.107  -69.094  -3.033 0.5000000000
14115  -35.491  -68.566  -2.978 0.4000000060
14619  -22.841  -68.351  17.277 0.5000000000
14620  -24.180  -68.446  17.161 0.5000000000
14621  -24.975  -68.624  16.898 0.5000000000
14637  -27.293  -68.540  16.528 0.4000000060
14639  -29.034  -68.631  15.589 0.4000000060
14750  -21.342  -68.578  3.791 0.6000000238
14751  -21.764  -68.586  4.439 0.6000000238
14757  -20.352  -68.637  2.550 0.5000000000
14759  -22.018  -68.511  3.264 0.5000000000
14765  -20.898  -68.532  2.261 0.5000000000
14767  -23.003  -68.733  2.651 0.5000000000
14774  -21.208  -68.737  1.773 0.5000000000
14789  -36.458  -68.766  -0.920 0.4000000060
14797  -36.232  -68.553  -1.993 0.4000000060
15296  -22.898  -67.656  16.981 0.4000000060
15307  -24.628  -67.297  16.814 0.5000000000
15324  -20.093  -67.135  15.614 0.3000000119
15326  -29.290  -67.730  15.442 0.4000000060
15337  -29.562  -67.038  14.439 0.3000000119
15358  -28.374  -67.445  12.418 0.4000000060
15359  -29.111  -67.118  12.727 0.4000000060
15477  -35.928  -67.577  -0.227 0.4000000060
16058  -23.359  -66.556  16.484 0.4000000060
16064  -28.708  -67.143  16.177 0.4000000060
16072  -29.462  -66.839  15.167 0.4000000060
16116  -28.726  -66.717  12.142 0.4000000060
16247  -36.172  -66.466  -1.419 0.4000000060
16860  -22.979  -65.916  16.178 0.3000000119
16862  -24.624  -65.458  16.243 0.3000000119
16863  -26.078  -65.798  16.469 0.3000000119
16865  -27.848  -65.701  16.381 0.3000000119
16866  -28.633  -65.708  16.096 0.3000000119
16954  -17.059  -65.603  9.399 0.3000000119
16968  -17.023  -65.461  7.614 0.4000000060
16969  -17.209  -65.131  7.194 0.3000000119
17722  -18.731  -64.559  13.011 0.4000000060
17723  -19.308  -64.325  13.383 0.3000000119
17724  -20.109  -64.045  13.732 0.3000000119
17747  -17.714  -64.425  11.457 0.4000000060
17797  -16.819  -65.262  7.077 0.3000000119
17802  -16.067  -64.364  5.522 0.3000000119
17803  -16.610  -64.715  6.394 0.3000000119
17804  -17.038  -64.718  6.392 0.3000000119
18687  -16.083  -64.137  5.030 0.3000000119
19539  -17.117  -63.395  5.522 0.3000000119
19555  -16.803  -62.621  4.910 0.3000000119
20407  -20.101  -60.740  9.784 0.3000000119
20446  -16.735  -61.611  4.889 0.3000000119
107868  -26.926  -73.862  10.851 0.5000000000
108318  -30.667  -73.896  -3.083 0.6000000238
108552  -32.938  -84.154  2.658 0.4000000060
109212  -27.149  -70.607  5.108 0.6000000238
109218  -31.916  -72.734  1.162 0.5000000000
109252  -27.821  -81.483  3.584 0.5000000000
109545  -21.792  -73.074  14.721 0.6000000238
110826  -30.340  -71.566  5.218 0.6000000238
110929  -28.526  -79.978  3.802 0.5000000000
111175  -39.330  -80.950  -5.998 0.5000000000
111205  -34.707  -83.368  0.945 0.5000000000
111373  -36.884  -75.010  -3.574 0.4000000060
111905  -21.202  -64.370  14.573 0.3000000119
111961  -36.442  -68.078  -0.757 0.4000000060
112030  -34.188  -72.776  -3.194 0.4000000060
112720  -22.953  -67.079  16.653 0.4000000060
113172  -26.553  -74.444  10.540 0.6000000238
114678  -30.830  -72.434  1.857 0.5000000000
115072  -27.162  -67.333  16.558 0.4000000060
115120  -24.295  -71.421  16.541 0.6999999881
115265  -24.610  -76.231  10.924 0.6999999881
115428  -26.979  -70.424  4.486 0.6000000238
116351  -41.709  -80.572  -4.304 0.3000000119
116461  -31.077  -79.830  -2.299 0.6000000238
118342  -25.288  -65.985  16.465 0.3000000119
118629  -16.396  -63.558  4.834 0.3000000119
118781  -29.034  -71.250  -1.469 0.5000000000
119729  -24.531  -69.486  4.961 0.6000000238
119813  -34.563  -81.173  -2.451 0.6999999881
120235  -34.608  -79.470  -4.380 0.6000000238
120764  -40.621  -69.456  -0.952 0.4000000060
121136  -29.467  -71.749  -2.895 0.6000000238
121262  -33.460  -78.391  -4.511 0.5000000000
121268  -25.855  -66.523  16.595 0.3000000119
121838  -27.282  -70.527  16.283 0.5000000000
122196  -23.676  -68.992  17.303 0.5000000000
122730  -30.889  -72.382  3.553 0.5000000000
122806  -28.766  -71.044  1.171 0.6000000238
123570  -34.401  -74.574  -3.573 0.5000000000
123642  -28.683  -68.408  16.093 0.4000000060
123745  -26.783  -73.413  3.822 0.5000000000
123753  -29.795  -80.347  -0.473 0.6999999881
124167  -29.652  -77.901  3.188 0.5000000000
124516  -17.367  -64.604  6.869 0.3000000119
124615  -25.321  -72.346  7.963 0.6999999881
124728  -40.038  -82.686  -5.247 0.5000000000
125007  -30.650  -76.816  0.788 0.6999999881
125400  -41.216  -77.795  -6.807 0.3000000119
125745  -27.328  -69.896  16.445 0.5000000000
125998  -15.827  -63.485  4.720 0.3000000119
126309  -42.550  -79.548  -6.186 0.4000000060
126587  -37.094  -84.387  -4.863 0.6000000238
126988  -28.998  -69.922  14.471 0.4000000060
127193  -26.099  -73.503  8.191 0.6000000238
127525  -25.104  -72.239  15.888 0.6000000238
127987  -29.433  -82.836  3.401 0.5000000000
128405  -25.899  -70.081  5.410 0.6000000238
128623  -34.104  -84.520  2.108 0.5000000000
128696  -23.132  -70.903  8.799 0.5000000000
129141  -29.280  -66.420  15.550 0.3000000119
129488  -35.320  -70.343  1.328 0.5000000000
129561  -28.705  -75.227  3.812 0.5000000000
129761  -42.023  -77.726  -7.137 0.3000000119
129846  -22.418  -68.614  2.484 0.5000000000
129950  -25.063  -71.885  3.132 0.6000000238
129978  -33.773  -82.492  1.591 0.5000000000
130177  -26.979  -67.936  16.565 0.4000000060
