#!ascii label  , from subject sub-v2s3x28793_ses-1 vox2ras=TkReg
2089
8481  30.664  -79.161  -4.473 0.2000000030
9270  31.091  -78.442  -3.818 0.2000000030
8500  30.809  -79.295  -5.493 0.2000000030
9271  30.273  -78.646  -3.347 0.2000000030
7787  29.705  -80.225  -6.238 0.1000000015
9244  31.718  -77.917  -3.201 0.3000000119
9296  31.221  -78.895  -4.923 0.2000000030
8501  30.320  -79.826  -5.035 0.1000000015
7765  29.577  -80.178  -4.440 0.2000000030
8523  30.714  -79.103  -6.058 0.1000000015
7771  30.323  -79.723  -5.948 0.1000000015
8524  30.082  -79.574  -6.232 0.1000000015
8525  29.351  -79.699  -6.391 0.1000000015
8540  29.492  -80.072  -6.445 0.1000000015
8503  27.519  -79.415  -5.089 0.1000000015
8541  28.942  -80.304  -6.626 0.1000000015
8526  28.244  -79.845  -6.198 0.1000000015
9298  26.892  -79.143  -4.304 0.2000000030
10119  30.806  -78.396  -5.763 0.1000000015
10110  30.404  -77.637  -5.196 0.1000000015
8499  31.148  -78.782  -5.696 0.2000000030
9313  29.828  -79.059  -6.197 0.1000000015
9311  31.047  -78.667  -5.832 0.1000000015
9312  30.598  -78.952  -6.140 0.1000000015
123300  29.301  -78.485  -5.420 0.1000000015
9297  27.655  -78.729  -4.502 0.1000000015
9248  26.053  -78.182  -2.733 0.2000000030
9274  26.681  -78.591  -3.580 0.2000000030
9249  25.116  -78.318  -2.545 0.1000000015
8484  25.934  -79.300  -3.832 0.2000000030
9251  23.973  -77.727  -2.474 0.2000000030
107283  23.601  -77.235  -2.820 0.1000000015
110465  23.491  -75.777  -3.570 0.1000000015
122700  30.128  -78.402  -5.696 0.1000000015
10093  29.321  -77.707  -4.659 0.1000000015
9272  28.485  -78.265  -4.611 0.1000000015
10056  24.403  -77.103  -1.876 0.2000000030
113216  23.708  -76.190  -1.981 0.2000000030
11536  23.582  -75.505  -2.141 0.2000000030
107980  23.516  -76.334  -2.849 0.2000000030
11552  23.488  -75.314  -3.010 0.1000000015
108361  23.541  -75.107  -3.831 0.2000000030
10094  28.341  -77.549  -3.777 0.1000000015
9273  27.630  -78.080  -3.742 0.2000000030
10054  25.903  -77.072  -1.856 0.2000000030
10070  25.521  -77.681  -2.198 0.3000000119
12272  23.511  -74.547  -2.418 0.3000000119
12972  23.568  -73.856  -3.231 0.2000000030
12304  23.677  -74.292  -4.154 0.2000000030
12311  23.848  -74.584  -5.083 0.2000000030
10055  25.107  -77.157  -1.719 0.3000000119
10095  26.965  -77.879  -2.977 0.2000000030
109992  23.597  -74.118  -1.597 0.3000000119
13637  23.610  -72.696  -2.116 0.3000000119
14403  24.224  -71.309  -2.724 0.3000000119
13651  23.710  -72.995  -3.028 0.3000000119
13650  24.070  -72.501  -3.552 0.2000000030
12985  24.117  -73.784  -4.876 0.2000000030
12994  24.530  -73.449  -5.445 0.2000000030
127438  24.016  -71.033  -0.888 0.4000000060
12236  23.845  -74.233  -0.896 0.3000000119
115341  23.645  -73.348  -1.217 0.3000000119
10821  24.797  -76.487  -1.422 0.2000000030
11521  23.937  -75.685  -1.438 0.2000000030
108111  24.531  -70.898  -3.329 0.3000000119
13661  24.380  -72.372  -4.242 0.2000000030
15179  24.745  -70.979  -3.997 0.2000000030
13669  24.780  -72.197  -4.985 0.2000000030
124826  24.184  -70.727  -1.526 0.3000000119
115772  23.768  -71.828  -2.061 0.3000000119
15973  24.945  -69.807  -3.211 0.2000000030
15178  25.455  -70.172  -4.447 0.2000000030
127491  25.094  -70.589  -4.182 0.2000000030
15988  26.018  -69.813  -5.100 0.1000000015
14415  24.732  -71.594  -4.424 0.2000000030
14422  25.571  -71.403  -5.651 0.2000000030
14414  25.207  -71.476  -5.072 0.2000000030
12993  24.910  -72.814  -5.620 0.2000000030
16773  24.693  -68.919  -1.301 0.3000000119
16784  24.867  -69.079  -2.116 0.3000000119
15166  24.387  -70.566  -2.334 0.3000000119
17584  25.475  -67.733  -1.720 0.2000000030
15965  25.204  -69.216  -2.910 0.3000000119
17594  25.821  -67.664  -2.437 0.2000000030
128342  24.435  -70.784  -2.852 0.3000000119
16790  25.697  -68.675  -3.371 0.1000000015
16797  26.017  -68.862  -4.107 0.1000000015
110897  26.478  -68.955  -4.869 0.1000000015
15978  25.853  -69.444  -4.469 0.1000000015
16796  26.299  -68.227  -3.781 0.1000000015
15184  26.289  -70.260  -5.795 0.1000000015
17571  25.203  -67.305  -0.500 0.3000000119
127936  25.313  -67.532  -1.116 0.2000000030
18404  25.611  -67.025  -1.260 0.2000000030
19266  26.216  -65.634  -0.905 0.2000000030
20115  26.755  -64.259  -0.682 0.1000000015
17583  26.072  -67.013  -2.067 0.1000000015
19275  26.596  -65.588  -1.692 0.1000000015
17593  26.317  -67.332  -2.809 0.1000000015
16782  25.980  -67.959  -3.080 0.1000000015
16795  27.028  -68.191  -4.819 0.1000000015
17613  27.633  -67.825  -5.300 0.1000000015
20122  27.072  -64.169  -1.397 0.1000000015
19274  27.040  -64.858  -1.958 0.1000000015
19283  27.034  -65.613  -2.475 0.1000000015
18412  26.974  -66.325  -2.910 0.1000000015
18421  26.803  -66.951  -3.250 0.1000000015
19292  27.494  -65.783  -3.274 0.1000000015
18426  27.704  -66.837  -4.379 0.1000000015
17598  27.142  -67.222  -3.950 0.1000000015
20131  27.438  -64.062  -2.190 0.1000000015
19299  27.929  -66.102  -4.090 0.1000000015
17602  28.016  -67.152  -5.021 0.1000000015
21061  27.463  -63.441  -1.604 0.1000000015
8502  28.655  -79.047  -5.558 0.1000000015
9277  23.922  -78.466  -3.061 0.1000000015
10631  29.147  -76.002  13.175 0.5000000000
11376  29.549  -74.712  14.206 0.5000000000
11390  28.767  -75.265  13.671 0.5000000000
11391  27.905  -75.187  13.199 0.5000000000
11398  27.640  -75.522  12.343 0.5000000000
12813  30.664  -72.792  14.619 0.2000000030
12121  30.938  -72.920  14.622 0.2000000030
12814  30.246  -72.647  14.585 0.3000000119
12122  30.300  -73.285  14.453 0.3000000119
12123  29.118  -74.079  14.259 0.5000000000
12822  28.472  -73.475  14.216 0.5000000000
12134  27.583  -74.395  13.568 0.5000000000
12823  27.428  -73.407  13.880 0.5000000000
12135  26.753  -74.141  13.200 0.5000000000
11401  28.307  -76.078  11.920 0.5000000000
11399  26.830  -75.159  11.919 0.5000000000
10659  28.123  -76.153  11.075 0.5000000000
10693  29.586  -76.482  8.784 0.5000000000
13475  28.981  -71.765  15.002 0.3000000119
14185  28.932  -71.807  14.940 0.3000000119
12815  29.239  -72.368  14.545 0.5000000000
120176  26.496  -73.265  13.449 0.5000000000
12141  26.378  -74.517  12.346 0.5000000000
11402  27.429  -75.667  11.416 0.5000000000
11406  27.446  -75.776  10.554 0.5000000000
10734  32.262  -76.708  5.916 0.4000000060
10735  31.531  -76.678  5.695 0.5000000000
10701  31.371  -76.482  7.342 0.5000000000
108673  30.102  -76.507  8.066 0.5000000000
10676  28.860  -76.395  9.173 0.5000000000
9950  32.074  -76.947  5.211 0.4000000060
12805  29.422  -72.228  15.106 0.3000000119
13476  28.363  -71.663  15.249 0.4000000060
14186  28.454  -71.459  14.968 0.4000000060
12816  28.334  -72.460  14.345 0.5000000000
14196  27.639  -71.337  14.532 0.5000000000
13490  27.297  -72.320  14.094 0.5000000000
13491  26.336  -72.490  13.559 0.5000000000
117614  26.732  -71.622  13.958 0.5000000000
14198  26.222  -71.013  13.694 0.5000000000
13492  25.839  -72.002  13.317 0.5000000000
12827  26.005  -73.808  12.721 0.5000000000
12143  25.995  -74.650  11.416 0.5000000000
10677  28.272  -76.235  9.513 0.6000000238
10702  30.505  -76.483  7.384 0.5000000000
109961  29.411  -76.467  7.971 0.5000000000
122331  28.351  -76.258  8.836 0.5000000000
109754  33.365  -77.459  3.930 0.4000000060
9967  32.920  -77.258  4.708 0.4000000060
10745  31.224  -76.920  4.951 0.5000000000
13418  27.105  -72.313  21.402 0.1000000015
14125  26.637  -71.665  21.296 0.1000000015
14885  26.367  -70.171  21.783 0.1000000015
13440  26.671  -72.557  19.339 0.1000000015
14138  26.229  -71.470  20.422 0.1000000015
14886  25.894  -70.119  21.104 0.1000000015
112775  26.269  -71.894  19.726 0.1000000015
14149  25.791  -71.220  19.489 0.1000000015
14902  25.571  -70.090  20.347 0.1000000015
12794  27.732  -73.180  16.447 0.2000000030
13458  27.143  -72.742  16.870 0.1000000015
13468  27.644  -72.295  15.930 0.3000000119
14193  28.337  -71.428  14.911 0.5000000000
14177  26.700  -71.468  16.308 0.4000000060
14187  27.074  -70.871  15.500 0.4000000060
14954  27.092  -70.320  14.760 0.4000000060
14197  27.034  -70.795  14.393 0.5000000000
14957  26.545  -70.256  14.071 0.5000000000
14958  25.687  -70.354  13.277 0.5000000000
14200  25.419  -71.307  12.941 0.5000000000
11407  26.709  -75.369  10.481 0.5000000000
10703  29.708  -76.466  7.383 0.5000000000
10714  30.871  -76.487  6.687 0.5000000000
111513  32.477  -77.421  3.775 0.4000000060
113683  34.721  -77.460  2.058 0.5000000000
14825  28.847  -70.982  25.275 0.1000000015
14099  27.893  -71.319  24.034 0.1000000015
13399  27.519  -71.707  23.155 0.1000000015
118438  27.072  -71.111  22.695 0.1000000015
14111  26.644  -71.008  22.007 0.1000000015
14872  26.893  -70.178  22.645 0.1000000015
15652  26.617  -69.335  22.147 0.1000000015
14857  27.421  -70.703  23.338 0.1000000015
15669  26.134  -69.421  21.469 0.1000000015
17355  24.708  -67.085  19.165 0.2000000030
118145  26.885  -72.928  17.811 0.1000000015
14148  26.095  -71.858  18.875 0.1000000015
14159  25.681  -71.198  18.503 0.1000000015
15687  25.255  -69.802  19.480 0.1000000015
16536  24.691  -68.601  18.891 0.2000000030
14158  26.019  -71.721  17.973 0.2000000030
14935  25.377  -70.540  18.064 0.1000000015
14934  25.611  -70.509  17.068 0.2000000030
15738  24.677  -69.063  17.652 0.2000000030
17365  24.556  -67.801  18.657 0.2000000030
118932  24.467  -66.989  18.351 0.2000000030
14166  26.094  -71.314  17.123 0.2000000030
14945  26.349  -70.716  16.178 0.2000000030
14951  25.905  -70.027  16.021 0.3000000119
109898  25.323  -69.252  15.945 0.3000000119
16584  25.622  -69.056  15.065 0.4000000060
15760  26.573  -69.907  14.419 0.5000000000
11413  27.184  -75.642  9.138 0.5000000000
15761  26.056  -69.730  13.824 0.4000000060
119340  27.582  -75.839  6.772 0.5000000000
11426  27.430  -75.744  7.527 0.5000000000
11424  26.619  -75.361  8.613 0.5000000000
118731  28.416  -76.237  6.614 0.5000000000
10705  28.146  -76.150  7.527 0.5000000000
122001  27.780  -75.964  7.889 0.5000000000
12828  25.340  -73.488  12.110 0.5000000000
13494  25.147  -72.271  12.483 0.5000000000
10736  29.894  -76.579  5.475 0.5000000000
128720  28.937  -76.389  6.164 0.5000000000
116532  29.267  -76.422  6.746 0.5000000000
113180  26.579  -75.338  9.295 0.5000000000
9968  31.841  -77.227  4.390 0.5000000000
124141  30.744  -76.651  5.509 0.5000000000
10704  28.939  -76.390  7.412 0.5000000000
11414  26.964  -75.532  9.851 0.6000000238
114206  30.059  -76.473  6.742 0.5000000000
9998  33.940  -77.518  2.653 0.4000000060
115452  29.611  -70.639  25.648 0.1000000015
14842  28.423  -70.657  24.634 0.1000000015
15620  29.055  -69.302  24.563 0.1000000015
16458  29.819  -68.620  24.459 0.1000000015
16471  31.480  -68.324  23.493 0.1000000015
14856  27.922  -70.249  24.022 0.1000000015
15635  28.302  -69.297  23.961 0.1000000015
15636  27.542  -69.723  23.372 0.1000000015
16491  28.120  -68.063  23.045 0.1000000015
17322  27.736  -67.806  22.534 0.1000000015
16507  27.078  -67.879  22.126 0.1000000015
18130  26.702  -66.936  21.151 0.1000000015
16521  25.532  -68.709  20.514 0.1000000015
17342  25.635  -67.429  20.446 0.2000000030
17354  25.220  -67.256  19.850 0.2000000030
118966  25.102  -68.814  19.684 0.1000000015
119832  24.841  -67.922  19.445 0.2000000030
16580  24.701  -68.519  16.400 0.3000000119
17394  24.408  -67.721  16.953 0.3000000119
18164  24.413  -66.196  17.981 0.2000000030
118424  24.302  -66.900  16.602 0.2000000030
16588  25.417  -68.708  14.397 0.4000000060
17400  24.568  -67.517  15.222 0.3000000119
16591  25.596  -69.093  13.707 0.4000000060
16589  24.863  -67.970  14.445 0.4000000060
12169  25.470  -74.495  7.624 0.5000000000
12850  24.958  -73.891  7.989 0.5000000000
12164  25.426  -74.443  8.553 0.5000000000
15763  25.482  -69.521  13.135 0.5000000000
13534  24.437  -72.587  7.695 0.5000000000
112539  24.245  -71.599  8.576 0.5000000000
13524  24.287  -72.377  8.632 0.5000000000
12840  24.915  -73.847  8.935 0.5000000000
12155  25.494  -74.493  9.622 0.6000000238
126348  25.088  -70.727  12.589 0.5000000000
14961  25.096  -70.012  12.575 0.5000000000
112845  24.199  -70.949  8.979 0.5000000000
13512  24.276  -72.437  9.563 0.5000000000
12841  24.514  -73.145  9.244 0.6000000238
12154  26.246  -75.123  9.809 0.5000000000
12144  25.326  -73.957  11.378 0.5000000000
12834  24.870  -73.768  9.889 0.5000000000
12149  25.371  -74.256  10.599 0.5000000000
10011  36.856  -77.459  1.086 0.4000000060
10012  35.448  -77.361  1.342 0.4000000060
108630  34.141  -77.528  3.381 0.4000000060
15699  33.717  -69.676  19.454 0.1000000015
16504  32.305  -68.882  21.783 0.1000000015
16519  31.639  -68.625  20.560 0.1000000015
16459  28.991  -68.658  24.166 0.1000000015
16472  30.424  -67.956  23.653 0.1000000015
16490  30.913  -67.941  21.990 0.1000000015
16506  30.981  -68.164  20.970 0.1000000015
115923  30.417  -67.697  22.861 0.1000000015
17319  30.018  -67.507  22.322 0.1000000015
17339  30.399  -67.658  20.578 0.1000000015
17331  27.844  -67.256  22.017 0.1000000015
18128  28.449  -66.792  21.420 0.1000000015
18129  27.505  -66.798  21.348 0.1000000015
18150  27.684  -65.875  20.242 0.2000000030
18991  27.207  -65.354  19.693 0.2000000030
18992  26.241  -65.384  19.611 0.2000000030
128484  24.942  -65.741  19.044 0.2000000030
19007  24.701  -65.579  18.420 0.2000000030
19952  29.300  -63.871  10.371 0.2000000030
18178  24.299  -66.138  17.086 0.2000000030
19980  27.978  -63.972  8.918 0.2000000030
119901  27.131  -64.071  9.188 0.2000000030
20867  26.153  -63.939  10.168 0.2000000030
19953  25.522  -64.483  10.545 0.2000000030
18191  24.344  -66.964  15.856 0.2000000030
19118  27.408  -64.686  8.621 0.2000000030
19981  26.602  -64.779  8.989 0.2000000030
18243  25.445  -65.963  9.565 0.2000000030
115998  24.843  -66.436  10.335 0.2000000030
19094  24.803  -65.781  10.867 0.3000000119
113003  24.627  -66.389  11.253 0.2000000030
17412  24.591  -66.981  11.891 0.4000000060
17447  26.250  -67.210  8.177 0.2000000030
18255  25.658  -66.673  8.833 0.3000000119
18244  25.110  -66.771  9.557 0.3000000119
17426  24.739  -67.389  9.973 0.4000000060
17417  24.584  -67.349  11.008 0.4000000060
115894  24.650  -67.803  11.964 0.5000000000
17409  24.714  -67.499  13.149 0.4000000060
16594  25.238  -68.782  12.958 0.5000000000
15831  24.915  -69.892  8.058 0.5000000000
15809  25.136  -69.126  8.273 0.4000000060
16634  24.819  -68.772  8.844 0.4000000060
16619  25.042  -68.076  8.897 0.4000000060
16620  24.715  -68.285  9.521 0.4000000060
115768  24.316  -69.694  10.289 0.5000000000
15778  24.470  -68.999  10.849 0.5000000000
114409  24.572  -68.323  11.382 0.5000000000
15764  25.002  -69.268  12.462 0.5000000000
14991  24.378  -70.145  9.037 0.5000000000
113575  24.222  -70.361  9.663 0.5000000000
110982  24.075  -71.223  9.771 0.5000000000
12835  24.509  -73.052  10.140 0.5000000000
12830  24.850  -73.585  10.751 0.5000000000
13495  24.587  -72.183  11.644 0.5000000000
14201  24.773  -71.415  12.178 0.5000000000
15715  35.043  -69.351  18.245 0.1000000015
15698  34.664  -69.931  18.944 0.1000000015
15716  33.773  -69.262  18.606 0.1000000015
126665  33.607  -68.552  18.105 0.1000000015
16534  32.365  -68.937  19.449 0.1000000015
16547  32.776  -68.696  18.609 0.1000000015
16548  31.876  -68.360  18.922 0.1000000015
17362  32.299  -67.889  18.187 0.1000000015
110389  30.425  -67.515  19.803 0.1000000015
17352  30.475  -67.250  19.175 0.1000000015
18127  29.160  -66.706  20.675 0.1000000015
18149  28.744  -66.166  20.035 0.2000000030
18989  29.164  -65.898  19.295 0.2000000030
18990  28.263  -65.526  19.596 0.2000000030
120228  25.199  -65.179  18.730 0.2000000030
19018  24.502  -65.443  17.598 0.2000000030
115877  28.899  -63.644  11.218 0.1000000015
20865  28.283  -63.548  10.387 0.2000000030
20885  26.859  -63.649  9.885 0.2000000030
18201  24.228  -66.103  16.099 0.2000000030
120927  29.166  -63.053  11.828 0.1000000015
122215  29.090  -63.454  11.603 0.1000000015
109905  28.133  -63.455  11.178 0.1000000015
20835  27.433  -63.292  11.591 0.1000000015
20868  25.839  -63.704  10.981 0.1000000015
19072  24.965  -65.029  11.024 0.1000000015
19073  24.662  -65.584  11.506 0.2000000030
17406  24.530  -67.179  14.482 0.3000000119
109287  24.364  -66.645  15.243 0.2000000030
19928  24.803  -64.766  11.770 0.1000000015
110712  24.557  -65.382  12.220 0.1000000015
18225  24.519  -66.165  12.015 0.3000000119
120615  24.727  -67.563  13.843 0.2000000030
118644  24.413  -69.918  11.238 0.5000000000
15767  24.628  -69.125  11.729 0.5000000000
112354  24.793  -68.565  12.239 0.5000000000
14965  24.187  -70.694  10.552 0.5000000000
14204  24.372  -71.333  11.276 0.5000000000
14962  24.627  -70.546  11.890 0.5000000000
114826  24.329  -72.098  10.950 0.5000000000
16564  37.177  -68.458  17.756 0.1000000015
17378  35.740  -67.162  17.555 0.1000000015
17379  35.187  -66.808  17.226 0.1000000015
16566  35.585  -67.648  17.457 0.1000000015
117854  33.943  -67.309  17.353 0.1000000015
18174  35.082  -65.987  17.129 0.1000000015
16568  33.179  -68.027  17.816 0.1000000015
18177  31.444  -66.512  17.693 0.1000000015
18176  32.338  -66.451  17.296 0.1000000015
18163  30.807  -66.589  18.183 0.1000000015
19002  30.184  -66.052  18.325 0.2000000030
19004  28.708  -65.201  18.936 0.2000000030
19005  27.739  -64.885  19.156 0.2000000030
19824  26.738  -64.800  19.171 0.2000000030
19836  27.281  -64.316  18.644 0.2000000030
19837  26.357  -64.344  18.554 0.2000000030
19839  24.867  -64.852  18.059 0.2000000030
19853  24.701  -64.668  17.227 0.2000000030
19033  24.369  -65.339  16.724 0.2000000030
21806  29.511  -62.313  11.529 0.1000000015
21808  28.680  -63.117  12.119 0.1000000015
20813  27.131  -63.143  12.543 0.1000000015
20836  26.272  -63.348  11.774 0.1000000015
20837  25.595  -63.683  11.705 0.1000000015
124608  24.287  -64.961  15.225 0.1000000015
121003  24.272  -65.728  15.127 0.2000000030
19042  24.268  -65.165  15.880 0.2000000030
20815  25.607  -63.538  12.440 0.1000000015
19906  24.689  -64.592  12.551 0.1000000015
19058  24.464  -65.269  12.940 0.1000000015
123899  24.454  -65.907  12.621 0.2000000030
18215  24.485  -66.756  13.718 0.2000000030
18211  24.382  -66.435  14.535 0.2000000030
18146  33.855  -66.425  18.718 0.1000000015
18160  35.233  -66.392  17.273 0.1000000015
18988  31.977  -65.506  19.521 0.1000000015
122695  33.653  -64.867  18.088 0.1000000015
19014  34.697  -64.691  16.982 0.1000000015
120360  33.755  -65.513  16.632 0.1000000015
18189  34.533  -65.611  16.781 0.1000000015
19016  30.853  -65.733  17.664 0.1000000015
19017  29.976  -65.231  18.029 0.1000000015
19848  30.561  -64.646  17.489 0.1000000015
19834  29.144  -64.815  18.344 0.1000000015
19835  28.228  -64.473  18.575 0.2000000030
20743  26.883  -63.749  18.129 0.2000000030
19852  25.296  -64.236  17.600 0.2000000030
19851  26.041  -63.916  17.924 0.2000000030
19869  25.029  -63.968  16.808 0.2000000030
19870  24.559  -64.516  16.391 0.2000000030
23905  30.396  -60.723  11.026 0.1000000015
22824  29.336  -61.376  11.864 0.1000000015
21790  28.305  -62.614  12.687 0.1000000015
119690  24.499  -64.420  15.596 0.2000000030
21784  28.061  -62.122  13.402 0.1000000015
21791  27.651  -62.827  13.059 0.1000000015
20814  26.300  -63.235  12.834 0.1000000015
19897  24.972  -63.856  13.020 0.1000000015
19898  24.592  -64.541  13.325 0.1000000015
19893  24.528  -64.517  14.077 0.2000000030
118550  31.891  -64.744  19.412 0.1000000015
19833  34.218  -64.188  17.352 0.1000000015
19846  34.509  -64.118  16.968 0.1000000015
19032  32.466  -65.021  16.713 0.1000000015
19847  31.512  -64.924  17.107 0.1000000015
19849  29.633  -64.315  17.823 0.1000000015
19850  28.714  -63.997  18.047 0.2000000030
20757  28.325  -63.249  17.692 0.1000000015
20758  27.423  -63.232  17.627 0.2000000030
20780  27.062  -62.744  17.019 0.1000000015
20759  26.566  -63.356  17.454 0.2000000030
113349  29.441  -60.110  13.059 0.1000000015
23891  28.966  -60.678  13.270 0.1000000015
22798  28.384  -61.199  14.638 0.1000000015
21768  27.336  -62.098  15.682 0.1000000015
20794  26.107  -62.976  15.832 0.1000000015
20781  26.306  -63.083  16.699 0.1000000015
23906  29.860  -60.616  11.549 0.1000000015
112157  29.407  -60.545  12.379 0.1000000015
22805  28.438  -61.303  13.721 0.1000000015
22799  27.862  -61.794  14.239 0.1000000015
21778  26.597  -62.771  14.246 0.1000000015
20799  25.971  -63.044  14.923 0.1000000015
20795  25.427  -63.422  15.477 0.1000000015
21785  27.395  -62.486  13.841 0.1000000015
123923  26.265  -63.108  13.571 0.1000000015
108529  25.826  -63.244  14.090 0.1000000015
19884  24.490  -64.428  14.832 0.1000000015
20726  32.663  -63.336  18.546 0.1000000015
20741  33.578  -63.339  17.602 0.1000000015
20777  33.776  -63.531  16.651 0.1000000015
20778  32.738  -63.388  16.547 0.1000000015
20754  31.401  -63.822  16.966 0.1000000015
21735  29.851  -62.648  17.252 0.1000000015
24886  31.118  -59.425  15.344 0.1000000015
23871  30.621  -60.046  15.505 0.1000000015
23852  30.074  -60.641  15.951 0.1000000015
123854  29.546  -61.114  16.343 0.1000000015
21736  28.870  -62.562  17.318 0.1000000015
123372  31.077  -58.362  13.885 0.1000000015
24895  31.001  -58.892  14.719 0.1000000015
23872  29.756  -60.235  15.160 0.1000000015
22791  29.230  -60.789  15.819 0.1000000015
22781  28.827  -61.352  16.303 0.1000000015
21759  27.574  -62.239  16.499 0.1000000015
25906  30.506  -58.831  13.234 0.1000000015
24905  29.887  -59.534  13.395 0.1000000015
24897  29.794  -59.778  14.321 0.1000000015
23873  28.946  -60.651  15.031 0.1000000015
22792  28.524  -61.183  15.545 0.1000000015
22782  28.021  -61.651  16.039 0.1000000015
21760  26.813  -62.543  16.217 0.1000000015
21755  32.512  -62.457  16.599 0.1000000015
22778  32.511  -61.720  16.744 0.1000000015
126017  31.567  -62.341  16.581 0.1000000015
111280  31.893  -60.920  16.457 0.1000000015
22779  31.633  -61.579  16.475 0.1000000015
25883  31.584  -58.723  15.372 0.1000000015
23870  31.278  -59.919  15.782 0.1000000015
22780  30.356  -61.249  16.424 0.1000000015
21757  29.468  -61.799  16.821 0.1000000015
26854  31.563  -58.222  14.719 0.1000000015
110595  29.671  -72.680  14.520 0.4000000060
12142  25.743  -74.144  12.011 0.5000000000
13486  29.042  -71.991  14.747 0.4000000060
14949  27.675  -70.851  14.998 0.4000000060
13428  26.741  -72.296  20.496 0.1000000015
15670  25.686  -69.411  20.808 0.1000000015
122198  27.057  -72.076  16.354 0.2000000030
14950  26.875  -70.203  15.214 0.4000000060
15756  26.683  -69.869  14.815 0.4000000060
14841  29.127  -70.070  25.051 0.1000000015
16475  27.821  -68.828  23.282 0.1000000015
16549  24.545  -68.491  18.118 0.3000000119
18151  25.830  -66.026  19.988 0.2000000030
15718  25.084  -69.891  18.562 0.2000000030
15719  24.733  -69.212  18.318 0.2000000030
14946  25.334  -69.770  16.720 0.2000000030
16569  24.552  -68.479  17.308 0.3000000119
118066  24.338  -66.918  17.474 0.2000000030
16585  24.954  -68.424  15.344 0.3000000119
119910  25.984  -74.980  8.131 0.5000000000
15618  30.538  -69.028  25.015 0.1000000015
16457  30.823  -68.454  24.393 0.1000000015
110637  31.040  -67.950  22.872 0.1000000015
16474  28.563  -68.429  23.606 0.1000000015
17321  28.412  -67.538  22.593 0.1000000015
17310  28.906  -67.741  23.196 0.1000000015
116105  27.103  -67.289  21.637 0.1000000015
17332  26.524  -67.625  21.428 0.1000000015
16509  25.870  -68.005  20.960 0.1000000015
18138  27.123  -66.374  20.746 0.1000000015
18978  26.666  -65.862  20.211 0.2000000030
107635  24.496  -67.706  16.053 0.3000000119
16592  25.092  -68.278  13.565 0.4000000060
12859  24.694  -73.304  7.416 0.5000000000
12851  24.568  -73.221  8.313 0.5000000000
114574  24.603  -72.734  6.951 0.5000000000
15009  24.523  -70.388  8.478 0.5000000000
110422  32.254  -69.050  20.942 0.1000000015
15717  32.986  -69.292  19.183 0.1000000015
16505  31.631  -68.544  21.397 0.1000000015
16520  31.007  -68.164  20.138 0.1000000015
17329  29.517  -67.290  21.774 0.1000000015
121486  29.726  -67.283  20.974 0.1000000015
18137  28.139  -66.405  20.766 0.1000000015
20884  27.638  -63.637  9.648 0.2000000030
127435  26.507  -64.228  9.549 0.2000000030
19120  25.874  -64.867  9.646 0.2000000030
19927  25.285  -64.230  11.342 0.1000000015
19128  26.892  -65.457  8.462 0.2000000030
19119  26.119  -65.645  8.912 0.2000000030
125791  24.654  -67.434  12.478 0.4000000060
17448  25.523  -67.616  8.589 0.5000000000
17438  25.078  -67.448  9.200 0.4000000060
114182  27.235  -66.068  8.035 0.2000000030
110811  24.459  -68.882  10.069 0.5000000000
16607  24.563  -68.180  10.430 0.5000000000
114351  24.867  -68.084  12.728 0.5000000000
18217  24.535  -66.686  12.719 0.3000000119
16657  25.741  -68.733  7.872 0.5000000000
16633  25.353  -68.384  8.436 0.5000000000
15791  24.476  -69.376  9.422 0.5000000000
16565  36.596  -67.964  17.625 0.1000000015
16546  34.629  -68.579  17.819 0.1000000015
17351  31.111  -67.859  19.267 0.1000000015
17381  31.872  -67.203  17.798 0.1000000015
18162  31.281  -67.057  18.146 0.1000000015
17353  29.737  -66.747  19.588 0.1000000015
127777  29.754  -66.247  18.882 0.2000000030
19003  29.504  -65.595  18.622 0.2000000030
117030  26.590  -63.452  10.742 0.1000000015
20834  28.463  -63.373  11.769 0.1000000015
17377  36.724  -68.024  17.704 0.1000000015
17361  35.219  -66.542  18.051 0.1000000015
17380  32.961  -67.164  17.415 0.1000000015
19000  34.914  -65.424  17.011 0.1000000015
20742  27.792  -63.781  18.170 0.2000000030
22823  29.981  -61.391  11.183 0.1000000015
21807  28.894  -62.340  12.161 0.1000000015
20812  28.019  -63.188  12.389 0.1000000015
116454  24.324  -65.860  14.140 0.2000000030
109125  25.656  -63.403  13.298 0.1000000015
19052  24.391  -65.211  13.706 0.1000000015
18161  34.787  -65.839  17.593 0.1000000015
18147  32.622  -66.111  19.293 0.1000000015
18987  32.642  -65.244  18.813 0.1000000015
19001  33.712  -65.606  18.356 0.1000000015
118207  34.552  -65.055  17.403 0.1000000015
19823  32.868  -64.183  18.446 0.1000000015
19029  34.785  -65.105  16.957 0.1000000015
19845  34.580  -64.449  16.912 0.1000000015
19031  32.847  -65.698  16.765 0.1000000015
109439  33.477  -64.958  16.549 0.1000000015
19015  31.861  -65.752  17.212 0.1000000015
20755  30.227  -63.578  17.414 0.1000000015
20760  25.755  -63.612  17.171 0.2000000030
20782  25.569  -63.460  16.335 0.1000000015
21789  28.709  -61.493  12.742 0.1000000015
20805  26.914  -62.943  13.359 0.1000000015
20801  24.759  -63.917  14.379 0.1000000015
20753  34.312  -63.818  16.898 0.1000000015
19866  34.122  -64.246  16.627 0.1000000015
19867  33.194  -64.219  16.518 0.1000000015
19868  32.241  -64.294  16.703 0.1000000015
20756  29.249  -63.373  17.628 0.1000000015
21737  27.921  -62.606  17.206 0.1000000015
23890  29.366  -60.188  13.783 0.1000000015
24913  29.809  -59.759  12.539 0.1000000015
22793  27.857  -61.643  15.161 0.1000000015
21777  27.276  -62.227  14.737 0.1000000015
21769  26.652  -62.553  15.282 0.1000000015
20800  25.286  -63.495  14.645 0.1000000015
108446  32.957  -62.646  18.134 0.1000000015
21733  33.869  -63.205  16.899 0.1000000015
21754  33.350  -62.851  16.669 0.1000000015
126803  31.850  -62.943  16.615 0.1000000015
20779  30.896  -62.861  16.945 0.1000000015
24887  30.415  -59.580  14.857 0.1000000015
23851  31.138  -60.604  16.033 0.1000000015
21758  28.423  -61.992  16.758 0.1000000015
24896  30.409  -59.138  14.077 0.1000000015
126657  33.032  -62.403  16.709 0.1000000015
21756  30.603  -62.041  16.704 0.1000000015
25882  32.080  -58.519  15.922 0.1000000015
26842  32.072  -58.068  15.426 0.1000000015
10609  34.159  -75.694  14.430 0.1000000015
10610  33.181  -75.798  14.228 0.1000000015
126604  32.868  -74.975  14.491 0.1000000015
109164  31.465  -74.387  14.400 0.1000000015
12119  32.901  -73.758  14.668 0.1000000015
12804  32.262  -73.392  14.790 0.1000000015
11372  35.201  -75.255  15.072 0.2000000030
110901  31.403  -73.093  14.697 0.1000000015
10627  34.473  -76.505  13.709 0.2000000030
10628  33.527  -76.436  13.659 0.1000000015
10646  34.999  -76.987  13.035 0.2000000030
10629  32.625  -76.411  13.617 0.1000000015
128636  31.061  -73.393  14.513 0.1000000015
9854  35.660  -77.474  12.389 0.2000000030
122396  33.986  -76.868  12.956 0.2000000030
10612  31.695  -75.540  14.227 0.2000000030
10630  31.688  -76.349  13.640 0.2000000030
11388  30.955  -75.825  14.058 0.3000000119
11375  30.355  -74.895  14.283 0.3000000119
121901  33.006  -76.817  12.806 0.2000000030
112259  32.182  -76.683  12.965 0.2000000030
112251  35.406  -77.451  10.845 0.2000000030
109662  30.867  -76.427  13.343 0.2000000030
9877  34.325  -77.412  11.523 0.2000000030
9907  38.151  -77.872  7.919 0.1000000015
120487  35.166  -77.551  11.754 0.2000000030
9856  33.654  -77.230  12.226 0.2000000030
9855  34.546  -77.323  12.341 0.2000000030
119496  30.053  -76.135  13.520 0.3000000119
11389  29.520  -75.518  13.830 0.4000000060
9893  37.155  -77.441  9.463 0.1000000015
10647  32.242  -77.030  12.205 0.2000000030
115510  31.379  -76.726  12.613 0.2000000030
9892  37.908  -77.641  9.054 0.1000000015
10649  29.562  -76.390  12.600 0.4000000060
114312  36.315  -77.383  10.025 0.2000000030
9878  33.410  -77.287  11.427 0.2000000030
9888  35.174  -77.212  9.859 0.2000000030
9919  38.064  -77.783  7.433 0.1000000015
9920  37.371  -77.459  7.268 0.2000000030
9909  37.120  -77.366  8.598 0.1000000015
122876  36.646  -77.214  7.894 0.1000000015
114025  34.087  -77.235  10.508 0.2000000030
9879  32.611  -77.196  11.498 0.2000000030
122470  32.113  -77.137  11.601 0.2000000030
10656  30.739  -76.808  11.857 0.4000000060
114196  31.075  -76.877  11.064 0.4000000060
10658  29.115  -76.399  11.928 0.4000000060
9895  34.240  -76.945  9.476 0.3000000119
9894  36.103  -77.199  9.255 0.2000000030
9911  35.133  -76.960  9.043 0.4000000060
114037  30.197  -76.699  11.156 0.4000000060
125478  28.732  -76.347  11.400 0.4000000060
10661  33.293  -76.897  9.816 0.3000000119
10691  33.706  -76.607  8.142 0.4000000060
117769  30.670  -63.321  10.695 0.1000000015
20864  29.607  -63.779  11.072 0.1000000015
112135  29.382  -76.523  11.270 0.4000000060
10663  31.451  -76.799  10.239 0.4000000060
10665  29.596  -76.562  10.408 0.5000000000
10672  32.608  -76.682  9.219 0.4000000060
10671  33.474  -76.695  8.937 0.3000000119
124505  32.043  -76.566  8.775 0.4000000060
20863  30.308  -64.018  10.826 0.1000000015
121269  31.122  -64.139  10.592 0.1000000015
19951  30.239  -64.169  10.589 0.1000000015
10666  28.789  -76.410  10.758 0.4000000060
127234  29.388  -76.490  9.607 0.5000000000
10675  30.088  -76.583  9.597 0.5000000000
110789  28.836  -76.402  9.982 0.5000000000
19978  29.963  -64.361  9.543 0.1000000015
19979  28.952  -64.053  8.993 0.1000000015
121226  30.596  -64.920  8.982 0.1000000015
19117  28.364  -64.733  8.450 0.1000000015
11373  33.601  -74.503  14.692 0.1000000015
12120  31.581  -73.245  14.666 0.1000000015
111352  32.174  -73.596  14.624 0.1000000015
12118  33.594  -73.796  14.948 0.1000000015
12104  32.011  -73.227  15.030 0.1000000015
110531  30.305  -72.605  15.031 0.1000000015
10608  36.091  -76.036  14.572 0.1000000015
10648  30.405  -76.578  12.626 0.3000000119
10657  29.888  -76.621  11.909 0.4000000060
10662  32.369  -76.853  10.062 0.3000000119
10664  30.550  -76.703  10.349 0.4000000060
19950  30.867  -64.449  10.472 0.1000000015
19116  29.462  -64.952  8.494 0.1000000015
12086  32.454  -73.957  15.566 0.1000000015
8365  26.079  -79.520  6.593 0.1000000015
119931  25.622  -79.354  5.757 0.1000000015
9185  27.378  -79.194  4.707 0.1000000015
8367  24.793  -79.591  5.643 0.1000000015
9173  27.498  -79.082  5.666 0.1000000015
8366  25.284  -79.806  6.404 0.1000000015
7645  24.449  -80.261  6.249 0.1000000015
7647  23.083  -80.898  6.058 0.1000000015
7654  24.119  -79.814  5.572 0.1000000015
9086  23.338  -78.495  10.689 0.1000000015
119075  23.919  -85.180  6.512 0.1000000015
5761  23.184  -83.746  6.439 0.1000000015
9139  27.705  -79.146  7.119 0.1000000015
114763  23.873  -83.461  6.464 0.1000000015
9174  26.539  -79.162  5.993 0.1000000015
116874  24.127  -81.837  6.509 0.1000000015
9150  28.027  -79.014  6.408 0.1000000015
112485  23.416  -81.798  6.387 0.1000000015
8381  28.246  -79.140  4.981 0.1000000015
9880  23.002  -77.541  11.692 0.1000000015
8318  23.864  -79.350  10.473 0.1000000015
7602  24.149  -80.201  9.990 0.1000000015
8993  22.706  -77.638  15.204 0.1000000015
124816  22.832  -77.201  13.653 0.1000000015
9858  23.452  -77.757  12.343 0.1000000015
8301  23.919  -78.849  11.127 0.1000000015
6940  24.458  -82.132  9.340 0.1000000015
4121  24.866  -86.433  8.314 0.1000000015
4659  24.687  -86.205  6.735 0.1000000015
8364  26.885  -79.340  6.995 0.1000000015
8356  26.368  -79.709  7.258 0.1000000015
7644  25.144  -80.604  6.853 0.1000000015
115830  28.519  -78.884  7.082 0.1000000015
8380  29.133  -79.013  5.268 0.1000000015
9070  24.124  -78.889  11.729 0.1000000015
8317  24.398  -80.117  10.774 0.1000000015
113382  22.763  -78.125  15.860 0.1000000015
119416  23.381  -77.780  13.832 0.1000000015
9052  23.996  -78.588  12.378 0.1000000015
8300  24.366  -79.618  11.436 0.1000000015
7601  24.707  -81.001  10.693 0.1000000015
113405  25.159  -81.860  11.145 0.1000000015
5711  25.205  -84.243  10.641 0.1000000015
4630  24.791  -85.911  10.156 0.1000000015
5179  25.593  -85.197  11.096 0.1000000015
4629  25.063  -85.936  10.243 0.1000000015
4634  25.481  -85.802  8.826 0.1000000015
4644  25.545  -85.863  7.523 0.1000000015
4658  25.390  -85.710  6.901 0.1000000015
5219  24.779  -84.948  6.618 0.1000000015
128756  25.393  -82.532  6.949 0.1000000015
8354  28.195  -79.246  7.935 0.1000000015
110523  26.909  -79.786  7.759 0.1000000015
8357  25.744  -80.002  7.140 0.1000000015
6972  25.369  -81.683  7.083 0.1000000015
9149  29.409  -78.708  6.877 0.1000000015
109659  28.866  -78.885  6.212 0.1000000015
6885  25.288  -81.044  12.314 0.1000000015
8963  22.788  -79.176  16.975 0.1000000015
8992  23.271  -78.549  15.400 0.1000000015
9010  23.364  -78.162  14.628 0.1000000015
8260  23.779  -78.779  13.957 0.1000000015
8278  24.399  -79.467  12.345 0.1000000015
7564  24.752  -80.312  12.328 0.1000000015
6908  25.215  -81.467  11.724 0.1000000015
6287  25.694  -83.409  11.755 0.1000000015
5153  25.981  -84.654  11.673 0.1000000015
5190  26.594  -85.067  9.768 0.1000000015
8976  23.122  -78.859  16.153 0.1000000015
8211  23.327  -79.857  16.298 0.1000000015
8243  23.699  -79.241  14.772 0.1000000015
8242  24.146  -79.757  14.175 0.1000000015
4623  25.442  -85.436  10.666 0.1000000015
108129  25.762  -85.536  9.725 0.1000000015
4643  26.213  -85.318  7.715 0.1000000015
5217  26.201  -84.657  7.219 0.1000000015
5218  25.634  -84.918  6.867 0.1000000015
5206  26.770  -84.429  7.478 0.1000000015
5758  25.757  -84.203  6.981 0.1000000015
119995  25.433  -83.306  6.877 0.1000000015
5748  26.330  -83.847  7.266 0.1000000015
6333  27.711  -82.433  8.084 0.1000000015
6335  26.036  -82.679  7.274 0.1000000015
8339  27.642  -79.936  8.398 0.1000000015
7635  26.367  -80.424  7.667 0.1000000015
6965  26.185  -81.555  7.536 0.1000000015
9138  29.123  -78.852  7.753 0.1000000015
9171  29.770  -78.816  5.973 0.1000000015
9147  31.282  -78.592  6.451 0.1000000015
9148  30.325  -78.627  6.685 0.1000000015
7563  25.250  -80.592  13.066 0.1000000015
7498  22.681  -79.836  17.611 0.1000000015
7497  23.099  -80.630  17.453 0.1000000015
7527  23.729  -80.529  15.727 0.1000000015
7535  23.927  -80.217  15.001 0.1000000015
111652  24.643  -80.074  12.979 0.1000000015
7549  24.668  -80.170  13.676 0.1000000015
111561  25.660  -81.790  12.274 0.1000000015
6274  25.931  -83.318  12.064 0.1000000015
5709  26.516  -84.409  11.455 0.1000000015
7515  23.161  -80.014  17.022 0.1000000015
8228  23.524  -79.622  15.521 0.1000000015
5177  27.111  -84.538  10.415 0.1000000015
4632  26.853  -84.915  7.784 0.1000000015
5189  27.961  -84.616  9.061 0.1000000015
5197  27.328  -84.825  8.316 0.1000000015
5205  27.345  -84.461  7.712 0.1000000015
114682  27.632  -83.447  7.714 0.1000000015
8337  29.012  -79.888  9.088 0.1000000015
7616  29.536  -80.872  9.194 0.1000000015
7622  28.489  -80.501  8.849 0.1000000015
6950  27.800  -81.134  8.500 0.1000000015
6334  26.864  -82.494  7.691 0.1000000015
8330  29.823  -79.947  9.297 0.1000000015
6964  26.941  -81.397  8.011 0.1000000015
8353  28.942  -79.310  8.469 0.1000000015
8336  30.187  -79.217  8.944 0.1000000015
9115  29.714  -78.958  8.336 0.1000000015
9137  29.998  -78.671  7.578 0.1000000015
9146  32.181  -78.541  6.710 0.1000000015
6223  22.915  -83.111  18.783 0.1000000015
6819  22.788  -82.035  18.653 0.1000000015
114864  22.440  -80.956  18.739 0.1000000015
6248  23.787  -82.134  16.992 0.1000000015
6850  23.871  -81.592  16.488 0.1000000015
6884  25.803  -81.358  12.605 0.1000000015
6838  23.016  -81.247  18.022 0.1000000015
7514  23.508  -80.850  16.472 0.1000000015
124783  24.540  -80.466  15.271 0.1000000015
7548  25.369  -80.339  13.960 0.1000000015
6878  25.868  -80.742  13.155 0.1000000015
6883  26.122  -81.528  12.607 0.1000000015
6273  26.225  -83.141  12.114 0.1000000015
121509  26.868  -82.794  11.820 0.1000000015
129211  27.559  -83.539  11.008 0.1000000015
5708  27.428  -84.021  10.889 0.1000000015
5176  28.174  -84.217  9.920 0.1000000015
118374  28.316  -83.633  10.401 0.1000000015
5188  29.026  -84.331  9.057 0.1000000015
128283  29.467  -84.005  8.517 0.1000000015
5734  28.922  -84.047  8.013 0.1000000015
6332  28.692  -83.527  8.026 0.1000000015
6949  28.949  -81.680  8.685 0.1000000015
6318  29.517  -82.983  8.310 0.1000000015
7615  30.495  -80.722  9.375 0.1000000015
6939  30.513  -81.730  9.110 0.1000000015
8329  30.702  -79.818  9.388 0.1000000015
8335  31.016  -78.991  9.040 0.1000000015
9114  30.534  -78.745  8.292 0.1000000015
9136  30.857  -78.558  7.453 0.1000000015
120245  31.595  -78.507  7.317 0.1000000015
7526  25.257  -80.490  16.076 0.1000000015
118498  25.889  -80.501  16.675 0.1000000015
5633  22.907  -84.102  18.796 0.1000000015
6222  23.284  -82.990  17.981 0.1000000015
6238  23.804  -82.950  17.369 0.1000000015
6860  23.879  -81.096  15.995 0.1000000015
7532  26.228  -79.891  15.187 0.1000000015
6239  23.354  -82.179  17.609 0.1000000015
7513  24.281  -80.923  15.903 0.1000000015
7533  25.277  -80.260  14.803 0.1000000015
7547  26.379  -80.211  13.751 0.1000000015
7546  27.305  -79.972  13.127 0.1000000015
7585  27.828  -81.040  11.590 0.1000000015
7562  26.599  -80.663  12.920 0.1000000015
6882  26.870  -81.330  12.306 0.1000000015
6298  28.822  -82.854  10.504 0.1000000015
5707  29.466  -83.639  9.956 0.1000000015
5724  29.819  -83.913  9.237 0.1000000015
6317  30.458  -83.188  8.576 0.1000000015
117491  29.583  -83.612  8.371 0.1000000015
6937  31.542  -82.631  9.266 0.1000000015
6948  30.069  -82.313  8.701 0.1000000015
6938  31.279  -81.875  9.246 0.1000000015
7614  31.439  -80.730  9.498 0.1000000015
8328  31.603  -79.681  9.498 0.1000000015
5645  25.401  -83.900  17.613 0.1000000015
5091  23.428  -84.727  18.123 0.1000000015
5646  24.345  -84.107  17.563 0.1000000015
123873  25.367  -83.075  17.606 0.1000000015
6848  25.141  -81.023  16.778 0.1000000015
7512  26.584  -80.330  16.919 0.1000000015
5081  22.508  -84.544  19.657 0.1000000015
5092  22.961  -85.219  18.674 0.1000000015
5647  23.642  -83.866  17.794 0.1000000015
6836  24.767  -81.926  17.148 0.1000000015
7525  26.193  -80.056  16.132 0.1000000015
8227  27.005  -79.640  15.839 0.1000000015
120537  27.309  -79.682  13.991 0.1000000015
8241  26.580  -79.841  14.457 0.1000000015
7560  28.215  -79.702  12.577 0.1000000015
6904  28.262  -81.860  10.951 0.1000000015
6903  28.826  -80.974  11.041 0.1000000015
6297  29.961  -83.075  10.283 0.1000000015
5706  30.342  -83.503  9.798 0.1000000015
5723  30.609  -83.501  9.247 0.1000000015
5722  31.197  -83.204  9.264 0.1000000015
112018  32.146  -82.454  9.652 0.1000000015
6947  30.991  -82.705  8.830 0.1000000015
7613  32.466  -80.755  9.736 0.1000000015
8327  33.059  -79.833  10.045 0.1000000015
4558  24.021  -85.873  17.603 0.1000000015
114909  26.014  -83.241  17.691 0.1000000015
6834  26.707  -81.566  17.613 0.1000000015
5106  23.925  -84.770  17.637 0.1000000015
6835  25.777  -81.618  17.444 0.1000000015
8209  27.769  -79.881  16.448 0.1000000015
8226  28.023  -79.481  15.546 0.1000000015
8240  27.835  -79.453  14.623 0.1000000015
114837  28.176  -79.392  13.973 0.1000000015
8258  28.570  -79.316  13.274 0.1000000015
7584  28.417  -80.212  11.756 0.1000000015
6902  30.072  -81.176  10.866 0.1000000015
6922  29.371  -82.028  10.639 0.1000000015
7582  31.025  -80.816  11.167 0.1000000015
6920  31.817  -82.698  10.282 0.1000000015
119361  31.284  -82.825  10.343 0.1000000015
6900  32.805  -81.989  10.893 0.1000000015
6311  31.644  -82.847  9.431 0.1000000015
118419  32.818  -82.182  10.252 0.1000000015
129286  32.525  -82.374  9.875 0.1000000015
6918  33.328  -81.686  10.461 0.1000000015
8326  33.954  -80.421  10.420 0.1000000015
9094  34.780  -78.975  10.002 0.1000000015
5105  24.641  -85.377  17.531 0.1000000015
111877  26.126  -85.175  17.513 0.1000000015
6235  27.380  -82.610  17.713 0.1000000015
7494  27.749  -80.994  17.358 0.1000000015
7510  28.522  -80.748  16.960 0.1000000015
4036  24.445  -87.013  17.548 0.1000000015
7495  27.003  -80.846  17.428 0.1000000015
112022  28.933  -79.285  12.645 0.1000000015
8299  29.029  -79.548  11.971 0.1000000015
8277  29.626  -79.109  12.403 0.1000000015
121527  30.203  -80.266  11.331 0.1000000015
8296  32.396  -80.447  11.653 0.1000000015
6901  31.371  -82.070  10.739 0.1000000015
126286  32.138  -81.488  11.215 0.1000000015
6899  33.333  -81.778  10.854 0.1000000015
6898  33.986  -81.477  10.919 0.1000000015
7600  34.013  -81.266  10.657 0.1000000015
120649  35.839  -79.828  10.894 0.1000000015
9083  37.339  -78.648  10.104 0.1000000015
116751  25.856  -86.757  17.721 0.1000000015
5104  25.634  -85.998  17.437 0.1000000015
111867  27.216  -85.334  17.557 0.1000000015
114854  28.142  -83.860  17.576 0.1000000015
6832  28.515  -81.733  17.372 0.1000000015
114930  27.136  -83.833  17.639 0.1000000015
6833  27.588  -81.678  17.560 0.1000000015
8208  28.797  -80.009  16.249 0.1000000015
8239  28.589  -79.374  14.728 0.1000000015
8238  29.487  -79.187  14.683 0.1000000015
9051  30.174  -78.717  12.943 0.1000000015
9050  31.037  -78.669  12.816 0.1000000015
121426  31.565  -80.332  11.506 0.1000000015
9795  37.794  -77.355  15.788 0.1000000015
9796  36.257  -77.537  15.721 0.1000000015
9809  35.616  -78.037  14.934 0.1000000015
111442  34.583  -78.795  13.642 0.1000000015
8256  34.245  -79.682  12.860 0.1000000015
8274  32.675  -79.641  12.185 0.1000000015
123203  36.875  -78.347  14.916 0.1000000015
9028  35.725  -78.987  14.134 0.1000000015
9794  38.887  -76.893  15.776 0.1000000015
8988  38.434  -77.825  14.836 0.1000000015
9003  37.618  -78.628  14.335 0.1000000015
8272  35.844  -80.297  12.735 0.1000000015
8273  35.038  -80.556  12.543 0.1000000015
7580  33.767  -81.325  11.481 0.1000000015
8987  39.340  -76.380  15.510 0.1000000015
9001  38.857  -77.531  14.123 0.1000000015
8253  37.013  -79.484  13.437 0.1000000015
7579  34.474  -81.160  11.527 0.1000000015
129368  36.779  -79.870  11.999 0.1000000015
120921  35.055  -80.945  11.618 0.1000000015
9046  38.508  -77.927  11.775 0.1000000015
8295  37.009  -79.499  11.464 0.1000000015
122600  37.841  -78.514  10.561 0.1000000015
4544  26.938  -86.329  18.009 0.1000000015
4556  26.779  -86.329  17.885 0.1000000015
108225  27.246  -85.895  17.777 0.1000000015
4542  28.216  -85.392  17.972 0.1000000015
5643  28.146  -84.945  17.624 0.1000000015
5642  29.069  -84.485  17.762 0.1000000015
118061  29.336  -81.693  17.112 0.1000000015
7509  29.769  -81.103  16.579 0.1000000015
8207  29.772  -80.159  16.048 0.1000000015
9009  29.577  -78.882  13.963 0.1000000015
9033  29.999  -78.703  13.593 0.1000000015
9030  32.543  -78.320  13.429 0.1000000015
8275  31.555  -79.380  11.992 0.1000000015
9004  34.737  -78.097  14.521 0.1000000015
9005  33.811  -78.019  14.175 0.1000000015
10606  38.876  -76.106  14.997 0.1000000015
10605  39.304  -76.300  15.357 0.1000000015
4530  26.685  -85.910  18.582 0.1000000015
5090  28.182  -85.331  18.207 0.1000000015
4529  27.449  -85.609  18.403 0.1000000015
5088  29.297  -84.619  18.052 0.1000000015
5641  30.004  -84.153  17.900 0.1000000015
5101  28.566  -85.142  17.937 0.1000000015
6233  29.698  -83.810  17.611 0.1000000015
6232  30.480  -83.414  17.619 0.1000000015
6847  30.233  -82.304  17.104 0.1000000015
7508  30.415  -80.867  16.371 0.1000000015
8237  30.146  -79.040  14.969 0.1000000015
9007  31.064  -78.280  14.417 0.1000000015
8991  30.716  -78.579  15.040 0.1000000015
9799  32.453  -77.758  15.409 0.1000000015
8990  31.515  -78.157  15.319 0.1000000015
125377  35.607  -77.232  16.524 0.1000000015
9797  34.250  -77.428  16.042 0.1000000015
9812  33.019  -77.673  14.824 0.1000000015
9031  31.518  -78.313  13.585 0.1000000015
10587  37.649  -76.229  17.187 0.1000000015
9783  36.347  -76.674  17.633 0.1000000015
117130  32.976  -77.964  14.001 0.1000000015
10576  37.699  -75.884  17.215 0.1000000015
9782  38.455  -76.444  16.603 0.1000000015
5077  27.917  -84.875  18.908 0.1000000015
5076  28.716  -84.722  18.629 0.1000000015
5075  29.419  -84.469  18.408 0.1000000015
5640  30.727  -83.700  18.023 0.1000000015
6246  30.936  -82.764  17.332 0.1000000015
6846  30.843  -81.869  16.756 0.1000000015
7507  31.137  -81.072  16.491 0.1000000015
8223  30.513  -79.293  15.613 0.1000000015
8975  31.659  -78.763  16.280 0.1000000015
9785  32.837  -77.714  16.227 0.1000000015
8989  32.109  -78.057  16.038 0.1000000015
9798  33.284  -77.573  15.684 0.1000000015
108808  37.185  -76.844  16.728 0.1000000015
11340  38.633  -75.716  16.568 0.1000000015
11371  36.657  -75.318  15.425 0.1000000015
5618  28.405  -84.100  19.292 0.1000000015
6206  30.375  -83.401  18.968 0.1000000015
5616  30.046  -83.974  18.731 0.1000000015
6221  31.065  -83.062  18.722 0.1000000015
5615  30.800  -83.511  18.419 0.1000000015
6245  31.561  -82.578  17.465 0.1000000015
6231  31.263  -83.252  17.851 0.1000000015
6845  31.648  -81.919  17.029 0.1000000015
7493  32.120  -81.280  17.124 0.1000000015
8205  31.241  -79.870  16.325 0.1000000015
9784  33.616  -77.582  16.501 0.1000000015
9774  33.361  -77.774  16.968 0.1000000015
11356  37.150  -74.985  16.043 0.1000000015
6220  31.586  -82.960  18.409 0.1000000015
6230  31.970  -82.810  18.124 0.1000000015
6829  32.843  -82.069  18.401 0.1000000015
6830  32.336  -82.290  17.687 0.1000000015
7492  33.101  -81.843  18.066 0.1000000015
8204  32.227  -79.849  16.994 0.1000000015
8974  32.614  -78.517  16.873 0.1000000015
11343  35.909  -75.281  16.828 0.1000000015
11330  36.572  -75.873  17.525 0.1000000015
125171  34.751  -77.381  17.159 0.1000000015
12083  36.297  -74.838  16.213 0.1000000015
6816  32.363  -82.297  18.488 0.1000000015
6815  33.713  -81.698  18.863 0.1000000015
7473  32.544  -82.027  18.728 0.1000000015
7456  34.567  -80.968  19.189 0.1000000015
124155  34.098  -81.557  19.022 0.1000000015
7455  35.107  -80.399  19.157 0.1000000015
8190  33.389  -80.054  17.674 0.1000000015
8962  33.798  -78.740  17.752 0.1000000015
124890  36.018  -76.425  17.906 0.1000000015
10577  36.435  -76.551  17.612 0.1000000015
9772  35.534  -77.905  18.754 0.1000000015
9773  34.267  -77.799  17.720 0.1000000015
12084  35.102  -74.523  15.890 0.1000000015
8960  35.620  -77.448  18.904 0.1000000015
8155  34.915  -79.936  19.538 0.1000000015
8189  34.575  -80.487  18.673 0.1000000015
7491  33.814  -81.276  18.522 0.1000000015
8168  35.365  -79.736  19.270 0.1000000015
8169  35.075  -80.408  19.130 0.1000000015
10557  35.509  -77.427  19.585 0.1000000015
8950  35.653  -78.252  19.254 0.1000000015
8961  35.240  -79.412  18.844 0.1000000015
9753  35.676  -77.818  19.391 0.1000000015
8951  35.512  -78.911  19.140 0.1000000015
4660  23.731  -86.026  6.555 0.1000000015
5759  25.128  -84.119  6.701 0.1000000015
117806  23.907  -84.288  6.467 0.1000000015
118329  24.613  -83.316  6.588 0.1000000015
9151  27.307  -79.132  6.466 0.1000000015
6973  24.593  -81.299  6.664 0.1000000015
6343  24.789  -82.393  6.699 0.1000000015
6974  23.854  -80.998  6.343 0.1000000015
7646  23.667  -80.298  5.813 0.1000000015
9072  22.835  -77.808  11.009 0.1000000015
5220  23.270  -84.473  6.442 0.1000000015
6344  23.992  -82.618  6.482 0.1000000015
9034  23.737  -78.218  13.146 0.1000000015
6924  24.861  -81.883  10.284 0.1000000015
4133  24.952  -86.483  7.228 0.1000000015
8355  27.447  -79.468  7.651 0.1000000015
7636  25.708  -80.735  7.342 0.1000000015
8259  24.227  -79.319  13.237 0.1000000015
7586  24.757  -80.610  11.551 0.1000000015
6299  25.391  -83.476  11.076 0.1000000015
6300  25.041  -82.885  10.219 0.1000000015
6907  25.624  -82.464  11.969 0.1000000015
5710  25.753  -84.311  11.553 0.1000000015
4633  26.433  -85.271  8.584 0.1000000015
4657  25.938  -85.211  7.203 0.1000000015
8338  28.389  -79.712  8.614 0.1000000015
7634  27.072  -80.429  8.167 0.1000000015
108395  25.940  -82.365  12.293 0.1000000015
5697  26.104  -83.966  11.970 0.1000000015
5178  26.110  -85.138  11.225 0.1000000015
5747  27.253  -84.031  7.497 0.1000000015
119054  26.808  -83.329  7.518 0.1000000015
6319  28.512  -82.384  8.351 0.1000000015
7534  24.560  -80.245  14.462 0.1000000015
127163  23.943  -80.710  15.542 0.1000000015
5696  26.884  -83.611  11.630 0.1000000015
5196  28.812  -84.278  8.362 0.1000000015
6247  24.008  -82.208  16.801 0.1000000015
6906  26.392  -82.274  12.228 0.1000000015
107331  25.930  -80.130  14.443 0.1000000015
7561  27.521  -80.432  12.375 0.1000000015
6905  27.306  -81.974  11.638 0.1000000015
6286  27.701  -82.846  11.091 0.1000000015
124289  29.026  -84.045  9.682 0.1000000015
9097  31.892  -78.923  9.162 0.1000000015
9113  31.491  -78.607  8.276 0.1000000015
120873  25.501  -80.256  15.502 0.1000000015
5632  23.244  -83.742  18.266 0.1000000015
6849  24.112  -81.524  16.344 0.1000000015
121040  27.893  -79.582  13.344 0.1000000015
5732  30.807  -83.260  8.815 0.1000000015
115587  32.113  -81.995  9.434 0.1000000015
129060  32.325  -79.495  9.622 0.1000000015
6237  24.598  -82.968  17.438 0.1000000015
8210  26.956  -79.917  16.537 0.1000000015
119329  27.140  -79.592  14.940 0.1000000015
7583  29.367  -80.199  11.391 0.1000000015
6296  30.854  -83.202  10.148 0.1000000015
6921  30.519  -82.480  10.525 0.1000000015
6936  32.798  -82.031  9.802 0.1000000015
7612  33.340  -81.235  10.192 0.1000000015
6236  26.407  -82.459  17.717 0.1000000015
5644  26.406  -84.302  17.583 0.1000000015
8297  30.757  -79.818  11.609 0.1000000015
6919  32.200  -82.633  9.926 0.1000000015
7581  33.019  -81.446  11.384 0.1000000015
8316  34.575  -80.767  10.733 0.1000000015
8325  34.655  -79.724  10.464 0.1000000015
8315  35.184  -80.289  10.894 0.1000000015
9085  35.531  -79.308  10.342 0.1000000015
5103  26.593  -86.104  17.615 0.1000000015
8257  29.392  -78.931  13.228 0.1000000015
8276  30.470  -79.077  12.187 0.1000000015
7558  34.234  -80.823  12.174 0.1000000015
9084  36.454  -79.265  10.520 0.1000000015
7598  35.548  -80.437  11.390 0.1000000015
7578  36.254  -80.187  11.716 0.1000000015
8294  37.792  -78.722  11.168 0.1000000015
6234  28.574  -82.967  17.573 0.1000000015
8224  29.914  -79.558  15.461 0.1000000015
9032  30.638  -78.495  13.614 0.1000000015
112876  33.537  -80.021  12.396 0.1000000015
9048  33.136  -79.027  12.717 0.1000000015
9049  32.073  -78.756  12.715 0.1000000015
8236  36.812  -79.211  14.074 0.1000000015
8255  35.303  -79.848  13.286 0.1000000015
9781  39.248  -76.122  16.264 0.1000000015
9002  38.358  -78.320  14.069 0.1000000015
7557  34.937  -81.044  11.999 0.1000000015
7556  35.565  -80.681  12.024 0.1000000015
7555  36.773  -79.801  12.697 0.1000000015
11339  39.224  -75.853  16.168 0.1000000015
8271  37.784  -79.041  12.956 0.1000000015
111599  37.693  -79.124  12.014 0.1000000015
9068  38.472  -77.928  11.106 0.1000000015
9069  38.409  -78.213  11.501 0.1000000015
9006  32.078  -77.882  14.439 0.1000000015
9810  34.931  -77.575  15.461 0.1000000015
9811  33.921  -77.613  15.120 0.1000000015
11370  38.174  -75.461  15.679 0.1000000015
8206  30.471  -80.109  16.094 0.1000000015
8222  31.040  -78.839  15.729 0.1000000015
11342  36.946  -75.341  16.864 0.1000000015
12082  37.038  -75.046  16.282 0.1000000015
116252  32.964  -80.931  17.599 0.1000000015
10674  30.945  -76.638  9.543 0.4000000060
10699  33.982  -76.658  7.407 0.3000000119
128582  33.209  -76.557  7.595 0.3000000119
10692  32.735  -76.558  8.298 0.3000000119
107602  31.328  -76.554  8.797 0.4000000060
107601  30.496  -76.537  8.813 0.4000000060
10700  32.378  -76.509  7.308 0.3000000119
108210  30.929  -76.503  8.087 0.4000000060
8457  33.736  -78.914  -0.340 0.1000000015
115372  34.540  -78.591  -0.714 0.1000000015
9207  35.824  -78.505  -0.219 0.2000000030
10021  37.117  -77.174  0.238 0.3000000119
10737  29.265  -76.601  4.798 0.4000000060
10698  34.595  -76.728  7.945 0.3000000119
120763  33.692  -77.471  2.099 0.4000000060
108933  33.154  -77.532  3.177 0.4000000060
9205  37.175  -77.293  0.082 0.2000000030
117697  36.233  -77.187  0.694 0.3000000119
9999  32.999  -77.510  2.444 0.4000000060
9986  31.551  -77.405  3.507 0.4000000060
10746  30.220  -76.812  4.691 0.4000000060
8458  32.918  -79.354  -0.056 0.1000000015
9216  37.338  -77.178  -0.575 0.3000000119
9985  32.244  -77.519  2.935 0.4000000060
9969  30.899  -77.194  4.097 0.4000000060
9970  29.988  -77.109  3.745 0.4000000060
9220  33.016  -78.658  -0.784 0.1000000015
10717  28.365  -76.277  5.719 0.5000000000
9217  36.768  -77.773  -0.782 0.2000000030
10020  37.344  -77.042  -0.391 0.3000000119
10013  34.075  -77.418  1.519 0.3000000119
111650  31.336  -77.486  2.635 0.4000000060
10718  27.672  -75.949  5.929 0.4000000060
119791  26.786  -75.453  6.967 0.4000000060
119736  33.391  -77.424  1.147 0.4000000060
10014  32.510  -77.466  1.219 0.4000000060
9987  30.610  -77.368  3.178 0.4000000060
108168  29.123  -76.906  3.382 0.4000000060
10747  29.425  -76.799  4.136 0.5000000000
114627  33.050  -78.094  -1.699 0.2000000030
9219  33.864  -78.402  -1.167 0.2000000030
9232  34.907  -78.150  -1.411 0.2000000030
124495  37.409  -76.949  -0.939 0.2000000030
9218  35.530  -78.343  -0.885 0.2000000030
10023  34.538  -77.212  0.649 0.3000000119
9234  32.155  -78.370  -1.291 0.1000000015
10000  31.206  -77.480  1.908 0.4000000060
10022  36.100  -76.847  0.068 0.3000000119
10024  33.015  -77.335  0.548 0.4000000060
10001  30.338  -77.406  2.179 0.4000000060
10738  28.421  -76.392  4.900 0.5000000000
10739  27.703  -76.102  5.099 0.5000000000
11441  26.863  -75.560  6.104 0.4000000060
10015  31.588  -77.467  1.263 0.4000000060
9988  29.666  -77.224  2.848 0.4000000060
10748  28.523  -76.592  3.965 0.5000000000
10749  27.682  -76.239  4.248 0.5000000000
11455  26.982  -75.717  5.245 0.4000000060
9233  34.100  -77.783  -2.010 0.2000000030
9231  36.195  -77.743  -1.509 0.2000000030
10034  37.227  -77.140  -1.442 0.2000000030
10780  37.143  -76.855  -0.489 0.4000000060
10813  37.248  -76.827  -1.629 0.2000000030
10781  35.831  -76.543  -0.911 0.3000000119
113301  36.289  -76.296  -1.858 0.4000000060
10035  34.799  -76.799  -0.197 0.3000000119
10756  28.913  -76.945  2.631 0.5000000000
11461  27.145  -75.873  4.541 0.5000000000
11456  26.153  -75.211  5.361 0.4000000060
11442  26.099  -75.135  6.381 0.4000000060
10791  34.097  -76.605  -0.969 0.4000000060
10037  32.386  -77.168  -0.172 0.4000000060
10016  30.679  -77.398  1.310 0.4000000060
10758  27.640  -76.263  3.311 0.5000000000
10053  35.445  -77.611  -2.174 0.2000000030
129296  33.323  -77.759  -2.299 0.2000000030
10052  36.636  -77.215  -2.278 0.2000000030
115178  25.558  -74.554  5.846 0.4000000060
10051  36.965  -76.715  -2.211 0.2000000030
10036  33.553  -77.042  -0.149 0.3000000119
10026  31.006  -77.297  0.546 0.4000000060
10017  29.870  -77.260  1.405 0.4000000060
127875  32.383  -77.986  -1.915 0.2000000030
10066  34.733  -77.497  -2.764 0.2000000030
10814  36.803  -76.476  -2.320 0.3000000119
10815  34.788  -76.117  -2.002 0.4000000060
12868  25.180  -74.049  6.389 0.4000000060
10002  29.217  -77.100  1.913 0.5000000000
11466  26.907  -75.771  3.673 0.5000000000
15033  24.703  -70.565  7.891 0.4000000060
9243  32.602  -77.784  -2.578 0.2000000030
10793  31.766  -76.739  -0.865 0.4000000060
10027  30.080  -77.126  0.658 0.4000000060
12206  26.160  -75.078  3.633 0.5000000000
127132  25.381  -74.205  5.219 0.4000000060
9245  30.810  -78.136  -2.553 0.2000000030
10090  34.594  -77.150  -3.611 0.2000000030
10088  36.254  -76.284  -3.488 0.2000000030
11531  36.468  -76.061  -3.226 0.2000000030
10816  33.204  -76.322  -1.815 0.4000000060
10772  28.526  -76.581  1.326 0.5000000000
122230  27.078  -75.826  2.810 0.5000000000
9246  29.800  -78.331  -2.315 0.2000000030
10792  32.798  -76.752  -0.927 0.3000000119
10771  29.244  -76.889  0.980 0.5000000000
10763  28.380  -76.659  2.099 0.5000000000
12201  25.861  -74.869  4.443 0.5000000000
15830  25.530  -69.475  7.674 0.4000000060
17467  26.734  -67.811  7.749 0.2000000030
14274  24.524  -71.997  7.059 0.4000000060
12869  24.866  -73.351  6.478 0.4000000060
10067  33.628  -77.573  -3.054 0.2000000030
11514  36.034  -75.903  -2.769 0.4000000060
12202  25.485  -74.255  4.549 0.4000000060
13553  24.999  -73.066  5.547 0.4000000060
10089  35.435  -76.557  -3.945 0.2000000030
10848  36.015  -76.045  -4.235 0.2000000030
10092  32.568  -77.712  -3.781 0.2000000030
127211  25.140  -70.822  6.951 0.4000000060
13544  24.879  -72.400  6.223 0.4000000060
117166  25.196  -72.396  5.402 0.4000000060
10794  30.369  -76.783  -0.209 0.3000000119
11476  27.500  -75.713  1.502 0.5000000000
11472  26.495  -75.272  2.815 0.5000000000
12894  25.247  -73.625  4.946 0.4000000060
11515  34.669  -75.345  -3.140 0.4000000060
10817  32.103  -76.269  -1.665 0.4000000060
10818  31.195  -76.137  -1.409 0.3000000119
10782  29.428  -76.586  0.144 0.4000000060
121385  33.638  -75.755  -2.406 0.4000000060
11483  27.666  -75.289  0.809 0.5000000000
10105  34.546  -76.728  -4.440 0.2000000030
14291  25.071  -71.366  6.517 0.4000000060
12207  25.654  -74.360  3.733 0.5000000000
12212  25.945  -74.505  2.913 0.5000000000
10795  29.685  -76.233  -0.486 0.4000000060
10783  28.668  -76.317  0.511 0.5000000000
11471  26.931  -75.489  2.080 0.5000000000
12222  28.115  -74.788  0.262 0.5000000000
11481  29.013  -75.837  -0.307 0.5000000000
15032  25.221  -70.313  7.381 0.4000000060
12215  27.056  -74.961  1.363 0.5000000000
126640  35.408  -77.382  5.221 0.3000000119
124554  34.593  -77.227  5.496 0.3000000119
9931  33.909  -76.897  6.144 0.2000000030
129184  32.530  -76.605  6.520 0.2000000030
9963  37.553  -77.807  4.224 0.2000000030
9965  35.136  -77.438  4.625 0.3000000119
9983  35.244  -77.513  3.671 0.3000000119
9984  34.178  -77.472  4.142 0.3000000119
9981  37.503  -77.781  3.430 0.2000000030
9996  36.712  -77.575  2.457 0.2000000030
9997  35.314  -77.509  2.757 0.2000000030
9206  37.076  -77.833  -0.039 0.2000000030
8473  29.391  -78.868  -2.944 0.1000000015
7756  28.163  -79.849  -3.022 0.1000000015
11565  31.240  -75.970  -4.266 0.1000000015
9921  36.258  -77.156  7.214 0.1000000015
9922  35.014  -76.870  7.148 0.2000000030
9923  34.190  -76.779  6.771 0.2000000030
123512  35.645  -77.308  5.733 0.2000000030
9930  34.852  -77.035  6.295 0.2000000030
110765  38.013  -77.782  6.676 0.1000000015
9946  37.834  -77.870  5.174 0.1000000015
9947  36.852  -77.508  5.831 0.2000000030
9142  38.053  -77.898  5.975 0.1000000015
128664  37.921  -78.090  4.704 0.1000000015
117459  31.765  -77.966  -2.181 0.1000000015
10107  32.848  -77.474  -5.085 0.1000000015
10862  33.684  -76.612  -5.031 0.1000000015
11563  33.351  -75.522  -4.686 0.1000000015
12302  33.472  -74.083  -4.313 0.1000000015
9294  32.031  -78.027  -5.373 0.1000000015
10863  32.703  -76.667  -5.120 0.1000000015
111536  32.639  -74.815  -4.376 0.1000000015
12983  33.062  -73.240  -3.999 0.1000000015
11564  32.206  -75.822  -4.549 0.1000000015
12286  31.531  -74.172  -3.689 0.1000000015
110805  31.860  -72.613  -3.310 0.1000000015
12969  30.972  -73.028  -3.195 0.1000000015
13633  30.979  -71.844  -2.521 0.1000000015
108631  37.112  -77.462  6.581 0.2000000030
113684  37.869  -77.768  6.030 0.1000000015
122064  34.928  -74.620  -3.896 0.1000000015
11517  31.697  -75.325  -1.922 0.3000000119
10091  33.502  -77.337  -4.417 0.1000000015
10861  35.180  -76.202  -4.617 0.1000000015
12284  35.183  -74.819  -4.092 0.1000000015
12936  33.320  -73.582  -2.936 0.2000000030
12230  30.150  -74.769  -1.202 0.3000000119
12925  29.546  -73.957  -0.612 0.3000000119
8482  29.919  -79.448  -3.984 0.1000000015
9269  31.796  -78.192  -4.365 0.1000000015
11576  34.575  -74.807  -4.440 0.1000000015
12951  33.518  -73.466  -3.625 0.1000000015
12248  32.650  -74.427  -2.421 0.2000000030
108889  31.314  -73.149  -1.486 0.3000000119
9295  31.784  -78.343  -5.145 0.1000000015
13660  32.568  -72.775  -3.395 0.1000000015
13623  31.885  -71.955  -2.016 0.2000000030
118684  30.993  -72.448  -1.177 0.3000000119
14409  31.581  -71.927  -2.565 0.1000000015
14393  31.428  -71.629  -1.749 0.2000000030
13612  30.949  -71.688  -0.957 0.4000000060
114419  29.727  -73.101  -2.500 0.1000000015
14402  30.610  -71.463  -1.980 0.1000000015
14395  30.266  -71.014  -1.407 0.3000000119
111721  36.944  -76.711  13.940 0.1000000015
9853  37.120  -77.549  12.328 0.1000000015
123243  26.466  -73.712  1.846 0.4000000060
12214  27.607  -74.240  0.728 0.4000000060
12231  29.367  -75.043  -0.689 0.3000000119
12221  28.717  -74.889  -0.286 0.4000000060
12919  28.590  -73.783  0.049 0.4000000060
122145  29.449  -72.939  -0.309 0.4000000060
13602  29.087  -72.469  0.246 0.4000000060
12918  30.333  -72.645  -0.721 0.4000000060
113913  30.763  -71.159  -0.626 0.5000000000
14381  31.006  -71.368  -1.166 0.3000000119
14382  30.640  -70.809  -0.644 0.5000000000
13635  29.299  -72.686  -2.096 0.2000000030
13634  30.095  -72.157  -2.372 0.1000000015
15160  30.518  -70.629  -0.740 0.4000000060
12269  29.089  -74.430  -2.509 0.1000000015
12938  28.414  -73.870  -1.805 0.1000000015
13625  28.756  -72.412  -1.556 0.2000000030
13624  29.707  -71.746  -1.872 0.2000000030
10832  28.285  -75.906  -2.581 0.1000000015
11534  28.501  -75.001  -2.343 0.1000000015
10852  28.110  -76.863  -2.972 0.1000000015
126409  27.318  -76.392  -2.225 0.1000000015
12909  25.640  -73.691  3.214 0.4000000060
12904  25.418  -73.624  4.078 0.3000000119
12908  26.035  -73.737  2.444 0.4000000060
123071  27.467  -73.410  1.106 0.4000000060
118091  26.879  -74.088  1.376 0.4000000060
12911  28.097  -73.049  0.661 0.4000000060
13592  27.788  -72.569  1.334 0.4000000060
13601  30.184  -71.724  -0.257 0.4000000060
14371  30.447  -70.559  0.169 0.4000000060
13590  29.779  -71.240  0.592 0.4000000060
15136  30.492  -70.331  -0.084 0.5000000000
15937  30.394  -69.894  0.186 0.4000000060
14384  28.881  -71.060  -0.675 0.3000000119
14383  29.902  -70.572  -0.881 0.4000000060
15152  29.505  -70.278  -0.293 0.4000000060
127695  26.510  -75.267  -1.157 0.2000000030
110816  27.691  -74.122  -1.421 0.2000000030
13613  28.338  -72.011  -0.903 0.2000000030
11518  26.886  -75.782  -1.582 0.1000000015
12250  27.276  -74.990  -1.468 0.2000000030
8504  26.413  -79.699  -4.591 0.1000000015
124208  26.266  -72.344  3.462 0.4000000060
13578  25.649  -72.916  3.686 0.4000000060
13587  27.420  -72.290  2.023 0.4000000060
13586  28.265  -71.762  1.723 0.4000000060
14360  29.327  -71.029  1.439 0.4000000060
15122  30.362  -69.756  0.692 0.4000000060
14359  30.269  -70.224  1.079 0.4000000060
15938  30.262  -69.432  0.771 0.3000000119
15138  29.097  -69.977  0.322 0.4000000060
15939  29.785  -69.296  0.791 0.4000000060
14385  27.805  -71.642  -0.299 0.3000000119
14372  28.410  -70.753  -0.061 0.3000000119
12251  25.713  -75.132  -0.699 0.2000000030
12233  25.918  -74.384  -0.371 0.2000000030
12926  27.428  -73.539  -0.931 0.2000000030
13626  27.979  -72.786  -1.108 0.2000000030
10819  26.381  -76.455  -1.692 0.2000000030
7775  24.678  -80.336  -4.761 0.1000000015
7774  25.807  -80.341  -4.918 0.1000000015
8505  25.260  -79.856  -4.240 0.1000000015
14305  25.333  -71.700  5.675 0.3000000119
14335  26.782  -71.677  3.716 0.4000000060
14318  26.409  -71.412  4.471 0.3000000119
13577  27.011  -72.088  2.866 0.4000000060
15098  29.087  -70.698  3.305 0.4000000060
14350  28.046  -71.613  2.487 0.4000000060
14348  29.839  -70.076  1.968 0.4000000060
14349  28.797  -71.075  2.072 0.4000000060
15110  30.332  -69.361  1.423 0.4000000060
15919  30.219  -68.938  1.290 0.4000000060
15918  30.297  -69.177  1.223 0.3000000119
14362  25.754  -71.309  1.510 0.3000000119
15125  26.298  -70.664  1.920 0.3000000119
15124  27.499  -70.282  1.504 0.3000000119
15123  28.694  -69.675  1.042 0.3000000119
15920  29.545  -68.933  1.462 0.3000000119
12930  24.173  -73.668  -0.395 0.2000000030
12929  24.851  -73.830  0.000 0.2000000030
13605  25.153  -72.479  0.741 0.3000000119
13604  25.805  -72.498  0.686 0.2000000030
14373  27.360  -71.330  0.437 0.3000000119
15139  27.977  -70.509  0.681 0.3000000119
11495  24.851  -75.212  -0.635 0.2000000030
13615  26.197  -73.117  0.244 0.2000000030
111412  25.189  -75.863  -0.992 0.2000000030
15072  25.600  -70.972  5.893 0.3000000119
15051  27.217  -69.942  6.335 0.3000000119
15071  26.429  -70.441  5.799 0.3000000119
14304  25.983  -71.130  5.217 0.4000000060
14319  25.588  -71.896  4.874 0.3000000119
15099  28.650  -70.878  3.937 0.3000000119
123346  28.096  -70.648  4.707 0.4000000060
112175  29.594  -70.263  3.567 0.4000000060
14334  28.032  -71.328  3.357 0.4000000060
15111  29.865  -69.611  2.716 0.4000000060
14333  28.958  -70.830  2.685 0.4000000060
16706  29.888  -68.631  2.851 0.3000000119
129677  30.392  -69.051  1.944 0.4000000060
15885  26.459  -69.099  3.228 0.3000000119
16720  27.359  -68.733  3.390 0.2000000030
15884  29.287  -68.441  3.327 0.2000000030
108332  30.090  -68.696  1.815 0.3000000119
125875  30.296  -68.908  1.645 0.3000000119
123234  25.258  -69.991  2.268 0.3000000119
15112  26.922  -69.985  2.297 0.3000000119
123768  27.548  -69.227  2.766 0.2000000030
15921  28.211  -69.479  1.916 0.2000000030
107068  29.165  -68.719  2.214 0.2000000030
13618  23.924  -72.781  -0.416 0.2000000030
14386  24.299  -71.513  0.354 0.3000000119
13593  24.760  -72.017  0.849 0.3000000119
14363  24.998  -71.377  1.358 0.3000000119
15848  26.904  -69.623  6.979 0.3000000119
15849  26.003  -69.823  7.081 0.3000000119
15053  25.653  -70.496  6.555 0.3000000119
15871  30.181  -69.529  4.137 0.3000000119
17508  28.405  -67.358  4.694 0.2000000030
17507  29.114  -67.555  4.580 0.2000000030
109627  29.697  -68.492  3.594 0.2000000030
17510  26.949  -67.264  4.526 0.2000000030
16707  27.897  -68.196  3.801 0.2000000030
111387  28.875  -67.886  4.061 0.2000000030
16656  26.401  -68.443  7.692 0.2000000030
10068  27.206  -77.211  -2.606 0.1000000015
14387  23.922  -71.765  -0.479 0.3000000119
12252  24.240  -75.163  -0.878 0.2000000030
126568  31.727  -76.543  6.501 0.3000000119
9949  32.728  -76.944  5.499 0.3000000119
9948  33.504  -77.085  5.474 0.3000000119
113803  36.158  -77.472  1.930 0.2000000030
114755  35.532  -76.597  13.761 0.1000000015
107067  35.583  -76.926  7.873 0.2000000030
10713  33.304  -76.636  6.827 0.2000000030
11532  35.790  -75.459  -3.748 0.1000000015
11516  32.683  -75.645  -2.251 0.3000000119
126234  26.447  -69.135  7.418 0.3000000119
10860  35.717  -75.774  -4.371 0.1000000015
123544  25.337  -72.803  4.635 0.3000000119
12247  33.493  -74.867  -2.881 0.3000000119
110770  30.826  -75.403  -1.478 0.2000000030
10106  33.962  -76.803  -4.938 0.1000000015
116541  36.440  -77.542  4.972 0.2000000030
9964  36.435  -77.584  3.999 0.1000000015
11548  31.807  -74.974  -4.079 0.1000000015
9929  35.922  -77.196  6.478 0.2000000030
9268  32.353  -77.927  -4.791 0.1000000015
10875  32.925  -76.999  -5.359 0.1000000015
113141  34.626  -76.238  -4.809 0.1000000015
12966  33.812  -73.613  -4.002 0.1000000015
12303  32.557  -73.912  -4.079 0.1000000015
12984  32.200  -73.286  -3.653 0.1000000015
13622  32.302  -72.354  -2.594 0.1000000015
12268  34.091  -74.122  -3.580 0.2000000030
12229  31.049  -74.450  -1.583 0.3000000119
12952  32.996  -72.833  -3.092 0.2000000030
12249  31.957  -73.712  -1.962 0.3000000119
12937  32.022  -72.525  -1.975 0.3000000119
13611  31.473  -71.968  -1.518 0.3000000119
121067  26.581  -72.935  2.228 0.4000000060
13591  28.644  -71.991  0.970 0.4000000060
12271  28.082  -74.632  -1.850 0.2000000030
12939  28.159  -73.301  -1.468 0.2000000030
12927  26.503  -73.726  -0.356 0.2000000030
14374  26.289  -71.780  0.942 0.3000000119
13603  26.764  -72.229  0.310 0.2000000030
12928  25.608  -73.830  0.021 0.2000000030
15087  27.530  -71.082  4.187 0.4000000060
15113  25.876  -70.152  2.435 0.3000000119
117042  24.539  -73.126  0.173 0.2000000030
120886  24.808  -72.657  0.531 0.2000000030
15070  27.606  -70.319  5.551 0.4000000060
15883  30.061  -69.131  3.224 0.4000000060
15900  29.783  -68.632  2.501 0.2000000030
16709  25.667  -68.628  3.205 0.2000000030
16708  26.571  -68.319  3.722 0.2000000030
16697  27.034  -67.846  4.189 0.2000000030
122651  28.553  -68.599  3.061 0.2000000030
109977  29.095  -70.517  5.903 0.3000000119
15847  27.690  -69.760  6.954 0.2000000030
9995  37.493  -77.829  2.726 0.1000000015
9200  37.645  -77.968  2.571 0.1000000015
9202  37.290  -77.874  1.659 0.1000000015
9910  35.932  -77.040  8.525 0.1000000015
112849  37.261  -77.790  1.862 0.1000000015
8438  36.221  -78.625  0.579 0.1000000015
10010  37.123  -77.606  0.876 0.1000000015
9203  37.173  -77.820  0.749 0.1000000015
17446  27.165  -66.924  7.787 0.1000000015
17466  27.577  -67.866  7.626 0.1000000015
17444  28.833  -67.338  7.673 0.1000000015
17465  28.433  -68.024  7.641 0.1000000015
16654  28.027  -68.718  7.588 0.1000000015
16653  28.824  -68.889  7.814 0.1000000015
15829  27.650  -69.288  7.329 0.1000000015
111061  28.577  -69.421  7.629 0.1000000015
15050  28.250  -70.114  6.369 0.1000000015
15827  29.006  -70.037  7.853 0.1000000015
15030  29.615  -70.500  7.826 0.2000000030
15086  29.170  -70.757  4.312 0.2000000030
121508  29.858  -70.793  7.097 0.2000000030
15049  29.817  -70.876  6.039 0.2000000030
15069  28.632  -70.553  5.281 0.2000000030
14272  30.920  -71.305  7.349 0.2000000030
15048  30.568  -71.224  6.400 0.2000000030
15068  29.781  -70.904  4.863 0.2000000030
15085  29.883  -70.269  4.106 0.2000000030
16695  30.373  -68.830  4.677 0.1000000015
125587  30.657  -70.939  8.248 0.2000000030
15084  30.432  -70.689  4.594 0.2000000030
129380  30.955  -70.083  4.757 0.1000000015
15870  30.621  -69.953  4.533 0.1000000015
16655  27.119  -68.548  7.529 0.1000000015
18252  28.728  -66.518  7.747 0.1000000015
17445  28.102  -67.147  7.649 0.1000000015
18251  29.624  -66.883  7.817 0.1000000015
116281  29.273  -68.042  7.728 0.1000000015
16631  29.641  -69.075  8.032 0.1000000015
15031  29.110  -70.390  7.058 0.2000000030
107867  24.373  -69.722  0.316 0.2000000030
15114  24.806  -70.059  1.820 0.2000000030
109339  24.481  -69.965  1.151 0.2000000030
15161  24.239  -70.362  -0.851 0.2000000030
107263  24.521  -68.903  0.052 0.2000000030
15903  24.932  -69.457  2.227 0.2000000030
15940  24.477  -69.152  0.873 0.2000000030
15922  24.620  -69.380  1.623 0.2000000030
114603  24.646  -68.686  -0.627 0.2000000030
15902  25.606  -69.433  2.726 0.2000000030
17542  24.970  -67.288  2.040 0.1000000015
116186  24.975  -67.098  1.093 0.2000000030
17533  24.782  -68.245  2.061 0.2000000030
17532  25.148  -67.988  2.791 0.2000000030
18358  25.254  -66.400  1.421 0.1000000015
18343  25.314  -66.401  2.411 0.1000000015
18333  25.504  -66.408  3.176 0.1000000015
19254  25.613  -65.642  0.823 0.1000000015
19267  25.825  -65.659  -0.091 0.1000000015
15008  30.128  -70.510  8.207 0.1000000015
18318  26.300  -66.650  4.302 0.1000000015
19212  25.889  -65.220  3.323 0.1000000015
116255  25.330  -67.131  2.977 0.1000000015
19230  25.565  -65.511  1.877 0.1000000015
20105  26.326  -64.470  0.726 0.1000000015
20086  26.324  -64.335  1.363 0.1000000015
21039  27.147  -63.446  0.065 0.1000000015
14247  31.815  -71.267  8.270 0.1000000015
125032  32.763  -70.327  8.434 0.1000000015
15007  31.246  -71.005  8.397 0.1000000015
120397  27.757  -67.606  4.383 0.1000000015
18317  26.941  -66.503  4.854 0.1000000015
20050  26.196  -65.185  3.902 0.1000000015
19188  26.502  -65.695  4.541 0.1000000015
20071  26.328  -64.290  2.211 0.1000000015
21019  27.287  -63.238  0.990 0.1000000015
21020  26.749  -63.706  1.620 0.1000000015
15006  32.131  -70.952  8.502 0.1000000015
14290  31.395  -71.450  6.351 0.1000000015
19177  27.734  -65.498  5.473 0.1000000015
18301  28.464  -66.267  5.498 0.1000000015
20039  28.003  -64.026  5.576 0.1000000015
121132  27.614  -64.672  5.405 0.1000000015
120863  27.071  -65.841  5.150 0.1000000015
18302  27.604  -66.353  5.231 0.1000000015
20961  27.970  -63.537  5.198 0.1000000015
20040  27.334  -64.145  4.996 0.1000000015
120634  29.253  -62.536  4.646 0.1000000015
20974  27.659  -63.416  4.586 0.1000000015
20061  26.396  -64.402  3.340 0.1000000015
20049  26.968  -63.864  4.162 0.1000000015
21926  29.607  -62.391  3.852 0.1000000015
21927  28.604  -62.559  3.948 0.1000000015
20988  26.984  -63.616  3.382 0.1000000015
117933  28.264  -62.606  3.064 0.1000000015
14246  32.869  -71.285  8.349 0.1000000015
14271  31.550  -71.452  7.493 0.1000000015
17496  28.891  -67.065  5.082 0.1000000015
21915  30.127  -62.417  4.910 0.1000000015
21904  29.417  -62.745  5.304 0.1000000015
21914  31.102  -62.396  4.776 0.1000000015
17560  24.863  -67.511  0.427 0.1000000015
18377  25.313  -66.551  0.339 0.1000000015
21004  26.831  -63.650  2.566 0.1000000015
21948  28.042  -62.650  2.211 0.1000000015
19175  29.134  -65.775  5.939 0.1000000015
10125  23.600  -76.928  -6.329 0.1000000015
10881  24.020  -76.072  -6.737 0.1000000015
10888  23.783  -76.818  -7.068 0.1000000015
10132  23.555  -77.679  -6.951 0.1000000015
9336  23.440  -78.942  -7.973 0.1000000015
8562  23.365  -79.732  -8.388 0.1000000015
108962  23.305  -81.184  -9.852 0.1000000015
11586  23.907  -75.541  -6.130 0.1000000015
10139  23.632  -77.979  -7.844 0.1000000015
124666  23.483  -78.469  -7.282 0.1000000015
12322  24.721  -74.412  -6.410 0.1000000015
11577  24.149  -74.889  -5.906 0.1000000015
10867  23.505  -76.326  -4.853 0.1000000015
124281  23.496  -77.055  -5.379 0.1000000015
9321  23.381  -78.681  -6.447 0.1000000015
11593  24.681  -75.642  -7.324 0.1000000015
117824  23.626  -75.005  -4.553 0.1000000015
10853  23.465  -76.426  -3.896 0.1000000015
12321  25.385  -73.958  -6.805 0.1000000015
13002  24.905  -73.546  -6.108 0.1000000015
13676  25.428  -72.541  -6.139 0.1000000015
13001  25.498  -73.158  -6.522 0.1000000015
13000  26.045  -72.483  -6.741 0.1000000015
10876  23.619  -76.204  -5.811 0.1000000015
7840  23.697  -81.179  -11.256 0.1000000015
4543  27.541  -85.763  17.917 0.1000000015
4557  24.978  -86.584  17.449 0.1000000015
4624  25.127  -85.642  10.623 0.1000000015
5089  28.728  -85.039  18.097 0.1000000015
5102  27.862  -85.499  17.862 0.1000000015
5180  25.025  -85.467  10.597 0.1000000015
5204  28.210  -84.387  7.952 0.1000000015
5630  31.308  -83.284  18.143 0.1000000015
5631  30.132  -84.122  18.194 0.1000000015
5698  25.968  -84.024  11.914 0.1000000015
5705  30.956  -83.338  9.709 0.1000000015
5731  31.208  -83.040  8.868 0.1000000015
5733  30.174  -83.579  8.714 0.1000000015
5746  28.141  -84.118  7.738 0.1000000015
5760  24.456  -84.013  6.535 0.1000000015
6207  29.714  -83.650  19.157 0.1000000015
6295  31.511  -83.061  9.864 0.1000000015
6817  31.740  -82.591  18.596 0.1000000015
6831  29.495  -82.678  17.366 0.1000000015
6837  23.443  -81.507  17.104 0.1000000015
6923  25.296  -82.630  11.076 0.1000000015
7471  34.497  -81.119  19.108 0.1000000015
7496  26.198  -80.866  17.261 0.1000000015
7511  27.396  -80.365  17.034 0.1000000015
7559  33.322  -80.671  11.885 0.1000000015
7599  34.720  -81.044  11.080 0.1000000015
7790  25.226  -80.790  -5.392 0.1000000015
8154  35.353  -79.464  19.431 0.1000000015
8225  29.096  -79.564  15.491 0.1000000015
8235  37.661  -78.907  13.728 0.1000000015
8254  36.215  -79.748  13.448 0.1000000015
8298  29.868  -79.555  11.737 0.1000000015
8313  37.166  -79.114  10.820 0.1000000015
8314  36.370  -79.729  11.151 0.1000000015
8483  29.043  -79.639  -3.475 0.1000000015
8485  24.835  -79.369  -3.572 0.1000000015
9008  30.215  -78.713  14.311 0.1000000015
9027  38.536  -78.264  13.390 0.1000000015
9029  33.578  -78.564  13.386 0.1000000015
9071  23.573  -78.200  11.527 0.1000000015
9163  37.989  -77.951  5.101 0.1000000015
9172  28.362  -79.031  5.714 0.1000000015
9250  24.425  -78.249  -2.609 0.1000000015
9275  25.528  -78.795  -3.167 0.2000000030
9808  39.223  -76.839  14.793 0.1000000015
9813  22.829  -77.369  14.345 0.1000000015
9831  23.174  -77.409  13.078 0.1000000015
9857  32.956  -77.196  12.077 0.2000000030
9859  22.703  -77.221  12.338 0.1000000015
9889  32.962  -77.124  10.694 0.2000000030
9908  37.980  -77.667  8.232 0.1000000015
9928  38.126  -77.901  6.833 0.1000000015
9932  33.017  -76.795  6.072 0.2000000030
9966  33.945  -77.328  4.829 0.3000000119
9982  36.522  -77.566  3.150 0.2000000030
10025  31.969  -77.376  0.536 0.4000000060
10038  31.390  -77.091  -0.169 0.4000000060
10064  36.586  -76.637  -2.773 0.2000000030
10065  35.811  -77.087  -3.056 0.2000000030
10069  26.388  -77.497  -2.404 0.2000000030
10071  24.721  -77.742  -2.178 0.1000000015
10096  23.591  -77.889  -3.267 0.1000000015
10116  33.148  -77.159  -5.210 0.1000000015
10117  32.399  -77.575  -5.235 0.1000000015
10131  23.939  -77.126  -7.709 0.1000000015
10575  38.294  -75.805  16.942 0.1000000015
10585  39.171  -75.951  16.370 0.1000000015
10586  38.602  -75.962  16.880 0.1000000015
10591  39.481  -75.989  15.953 0.1000000015
10611  32.342  -75.775  14.190 0.2000000030
10632  28.402  -75.785  12.790 0.5000000000
10650  28.889  -76.181  12.473 0.5000000000
10654  32.021  -77.071  10.976 0.2000000030
10655  31.574  -77.005  11.741 0.4000000060
10667  28.171  -76.200  10.292 0.5000000000
10673  31.786  -76.663  9.438 0.4000000060
10690  34.349  -76.748  8.663 0.3000000119
10694  28.756  -76.364  8.270 0.5000000000
10695  28.046  -76.137  8.282 0.5000000000
10715  30.396  -76.510  6.104 0.5000000000
10716  29.605  -76.467  6.137 0.5000000000
10757  28.327  -76.626  2.939 0.5000000000
10764  27.619  -76.178  2.303 0.5000000000
10773  27.945  -76.272  1.603 0.5000000000
10790  37.042  -76.682  -1.349 0.2000000030
10820  25.522  -76.502  -1.446 0.3000000119
10822  24.168  -76.384  -1.618 0.2000000030
10831  36.606  -76.275  -2.956 0.2000000030
10833  26.632  -76.921  -2.158 0.2000000030
10834  23.823  -76.877  -2.194 0.2000000030
10887  24.345  -76.386  -7.506 0.1000000015
11341  37.839  -75.476  16.771 0.1000000015
11354  39.257  -75.881  15.775 0.1000000015
11355  38.778  -75.585  16.129 0.1000000015
11357  36.002  -74.688  15.882 0.1000000015
11374  32.256  -74.610  14.434 0.1000000015
11403  26.640  -75.259  11.131 0.5000000000
11423  27.397  -75.734  8.306 0.5000000000
11427  26.702  -75.393  7.793 0.5000000000
11462  26.487  -75.453  4.465 0.5000000000
11475  28.011  -76.017  0.955 0.5000000000
11482  28.323  -75.560  0.287 0.5000000000
11493  30.307  -76.030  -1.062 0.4000000060
11494  29.673  -75.627  -0.777 0.4000000060
11519  26.007  -75.865  -1.210 0.2000000030
11520  24.538  -75.797  -1.117 0.2000000030
11535  27.723  -75.469  -2.021 0.2000000030
11546  36.250  -75.891  -3.831 0.2000000030
11547  35.719  -75.470  -4.157 0.1000000015
11561  35.237  -75.213  -4.416 0.1000000015
11562  34.561  -75.611  -4.779 0.1000000015
11566  23.528  -75.678  -4.335 0.1000000015
11578  23.663  -75.445  -5.263 0.2000000030
11585  24.464  -75.236  -6.638 0.1000000015
12103  32.830  -73.449  15.009 0.1000000015
12133  28.303  -74.576  13.850 0.5000000000
12140  27.128  -74.910  12.790 0.5000000000
12148  26.022  -74.895  10.523 0.5000000000
12163  25.996  -74.986  9.010 0.5000000000
12182  26.043  -75.064  7.265 0.4000000060
12183  25.541  -74.570  6.765 0.4000000060
12211  26.427  -74.597  2.048 0.4000000060
12232  26.730  -74.500  -0.852 0.2000000030
12234  25.182  -74.504  -0.316 0.2000000030
12235  24.454  -74.500  -0.533 0.2000000030
12253  23.746  -74.869  -1.381 0.2000000030
12270  28.622  -74.304  -2.177 0.1000000015
12285  34.358  -74.071  -3.975 0.2000000030
12289  23.525  -74.616  -3.338 0.2000000030
12300  34.599  -74.406  -4.113 0.1000000015
12301  34.156  -74.223  -4.274 0.1000000015
12310  24.392  -74.122  -5.642 0.2000000030
12782  27.435  -73.437  17.452 0.1000000015
12803  32.981  -73.536  14.891 0.1000000015
12824  25.681  -72.957  12.940 0.5000000000
12831  24.525  -72.846  11.036 0.5000000000
12858  25.059  -73.955  7.109 0.4000000060
12882  25.162  -73.799  5.737 0.4000000060
12912  27.063  -73.120  1.590 0.4000000060
12924  30.482  -73.442  -1.124 0.4000000060
12953  30.532  -72.651  -2.732 0.1000000015
12954  29.012  -73.624  -2.260 0.1000000015
12955  23.546  -73.584  -2.271 0.3000000119
12967  33.092  -73.062  -3.596 0.1000000015
12968  31.395  -73.431  -3.458 0.1000000015
12971  23.943  -73.240  -4.014 0.2000000030
13451  26.472  -72.400  18.301 0.1000000015
13459  26.546  -72.159  17.270 0.2000000030
13467  28.445  -72.340  15.547 0.3000000119
13474  29.908  -72.495  14.567 0.2000000030
13485  29.324  -72.123  14.784 0.3000000119
13487  28.252  -71.747  14.564 0.5000000000
13496  24.855  -72.908  11.866 0.5000000000
13503  24.297  -72.340  10.327 0.5000000000
13564  25.903  -72.139  4.103 0.4000000060
13588  26.090  -72.931  2.932 0.4000000060
13614  27.286  -72.735  -0.441 0.2000000030
13616  25.251  -73.129  0.428 0.2000000030
13617  24.328  -72.348  0.233 0.2000000030
13627  23.678  -72.308  -1.251 0.3000000119
13632  31.772  -71.905  -2.359 0.1000000015
13636  23.912  -72.162  -2.867 0.3000000119
13647  32.611  -72.631  -3.139 0.1000000015
13648  32.065  -72.180  -2.975 0.1000000015
13649  31.434  -72.230  -2.910 0.1000000015
13668  25.288  -72.040  -5.589 0.2000000030
14139  25.822  -70.812  20.338 0.1000000015
14167  25.694  -71.098  17.759 0.1000000015
14176  27.597  -71.451  15.507 0.4000000060
14194  27.602  -70.892  14.864 0.5000000000
14212  24.173  -71.611  10.446 0.5000000000
14226  24.128  -71.746  9.221 0.5000000000
14248  31.020  -71.219  8.143 0.1000000015
14249  24.405  -71.084  8.189 0.5000000000
14273  24.707  -71.138  7.391 0.4000000060
14361  26.837  -71.029  1.196 0.3000000119
14375  25.373  -71.958  1.088 0.3000000119
14376  24.607  -71.309  0.987 0.3000000119
14394  30.936  -71.177  -1.357 0.3000000119
14396  29.328  -71.372  -1.295 0.3000000119
14397  23.863  -71.455  -1.367 0.4000000060
14401  31.311  -71.585  -2.099 0.2000000030
14410  24.367  -71.696  -3.595 0.3000000119
14429  25.739  -71.817  -6.178 0.1000000015
14901  26.200  -70.843  21.128 0.1000000015
14913  25.536  -70.513  19.709 0.1000000015
14923  35.648  -69.948  18.570 0.1000000015
14924  25.419  -70.553  18.948 0.1000000015
15029  30.345  -71.012  7.778 0.2000000030
15052  26.435  -70.030  6.538 0.2000000030
15088  27.017  -70.736  4.946 0.4000000060
15126  25.312  -70.646  1.874 0.3000000119
15127  24.705  -70.701  1.364 0.2000000030
15137  30.086  -69.666  0.176 0.4000000060
15140  24.356  -70.635  0.576 0.2000000030
15150  30.446  -70.329  -0.248 0.4000000060
15151  30.188  -69.975  -0.212 0.4000000060
15153  24.130  -70.918  -0.229 0.3000000119
15172  24.964  -70.313  -3.715 0.2000000030
15185  25.639  -70.706  -5.275 0.1000000015
15619  29.692  -69.349  24.948 0.1000000015
15651  27.203  -69.192  22.745 0.1000000015
15700  32.895  -69.440  19.858 0.1000000015
15701  24.882  -69.296  19.002 0.2000000030
15714  36.344  -69.414  18.009 0.1000000015
15734  37.773  -68.987  17.938 0.1000000015
15735  37.158  -68.923  17.556 0.1000000015
15736  35.918  -68.553  17.621 0.1000000015
15737  25.041  -69.780  17.610 0.2000000030
15747  24.855  -69.196  16.930 0.2000000030
15753  26.143  -69.606  15.224 0.4000000060
15757  26.046  -69.434  14.473 0.5000000000
15810  24.663  -69.601  8.680 0.5000000000
15828  28.405  -69.820  7.304 0.2000000030
15899  30.140  -68.727  2.256 0.3000000119
15901  26.421  -69.631  2.756 0.3000000119
15950  24.447  -69.511  -0.610 0.2000000030
15958  24.474  -69.837  -1.626 0.3000000119
15966  24.689  -69.786  -2.553 0.3000000119
15972  25.450  -69.496  -3.752 0.1000000015
15987  26.634  -69.442  -5.618 0.1000000015
16473  29.410  -68.113  23.759 0.1000000015
16489  31.623  -68.412  22.342 0.1000000015
16492  27.476  -68.394  22.676 0.1000000015
16493  26.930  -68.634  22.312 0.1000000015
16508  26.431  -68.508  21.679 0.1000000015
16518  32.243  -69.075  20.193 0.1000000015
16535  31.671  -68.563  19.753 0.1000000015
16544  37.456  -68.673  17.881 0.1000000015
16567  34.291  -67.861  17.536 0.1000000015
16632  25.996  -68.015  8.050 0.5000000000
16721  25.083  -68.787  2.540 0.2000000030
16722  24.710  -68.914  2.027 0.2000000030
16738  24.608  -68.643  1.431 0.2000000030
16754  24.613  -68.341  0.633 0.2000000030
16764  24.745  -68.110  -0.191 0.1000000015
16772  24.968  -68.083  -1.029 0.2000000030
16783  25.454  -68.402  -2.476 0.2000000030
17309  29.711  -67.635  23.142 0.1000000015
17320  29.199  -67.418  22.559 0.1000000015
17328  30.292  -67.617  21.425 0.1000000015
17330  28.752  -67.170  21.996 0.1000000015
17340  29.873  -67.232  20.279 0.1000000015
17341  26.086  -67.200  20.826 0.1000000015
17360  36.065  -67.281  17.809 0.1000000015
17363  31.519  -67.629  18.478 0.1000000015
17364  30.878  -67.239  18.628 0.1000000015
17497  28.171  -66.834  5.104 0.1000000015
17509  27.623  -67.018  4.831 0.2000000030
17520  26.329  -67.522  4.079 0.1000000015
17521  25.694  -67.786  3.518 0.2000000030
17543  24.736  -67.842  1.287 0.2000000030
17599  26.562  -67.582  -3.540 0.1000000015
17603  27.406  -67.508  -4.618 0.1000000015
17604  26.808  -67.828  -4.214 0.1000000015
18139  26.279  -66.514  20.559 0.1000000015
18140  25.672  -66.763  20.235 0.2000000030
18148  30.296  -66.718  18.776 0.2000000030
18152  25.167  -66.360  19.529 0.2000000030
18153  24.649  -66.285  18.812 0.2000000030
18175  34.355  -66.463  16.962 0.1000000015
18190  33.469  -66.189  16.842 0.1000000015
18254  26.536  -66.321  8.331 0.2000000030
18332  25.748  -66.906  3.688 0.1000000015
18392  25.677  -66.389  -0.660 0.2000000030
18403  26.145  -66.325  -1.456 0.1000000015
18420  27.378  -66.561  -3.653 0.1000000015
18993  25.483  -65.568  19.354 0.2000000030
19006  25.862  -64.905  19.024 0.2000000030
19030  34.390  -64.936  16.680 0.1000000015
19050  24.321  -65.100  14.520 0.2000000030
19093  25.224  -65.437  10.316 0.3000000119
19176  28.482  -65.449  5.765 0.1000000015
19187  27.059  -65.080  5.079 0.1000000015
19200  25.824  -65.943  3.754 0.1000000015
19213  25.561  -65.707  2.893 0.1000000015
19229  25.933  -64.923  1.141 0.1000000015
19253  26.100  -64.976  0.363 0.1000000015
19838  25.552  -64.538  18.344 0.2000000030
19905  25.095  -64.027  12.120 0.1000000015
20072  25.855  -64.951  2.596 0.1000000015
20087  25.952  -64.776  1.827 0.1000000015
20123  26.643  -64.891  -1.171 0.1000000015
20740  34.217  -63.535  16.998 0.1000000015
20783  24.864  -63.837  15.985 0.1000000015
20796  24.788  -63.834  15.165 0.1000000015
20806  25.144  -63.635  13.847 0.1000000015
20807  24.750  -64.027  13.721 0.1000000015
20866  27.428  -63.409  10.494 0.2000000030
20883  28.399  -63.726  9.555 0.2000000030
20973  28.485  -62.919  4.831 0.1000000015
20987  27.488  -63.266  3.816 0.1000000015
21003  27.547  -63.075  2.925 0.1000000015
21040  26.678  -63.858  0.786 0.1000000015
21916  27.997  -62.890  4.186 0.1000000015
21928  27.927  -62.804  3.588 0.1000000015
23881  29.332  -60.312  14.491 0.1000000015
23882  28.833  -60.663  14.160 0.1000000015
109363  33.332  -81.766  18.731 0.1000000015
109797  31.793  -76.504  8.106 0.4000000060
110598  37.579  -77.489  7.871 0.1000000015
110779  35.208  -75.804  -4.705 0.1000000015
111660  27.413  -63.156  1.916 0.1000000015
113007  27.823  -76.011  8.972 0.5000000000
113218  25.487  -82.482  17.553 0.1000000015
113421  27.650  -75.914  9.736 0.6000000238
113478  26.561  -66.269  -2.207 0.1000000015
114111  37.963  -75.273  16.276 0.1000000015
114313  32.134  -77.490  2.029 0.4000000060
114570  29.725  -72.181  14.529 0.3000000119
114597  31.079  -76.531  6.090 0.5000000000
114903  28.945  -62.432  3.243 0.1000000015
115144  32.342  -78.912  -0.487 0.1000000015
115291  23.113  -82.785  6.425 0.1000000015
115327  34.066  -74.787  -4.527 0.1000000015
115402  24.612  -70.340  -3.016 0.3000000119
115879  24.356  -71.795  7.896 0.5000000000
116056  28.945  -79.148  13.979 0.1000000015
116121  25.106  -68.451  -1.721 0.3000000119
116355  26.651  -64.696  4.403 0.1000000015
116540  29.076  -76.459  5.545 0.4000000060
116609  24.430  -67.733  17.826 0.2000000030
116747  30.966  -76.603  -0.767 0.3000000119
116895  26.548  -66.774  -2.641 0.1000000015
117233  32.617  -73.094  -2.504 0.3000000119
117301  24.390  -65.960  13.292 0.2000000030
117347  24.423  -72.974  -4.874 0.2000000030
117573  25.193  -84.898  17.543 0.1000000015
118542  25.890  -68.788  21.131 0.1000000015
119171  38.327  -78.162  10.778 0.1000000015
119904  28.536  -69.909  24.482 0.1000000015
119991  26.558  -84.805  7.509 0.1000000015
120037  22.582  -80.395  18.157 0.1000000015
120115  30.768  -70.462  8.351 0.1000000015
120363  25.337  -68.008  20.192 0.1000000015
120464  28.208  -64.749  5.743 0.1000000015
120808  24.702  -69.763  12.009 0.5000000000
121361  32.281  -82.298  10.566 0.1000000015
122125  33.563  -77.397  4.415 0.3000000119
122815  25.653  -74.648  5.071 0.4000000060
122946  25.519  -87.185  17.872 0.1000000015
123333  24.918  -73.394  11.427 0.5000000000
123804  29.135  -66.983  21.396 0.1000000015
124026  33.082  -77.468  1.759 0.4000000060
124398  39.250  -77.065  14.977 0.1000000015
124444  36.234  -80.288  12.215 0.1000000015
124851  25.402  -69.360  20.165 0.1000000015
124917  30.032  -69.809  25.429 0.1000000015
125373  29.517  -79.420  8.862 0.1000000015
125814  25.159  -70.918  -4.564 0.2000000030
126731  25.861  -70.500  20.755 0.1000000015
126797  24.253  -70.217  -0.159 0.2000000030
126870  24.058  -71.163  -2.016 0.3000000119
127125  25.222  -72.936  12.357 0.5000000000
127130  28.718  -73.172  -1.849 0.2000000030
127311  27.051  -75.535  10.912 0.5000000000
127551  26.888  -63.859  -0.349 0.1000000015
127589  30.696  -74.000  -1.374 0.3000000119
127739  33.849  -77.587  17.026 0.1000000015
127800  24.365  -70.633  11.238 0.5000000000
128291  24.112  -71.875  9.852 0.5000000000
128485  26.530  -68.401  -4.368 0.1000000015
128502  35.111  -76.851  8.425 0.4000000060
128622  34.167  -74.453  14.929 0.1000000015
129093  25.193  -73.019  -6.097 0.1000000015
129358  24.025  -74.714  -0.839 0.3000000119
