#!ascii label  , from subject sub-v2s3x28814_ses-1 vox2ras=TkReg
1524
52667  -25.727  -22.167  75.701 0.0000000000
62990  -45.717  -12.721  59.241 0.0000000000
57003  -34.362  -18.587  65.326 0.0000000000
42670  -3.802  -33.081  65.272 0.0000000000
44713  -15.403  -30.867  72.410 0.0000000000
51707  -3.692  -23.661  68.367 0.0000000000
49652  0.805  -25.978  75.018 0.0000000000
114982  -38.738  -12.927  63.410 0.0000000000
52834  0.842  -22.544  63.352 0.0000000000
40379  2.439  -34.527  69.528 0.0000000000
52759  -26.565  -22.771  68.583 0.0000000000
49679  -21.115  -24.718  72.930 0.0000000000
47801  -19.739  -27.501  74.340 0.0000000000
63794  -49.767  -10.779  56.946 0.0000000000
59097  -36.711  -15.976  64.298 0.0000000000
44762  -11.003  -29.804  69.198 0.0000000000
58058  -0.070  -17.193  65.799 0.0000000000
45864  -3.196  -28.994  67.118 0.0000000000
46880  -0.652  -28.392  64.791 0.0000000000
42744  -5.148  -31.931  59.833 0.0000000000
39218  -2.851  -35.866  74.672 0.0000000000
40294  0.975  -34.799  74.804 0.0000000000
58046  -31.448  -17.703  67.586 0.0000000000
107229  -19.220  -29.707  76.772 0.0000000000
124001  -18.011  -30.319  68.939 0.0000000000
49674  -2.364  -25.314  72.356 0.0000000000
44737  -2.966  -30.829  71.043 0.0000000000
62051  -42.911  -13.252  61.336 0.0000000000
40345  -5.676  -33.972  73.028 0.0000000000
43678  -7.962  -31.538  71.193 0.0000000000
51752  0.463  -23.633  65.541 0.0000000000
47925  1.746  -27.626  61.277 0.0000000000
46706  1.013  -28.564  77.545 0.0000000000
126405  1.732  -31.570  73.016 0.0000000000
112867  0.348  -33.476  68.047 0.0000000000
53744  -27.013  -21.120  75.403 0.0000000000
51657  -25.636  -23.167  73.414 0.0000000000
124374  -27.141  -22.365  72.896 0.0000000000
51655  -23.355  -23.294  73.984 0.0000000000
50690  -23.883  -24.407  71.522 0.0000000000
50642  -21.836  -23.701  75.955 0.0000000000
109365  -48.109  -11.344  58.807 0.0000000000
61254  -42.662  -13.912  57.768 0.0000000000
63007  -44.386  -12.310  56.954 0.0000000000
63808  -46.795  -11.345  55.540 0.0000000000
57018  -35.794  -17.968  64.962 0.0000000000
55973  -31.951  -19.266  63.956 0.0000000000
56009  -33.453  -19.392  62.683 0.0000000000
57048  -34.528  -18.244  62.386 0.0000000000
43734  -5.172  -31.143  66.357 0.0000000000
45944  -5.379  -29.623  63.773 0.0000000000
42694  -5.064  -32.759  62.856 0.0000000000
40532  -4.023  -34.454  60.372 0.0000000000
40488  -3.201  -34.310  62.946 0.0000000000
38111  -2.988  -35.720  71.996 0.0000000000
117311  -0.980  -36.273  72.985 0.0000000000
58033  -29.586  -17.765  68.472 0.0000000000
117365  -28.418  -20.743  69.735 0.0000000000
53855  -26.506  -21.328  67.594 0.0000000000
55925  -28.460  -19.758  68.594 0.0000000000
55940  -29.720  -19.147  66.387 0.0000000000
49609  -18.402  -25.906  78.864 0.0000000000
120113  -19.266  -28.144  71.170 0.0000000000
45778  -19.616  -29.712  71.547 0.0000000000
64732  -49.162  -10.115  53.221 0.0000000000
66773  -48.401  -7.727  52.057 0.0000000000
49664  -1.431  -25.419  73.696 0.0000000000
47826  -1.091  -27.517  71.241 0.0000000000
46786  0.398  -28.106  72.548 0.0000000000
123265  -41.001  -12.598  62.118 0.0000000000
61193  -36.448  -14.404  61.821 0.0000000000
62066  -38.013  -12.904  60.872 0.0000000000
62087  -39.959  -13.451  59.313 0.0000000000
110912  -5.999  -34.476  75.734 0.0000000000
40303  -7.945  -33.342  75.145 0.0000000000
53833  -2.883  -21.402  68.347 0.0000000000
54852  -2.683  -20.649  66.371 0.0000000000
51736  -2.515  -23.255  66.153 0.0000000000
45984  -0.770  -29.000  60.750 0.0000000000
46896  1.309  -28.276  63.168 0.0000000000
126879  0.628  -28.951  59.484 0.0000000000
45683  -0.797  -29.330  78.083 0.0000000000
39244  1.979  -34.761  71.561 0.0000000000
126348  2.270  -31.811  73.341 0.0000000000
41479  1.544  -33.421  71.142 0.0000000000
41489  0.558  -33.368  70.631 0.0000000000
41519  2.248  -33.751  68.436 0.0000000000
53801  -28.186  -21.715  71.494 0.0000000000
49619  -20.040  -25.008  77.721 0.0000000000
116410  -21.116  -24.470  76.730 0.0000000000
49667  -20.457  -25.593  74.228 0.0000000000
65667  -51.120  -9.686  55.210 0.0000000000
111393  -48.240  -11.515  54.614 0.0000000000
61170  -37.853  -14.026  64.139 0.0000000000
59135  -35.167  -16.508  61.865 0.0000000000
45809  -14.543  -29.250  69.390 0.0000000000
45789  -12.983  -29.569  70.012 0.0000000000
55962  1.994  -20.246  63.844 0.0000000000
48770  -2.725  -26.560  67.594 0.0000000000
48779  -1.817  -26.742  66.361 0.0000000000
46864  -2.613  -28.590  65.539 0.0000000000
45966  -3.588  -29.086  62.050 0.0000000000
43828  -1.824  -31.719  58.592 0.0000000000
41438  -2.693  -33.733  76.746 0.0000000000
41425  -0.968  -32.887  76.876 0.0000000000
39198  -0.594  -35.359  74.698 0.0000000000
38071  0.697  -36.246  72.983 0.0000000000
56992  -33.344  -18.399  66.717 0.0000000000
55952  -30.739  -19.145  65.067 0.0000000000
118230  -17.393  -31.994  74.318 0.0000000000
46733  -19.739  -28.880  75.484 0.0000000000
44715  -18.939  -31.018  72.314 0.0000000000
44728  -16.800  -30.933  71.229 0.0000000000
52705  -2.334  -21.767  70.553 0.0000000000
52683  -1.290  -22.334  72.708 0.0000000000
51673  -3.423  -24.032  70.881 0.0000000000
48751  -2.169  -26.957  69.874 0.0000000000
45805  -3.542  -30.002  69.363 0.0000000000
42631  -3.837  -32.327  68.749 0.0000000000
62090  -43.896  -13.526  59.928 0.0000000000
61215  -41.046  -13.882  58.716 0.0000000000
40284  -4.733  -34.611  76.582 0.0000000000
39220  -4.426  -35.159  73.963 0.0000000000
39271  -4.553  -35.158  70.930 0.0000000000
44723  -11.441  -30.783  71.211 0.0000000000
42590  -10.161  -32.263  72.909 0.0000000000
41467  -9.169  -32.896  74.102 0.0000000000
41483  -6.753  -32.900  72.213 0.0000000000
41500  -5.655  -33.783  70.042 0.0000000000
56977  -0.397  -17.962  67.435 0.0000000000
54885  -0.994  -20.015  64.704 0.0000000000
52817  1.930  -22.529  64.606 0.0000000000
49785  0.254  -25.999  65.670 0.0000000000
49797  2.327  -25.483  65.061 0.0000000000
49810  1.236  -25.334  63.370 0.0000000000
48674  1.750  -26.733  76.273 0.0000000000
43610  1.188  -31.147  75.862 0.0000000000
45728  2.680  -29.530  75.012 0.0000000000
46756  2.406  -28.958  73.930 0.0000000000
44710  0.318  -30.535  73.069 0.0000000000
42617  -1.857  -33.001  70.219 0.0000000000
124464  -1.992  -33.478  67.079 0.0000000000
39309  3.553  -35.380  67.330 0.0000000000
40445  2.768  -34.679  65.303 0.0000000000
41576  -1.329  -34.358  64.182 0.0000000000
52668  -26.356  -21.951  75.393 0.0000000000
53731  -25.730  -21.207  76.651 0.0000000000
51644  -25.480  -22.838  74.734 0.0000000000
106940  -26.593  -22.226  74.490 0.0000000000
51643  -24.828  -22.946  74.824 0.0000000000
106600  -24.359  -23.158  74.005 0.0000000000
52658  -24.688  -21.945  76.761 0.0000000000
51626  -23.641  -22.695  76.287 0.0000000000
62991  -46.429  -12.116  58.830 0.0000000000
62105  -44.378  -13.284  58.661 0.0000000000
62115  -43.984  -13.204  57.812 0.0000000000
62997  -45.379  -12.411  58.230 0.0000000000
63775  -46.025  -11.663  57.806 0.0000000000
57017  -35.224  -18.407  65.427 0.0000000000
56995  -36.051  -17.980  66.794 0.0000000000
56994  -35.307  -18.421  66.586 0.0000000000
55990  -32.345  -19.556  63.268 0.0000000000
55975  -33.502  -18.908  63.814 0.0000000000
114425  -35.044  -18.420  64.036 0.0000000000
42661  -4.568  -32.385  65.628 0.0000000000
43755  -5.451  -31.213  64.661 0.0000000000
42671  -4.489  -32.682  64.636 0.0000000000
41600  -4.200  -33.405  63.251 0.0000000000
110148  -3.458  -33.608  63.738 0.0000000000
38129  -3.062  -36.048  70.475 0.0000000000
109040  -2.100  -36.355  70.439 0.0000000000
109562  -28.470  -19.342  69.717 0.0000000000
114441  -28.226  -20.434  69.056 0.0000000000
55918  -28.541  -19.194  69.017 0.0000000000
56970  -29.272  -18.422  68.101 0.0000000000
66749  -50.026  -8.310  53.535 0.0000000000
66761  -48.452  -8.686  52.570 0.0000000000
68634  -49.583  -6.378  51.798 0.0000000000
49662  0.381  -26.273  74.223 0.0000000000
48718  -0.053  -27.011  72.545 0.0000000000
48717  0.766  -27.228  73.012 0.0000000000
62945  -39.976  -12.444  62.698 0.0000000000
62935  -41.280  -12.561  63.424 0.0000000000
62034  -37.662  -13.637  62.738 0.0000000000
62045  -36.934  -13.745  61.490 0.0000000000
62047  -38.017  -12.959  61.835 0.0000000000
107240  -38.857  -12.682  60.943 0.0000000000
40288  -7.934  -33.452  75.642 0.0000000000
41446  -8.684  -33.183  75.491 0.0000000000
43656  -15.207  -31.490  73.823 0.0000000000
44699  -14.693  -30.959  73.097 0.0000000000
53919  1.124  -21.369  62.929 0.0000000000
52724  -3.257  -22.101  68.850 0.0000000000
52768  -3.392  -22.554  67.366 0.0000000000
51723  -3.537  -23.398  67.538 0.0000000000
44898  -0.938  -30.011  59.109 0.0000000000
109206  0.077  -29.129  59.684 0.0000000000
44910  0.730  -30.160  58.469 0.0000000000
110829  -1.798  -28.891  78.037 0.0000000000
44642  -2.043  -30.254  78.074 0.0000000000
40368  2.319  -34.100  70.187 0.0000000000
41478  1.717  -33.423  71.207 0.0000000000
41486  1.951  -33.585  70.551 0.0000000000
41495  1.978  -33.583  69.905 0.0000000000
121190  2.522  -34.100  68.673 0.0000000000
52688  -27.533  -21.927  73.147 0.0000000000
52699  -27.801  -22.244  71.634 0.0000000000
53784  -28.108  -21.299  72.972 0.0000000000
54821  -28.451  -20.543  71.816 0.0000000000
50651  -21.492  -24.221  74.488 0.0000000000
50641  -21.421  -24.462  75.274 0.0000000000
49668  -20.854  -24.853  73.798 0.0000000000
48738  -19.524  -26.226  71.681 0.0000000000
117346  -50.734  -10.413  55.890 0.0000000000
106263  -48.270  -11.251  56.211 0.0000000000
63809  -47.756  -11.380  55.447 0.0000000000
63810  -48.745  -11.372  55.324 0.0000000000
63812  -50.158  -11.093  54.765 0.0000000000
60142  -36.983  -15.200  63.858 0.0000000000
61139  -38.314  -14.369  65.789 0.0000000000
60117  -37.920  -14.923  66.187 0.0000000000
59123  -35.770  -16.761  63.067 0.0000000000
58091  -34.855  -17.388  62.080 0.0000000000
60155  -36.232  -15.999  63.177 0.0000000000
117277  -36.347  -15.342  62.817 0.0000000000
124378  0.745  -16.933  64.614 0.0000000000
57007  1.660  -18.311  63.254 0.0000000000
57008  1.166  -18.726  63.813 0.0000000000
46822  -2.294  -28.222  68.059 0.0000000000
46837  -2.282  -28.179  67.093 0.0000000000
46851  -3.044  -28.744  66.406 0.0000000000
44860  -5.479  -30.395  62.318 0.0000000000
45967  -4.662  -29.173  62.651 0.0000000000
44875  -4.755  -30.184  61.029 0.0000000000
44889  -3.461  -30.293  60.072 0.0000000000
114661  -4.317  -31.695  59.367 0.0000000000
115552  -3.846  -33.002  59.057 0.0000000000
39200  -2.851  -35.492  75.677 0.0000000000
40297  -2.012  -35.014  75.822 0.0000000000
110175  -2.214  -35.661  75.260 0.0000000000
38108  -0.145  -36.660  72.025 0.0000000000
38090  -0.397  -36.444  72.736 0.0000000000
38107  0.497  -36.577  71.577 0.0000000000
38106  1.266  -36.391  71.100 0.0000000000
113169  -32.089  -17.932  67.166 0.0000000000
126079  -30.538  -18.213  66.715 0.0000000000
119308  -30.366  -19.001  65.760 0.0000000000
56982  -31.206  -18.045  66.633 0.0000000000
56991  -32.288  -18.249  66.365 0.0000000000
44655  -18.186  -29.615  77.719 0.0000000000
43632  -17.828  -31.789  75.762 0.0000000000
43633  -18.837  -31.124  75.483 0.0000000000
109999  -20.150  -25.817  76.481 0.0000000000
48673  -19.869  -26.516  76.982 0.0000000000
114374  -19.719  -28.073  75.394 0.0000000000
44747  -18.915  -30.336  70.225 0.0000000000
44731  -19.443  -30.421  71.916 0.0000000000
107841  -18.489  -30.812  70.875 0.0000000000
44729  -17.705  -31.250  71.463 0.0000000000
44745  -16.910  -30.437  70.408 0.0000000000
45811  -16.165  -29.668  68.811 0.0000000000
51651  -1.629  -23.577  73.672 0.0000000000
51662  -2.232  -23.689  72.877 0.0000000000
52693  -2.377  -22.538  71.798 0.0000000000
50684  -3.039  -24.277  71.581 0.0000000000
49701  -3.173  -25.519  70.153 0.0000000000
112754  -2.729  -25.618  71.024 0.0000000000
46788  -1.032  -28.491  71.371 0.0000000000
45803  -2.068  -29.009  70.288 0.0000000000
44757  -3.366  -30.348  70.243 0.0000000000
44758  -4.034  -30.771  69.629 0.0000000000
44738  -3.622  -30.966  70.384 0.0000000000
62071  -43.428  -13.438  60.642 0.0000000000
62053  -44.862  -13.013  61.502 0.0000000000
62038  -43.412  -12.921  62.280 0.0000000000
62068  -40.633  -13.266  60.049 0.0000000000
117770  -40.674  -13.602  59.219 0.0000000000
62089  -42.120  -13.606  59.689 0.0000000000
61217  -42.578  -13.759  59.112 0.0000000000
40272  -5.293  -34.136  77.340 0.0000000000
40315  -6.499  -33.931  74.305 0.0000000000
40300  -5.550  -34.659  75.051 0.0000000000
39248  -5.177  -34.448  73.084 0.0000000000
39247  -4.644  -34.976  72.684 0.0000000000
39260  -5.166  -34.405  72.464 0.0000000000
45806  -11.711  -29.619  69.339 0.0000000000
114065  -11.886  -30.328  70.816 0.0000000000
44741  -11.199  -30.363  70.480 0.0000000000
43692  -8.510  -30.874  70.558 0.0000000000
43680  -9.666  -31.381  71.668 0.0000000000
42603  -9.065  -31.752  72.237 0.0000000000
42578  -9.634  -32.724  73.500 0.0000000000
42588  -8.394  -32.375  72.703 0.0000000000
41474  -7.993  -32.742  73.435 0.0000000000
42601  -7.516  -32.282  71.858 0.0000000000
41501  -6.046  -33.429  69.297 0.0000000000
55920  -0.322  -18.693  68.238 0.0000000000
52805  -2.270  -22.012  65.646 0.0000000000
54865  -1.715  -20.631  65.153 0.0000000000
53873  -0.340  -21.793  65.023 0.0000000000
53889  0.609  -21.155  64.653 0.0000000000
52802  1.383  -22.886  65.262 0.0000000000
46848  -0.667  -27.851  65.601 0.0000000000
48778  -0.916  -26.344  65.835 0.0000000000
46862  0.035  -27.930  65.161 0.0000000000
46894  1.947  -27.861  62.533 0.0000000000
47906  1.960  -27.269  64.497 0.0000000000
48805  2.263  -26.612  63.823 0.0000000000
49808  2.291  -25.766  64.302 0.0000000000
49819  1.535  -26.217  62.723 0.0000000000
48814  1.069  -26.417  62.084 0.0000000000
47754  1.953  -27.425  76.358 0.0000000000
41435  0.024  -33.233  75.946 0.0000000000
42546  0.020  -31.988  76.837 0.0000000000
42561  1.187  -32.772  75.151 0.0000000000
43663  1.976  -31.735  72.985 0.0000000000
43624  2.439  -30.976  74.464 0.0000000000
44697  2.459  -29.770  73.959 0.0000000000
46755  2.662  -28.839  74.262 0.0000000000
44708  1.987  -30.072  73.643 0.0000000000
45765  1.662  -29.399  73.594 0.0000000000
43665  1.046  -31.285  73.096 0.0000000000
41497  0.096  -33.409  69.680 0.0000000000
41490  -0.705  -33.259  70.478 0.0000000000
41498  -1.136  -33.374  69.489 0.0000000000
41511  -2.425  -33.237  68.446 0.0000000000
117276  -0.828  -33.506  67.837 0.0000000000
121006  3.900  -36.118  65.919 0.0000000000
40424  3.367  -35.050  66.534 0.0000000000
54805  -27.405  -20.831  74.917 0.0000000000
50692  -25.249  -24.343  71.275 0.0000000000
51678  -26.378  -23.689  71.486 0.0000000000
105357  -25.989  -23.206  72.687 0.0000000000
52679  -27.209  -21.885  73.994 0.0000000000
111048  -22.202  -23.986  73.074 0.0000000000
50666  -23.911  -23.524  73.108 0.0000000000
50677  -24.437  -23.863  72.228 0.0000000000
51641  -22.837  -23.245  74.922 0.0000000000
63778  -48.392  -11.035  57.944 0.0000000000
62139  -43.134  -12.814  55.917 0.0000000000
63019  -44.184  -11.883  56.154 0.0000000000
63806  -44.770  -11.490  55.590 0.0000000000
63789  -44.979  -11.625  56.469 0.0000000000
63791  -46.814  -11.352  57.214 0.0000000000
59096  -36.465  -16.717  64.582 0.0000000000
108742  -37.199  -16.256  66.155 0.0000000000
58065  -36.766  -16.850  65.895 0.0000000000
58049  -37.036  -16.922  67.550 0.0000000000
55988  -31.085  -19.550  63.621 0.0000000000
54940  -31.585  -19.867  62.469 0.0000000000
119287  -32.142  -19.798  62.116 0.0000000000
56021  -33.141  -19.434  61.408 0.0000000000
56039  -33.156  -19.074  60.725 0.0000000000
56010  -34.136  -18.996  62.561 0.0000000000
57032  -35.239  -18.029  63.630 0.0000000000
45847  -4.557  -29.906  67.196 0.0000000000
45890  -4.673  -29.250  65.675 0.0000000000
44838  -5.458  -30.396  65.079 0.0000000000
124489  -5.554  -30.791  63.524 0.0000000000
42710  -5.572  -31.925  61.463 0.0000000000
40533  -4.547  -33.742  60.394 0.0000000000
113133  -4.694  -33.569  61.684 0.0000000000
40505  -3.640  -34.654  62.164 0.0000000000
38075  -2.985  -35.940  73.346 0.0000000000
38058  -2.073  -36.358  74.074 0.0000000000
38110  -2.091  -36.291  72.069 0.0000000000
58034  -30.625  -17.481  68.208 0.0000000000
53831  -27.599  -21.868  69.534 0.0000000000
52779  -26.773  -21.765  68.430 0.0000000000
53843  -27.442  -21.420  68.933 0.0000000000
53857  -27.953  -20.295  68.038 0.0000000000
54851  -28.377  -19.819  67.557 0.0000000000
54861  -28.987  -19.490  66.963 0.0000000000
56971  -29.809  -18.016  67.645 0.0000000000
126488  -18.867  -28.448  77.934 0.0000000000
47818  -19.594  -27.999  73.443 0.0000000000
112877  -19.680  -28.870  73.202 0.0000000000
46789  -19.653  -28.896  71.731 0.0000000000
44768  -19.101  -29.874  69.587 0.0000000000
65695  -48.151  -10.457  52.112 0.0000000000
66772  -47.655  -8.569  51.886 0.0000000000
67716  -47.795  -7.513  51.415 0.0000000000
120337  -47.641  -6.471  50.362 0.0000000000
49673  -1.698  -25.761  72.815 0.0000000000
49684  -1.860  -26.095  71.935 0.0000000000
48719  -1.066  -26.576  72.248 0.0000000000
47825  -0.429  -27.849  71.798 0.0000000000
45777  -0.681  -28.958  71.991 0.0000000000
62961  -41.449  -12.797  61.684 0.0000000000
62936  -42.066  -12.625  63.340 0.0000000000
62083  -36.535  -13.643  59.876 0.0000000000
62101  -37.587  -13.573  58.815 0.0000000000
62102  -38.521  -13.626  58.629 0.0000000000
115637  -38.636  -13.063  60.133 0.0000000000
62048  -40.002  -12.692  61.022 0.0000000000
40273  -6.242  -33.995  76.980 0.0000000000
40274  -7.090  -33.779  76.649 0.0000000000
40302  -7.208  -33.733  75.423 0.0000000000
40331  -7.178  -33.408  74.296 0.0000000000
43712  -8.079  -30.792  69.064 0.0000000000
42611  -6.960  -31.907  69.921 0.0000000000
54829  -1.632  -20.175  68.646 0.0000000000
55921  -1.362  -19.397  68.000 0.0000000000
54843  -2.722  -20.594  67.197 0.0000000000
53861  -2.882  -21.637  66.356 0.0000000000
51753  -1.666  -23.306  65.695 0.0000000000
46919  -0.920  -28.611  62.471 0.0000000000
46897  0.436  -28.405  63.593 0.0000000000
46918  0.068  -28.581  62.016 0.0000000000
105370  0.714  -28.557  61.313 0.0000000000
107461  1.513  -28.156  60.099 0.0000000000
110352  -1.867  -27.434  78.145 0.0000000000
46700  -1.350  -28.042  78.221 0.0000000000
45682  -0.143  -29.059  78.011 0.0000000000
40328  1.921  -34.078  73.417 0.0000000000
41455  1.797  -33.520  73.966 0.0000000000
41471  2.071  -33.303  72.489 0.0000000000
42583  1.887  -32.300  72.560 0.0000000000
42584  1.447  -32.352  72.422 0.0000000000
42596  0.986  -32.952  71.852 0.0000000000
41480  1.594  -33.459  70.890 0.0000000000
41496  1.299  -33.468  69.850 0.0000000000
113534  1.428  -33.517  68.303 0.0000000000
51701  -26.675  -23.936  69.404 0.0000000000
51679  -26.848  -23.564  71.071 0.0000000000
51689  -27.078  -23.416  70.520 0.0000000000
52735  -27.357  -22.542  69.795 0.0000000000
53816  -28.306  -21.526  70.714 0.0000000000
55906  -28.386  -20.052  71.044 0.0000000000
49644  -20.606  -25.767  75.573 0.0000000000
50636  -21.881  -23.485  76.614 0.0000000000
49645  -21.127  -25.119  75.448 0.0000000000
48699  -20.174  -26.417  74.896 0.0000000000
126168  -19.351  -26.956  72.131 0.0000000000
63826  -46.863  -11.532  53.969 0.0000000000
63829  -49.475  -11.260  53.722 0.0000000000
112212  -50.318  -10.019  54.387 0.0000000000
62025  -38.055  -13.582  63.463 0.0000000000
62021  -39.330  -13.003  65.093 0.0000000000
62013  -38.740  -13.687  65.442 0.0000000000
57072  -33.565  -18.243  60.681 0.0000000000
60169  -36.019  -15.079  62.158 0.0000000000
61182  -37.119  -14.239  62.720 0.0000000000
106208  -15.163  -29.801  71.016 0.0000000000
44725  -13.710  -30.011  71.414 0.0000000000
118969  -13.658  -29.291  69.517 0.0000000000
45827  -12.256  -29.246  68.844 0.0000000000
55984  1.939  -19.871  63.306 0.0000000000
53904  2.057  -21.256  63.828 0.0000000000
49755  -3.512  -25.134  67.812 0.0000000000
49770  -3.341  -24.835  67.140 0.0000000000
48769  -2.349  -26.981  66.907 0.0000000000
46849  -1.510  -28.063  66.163 0.0000000000
46881  -1.596  -28.489  65.102 0.0000000000
46883  -4.522  -28.867  64.935 0.0000000000
46899  -3.432  -28.583  63.791 0.0000000000
106863  -1.854  -28.592  63.005 0.0000000000
117001  -2.384  -29.395  60.885 0.0000000000
42548  -1.388  -31.809  77.756 0.0000000000
41426  -1.746  -33.037  77.036 0.0000000000
120816  -0.605  -34.259  75.722 0.0000000000
40295  0.323  -35.077  74.743 0.0000000000
38057  -1.496  -36.222  73.991 0.0000000000
39215  -0.036  -35.411  74.002 0.0000000000
40313  0.870  -35.277  74.331 0.0000000000
39245  1.539  -35.680  72.332 0.0000000000
39257  1.661  -35.750  71.400 0.0000000000
116894  2.549  -35.410  69.494 0.0000000000
105914  -33.879  -18.540  66.017 0.0000000000
56985  -34.960  -18.617  67.566 0.0000000000
56973  -33.990  -18.575  68.527 0.0000000000
52797  -25.823  -22.035  66.991 0.0000000000
55971  -30.598  -19.483  63.966 0.0000000000
55954  -32.377  -18.853  64.490 0.0000000000
43644  -16.603  -32.011  74.522 0.0000000000
44701  -16.364  -31.583  73.121 0.0000000000
106497  -19.323  -25.374  78.338 0.0000000000
47751  -19.605  -27.623  77.376 0.0000000000
44676  -19.475  -29.854  76.149 0.0000000000
45758  -19.645  -29.429  73.470 0.0000000000
44704  -19.411  -30.263  73.939 0.0000000000
43634  -19.227  -30.768  74.851 0.0000000000
43672  -18.519  -31.489  72.865 0.0000000000
121222  -16.840  -31.375  71.893 0.0000000000
106622  -16.035  -30.956  71.760 0.0000000000
44764  -15.849  -29.818  70.347 0.0000000000
69502  -47.732  -5.529  49.302 0.0000000000
70373  -47.848  -4.723  48.254 0.0000000000
70385  -48.234  -3.940  47.170 0.0000000000
111588  -1.982  -21.297  69.987 0.0000000000
108616  -3.306  -22.487  69.593 0.0000000000
124230  -0.766  -21.685  71.558 0.0000000000
51685  -3.318  -23.174  70.662 0.0000000000
51697  -3.707  -23.956  69.387 0.0000000000
49719  -3.165  -25.716  69.270 0.0000000000
47854  -2.395  -26.868  69.187 0.0000000000
46823  -2.440  -28.680  68.445 0.0000000000
48742  -1.716  -27.023  70.651 0.0000000000
46811  -2.320  -28.831  69.339 0.0000000000
45823  -3.630  -29.689  68.462 0.0000000000
45824  -4.325  -30.120  68.097 0.0000000000
116865  -4.687  -31.215  67.905 0.0000000000
42651  -4.072  -32.594  67.092 0.0000000000
118060  -44.642  -13.362  59.639 0.0000000000
61230  -38.926  -14.119  57.905 0.0000000000
125454  -39.801  -14.130  58.101 0.0000000000
121209  -40.448  -14.474  57.235 0.0000000000
61234  -42.269  -13.990  58.378 0.0000000000
61218  -43.792  -13.556  59.046 0.0000000000
40270  -3.635  -34.080  77.002 0.0000000000
39201  -3.678  -35.513  75.419 0.0000000000
40285  -5.640  -34.443  76.455 0.0000000000
39203  -4.728  -35.092  74.874 0.0000000000
112614  -3.539  -35.850  73.933 0.0000000000
39258  -3.883  -35.466  71.503 0.0000000000
44711  -13.190  -30.538  71.902 0.0000000000
43683  -12.471  -30.957  72.128 0.0000000000
43669  -12.219  -31.411  72.715 0.0000000000
44740  -10.272  -30.567  70.473 0.0000000000
43668  -10.752  -31.723  72.280 0.0000000000
43653  -10.952  -32.121  73.097 0.0000000000
42571  -10.577  -32.801  74.370 0.0000000000
41448  -9.928  -33.088  74.955 0.0000000000
41447  -9.376  -33.076  75.424 0.0000000000
121853  -8.809  -32.966  74.533 0.0000000000
41465  -7.587  -32.989  73.949 0.0000000000
127015  -6.500  -33.349  73.153 0.0000000000
42600  -6.581  -32.646  71.205 0.0000000000
41482  -5.994  -33.274  71.550 0.0000000000
121192  -5.558  -33.739  71.876 0.0000000000
121254  -5.119  -34.666  70.886 0.0000000000
58051  0.131  -17.055  66.854 0.0000000000
55934  -1.952  -19.380  66.362 0.0000000000
56997  -1.461  -18.715  65.859 0.0000000000
56996  -0.722  -18.069  65.381 0.0000000000
55963  1.312  -19.690  64.097 0.0000000000
54882  2.119  -20.955  64.090 0.0000000000
52833  1.997  -22.019  64.074 0.0000000000
111778  -2.186  -24.863  66.298 0.0000000000
50748  -1.266  -24.769  65.880 0.0000000000
50747  0.001  -24.573  65.673 0.0000000000
47894  1.591  -27.288  64.888 0.0000000000
48789  1.868  -26.160  65.333 0.0000000000
50763  1.923  -24.480  65.383 0.0000000000
50762  2.150  -24.206  65.155 0.0000000000
50796  1.981  -23.819  64.602 0.0000000000
50797  0.911  -24.412  63.620 0.0000000000
50814  0.020  -25.052  63.096 0.0000000000
43602  -0.744  -31.187  77.676 0.0000000000
43601  0.111  -31.116  77.089 0.0000000000
45696  1.130  -29.296  77.009 0.0000000000
43640  1.866  -31.897  74.760 0.0000000000
45729  2.151  -29.834  75.646 0.0000000000
46715  2.306  -28.615  75.898 0.0000000000
47753  2.545  -28.023  75.590 0.0000000000
48682  2.540  -27.775  74.584 0.0000000000
48707  1.948  -27.529  73.819 0.0000000000
47809  1.430  -28.167  73.241 0.0000000000
46774  0.122  -28.774  72.719 0.0000000000
125087  -1.148  -29.728  72.198 0.0000000000
42597  0.203  -32.452  72.146 0.0000000000
42598  -1.130  -32.357  71.889 0.0000000000
43677  -2.601  -31.657  71.355 0.0000000000
42630  -3.058  -32.816  69.028 0.0000000000
42639  -3.168  -32.933  68.125 0.0000000000
41558  -3.086  -33.346  65.832 0.0000000000
38146  3.139  -35.715  68.650 0.0000000000
38182  3.715  -36.219  67.624 0.0000000000
40392  2.926  -34.764  68.478 0.0000000000
106403  2.792  -34.249  67.914 0.0000000000
41535  2.669  -34.107  66.828 0.0000000000
111882  1.819  -33.651  66.785 0.0000000000
40446  2.164  -34.234  65.194 0.0000000000
41537  0.647  -33.627  66.447 0.0000000000
106659  -0.598  -33.659  65.377 0.0000000000
41556  -1.508  -33.625  65.384 0.0000000000
105053  -2.911  -33.489  64.915 0.0000000000
40487  -2.499  -34.514  63.312 0.0000000000
39380  -2.008  -35.985  62.942 0.0000000000
52660  -26.102  -21.542  76.029 0.0000000000
52659  -25.445  -21.807  76.373 0.0000000000
52672  -25.951  -22.519  75.020 0.0000000000
51634  -25.261  -22.643  75.329 0.0000000000
52666  -25.021  -22.374  76.059 0.0000000000
125416  -25.165  -21.498  76.885 0.0000000000
111608  -46.496  -12.427  59.669 0.0000000000
62982  -47.224  -12.092  59.763 0.0000000000
118864  -46.871  -12.413  60.286 0.0000000000
120576  -45.048  -13.149  59.216 0.0000000000
124672  -45.023  -12.936  58.679 0.0000000000
57002  -33.536  -18.620  65.214 0.0000000000
57015  -33.940  -18.690  64.566 0.0000000000
115437  -34.749  -18.546  64.640 0.0000000000
41579  -4.121  -33.180  63.968 0.0000000000
41578  -3.597  -33.359  64.440 0.0000000000
38151  -2.764  -36.163  69.656 0.0000000000
48708  1.146  -26.939  73.521 0.0000000000
62036  -39.181  -12.574  62.632 0.0000000000
62934  -40.235  -12.472  63.576 0.0000000000
120195  -39.435  -12.574  63.260 0.0000000000
62035  -38.373  -13.003  62.663 0.0000000000
114546  -9.178  -33.129  76.479 0.0000000000
41439  -8.644  -33.278  76.012 0.0000000000
41440  -9.274  -33.085  75.981 0.0000000000
44700  -15.626  -31.279  73.120 0.0000000000
44712  -14.618  -30.480  72.205 0.0000000000
52850  0.780  -21.949  63.121 0.0000000000
52746  -3.543  -22.771  68.160 0.0000000000
44911  -0.063  -30.033  58.787 0.0000000000
112193  -2.599  -30.874  78.042 0.0000000000
41494  2.165  -33.776  69.829 0.0000000000
41506  2.487  -34.243  69.106 0.0000000000
110297  -28.196  -20.599  73.551 0.0000000000
54816  -28.395  -20.561  72.601 0.0000000000
50663  -21.514  -24.327  73.574 0.0000000000
123213  -21.190  -24.581  74.145 0.0000000000
64656  -50.603  -10.563  56.790 0.0000000000
63793  -48.786  -10.961  57.056 0.0000000000
105497  -49.226  -11.096  56.110 0.0000000000
64676  -50.026  -10.811  56.016 0.0000000000
60130  -37.239  -15.411  64.754 0.0000000000
59107  -36.243  -16.592  63.801 0.0000000000
59108  -36.553  -15.822  63.675 0.0000000000
58050  0.780  -16.206  66.386 0.0000000000
58057  0.756  -16.347  65.185 0.0000000000
58068  0.115  -17.389  64.940 0.0000000000
46838  -2.450  -28.529  67.710 0.0000000000
46850  -2.594  -28.609  67.106 0.0000000000
43798  -5.429  -31.505  60.662 0.0000000000
44876  -5.233  -30.235  61.562 0.0000000000
43797  -4.857  -31.188  60.045 0.0000000000
44900  -3.963  -30.922  59.595 0.0000000000
42742  -3.594  -32.322  58.866 0.0000000000
42743  -4.470  -32.450  59.368 0.0000000000
58047  -32.409  -17.838  68.001 0.0000000000
58035  -31.808  -17.504  68.590 0.0000000000
51713  -26.497  -23.785  68.627 0.0000000000
45694  -18.798  -29.232  77.616 0.0000000000
44667  -18.795  -29.815  77.147 0.0000000000
44674  -18.645  -30.414  76.780 0.0000000000
120542  -18.995  -30.623  76.186 0.0000000000
48687  -20.190  -26.672  75.762 0.0000000000
47771  -19.926  -27.487  75.775 0.0000000000
47784  -19.877  -27.354  75.194 0.0000000000
116298  -19.255  -30.400  71.068 0.0000000000
44746  -18.097  -30.630  70.179 0.0000000000
106746  -17.609  -30.876  70.843 0.0000000000
44766  -17.610  -30.360  69.489 0.0000000000
44781  -17.353  -30.068  68.608 0.0000000000
50658  -2.097  -24.734  73.230 0.0000000000
50670  -2.567  -24.504  72.332 0.0000000000
51663  -2.588  -23.520  72.077 0.0000000000
49685  -2.856  -25.063  71.727 0.0000000000
123311  -2.415  -25.645  71.663 0.0000000000
45787  -1.585  -29.214  71.315 0.0000000000
45788  -2.533  -29.847  70.827 0.0000000000
62052  -43.927  -13.203  61.478 0.0000000000
62050  -41.961  -13.159  61.113 0.0000000000
62069  -41.596  -13.366  60.298 0.0000000000
62070  -42.481  -13.427  60.489 0.0000000000
40329  -5.807  -34.176  73.621 0.0000000000
117592  -11.304  -29.934  69.815 0.0000000000
43679  -8.812  -31.299  71.475 0.0000000000
42602  -8.340  -31.822  71.935 0.0000000000
52804  -1.266  -22.467  65.446 0.0000000000
108101  -1.535  -21.494  65.236 0.0000000000
52803  0.134  -22.664  65.363 0.0000000000
53872  1.089  -22.048  65.010 0.0000000000
47896  0.019  -27.374  65.487 0.0000000000
46939  1.845  -28.010  61.772 0.0000000000
47910  2.122  -27.391  63.230 0.0000000000
47918  1.912  -27.529  62.218 0.0000000000
48813  2.043  -26.819  62.858 0.0000000000
105181  1.640  -26.979  61.829 0.0000000000
48822  1.544  -27.183  60.857 0.0000000000
47738  0.231  -27.783  78.485 0.0000000000
47745  1.474  -27.771  77.311 0.0000000000
41444  0.612  -33.505  75.465 0.0000000000
41443  1.228  -33.855  74.820 0.0000000000
43664  1.764  -31.597  73.004 0.0000000000
43652  2.086  -30.660  73.535 0.0000000000
44698  2.315  -29.777  73.854 0.0000000000
109959  1.772  -30.977  73.333 0.0000000000
41509  -0.362  -33.459  68.747 0.0000000000
41522  -0.117  -33.531  67.126 0.0000000000
37138  4.315  -37.485  65.562 0.0000000000
38210  4.418  -36.836  66.100 0.0000000000
51668  -25.291  -23.541  72.527 0.0000000000
50679  -25.738  -23.729  71.853 0.0000000000
52673  -26.743  -21.663  75.178 0.0000000000
53755  -27.120  -21.546  74.690 0.0000000000
50665  -22.934  -23.639  73.070 0.0000000000
51656  -24.866  -23.405  73.231 0.0000000000
50678  -25.040  -23.916  71.820 0.0000000000
51642  -23.919  -23.053  74.912 0.0000000000
51632  -23.370  -23.039  75.661 0.0000000000
50664  -22.246  -23.638  74.015 0.0000000000
109547  -48.760  -10.928  58.751 0.0000000000
61253  -41.945  -14.132  57.150 0.0000000000
62126  -42.598  -13.750  56.899 0.0000000000
125293  -44.290  -12.771  57.507 0.0000000000
62127  -43.196  -13.224  56.610 0.0000000000
63006  -43.694  -12.553  56.424 0.0000000000
63776  -46.814  -11.579  58.159 0.0000000000
63777  -47.544  -11.333  57.999 0.0000000000
63792  -47.823  -11.175  57.097 0.0000000000
58075  -36.037  -17.354  64.408 0.0000000000
58064  -36.381  -17.295  65.288 0.0000000000
121352  -36.214  -17.829  67.508 0.0000000000
58048  -36.554  -17.434  67.107 0.0000000000
109988  -36.634  -17.445  67.926 0.0000000000
55989  -31.624  -19.553  63.508 0.0000000000
54918  -31.854  -19.768  63.025 0.0000000000
56008  -32.837  -19.606  62.828 0.0000000000
54941  -32.293  -19.774  62.683 0.0000000000
119766  -32.890  -19.648  62.193 0.0000000000
54962  -32.402  -19.740  61.505 0.0000000000
56022  -33.659  -19.280  61.993 0.0000000000
57031  -34.656  -18.491  63.241 0.0000000000
58074  -35.541  -17.956  64.226 0.0000000000
44810  -4.974  -30.437  66.794 0.0000000000
45866  -4.917  -29.774  66.304 0.0000000000
43735  -5.279  -30.382  65.953 0.0000000000
42672  -5.245  -31.986  64.231 0.0000000000
113614  -5.501  -31.285  63.808 0.0000000000
42682  -5.403  -32.003  63.346 0.0000000000
42695  -5.506  -32.003  62.439 0.0000000000
42709  -5.234  -32.832  61.889 0.0000000000
41619  -3.881  -33.986  62.668 0.0000000000
39382  -3.279  -35.387  61.684 0.0000000000
40504  -3.017  -35.020  62.577 0.0000000000
121366  -3.224  -35.708  72.740 0.0000000000
38092  -2.443  -36.015  72.769 0.0000000000
53832  -28.060  -21.207  69.484 0.0000000000
54840  -28.263  -20.080  68.283 0.0000000000
54850  -27.782  -20.098  67.428 0.0000000000
54841  -28.775  -19.500  67.740 0.0000000000
47743  -18.449  -27.735  78.609 0.0000000000
48664  -18.828  -26.977  78.430 0.0000000000
47832  -19.386  -27.918  72.013 0.0000000000
46779  -19.625  -28.653  72.591 0.0000000000
64731  -48.729  -10.736  52.556 0.0000000000
65696  -48.518  -9.786  52.709 0.0000000000
67703  -48.970  -7.869  52.595 0.0000000000
68646  -47.921  -6.817  50.974 0.0000000000
68633  -48.594  -6.806  51.487 0.0000000000
49672  -0.884  -26.224  73.171 0.0000000000
47810  0.006  -27.626  72.290 0.0000000000
46787  -0.425  -28.278  71.889 0.0000000000
62947  -41.623  -12.662  62.542 0.0000000000
118967  -36.377  -14.067  61.168 0.0000000000
62065  -37.390  -13.282  60.739 0.0000000000
62064  -36.741  -13.610  60.606 0.0000000000
62084  -37.286  -13.388  59.795 0.0000000000
62085  -38.184  -13.334  59.468 0.0000000000
123754  -37.905  -13.131  60.174 0.0000000000
62959  -39.893  -12.490  61.974 0.0000000000
62960  -40.674  -12.631  61.625 0.0000000000
62049  -41.080  -12.938  60.937 0.0000000000
41431  -7.750  -33.451  77.203 0.0000000000
40316  -7.173  -33.656  74.896 0.0000000000
124809  -7.628  -33.353  74.791 0.0000000000
43711  -7.498  -31.394  68.546 0.0000000000
54830  -2.337  -20.873  68.736 0.0000000000
54835  -2.542  -20.706  68.006 0.0000000000
51737  -3.212  -23.109  66.771 0.0000000000
120827  -3.177  -22.304  66.770 0.0000000000
52786  -2.733  -22.502  66.253 0.0000000000
125139  -2.179  -22.717  65.753 0.0000000000
46942  -0.797  -28.748  61.552 0.0000000000
46962  0.483  -28.663  60.690 0.0000000000
45995  0.562  -28.764  60.104 0.0000000000
46961  1.129  -28.463  60.624 0.0000000000
46007  1.072  -28.570  59.769 0.0000000000
46006  1.119  -28.855  58.922 0.0000000000
45684  -1.584  -29.547  78.097 0.0000000000
110643  -1.207  -28.855  78.140 0.0000000000
46699  -0.478  -28.430  78.275 0.0000000000
45698  -0.240  -29.758  77.844 0.0000000000
40344  1.965  -34.624  72.664 0.0000000000
112423  2.107  -33.700  71.677 0.0000000000
124692  1.843  -33.283  72.105 0.0000000000
42594  1.438  -33.085  71.851 0.0000000000
42595  1.315  -32.990  71.878 0.0000000000
118719  2.193  -33.767  69.236 0.0000000000
41507  1.854  -33.544  69.171 0.0000000000
109256  -26.315  -23.288  72.093 0.0000000000
109343  -26.841  -23.113  71.794 0.0000000000
52698  -27.416  -22.881  71.244 0.0000000000
52716  -27.945  -22.234  70.954 0.0000000000
52715  -27.503  -22.739  70.446 0.0000000000
52736  -27.946  -21.936  70.150 0.0000000000
49693  -22.705  -24.678  71.100 0.0000000000
50634  -20.571  -25.156  76.534 0.0000000000
49634  -21.055  -25.038  76.074 0.0000000000
51619  -22.406  -22.889  77.083 0.0000000000
49657  -21.077  -24.967  74.661 0.0000000000
49656  -20.770  -25.595  75.002 0.0000000000
48713  -19.784  -26.610  73.708 0.0000000000
122817  -19.649  -26.242  72.599 0.0000000000
66738  -51.066  -9.044  54.596 0.0000000000
63807  -45.776  -11.343  55.745 0.0000000000
63825  -45.318  -11.351  54.773 0.0000000000
116901  -46.289  -11.364  54.763 0.0000000000
112866  -47.262  -11.454  54.722 0.0000000000
63827  -47.792  -11.609  53.933 0.0000000000
63828  -48.688  -11.574  53.788 0.0000000000
63842  -48.831  -11.427  53.033 0.0000000000
64697  -50.511  -10.551  55.018 0.0000000000
64696  -50.051  -10.929  54.289 0.0000000000
62020  -38.567  -13.434  64.345 0.0000000000
61140  -38.856  -13.843  66.415 0.0000000000
60101  -37.644  -15.599  66.613 0.0000000000
57061  -33.713  -18.904  61.357 0.0000000000
57062  -34.216  -18.030  61.507 0.0000000000
59144  -34.789  -16.034  61.183 0.0000000000
60168  -35.423  -15.572  61.649 0.0000000000
60156  -36.817  -14.848  63.152 0.0000000000
61169  -37.409  -14.333  63.498 0.0000000000
45790  -13.948  -29.462  70.142 0.0000000000
45808  -13.013  -29.213  69.185 0.0000000000
59098  1.601  -17.018  63.104 0.0000000000
112765  1.731  -19.409  63.440 0.0000000000
57026  1.868  -18.935  63.044 0.0000000000
54906  2.013  -20.584  63.602 0.0000000000
126195  -3.267  -25.857  67.909 0.0000000000
49754  -3.170  -25.682  67.278 0.0000000000
115989  -2.182  -28.420  66.404 0.0000000000
47886  -1.958  -27.686  66.607 0.0000000000
110874  -1.701  -28.385  65.802 0.0000000000
114085  -5.079  -29.272  65.015 0.0000000000
45916  -5.063  -29.108  64.328 0.0000000000
46922  -4.316  -28.770  63.385 0.0000000000
46921  -3.645  -28.726  62.905 0.0000000000
112086  -2.826  -28.611  63.176 0.0000000000
46920  -2.680  -28.763  62.436 0.0000000000
45965  -2.542  -29.074  61.616 0.0000000000
45986  -3.359  -29.466  61.227 0.0000000000
43809  -2.905  -30.678  59.426 0.0000000000
44888  -2.535  -30.072  59.903 0.0000000000
124979  -4.116  -34.038  59.851 0.0000000000
40548  -3.453  -34.535  59.784 0.0000000000
117781  -2.628  -33.055  77.107 0.0000000000
41437  -2.107  -33.595  76.635 0.0000000000
112838  -1.008  -34.879  75.474 0.0000000000
40281  -1.468  -34.121  76.129 0.0000000000
40296  -0.140  -34.749  75.287 0.0000000000
38073  -1.504  -36.257  73.539 0.0000000000
110627  -0.089  -36.401  73.025 0.0000000000
39231  -0.111  -35.999  73.500 0.0000000000
106477  0.762  -35.759  73.732 0.0000000000
39230  1.399  -35.630  73.192 0.0000000000
38105  1.907  -35.890  70.585 0.0000000000
39269  2.243  -35.139  70.038 0.0000000000
56984  -33.692  -18.454  67.652 0.0000000000
52778  -26.283  -22.375  67.826 0.0000000000
55951  -29.882  -19.320  65.476 0.0000000000
115424  -30.328  -19.389  64.613 0.0000000000
57001  -32.209  -18.582  65.337 0.0000000000
105238  -33.016  -18.500  65.798 0.0000000000
108748  -17.378  -32.094  74.955 0.0000000000
43657  -16.030  -31.665  73.769 0.0000000000
43658  -16.903  -31.843  73.657 0.0000000000
46721  -19.767  -28.193  76.077 0.0000000000
47752  -19.909  -27.408  76.762 0.0000000000
46714  -19.808  -27.964  76.591 0.0000000000
46720  -19.670  -28.683  76.746 0.0000000000
45721  -19.668  -29.152  76.158 0.0000000000
45768  -19.690  -29.401  72.764 0.0000000000
45767  -19.665  -29.886  72.365 0.0000000000
44716  -19.392  -30.435  72.767 0.0000000000
44703  -19.188  -30.580  73.519 0.0000000000
44692  -19.308  -30.492  74.327 0.0000000000
123631  -18.978  -30.855  73.469 0.0000000000
43660  -18.820  -31.175  73.529 0.0000000000
124630  -17.429  -31.541  71.990 0.0000000000
106942  -15.984  -30.249  71.104 0.0000000000
123668  -15.760  -29.381  68.277 0.0000000000
45830  -15.294  -29.294  68.799 0.0000000000
68661  -48.133  -5.943  50.225 0.0000000000
68660  -47.679  -5.930  49.788 0.0000000000
69503  -48.341  -5.474  49.733 0.0000000000
70386  -48.892  -3.916  47.891 0.0000000000
53805  -1.249  -21.353  70.603 0.0000000000
107043  -2.836  -21.868  69.784 0.0000000000
121893  -0.514  -22.023  72.935 0.0000000000
108630  -1.473  -22.088  72.015 0.0000000000
119843  -3.020  -23.324  71.389 0.0000000000
51686  -3.558  -23.764  70.222 0.0000000000
49720  -3.602  -25.005  69.359 0.0000000000
50699  -3.557  -24.543  70.195 0.0000000000
48752  -2.635  -26.305  69.596 0.0000000000
47864  -2.235  -27.806  68.500 0.0000000000
47853  -2.150  -27.567  69.301 0.0000000000
48730  -1.369  -26.807  71.456 0.0000000000
47841  -1.483  -27.759  70.610 0.0000000000
45804  -2.743  -29.490  69.829 0.0000000000
111218  -2.023  -28.452  69.842 0.0000000000
45822  -2.826  -29.243  68.865 0.0000000000
44777  -4.112  -30.326  68.869 0.0000000000
43700  -4.178  -31.501  69.245 0.0000000000
121215  -4.478  -30.824  68.614 0.0000000000
122858  -4.388  -31.711  68.371 0.0000000000
42641  -4.525  -31.883  67.531 0.0000000000
42640  -4.029  -32.464  67.925 0.0000000000
62091  -44.670  -13.347  60.324 0.0000000000
115693  -45.170  -13.172  60.341 0.0000000000
108619  -45.149  -13.099  60.881 0.0000000000
124700  -35.226  -18.576  67.995 0.0000000000
62086  -39.069  -13.353  59.362 0.0000000000
62103  -39.440  -13.703  58.601 0.0000000000
62104  -40.274  -13.816  58.615 0.0000000000
61232  -40.582  -14.272  57.966 0.0000000000
61233  -41.493  -14.147  58.179 0.0000000000
126952  -43.261  -13.644  59.290 0.0000000000
40283  -3.887  -34.662  76.651 0.0000000000
39190  -3.415  -35.109  76.163 0.0000000000
39191  -4.191  -35.027  75.955 0.0000000000
40286  -6.472  -34.149  76.202 0.0000000000
39221  -5.097  -34.724  74.358 0.0000000000
39219  -3.967  -35.571  74.706 0.0000000000
39232  -3.944  -35.470  73.172 0.0000000000
39259  -4.716  -35.037  71.859 0.0000000000
39246  -3.925  -35.426  72.341 0.0000000000
39270  -3.794  -35.597  70.652 0.0000000000
111083  -4.313  -35.376  70.151 0.0000000000
44743  -13.400  -29.754  70.771 0.0000000000
111686  -13.019  -30.142  71.278 0.0000000000
44724  -12.300  -30.566  71.443 0.0000000000
43682  -11.657  -31.259  71.963 0.0000000000
43667  -9.889  -31.790  72.312 0.0000000000
118613  -10.306  -31.473  71.778 0.0000000000
120831  -11.495  -31.723  72.680 0.0000000000
42580  -11.087  -32.436  73.792 0.0000000000
42579  -10.366  -32.640  73.567 0.0000000000
41458  -9.801  -32.959  74.169 0.0000000000
41457  -9.295  -33.019  74.706 0.0000000000
41456  -8.742  -33.096  74.998 0.0000000000
42587  -7.506  -32.655  72.742 0.0000000000
41473  -6.995  -32.995  73.180 0.0000000000
40347  -6.801  -33.338  73.597 0.0000000000
41472  -6.143  -33.415  72.538 0.0000000000
42620  -6.439  -32.561  69.623 0.0000000000
125255  -6.569  -32.437  70.384 0.0000000000
41491  -5.982  -33.093  70.446 0.0000000000
40369  -5.463  -33.844  70.968 0.0000000000
109745  -5.349  -34.431  70.122 0.0000000000
56976  0.715  -17.105  67.949 0.0000000000
56987  -0.819  -17.914  66.318 0.0000000000
55935  -2.398  -19.935  66.799 0.0000000000
55928  -1.806  -19.371  67.161 0.0000000000
55943  -1.833  -19.680  65.494 0.0000000000
55965  -1.047  -18.986  64.949 0.0000000000
55964  -0.061  -19.343  64.491 0.0000000000
54884  0.303  -20.269  64.519 0.0000000000
53871  1.828  -22.320  64.717 0.0000000000
53888  1.779  -21.494  64.443 0.0000000000
53887  2.021  -21.711  64.288 0.0000000000
49769  -2.808  -25.319  66.693 0.0000000000
49768  -1.794  -25.673  66.213 0.0000000000
49767  -0.495  -25.415  65.764 0.0000000000
105210  0.712  -25.181  65.673 0.0000000000
46861  0.964  -27.750  64.714 0.0000000000
46860  1.519  -27.630  64.450 0.0000000000
122447  2.194  -26.753  64.793 0.0000000000
47893  2.018  -26.781  65.036 0.0000000000
127073  2.145  -25.611  65.255 0.0000000000
49783  1.919  -25.291  65.432 0.0000000000
49782  2.157  -24.924  65.274 0.0000000000
49809  1.982  -25.270  63.919 0.0000000000
50795  2.208  -24.783  64.617 0.0000000000
111275  1.672  -24.531  64.040 0.0000000000
115227  1.558  -23.538  64.030 0.0000000000
49820  0.605  -25.777  62.617 0.0000000000
117541  1.904  -26.801  75.320 0.0000000000
123132  -1.290  -32.486  77.379 0.0000000000
42547  -0.601  -32.164  77.339 0.0000000000
43611  0.557  -31.536  76.213 0.0000000000
44669  0.927  -30.757  76.473 0.0000000000
44657  0.468  -30.093  77.172 0.0000000000
41454  2.219  -32.595  73.628 0.0000000000
42560  1.835  -32.765  74.400 0.0000000000
42570  2.394  -31.813  73.995 0.0000000000
44682  2.629  -29.846  74.354 0.0000000000
44683  2.462  -30.325  75.059 0.0000000000
45709  2.442  -29.226  75.545 0.0000000000
46727  2.701  -28.895  75.189 0.0000000000
47777  2.704  -28.380  74.318 0.0000000000
47792  2.625  -28.574  74.185 0.0000000000
47778  2.449  -27.946  73.954 0.0000000000
47793  2.214  -28.251  73.792 0.0000000000
47794  1.467  -27.673  73.305 0.0000000000
46772  1.981  -28.753  73.716 0.0000000000
123583  0.457  -29.950  73.275 0.0000000000
45766  0.697  -29.432  73.290 0.0000000000
45776  -0.210  -29.693  72.851 0.0000000000
44720  -0.822  -30.675  72.472 0.0000000000
41481  0.750  -33.214  71.414 0.0000000000
42586  0.842  -32.162  72.472 0.0000000000
42608  -1.505  -32.747  71.176 0.0000000000
42599  -2.042  -32.208  71.563 0.0000000000
42609  -2.619  -32.334  70.871 0.0000000000
42610  -3.345  -32.085  70.316 0.0000000000
42618  -2.836  -32.641  69.904 0.0000000000
118458  -1.901  -33.436  67.728 0.0000000000
126235  -2.546  -33.261  67.912 0.0000000000
41524  -2.647  -33.289  67.342 0.0000000000
41541  -3.258  -33.165  66.727 0.0000000000
41540  -2.154  -33.491  66.344 0.0000000000
38167  3.400  -36.180  68.209 0.0000000000
38196  4.218  -36.351  66.683 0.0000000000
122239  4.189  -36.529  67.198 0.0000000000
111394  3.946  -35.996  67.119 0.0000000000
39295  3.375  -35.478  68.063 0.0000000000
40391  3.229  -34.848  67.844 0.0000000000
107232  3.123  -34.829  65.811 0.0000000000
40425  3.058  -34.587  66.453 0.0000000000
41553  2.729  -34.360  65.889 0.0000000000
41536  2.275  -33.926  66.009 0.0000000000
41554  1.422  -33.831  65.742 0.0000000000
41574  1.081  -34.066  64.937 0.0000000000
41555  0.387  -33.725  65.473 0.0000000000
41575  0.055  -33.941  64.787 0.0000000000
105107  -0.937  -33.924  64.705 0.0000000000
41577  -1.954  -33.777  64.587 0.0000000000
41597  -2.140  -34.172  63.846 0.0000000000
53743  -26.618  -21.346  75.739 0.0000000000
53733  -26.895  -20.798  75.928 0.0000000000
53732  -26.437  -20.861  76.339 0.0000000000
53720  -25.921  -20.691  76.940 0.0000000000
51645  -25.919  -22.830  74.271 0.0000000000
105944  -25.229  -23.048  74.101 0.0000000000
52657  -23.909  -22.258  76.886 0.0000000000
121669  -24.341  -22.422  76.323 0.0000000000
51633  -24.366  -22.738  75.620 0.0000000000
52651  -24.696  -21.449  77.237 0.0000000000
63766  -47.343  -11.694  58.879 0.0000000000
63767  -47.860  -11.657  59.521 0.0000000000
62114  -43.504  -13.553  58.211 0.0000000000
107100  -43.301  -13.492  57.397 0.0000000000
62116  -44.616  -12.858  58.081 0.0000000000
120331  -44.759  -12.466  57.617 0.0000000000
63008  -45.196  -11.912  57.335 0.0000000000
122095  -35.306  -18.286  64.649 0.0000000000
57004  -35.946  -18.035  65.861 0.0000000000
109612  -32.726  -19.157  63.839 0.0000000000
55991  -33.142  -19.360  63.260 0.0000000000
55992  -33.909  -19.067  63.229 0.0000000000
57016  -34.316  -18.691  63.914 0.0000000000
43746  -5.360  -31.125  65.536 0.0000000000
43745  -5.116  -31.894  65.116 0.0000000000
42681  -4.797  -32.646  63.712 0.0000000000
41599  -3.453  -33.867  63.227 0.0000000000
109556  -3.267  -35.836  71.163 0.0000000000
110381  -2.558  -36.198  71.245 0.0000000000
127084  -28.511  -20.443  69.917 0.0000000000
107143  -28.451  -20.031  69.434 0.0000000000
55926  -28.848  -19.063  68.259 0.0000000000
56964  -28.916  -18.376  68.722 0.0000000000
125411  -18.677  -25.166  78.712 0.0000000000
46800  -19.153  -28.334  70.275 0.0000000000
65684  -49.501  -9.148  53.464 0.0000000000
65697  -48.908  -9.216  53.056 0.0000000000
66762  -49.229  -8.430  53.046 0.0000000000
68617  -50.150  -6.726  52.474 0.0000000000
49663  -0.639  -25.839  74.012 0.0000000000
48709  0.126  -26.598  73.370 0.0000000000
111779  0.723  -27.677  72.797 0.0000000000
125426  -40.467  -12.508  62.198 0.0000000000
62946  -40.755  -12.511  62.720 0.0000000000
61194  -36.891  -14.152  62.179 0.0000000000
62046  -37.334  -13.680  62.113 0.0000000000
106821  -37.525  -13.290  61.437 0.0000000000
105965  -39.006  -12.564  61.840 0.0000000000
40275  -7.896  -33.532  76.274 0.0000000000
41432  -8.610  -33.316  76.780 0.0000000000
43643  -15.682  -31.871  74.513 0.0000000000
111530  1.353  -20.683  62.769 0.0000000000
106670  0.476  -21.054  62.645 0.0000000000
53834  -3.296  -21.982  67.871 0.0000000000
46008  -0.728  -29.351  59.921 0.0000000000
46022  -0.281  -29.559  59.287 0.0000000000
46021  0.414  -29.418  58.970 0.0000000000
44641  -1.078  -30.236  78.020 0.0000000000
40357  2.222  -33.856  70.884 0.0000000000
41487  1.881  -33.543  70.541 0.0000000000
52687  -27.358  -22.453  72.239 0.0000000000
117368  -27.926  -21.833  72.273 0.0000000000
110677  -28.336  -21.213  72.090 0.0000000000
50652  -21.885  -23.692  75.146 0.0000000000
125397  -21.601  -24.098  75.637 0.0000000000
49678  -20.318  -25.415  73.091 0.0000000000
119939  -50.914  -10.091  55.515 0.0000000000
109869  -47.308  -11.294  56.289 0.0000000000
106611  -49.176  -11.474  54.468 0.0000000000
63811  -49.708  -11.256  55.151 0.0000000000
120968  -50.285  -10.929  55.303 0.0000000000
61154  -37.548  -14.676  64.388 0.0000000000
61155  -38.125  -14.229  64.888 0.0000000000
60131  -37.737  -14.833  65.263 0.0000000000
58092  -35.372  -16.874  62.466 0.0000000000
59122  -35.732  -16.003  62.494 0.0000000000
108688  -36.584  -15.420  63.336 0.0000000000
45829  -14.586  -29.044  68.612 0.0000000000
58066  1.539  -17.258  63.347 0.0000000000
58067  1.033  -17.585  64.066 0.0000000000
47877  -2.313  -27.599  67.619 0.0000000000
111770  -5.529  -30.286  63.248 0.0000000000
45968  -5.316  -29.636  62.926 0.0000000000
120652  -5.211  -29.727  62.190 0.0000000000
45987  -4.547  -29.618  61.610 0.0000000000
45999  -4.031  -29.907  60.758 0.0000000000
44890  -4.423  -30.501  60.359 0.0000000000
43810  -3.135  -31.481  58.918 0.0000000000
42761  -2.590  -32.246  58.635 0.0000000000
41693  -2.726  -33.149  58.820 0.0000000000
40298  -2.739  -34.892  76.232 0.0000000000
109780  -2.350  -34.275  76.427 0.0000000000
39199  -1.489  -35.504  75.102 0.0000000000
109173  -0.812  -36.476  72.400 0.0000000000
38089  0.226  -36.569  72.435 0.0000000000
38088  1.002  -36.367  72.027 0.0000000000
56983  -32.885  -18.163  67.393 0.0000000000
54849  -26.936  -20.431  67.194 0.0000000000
55933  -29.948  -18.547  66.942 0.0000000000
55941  -30.479  -18.580  66.301 0.0000000000
56990  -31.229  -18.571  65.675 0.0000000000
43609  -18.130  -30.808  76.995 0.0000000000
43618  -18.447  -31.028  76.395 0.0000000000
43645  -18.115  -31.787  74.803 0.0000000000
49627  -20.109  -25.435  76.984 0.0000000000
48679  -20.106  -26.574  76.335 0.0000000000
47760  -19.990  -27.358  76.235 0.0000000000
44730  -18.749  -30.964  71.576 0.0000000000
106655  -18.112  -31.417  72.098 0.0000000000
44765  -16.574  -29.935  69.559 0.0000000000
66771  -46.914  -9.105  51.384 0.0000000000
52684  -2.076  -22.760  72.494 0.0000000000
49686  -3.303  -24.867  70.997 0.0000000000
48743  -2.381  -26.304  70.404 0.0000000000
46798  -0.962  -28.033  71.199 0.0000000000
46799  -1.554  -28.382  70.663 0.0000000000
62072  -44.368  -13.330  60.787 0.0000000000
62039  -44.476  -12.821  62.193 0.0000000000
62088  -41.322  -13.604  59.481 0.0000000000
61216  -41.811  -13.850  58.922 0.0000000000
114964  -42.960  -13.596  59.852 0.0000000000
40301  -6.427  -34.151  75.112 0.0000000000
40314  -5.778  -34.379  74.337 0.0000000000
39234  -5.145  -34.590  73.720 0.0000000000
39233  -4.675  -34.908  73.293 0.0000000000
125580  -4.969  -34.858  71.355 0.0000000000
44763  -11.988  -29.883  70.128 0.0000000000
44742  -12.573  -30.005  70.765 0.0000000000
44739  -9.371  -30.504  70.136 0.0000000000
43693  -9.491  -30.889  70.961 0.0000000000
42589  -9.373  -32.334  72.876 0.0000000000
41475  -8.882  -32.694  73.499 0.0000000000
41466  -8.463  -32.837  74.089 0.0000000000
115933  -5.625  -34.167  69.352 0.0000000000
53874  -2.366  -21.130  65.635 0.0000000000
54866  -2.293  -20.383  65.721 0.0000000000
53890  -0.747  -20.897  64.758 0.0000000000
52801  2.015  -23.120  65.014 0.0000000000
47885  -0.988  -27.359  65.876 0.0000000000
48791  -0.141  -26.762  65.651 0.0000000000
48790  0.906  -26.614  65.478 0.0000000000
46916  1.682  -28.160  62.364 0.0000000000
46877  1.697  -27.793  63.895 0.0000000000
47911  2.014  -27.501  63.826 0.0000000000
47905  2.241  -27.040  64.209 0.0000000000
48799  2.323  -26.368  64.680 0.0000000000
48806  2.043  -26.009  63.494 0.0000000000
42555  -0.296  -32.715  76.508 0.0000000000
42554  0.383  -32.457  75.859 0.0000000000
43626  1.117  -31.825  75.481 0.0000000000
43651  2.389  -30.828  73.684 0.0000000000
45743  2.761  -29.102  74.497 0.0000000000
45756  2.662  -29.099  74.240 0.0000000000
45757  2.543  -29.187  74.115 0.0000000000
45764  2.274  -29.318  73.872 0.0000000000
44709  1.223  -30.257  73.428 0.0000000000
42607  -0.298  -32.996  71.398 0.0000000000
41499  -2.190  -33.188  69.285 0.0000000000
41510  -1.508  -33.422  68.580 0.0000000000
41523  -1.246  -33.551  66.907 0.0000000000
39324  3.755  -35.679  66.581 0.0000000000
40444  3.455  -35.417  65.814 0.0000000000
39334  3.073  -35.172  65.157 0.0000000000
40465  0.582  -34.564  64.546 0.0000000000
50693  -25.965  -24.296  71.146 0.0000000000
51669  -26.669  -22.759  72.676 0.0000000000
51658  -26.292  -22.761  73.544 0.0000000000
108325  -26.929  -22.331  73.496 0.0000000000
53756  -27.696  -21.275  73.987 0.0000000000
50675  -22.663  -24.143  72.384 0.0000000000
50676  -23.492  -24.002  72.278 0.0000000000
49696  -24.770  -24.768  70.887 0.0000000000
51625  -22.668  -23.123  76.323 0.0000000000
51631  -22.490  -23.347  75.636 0.0000000000
64634  -50.444  -10.557  57.676 0.0000000000
108020  -49.409  -10.734  58.041 0.0000000000
62138  -42.484  -13.413  56.016 0.0000000000
125299  -46.490  -11.338  56.311 0.0000000000
63790  -45.848  -11.453  56.830 0.0000000000
59086  -36.881  -16.277  65.215 0.0000000000
59072  -37.368  -16.293  67.075 0.0000000000
58055  -36.454  -17.454  66.252 0.0000000000
58056  -36.903  -16.887  66.657 0.0000000000
54980  -31.998  -19.857  60.989 0.0000000000
56038  -32.560  -19.541  60.830 0.0000000000
58081  -35.667  -17.394  63.676 0.0000000000
45846  -3.847  -29.480  67.583 0.0000000000
45865  -4.067  -29.248  66.583 0.0000000000
45891  -5.234  -29.733  65.460 0.0000000000
45917  -5.369  -29.686  64.635 0.0000000000
44852  -5.537  -30.447  64.102 0.0000000000
43765  -5.569  -31.143  62.964 0.0000000000
43775  -5.571  -31.265  62.109 0.0000000000
42727  -5.347  -32.381  60.566 0.0000000000
42726  -4.971  -32.603  59.868 0.0000000000
124392  -5.364  -32.593  61.243 0.0000000000
41637  -5.037  -33.224  61.038 0.0000000000
40520  -4.480  -34.083  61.073 0.0000000000
41620  -4.542  -33.483  62.411 0.0000000000
40506  -4.245  -34.165  61.856 0.0000000000
40519  -3.815  -34.847  61.160 0.0000000000
38059  -2.716  -36.210  73.904 0.0000000000
38074  -2.198  -36.290  73.516 0.0000000000
38091  -1.567  -36.277  72.806 0.0000000000
38109  -1.312  -36.470  72.073 0.0000000000
37051  -0.681  -36.591  71.504 0.0000000000
58023  -31.287  -17.070  69.250 0.0000000000
52760  -27.047  -22.222  69.163 0.0000000000
53856  -27.274  -20.801  68.107 0.0000000000
53844  -27.886  -20.698  68.686 0.0000000000
54859  -27.599  -19.891  66.594 0.0000000000
54860  -28.422  -19.666  66.802 0.0000000000
55932  -29.338  -19.180  67.108 0.0000000000
56981  -29.309  -18.848  67.594 0.0000000000
45695  -18.871  -28.761  77.805 0.0000000000
119838  -19.162  -29.417  77.189 0.0000000000
45779  -19.714  -29.363  72.199 0.0000000000
107817  -19.488  -29.110  70.865 0.0000000000
44748  -19.359  -29.831  70.510 0.0000000000
44767  -18.488  -30.268  69.347 0.0000000000
66760  -47.961  -9.420  52.341 0.0000000000
65706  -47.515  -9.722  51.856 0.0000000000
66783  -47.069  -8.076  51.158 0.0000000000
67729  -47.334  -7.225  50.754 0.0000000000
68647  -48.351  -6.280  50.752 0.0000000000
48729  -0.611  -27.275  71.854 0.0000000000
62037  -42.313  -12.930  61.950 0.0000000000
61204  -36.098  -14.009  60.478 0.0000000000
62067  -39.569  -13.069  60.108 0.0000000000
41430  -6.832  -33.666  77.572 0.0000000000
40287  -7.193  -33.797  75.929 0.0000000000
111484  -6.642  -34.095  75.704 0.0000000000
40330  -6.389  -33.736  73.636 0.0000000000
44780  -10.534  -29.804  68.535 0.0000000000
44779  -9.776  -30.192  68.767 0.0000000000
44760  -9.362  -30.397  69.396 0.0000000000
44759  -8.680  -30.582  69.645 0.0000000000
43702  -8.010  -30.853  69.831 0.0000000000
43691  -7.636  -31.345  70.321 0.0000000000
110734  -7.173  -32.004  70.830 0.0000000000
42621  -6.850  -31.930  69.032 0.0000000000
54834  -0.392  -19.456  68.849 0.0000000000
54842  -2.198  -19.979  67.642 0.0000000000
53847  -3.014  -21.280  67.530 0.0000000000
105546  -3.023  -21.161  66.891 0.0000000000
118485  -0.671  -23.205  65.553 0.0000000000
123455  -0.998  -28.539  63.276 0.0000000000
106492  -0.447  -28.472  63.883 0.0000000000
108419  -0.237  -28.521  63.000 0.0000000000
107531  0.555  -28.489  62.783 0.0000000000
46941  -0.031  -28.711  61.090 0.0000000000
46917  1.044  -28.472  62.170 0.0000000000
46940  1.414  -28.304  61.488 0.0000000000
46960  1.629  -28.087  60.922 0.0000000000
47931  1.657  -27.591  60.414 0.0000000000
47740  -1.252  -26.960  78.420 0.0000000000
47739  -0.511  -27.403  78.550 0.0000000000
46707  0.347  -28.531  78.088 0.0000000000
114622  1.395  -34.515  74.249 0.0000000000
41464  2.134  -33.192  73.261 0.0000000000
42577  2.143  -32.439  72.893 0.0000000000
42585  1.512  -31.933  72.703 0.0000000000
41488  1.605  -33.489  70.643 0.0000000000
41508  0.833  -33.457  68.957 0.0000000000
41521  1.016  -33.528  67.402 0.0000000000
51714  -26.816  -23.115  69.325 0.0000000000
50704  -26.227  -24.571  70.464 0.0000000000
50705  -26.670  -24.016  70.431 0.0000000000
51702  -27.065  -23.310  69.941 0.0000000000
105201  -28.357  -21.278  70.078 0.0000000000
110353  -28.477  -21.024  71.264 0.0000000000
54827  -28.517  -20.772  70.393 0.0000000000
55913  -28.507  -19.961  70.151 0.0000000000
50628  -20.627  -24.626  77.181 0.0000000000
49633  -20.420  -25.787  76.066 0.0000000000
50635  -21.470  -24.205  76.346 0.0000000000
120735  -21.449  -24.505  75.870 0.0000000000
47817  -19.486  -27.434  72.812 0.0000000000
113679  -19.267  -27.160  71.420 0.0000000000
63839  -45.851  -11.429  53.804 0.0000000000
63843  -49.221  -11.006  53.002 0.0000000000
64718  -49.705  -10.662  53.711 0.0000000000
120325  -49.771  -9.852  53.759 0.0000000000
65685  -50.266  -9.122  53.955 0.0000000000
66750  -50.941  -8.251  54.105 0.0000000000
62026  -39.314  -12.742  64.065 0.0000000000
60116  -37.441  -15.533  65.672 0.0000000000
61181  -36.608  -14.675  62.514 0.0000000000
44727  -15.300  -30.318  71.690 0.0000000000
44726  -14.511  -30.020  71.563 0.0000000000
44744  -14.269  -29.674  70.884 0.0000000000
45807  -12.383  -29.503  69.512 0.0000000000
45826  -11.391  -29.418  68.477 0.0000000000
45825  -10.713  -29.529  67.704 0.0000000000
54925  1.902  -20.269  63.088 0.0000000000
53918  1.840  -20.936  63.249 0.0000000000
53905  1.584  -21.749  63.487 0.0000000000
50728  -3.681  -24.588  68.515 0.0000000000
50738  -3.603  -24.278  67.691 0.0000000000
48780  -2.606  -26.190  66.766 0.0000000000
46863  -0.957  -28.181  65.521 0.0000000000
106494  -1.495  -28.500  64.041 0.0000000000
46865  -3.803  -28.796  65.665 0.0000000000
46882  -3.590  -28.631  64.758 0.0000000000
45943  -4.988  -29.081  63.514 0.0000000000
46900  -4.407  -28.726  64.109 0.0000000000
122875  -2.533  -28.549  64.498 0.0000000000
46898  -2.445  -28.533  63.706 0.0000000000
46943  -1.706  -28.754  62.004 0.0000000000
45985  -1.601  -29.045  61.193 0.0000000000
45998  -2.999  -29.797  60.524 0.0000000000
126543  -2.231  -29.670  60.327 0.0000000000
46009  -1.654  -29.771  59.830 0.0000000000
41675  -4.442  -33.273  59.661 0.0000000000
112914  -1.436  -33.408  76.521 0.0000000000
41436  -0.671  -33.489  76.150 0.0000000000
41445  0.022  -33.986  75.658 0.0000000000
110269  0.605  -34.453  75.229 0.0000000000
39217  -1.910  -35.998  74.592 0.0000000000
110720  -1.292  -35.768  74.420 0.0000000000
38072  -0.784  -36.160  73.358 0.0000000000
39216  -0.774  -35.754  73.893 0.0000000000
39214  1.499  -35.088  73.710 0.0000000000
39256  2.021  -34.901  70.714 0.0000000000
109511  -34.651  -18.548  66.054 0.0000000000
56993  -34.322  -18.556  66.925 0.0000000000
115601  -34.352  -18.641  67.838 0.0000000000
56972  -33.266  -18.226  68.348 0.0000000000
109131  -25.827  -22.954  67.314 0.0000000000
54916  -30.528  -19.608  63.311 0.0000000000
55953  -31.571  -18.961  64.747 0.0000000000
55955  -32.858  -18.632  65.068 0.0000000000
43617  -17.696  -31.344  76.767 0.0000000000
43631  -16.958  -32.144  75.373 0.0000000000
108216  -16.172  -32.116  75.323 0.0000000000
114527  -19.242  -26.249  78.253 0.0000000000
49618  -19.698  -25.944  77.648 0.0000000000
48665  -19.505  -26.925  77.828 0.0000000000
46705  -19.237  -28.406  77.609 0.0000000000
45708  -19.340  -28.940  77.339 0.0000000000
46765  -19.682  -28.538  73.895 0.0000000000
45751  -19.701  -29.040  74.297 0.0000000000
120915  -19.726  -29.412  74.798 0.0000000000
118524  -19.605  -29.900  72.921 0.0000000000
44717  -19.481  -30.121  73.402 0.0000000000
45739  -19.674  -29.685  75.428 0.0000000000
44686  -19.479  -30.293  75.288 0.0000000000
125640  -19.394  -30.225  75.901 0.0000000000
43646  -18.816  -31.250  74.401 0.0000000000
43659  -18.024  -31.746  73.742 0.0000000000
121523  -17.265  -31.705  72.673 0.0000000000
44714  -16.209  -31.346  72.471 0.0000000000
45791  -14.909  -29.484  70.250 0.0000000000
45810  -15.561  -29.538  69.533 0.0000000000
68645  -46.903  -6.889  50.171 0.0000000000
112263  -47.189  -6.360  49.800 0.0000000000
69513  -47.453  -5.316  48.672 0.0000000000
53819  -0.970  -20.841  70.134 0.0000000000
53820  -2.550  -21.376  69.217 0.0000000000
116282  -3.571  -23.002  69.024 0.0000000000
52692  -1.674  -21.782  71.282 0.0000000000
105753  -2.729  -22.413  71.062 0.0000000000
52706  -3.095  -22.417  70.302 0.0000000000
52707  -3.478  -23.122  69.886 0.0000000000
49742  -3.427  -25.441  68.570 0.0000000000
48762  -2.852  -26.314  68.657 0.0000000000
47865  -2.388  -27.146  68.477 0.0000000000
45845  -2.884  -29.005  67.882 0.0000000000
48731  -2.084  -26.275  71.173 0.0000000000
126684  -1.880  -27.523  70.086 0.0000000000
105277  -1.840  -28.027  69.907 0.0000000000
46810  -2.200  -28.254  69.039 0.0000000000
44793  -4.684  -30.571  67.645 0.0000000000
43721  -4.882  -31.201  67.165 0.0000000000
42652  -4.694  -31.997  66.577 0.0000000000
42660  -3.979  -32.841  66.193 0.0000000000
108399  -45.454  -13.044  59.910 0.0000000000
62981  -46.217  -12.653  60.190 0.0000000000
62073  -45.856  -12.793  60.765 0.0000000000
62924  -40.096  -12.534  64.711 0.0000000000
56986  -35.637  -18.289  67.568 0.0000000000
61251  -38.181  -14.270  57.378 0.0000000000
117453  -38.896  -14.369  57.257 0.0000000000
61231  -39.699  -14.393  57.444 0.0000000000
60227  -39.973  -14.558  56.720 0.0000000000
61252  -41.227  -14.371  57.368 0.0000000000
113905  -41.937  -14.160  57.759 0.0000000000
61235  -43.019  -13.769  58.612 0.0000000000
40282  -3.100  -34.388  76.685 0.0000000000
108813  -6.014  -33.769  77.739 0.0000000000
40299  -5.055  -34.837  75.711 0.0000000000
39202  -4.341  -35.290  75.351 0.0000000000
122194  -13.970  -30.313  71.936 0.0000000000
43671  -13.857  -30.696  72.521 0.0000000000
43670  -13.024  -30.996  72.679 0.0000000000
43654  -11.847  -31.949  73.520 0.0000000000
108301  -10.701  -30.135  69.819 0.0000000000
44722  -10.813  -30.843  70.995 0.0000000000
43694  -10.258  -31.093  71.237 0.0000000000
43681  -10.874  -31.263  71.538 0.0000000000
42572  -11.571  -32.463  74.594 0.0000000000
41441  -10.053  -33.085  75.780 0.0000000000
40332  -8.080  -33.085  74.598 0.0000000000
40346  -6.149  -33.607  73.083 0.0000000000
40358  -5.555  -33.861  72.474 0.0000000000
39272  -5.222  -34.355  71.722 0.0000000000
111823  -4.929  -35.033  70.142 0.0000000000
55927  -1.166  -18.810  67.495 0.0000000000
56988  -1.366  -18.689  66.757 0.0000000000
57009  -0.009  -18.377  64.535 0.0000000000
123125  0.604  -19.020  64.182 0.0000000000
54883  1.664  -20.624  64.282 0.0000000000
51783  1.600  -22.605  63.809 0.0000000000
50750  -3.375  -23.990  66.992 0.0000000000
50749  -2.870  -24.480  66.601 0.0000000000
107138  -2.868  -23.777  66.505 0.0000000000
51735  -2.090  -24.083  66.031 0.0000000000
50765  -0.912  -23.950  65.658 0.0000000000
46879  0.275  -28.242  64.447 0.0000000000
47895  0.902  -27.345  65.178 0.0000000000
116419  1.589  -26.857  65.210 0.0000000000
49784  1.325  -25.688  65.558 0.0000000000
108884  1.543  -25.006  65.564 0.0000000000
50764  1.183  -24.439  65.569 0.0000000000
51751  1.681  -23.730  65.332 0.0000000000
51750  2.074  -23.805  65.138 0.0000000000
51767  2.132  -23.447  64.947 0.0000000000
50780  2.244  -24.115  65.014 0.0000000000
51782  1.879  -22.873  64.444 0.0000000000
51784  0.864  -23.406  63.569 0.0000000000
123263  0.181  -24.206  63.380 0.0000000000
49821  -0.418  -25.676  62.387 0.0000000000
49651  1.547  -26.503  74.958 0.0000000000
43587  -1.708  -30.975  77.966 0.0000000000
125505  -0.256  -31.657  77.302 0.0000000000
44658  -0.304  -30.492  77.665 0.0000000000
45697  0.435  -29.219  77.652 0.0000000000
43625  1.864  -31.119  75.230 0.0000000000
44668  1.650  -30.519  75.763 0.0000000000
44656  1.413  -30.003  76.427 0.0000000000
45710  1.820  -29.268  76.156 0.0000000000
46716  1.620  -28.562  76.720 0.0000000000
114266  2.057  -27.987  76.382 0.0000000000
47767  2.385  -27.510  75.390 0.0000000000
46738  2.757  -28.722  74.396 0.0000000000
47766  2.693  -28.106  74.947 0.0000000000
48692  2.110  -27.272  74.422 0.0000000000
48693  1.423  -26.716  74.266 0.0000000000
46773  1.111  -28.697  73.283 0.0000000000
44721  -2.017  -30.355  71.771 0.0000000000
43666  0.215  -31.462  72.619 0.0000000000
43675  -0.697  -31.719  72.283 0.0000000000
43676  -1.758  -31.490  71.954 0.0000000000
120433  -2.375  -31.072  71.559 0.0000000000
43689  -3.268  -31.554  70.731 0.0000000000
42619  -3.606  -32.188  69.594 0.0000000000
41525  -3.451  -32.906  67.450 0.0000000000
39281  2.744  -35.114  69.047 0.0000000000
117477  4.140  -37.052  67.514 0.0000000000
40407  3.156  -34.664  67.188 0.0000000000
106941  2.351  -33.827  67.574 0.0000000000
41520  1.869  -33.605  67.719 0.0000000000
41538  -0.386  -33.591  66.220 0.0000000000
41539  -1.191  -33.596  66.048 0.0000000000
41557  -2.309  -33.531  65.411 0.0000000000
116474  -2.776  -33.731  64.128 0.0000000000
41598  -2.860  -34.024  63.521 0.0000000000
39381  -2.653  -35.855  62.215 0.0000000000
41656  -4.942  -33.066  60.332 0.0000000000
43619  -19.281  -30.516  75.694 0.0000000000
43647  -19.030  -30.835  73.972 0.0000000000
43690  -3.768  -31.456  70.036 0.0000000000
43785  -5.517  -30.970  61.450 0.0000000000
44675  -19.182  -30.158  76.399 0.0000000000
44693  -19.598  -30.081  74.616 0.0000000000
44702  -19.032  -30.967  73.049 0.0000000000
44891  -5.196  -30.721  60.816 0.0000000000
45720  -19.443  -29.339  76.798 0.0000000000
45996  -0.052  -28.890  60.368 0.0000000000
45997  -1.546  -29.373  60.486 0.0000000000
46713  -19.669  -28.231  77.094 0.0000000000
46749  -19.693  -28.174  74.697 0.0000000000
46878  1.120  -28.102  64.100 0.0000000000
46895  1.891  -27.883  63.172 0.0000000000
47744  -19.031  -27.866  78.028 0.0000000000
48788  2.233  -26.220  65.104 0.0000000000
50719  -26.805  -23.872  69.992 0.0000000000
50779  2.233  -24.650  65.137 0.0000000000
52787  -3.219  -21.801  67.112 0.0000000000
55944  -2.344  -19.961  66.136 0.0000000000
62128  -43.794  -12.941  57.113 0.0000000000
108337  -21.496  -23.875  76.869 0.0000000000
114381  -49.785  -11.272  54.425 0.0000000000
114519  -48.251  -4.323  47.850 0.0000000000
114593  -5.036  -31.741  65.866 0.0000000000
116778  0.810  -27.990  78.010 0.0000000000
116874  -19.612  -29.789  74.056 0.0000000000
126008  -19.720  -28.703  74.945 0.0000000000
