#!ascii label  , from subject sub-v2s3x28814_ses-1 vox2ras=TkReg
1242
75984  -38.864  1.189  39.006 0.0000000000
75237  -48.109  0.845  26.357 0.0000000000
80551  -43.968  7.410  43.089 0.0000000000
73300  -47.176  -1.395  33.653 0.0000000000
74106  -46.395  -0.753  43.377 0.0000000000
77782  -43.081  3.682  31.386 0.0000000000
79945  -46.308  6.820  35.349 0.0000000000
84565  -41.304  14.011  35.078 0.0000000000
74025  -41.251  -0.730  50.001 0.0000000000
73259  -41.958  -1.802  36.026 0.0000000000
74244  -43.539  -0.526  31.385 0.0000000000
76934  -41.682  2.176  35.329 0.0000000000
83048  -48.952  11.408  45.089 0.0000000000
79215  -49.991  6.187  40.189 0.0000000000
81246  -44.924  9.176  41.188 0.0000000000
81271  -41.830  8.554  38.160 0.0000000000
112905  -45.984  13.267  36.188 0.0000000000
75257  -44.263  0.761  24.456 0.0000000000
78477  -36.625  4.207  42.523 0.0000000000
79209  -40.328  5.970  40.179 0.0000000000
75131  -51.564  0.406  36.740 0.0000000000
73221  -46.814  -1.606  38.827 0.0000000000
72245  -41.254  -2.739  40.324 0.0000000000
73150  -40.516  -1.605  44.658 0.0000000000
76128  -44.956  2.145  25.876 0.0000000000
120256  -44.978  6.571  25.060 0.0000000000
78520  -44.867  4.796  37.336 0.0000000000
79312  -48.217  6.442  31.686 0.0000000000
80694  -44.913  8.356  28.062 0.0000000000
108505  -42.423  7.565  33.089 0.0000000000
81295  -39.229  8.987  35.094 0.0000000000
74174  -39.866  -0.251  37.880 0.0000000000
113991  -40.913  0.096  35.685 0.0000000000
76005  -40.563  1.532  37.608 0.0000000000
84455  -49.662  14.023  43.192 0.0000000000
83076  -48.142  11.032  43.694 0.0000000000
83803  -47.765  13.142  41.151 0.0000000000
83093  -44.972  11.731  39.482 0.0000000000
106298  -46.521  0.486  25.382 0.0000000000
79183  -35.790  5.452  44.350 0.0000000000
79194  -38.098  5.494  44.061 0.0000000000
111504  -46.412  -1.463  40.998 0.0000000000
72259  -44.369  -2.431  39.324 0.0000000000
73197  -43.925  -1.974  41.848 0.0000000000
74071  -40.563  -0.492  46.927 0.0000000000
72201  -35.325  -2.502  43.781 0.0000000000
124952  -34.267  -0.216  42.437 0.0000000000
73148  -33.248  -2.032  44.253 0.0000000000
74267  -48.034  -0.218  31.017 0.0000000000
76075  -42.690  1.642  30.606 0.0000000000
107573  -44.034  0.488  28.864 0.0000000000
76984  -43.460  2.469  28.458 0.0000000000
77811  -44.175  3.832  26.214 0.0000000000
78596  -43.973  4.956  28.895 0.0000000000
79868  -42.607  6.849  40.943 0.0000000000
79238  -43.319  5.162  38.627 0.0000000000
123172  -44.969  6.177  40.436 0.0000000000
120300  -48.992  7.089  37.748 0.0000000000
79260  -49.727  6.135  36.478 0.0000000000
80628  -49.417  7.258  33.842 0.0000000000
80679  -47.771  7.279  30.331 0.0000000000
80658  -46.329  7.501  32.531 0.0000000000
80676  -43.645  7.402  30.689 0.0000000000
120261  -44.564  7.391  33.625 0.0000000000
83110  -41.630  11.407  37.638 0.0000000000
81288  -40.690  8.918  36.610 0.0000000000
83119  -39.830  11.315  36.498 0.0000000000
81888  -37.947  10.157  35.019 0.0000000000
83865  -38.694  12.619  34.680 0.0000000000
72336  -44.881  -2.030  34.806 0.0000000000
73313  -45.283  -1.467  32.507 0.0000000000
73295  -42.815  -1.037  33.550 0.0000000000
115957  -41.899  0.812  33.259 0.0000000000
76949  -42.335  2.640  33.286 0.0000000000
81221  -45.946  8.474  44.533 0.0000000000
79872  -47.694  6.346  41.970 0.0000000000
110758  -48.514  7.936  43.562 0.0000000000
108349  -47.813  7.722  41.329 0.0000000000
80586  -45.450  7.174  38.773 0.0000000000
79914  -43.800  6.826  37.509 0.0000000000
81263  -43.592  8.795  39.891 0.0000000000
83112  -43.385  11.691  38.127 0.0000000000
119914  -44.069  13.538  35.266 0.0000000000
116677  -43.424  2.027  24.713 0.0000000000
77724  -36.789  3.071  40.582 0.0000000000
113606  -39.301  3.560  39.203 0.0000000000
79207  -38.219  5.241  40.897 0.0000000000
79856  -39.741  6.458  42.747 0.0000000000
80523  -41.917  7.549  45.153 0.0000000000
81843  -41.321  9.003  44.079 0.0000000000
81824  -43.758  9.072  44.893 0.0000000000
110204  -49.226  -0.671  35.072 0.0000000000
74176  -49.468  -0.546  37.467 0.0000000000
73260  -46.852  -1.631  36.471 0.0000000000
117273  -44.714  -2.402  37.026 0.0000000000
108500  -42.053  -2.517  38.000 0.0000000000
119150  -45.859  0.654  45.868 0.0000000000
75897  -42.925  1.289  49.066 0.0000000000
75018  -43.265  0.613  46.647 0.0000000000
74103  -43.792  -0.742  43.818 0.0000000000
72224  -41.396  -2.524  42.226 0.0000000000
105467  -37.395  0.256  40.130 0.0000000000
77008  -49.348  3.174  25.904 0.0000000000
74281  -46.143  -0.393  29.875 0.0000000000
76103  -47.018  1.310  27.573 0.0000000000
76140  -48.103  2.597  24.981 0.0000000000
77020  -45.564  2.836  23.553 0.0000000000
78624  -45.132  4.796  22.613 0.0000000000
79362  -44.520  6.405  23.171 0.0000000000
77741  -41.478  3.627  38.124 0.0000000000
115609  -43.303  3.759  36.084 0.0000000000
78545  -43.990  4.270  34.136 0.0000000000
79250  -47.319  5.361  38.163 0.0000000000
78548  -46.785  5.081  35.041 0.0000000000
79298  -45.052  5.179  31.928 0.0000000000
79996  -47.192  7.215  28.983 0.0000000000
81338  -47.036  8.944  25.960 0.0000000000
80707  -42.786  7.831  25.838 0.0000000000
80610  -42.523  7.623  35.373 0.0000000000
105269  -41.001  7.864  33.895 0.0000000000
79957  -38.478  6.606  32.856 0.0000000000
80619  -37.607  7.675  34.170 0.0000000000
81903  -36.269  9.542  33.963 0.0000000000
75105  -39.723  0.553  38.234 0.0000000000
75117  -40.192  0.629  37.681 0.0000000000
75994  -39.532  1.278  38.545 0.0000000000
83790  -48.206  13.125  42.258 0.0000000000
84506  -48.231  13.387  38.519 0.0000000000
75244  -47.516  0.955  25.669 0.0000000000
73186  -46.392  -1.109  42.522 0.0000000000
73199  -45.632  -1.560  41.258 0.0000000000
73168  -45.005  -1.114  43.016 0.0000000000
72187  -35.293  -2.563  44.421 0.0000000000
72199  -33.974  -2.352  44.019 0.0000000000
74217  -47.861  -1.084  33.194 0.0000000000
74231  -47.689  -0.831  32.371 0.0000000000
77786  -42.797  3.044  30.900 0.0000000000
76973  -43.181  2.312  29.262 0.0000000000
117798  -43.337  3.737  29.931 0.0000000000
115691  -43.611  4.089  28.785 0.0000000000
78579  -43.607  4.364  30.307 0.0000000000
80557  -43.564  7.236  42.222 0.0000000000
79879  -43.390  6.454  40.438 0.0000000000
79870  -44.404  6.759  41.616 0.0000000000
79928  -47.546  6.801  36.535 0.0000000000
79939  -49.599  7.048  35.546 0.0000000000
79947  -48.506  7.281  34.523 0.0000000000
124447  -47.473  7.512  32.632 0.0000000000
80645  -46.778  7.382  33.467 0.0000000000
122121  -45.097  7.431  32.864 0.0000000000
80613  -45.363  6.878  35.140 0.0000000000
83842  -41.636  12.620  36.721 0.0000000000
83120  -40.356  11.345  36.894 0.0000000000
84530  -40.644  13.188  35.923 0.0000000000
83855  -39.182  12.185  35.491 0.0000000000
84547  -40.169  13.414  35.413 0.0000000000
72320  -43.283  -2.165  35.300 0.0000000000
110359  -43.296  -1.556  34.037 0.0000000000
73270  -42.426  -1.656  35.179 0.0000000000
76026  -41.306  1.541  35.733 0.0000000000
75152  -41.496  0.342  34.425 0.0000000000
76046  -41.706  1.549  33.881 0.0000000000
76047  -42.048  1.728  33.066 0.0000000000
76940  -41.811  2.186  34.474 0.0000000000
111843  -47.605  9.954  45.105 0.0000000000
80529  -48.113  8.181  44.232 0.0000000000
81828  -48.413  9.277  44.480 0.0000000000
82438  -46.021  9.984  42.373 0.0000000000
81242  -47.691  8.641  42.740 0.0000000000
81247  -46.069  8.881  41.795 0.0000000000
105239  -46.785  7.715  40.433 0.0000000000
80565  -45.515  7.966  40.322 0.0000000000
80574  -44.848  7.683  39.595 0.0000000000
81854  -44.329  9.503  40.685 0.0000000000
83833  -45.580  12.500  38.052 0.0000000000
83101  -44.685  11.862  38.831 0.0000000000
110442  -45.084  12.536  37.487 0.0000000000
83844  -43.708  12.613  36.854 0.0000000000
84535  -45.090  13.135  36.192 0.0000000000
76137  -43.862  1.261  24.363 0.0000000000
125086  -36.674  3.672  40.931 0.0000000000
78488  -37.871  4.563  40.532 0.0000000000
78478  -37.214  4.725  42.057 0.0000000000
79842  -39.033  6.236  45.113 0.0000000000
79855  -39.040  6.138  42.835 0.0000000000
79844  -40.198  6.568  45.053 0.0000000000
80540  -40.763  6.804  44.581 0.0000000000
80522  -40.522  6.899  45.286 0.0000000000
82420  -40.378  10.294  42.841 0.0000000000
81844  -42.184  9.004  44.511 0.0000000000
82422  -42.937  10.843  43.152 0.0000000000
82423  -44.399  10.559  44.026 0.0000000000
118149  -43.882  11.096  43.442 0.0000000000
75153  -50.730  0.005  34.841 0.0000000000
74188  -50.172  -0.280  36.134 0.0000000000
74153  -49.418  -0.682  39.301 0.0000000000
73235  -48.173  -1.194  38.238 0.0000000000
73262  -48.251  -1.192  36.821 0.0000000000
73245  -47.053  -1.591  37.237 0.0000000000
72310  -46.086  -1.903  36.467 0.0000000000
72277  -45.433  -2.227  38.186 0.0000000000
107902  -42.739  -2.704  40.084 0.0000000000
106566  -43.086  -2.679  38.809 0.0000000000
72256  -41.716  -2.732  39.715 0.0000000000
74977  -41.968  0.316  49.213 0.0000000000
75016  -41.870  0.220  46.916 0.0000000000
74080  -42.362  -0.187  45.569 0.0000000000
74081  -43.177  -0.087  45.238 0.0000000000
73152  -42.178  -1.173  44.242 0.0000000000
73165  -42.494  -1.538  43.502 0.0000000000
73163  -40.790  -2.029  43.847 0.0000000000
75088  -36.782  0.479  40.420 0.0000000000
74133  -35.587  -0.196  41.322 0.0000000000
76997  -50.066  3.487  26.586 0.0000000000
74229  -44.100  -1.075  31.814 0.0000000000
122971  -45.575  -0.934  31.068 0.0000000000
74263  -44.309  -0.388  30.034 0.0000000000
75234  -44.685  0.956  27.597 0.0000000000
75235  -45.391  0.530  27.910 0.0000000000
76116  -46.037  1.499  26.429 0.0000000000
76131  -47.998  2.912  25.917 0.0000000000
77005  -46.920  2.372  24.987 0.0000000000
77021  -46.427  2.156  24.413 0.0000000000
77014  -46.210  2.384  24.320 0.0000000000
78614  -44.765  5.609  24.801 0.0000000000
122913  -45.194  4.751  23.583 0.0000000000
112913  -45.293  5.819  23.191 0.0000000000
78620  -44.701  5.104  22.788 0.0000000000
80028  -45.083  7.526  23.233 0.0000000000
78497  -39.680  4.410  39.303 0.0000000000
126502  -40.856  3.410  38.362 0.0000000000
78499  -41.187  5.030  38.958 0.0000000000
78512  -43.701  4.765  38.121 0.0000000000
77748  -43.049  4.335  37.597 0.0000000000
112246  -44.082  4.452  36.739 0.0000000000
77759  -43.354  3.740  35.313 0.0000000000
78538  -44.808  4.586  35.485 0.0000000000
79883  -48.693  6.177  41.565 0.0000000000
79226  -47.061  5.515  39.712 0.0000000000
108230  -47.831  5.468  39.187 0.0000000000
79278  -48.757  5.748  33.922 0.0000000000
79269  -47.533  5.272  35.440 0.0000000000
79289  -47.528  5.411  33.808 0.0000000000
78567  -45.438  4.983  33.244 0.0000000000
124445  -46.434  5.619  31.930 0.0000000000
79320  -45.929  5.924  30.562 0.0000000000
79321  -47.026  6.401  30.708 0.0000000000
121125  -46.682  7.941  29.324 0.0000000000
108986  -47.629  8.180  27.854 0.0000000000
81326  -45.972  8.909  26.874 0.0000000000
80701  -43.899  8.446  25.765 0.0000000000
120601  -43.130  7.994  26.617 0.0000000000
109750  -41.678  7.015  27.487 0.0000000000
109296  -43.446  7.605  28.694 0.0000000000
80655  -42.844  7.386  32.223 0.0000000000
79976  -42.083  6.863  30.669 0.0000000000
106180  -42.843  7.404  37.914 0.0000000000
80603  -42.971  7.224  36.251 0.0000000000
80601  -41.685  7.977  36.850 0.0000000000
81891  -39.861  9.388  35.652 0.0000000000
81296  -40.577  8.879  35.666 0.0000000000
113859  -40.067  8.876  35.059 0.0000000000
80638  -39.422  7.103  33.731 0.0000000000
80620  -39.320  7.649  34.262 0.0000000000
80637  -38.253  7.097  33.742 0.0000000000
81303  -38.158  8.615  34.773 0.0000000000
83135  -37.888  11.226  34.718 0.0000000000
110867  -37.126  9.764  34.486 0.0000000000
112007  -36.566  10.416  33.884 0.0000000000
82491  -35.850  10.118  33.610 0.0000000000
73257  -40.796  -1.194  36.851 0.0000000000
73269  -41.623  -1.156  35.417 0.0000000000
74185  -40.498  -0.530  36.925 0.0000000000
75129  -40.817  0.767  36.236 0.0000000000
76006  -41.054  1.706  36.860 0.0000000000
82424  -48.732  10.672  44.733 0.0000000000
107446  -48.369  12.011  43.629 0.0000000000
83075  -47.380  11.694  42.686 0.0000000000
83087  -45.644  11.160  41.338 0.0000000000
82447  -45.027  10.731  40.882 0.0000000000
83801  -45.997  12.285  40.214 0.0000000000
125325  -46.667  12.886  38.338 0.0000000000
74316  -45.050  -0.262  25.175 0.0000000000
78473  -36.090  4.055  43.946 0.0000000000
78475  -37.106  4.697  43.125 0.0000000000
108087  -37.174  5.010  44.315 0.0000000000
73220  -46.386  -1.674  39.594 0.0000000000
72260  -45.181  -2.266  39.026 0.0000000000
73211  -45.834  -1.695  40.329 0.0000000000
72237  -44.106  -2.176  41.024 0.0000000000
108511  -42.585  -2.639  40.711 0.0000000000
74049  -41.155  -0.288  48.648 0.0000000000
73138  -39.501  -1.518  45.815 0.0000000000
72219  -36.182  -2.302  42.636 0.0000000000
74120  -35.115  -1.045  41.960 0.0000000000
73179  -34.819  -1.718  42.747 0.0000000000
107803  -33.495  -1.108  43.346 0.0000000000
75197  -42.745  0.804  30.782 0.0000000000
74262  -43.732  -0.065  29.928 0.0000000000
75210  -43.542  0.529  29.518 0.0000000000
76101  -43.498  1.620  28.681 0.0000000000
76994  -43.787  2.391  27.587 0.0000000000
77004  -44.827  2.717  25.514 0.0000000000
77805  -43.887  3.163  27.000 0.0000000000
78603  -43.842  4.270  27.295 0.0000000000
79344  -44.599  5.952  27.466 0.0000000000
123535  -40.996  6.279  40.211 0.0000000000
79221  -41.876  5.606  39.315 0.0000000000
79887  -42.416  5.973  39.636 0.0000000000
79223  -43.801  5.559  39.205 0.0000000000
79240  -45.111  5.299  38.576 0.0000000000
79906  -50.173  6.995  38.758 0.0000000000
108229  -49.721  5.893  38.136 0.0000000000
79261  -50.064  6.664  37.030 0.0000000000
79280  -49.774  6.780  34.999 0.0000000000
79968  -49.599  7.108  32.244 0.0000000000
79978  -49.019  7.020  31.310 0.0000000000
80660  -48.993  7.301  31.589 0.0000000000
80670  -47.696  7.496  30.960 0.0000000000
80686  -45.633  7.675  30.301 0.0000000000
80685  -44.525  7.594  30.154 0.0000000000
80677  -44.551  7.508  30.985 0.0000000000
80656  -43.808  7.524  32.493 0.0000000000
107904  -43.093  7.605  32.997 0.0000000000
82469  -41.292  10.483  37.872 0.0000000000
81281  -41.306  8.956  37.770 0.0000000000
82468  -40.624  10.107  37.441 0.0000000000
82476  -40.129  10.597  36.865 0.0000000000
81890  -39.223  9.826  35.527 0.0000000000
81889  -38.488  9.507  35.148 0.0000000000
127035  -38.915  11.034  35.632 0.0000000000
83854  -38.471  11.975  34.928 0.0000000000
83864  -37.814  12.157  34.054 0.0000000000
110112  -45.715  -1.745  34.391 0.0000000000
73314  -46.197  -1.414  32.655 0.0000000000
73285  -44.937  -1.798  33.994 0.0000000000
73312  -43.867  -1.248  32.584 0.0000000000
74228  -43.359  -0.706  32.164 0.0000000000
74205  -41.852  -0.499  34.268 0.0000000000
74215  -42.423  -0.344  33.131 0.0000000000
74243  -42.827  -0.156  31.824 0.0000000000
76054  -42.282  1.374  32.186 0.0000000000
121381  -42.437  2.109  31.775 0.0000000000
77777  -43.103  3.712  32.178 0.0000000000
80544  -44.725  7.890  44.304 0.0000000000
79859  -45.440  6.658  41.993 0.0000000000
80553  -47.232  7.045  43.161 0.0000000000
79861  -48.146  6.738  42.697 0.0000000000
79863  -49.398  6.969  42.365 0.0000000000
81847  -48.459  9.042  44.261 0.0000000000
81249  -48.646  7.785  42.864 0.0000000000
80567  -49.846  6.932  41.190 0.0000000000
79890  -48.490  7.236  39.231 0.0000000000
79904  -47.862  7.029  38.327 0.0000000000
79916  -45.977  6.678  37.384 0.0000000000
79927  -45.483  6.645  36.557 0.0000000000
79901  -44.536  6.865  38.181 0.0000000000
80585  -43.218  7.756  38.777 0.0000000000
81861  -42.868  9.078  39.386 0.0000000000
82453  -44.011  10.510  39.873 0.0000000000
82452  -43.429  10.503  39.309 0.0000000000
82459  -42.667  10.410  38.786 0.0000000000
83111  -42.532  11.521  37.926 0.0000000000
83843  -42.632  12.547  36.937 0.0000000000
84549  -42.467  13.515  35.696 0.0000000000
117179  -38.075  2.570  39.616 0.0000000000
76896  -38.920  2.721  39.223 0.0000000000
77730  -38.439  3.427  39.593 0.0000000000
78489  -38.496  4.757  40.161 0.0000000000
79208  -39.568  5.613  40.226 0.0000000000
79196  -37.754  5.297  42.767 0.0000000000
79866  -39.354  6.211  41.746 0.0000000000
79877  -39.803  6.188  40.871 0.0000000000
79858  -41.027  6.964  41.888 0.0000000000
80549  -41.641  7.228  42.651 0.0000000000
80542  -42.658  7.542  44.299 0.0000000000
81236  -40.176  7.837  44.821 0.0000000000
81238  -41.841  8.116  45.294 0.0000000000
80524  -42.790  7.830  45.123 0.0000000000
80525  -43.661  8.072  44.932 0.0000000000
81220  -45.037  8.804  44.735 0.0000000000
112059  -46.404  9.959  44.942 0.0000000000
83046  -46.631  12.024  44.584 0.0000000000
112428  -49.239  -0.644  34.123 0.0000000000
110478  -48.537  -0.982  34.541 0.0000000000
74164  -50.352  -0.190  37.983 0.0000000000
74177  -50.234  -0.241  36.966 0.0000000000
120382  -48.922  -0.801  36.581 0.0000000000
126565  -48.006  -1.300  35.528 0.0000000000
109534  -47.093  -1.526  35.152 0.0000000000
72323  -45.757  -1.967  35.903 0.0000000000
72308  -44.452  -2.384  36.264 0.0000000000
112060  -43.067  -2.475  36.792 0.0000000000
72276  -44.491  -2.467  38.422 0.0000000000
72293  -43.371  -2.557  37.506 0.0000000000
72291  -41.620  -2.223  37.426 0.0000000000
119540  -40.440  -1.617  37.973 0.0000000000
75899  -44.221  1.974  48.548 0.0000000000
75005  -41.910  0.432  47.810 0.0000000000
75007  -43.150  0.981  47.584 0.0000000000
75922  -43.906  1.129  47.252 0.0000000000
75032  -44.460  0.405  45.565 0.0000000000
75045  -44.768  0.053  44.846 0.0000000000
74104  -44.614  -0.699  43.670 0.0000000000
73167  -44.159  -1.187  43.158 0.0000000000
72225  -42.249  -2.327  42.185 0.0000000000
120365  -41.766  -2.587  41.618 0.0000000000
75094  -37.815  0.665  39.705 0.0000000000
75978  -37.119  1.705  40.139 0.0000000000
76889  -36.139  2.432  40.941 0.0000000000
76888  -35.651  2.571  41.665 0.0000000000
125432  -35.512  3.172  43.019 0.0000000000
76107  -50.952  2.593  27.515 0.0000000000
75239  -49.564  1.822  26.731 0.0000000000
75246  -49.178  2.533  25.897 0.0000000000
74230  -46.821  -1.086  32.076 0.0000000000
74266  -47.182  -0.450  30.795 0.0000000000
74279  -44.822  -0.267  29.376 0.0000000000
75211  -46.093  0.150  28.717 0.0000000000
76104  -47.867  1.706  27.843 0.0000000000
76118  -47.895  2.421  26.697 0.0000000000
77007  -48.738  2.845  25.369 0.0000000000
75253  -48.255  1.800  24.855 0.0000000000
75252  -47.097  1.383  25.025 0.0000000000
110301  -46.470  1.475  24.560 0.0000000000
76145  -45.218  1.914  23.609 0.0000000000
77013  -45.630  3.119  23.968 0.0000000000
77027  -45.220  3.208  22.800 0.0000000000
76152  -44.801  2.784  23.029 0.0000000000
77018  -44.461  3.276  23.039 0.0000000000
124944  -43.492  4.499  24.216 0.0000000000
78612  -43.065  4.908  25.102 0.0000000000
77740  -40.419  2.839  38.392 0.0000000000
76908  -41.078  2.850  37.921 0.0000000000
76917  -41.423  2.512  37.179 0.0000000000
78510  -41.823  4.399  38.386 0.0000000000
112466  -42.477  3.662  37.161 0.0000000000
76927  -42.163  2.766  35.907 0.0000000000
77763  -42.805  3.325  34.798 0.0000000000
77764  -43.379  3.784  33.782 0.0000000000
78565  -43.729  4.288  32.443 0.0000000000
79881  -45.863  6.065  40.697 0.0000000000
79225  -45.830  5.471  39.241 0.0000000000
78521  -45.754  5.103  37.459 0.0000000000
79251  -48.672  5.549  37.690 0.0000000000
78530  -46.342  5.127  36.719 0.0000000000
78539  -45.625  4.829  36.038 0.0000000000
78546  -44.781  4.597  34.550 0.0000000000
78566  -44.647  4.775  32.688 0.0000000000
126807  -44.196  4.729  31.711 0.0000000000
79319  -44.904  5.526  30.276 0.0000000000
80012  -45.386  6.830  26.687 0.0000000000
110382  -47.477  7.288  29.484 0.0000000000
80014  -47.737  8.323  27.062 0.0000000000
80709  -46.110  8.307  24.984 0.0000000000
81342  -45.062  8.587  23.660 0.0000000000
80026  -43.151  6.998  24.900 0.0000000000
80683  -42.362  7.143  29.144 0.0000000000
80612  -44.417  7.024  35.142 0.0000000000
80624  -43.213  7.549  34.331 0.0000000000
80623  -42.513  7.802  34.390 0.0000000000
81289  -41.181  8.467  36.197 0.0000000000
105405  -41.921  8.104  34.858 0.0000000000
80640  -41.720  7.611  33.400 0.0000000000
80653  -40.858  6.981  33.015 0.0000000000
79964  -38.568  6.436  31.951 0.0000000000
79963  -37.583  6.262  31.649 0.0000000000
117888  -37.621  9.213  34.757 0.0000000000
81897  -36.689  8.940  34.292 0.0000000000
85250  -42.167  14.424  34.011 0.0000000000
112645  -41.244  14.438  33.867 0.0000000000
85247  -39.744  13.941  33.874 0.0000000000
84582  -38.720  13.295  32.781 0.0000000000
83870  -37.656  12.389  32.726 0.0000000000
75096  -39.125  0.361  38.770 0.0000000000
74107  -47.406  -0.618  43.572 0.0000000000
74121  -47.041  -0.928  42.836 0.0000000000
73169  -45.770  -1.015  42.924 0.0000000000
105880  -35.658  -2.589  44.975 0.0000000000
73315  -47.053  -1.281  32.869 0.0000000000
113271  -43.010  2.952  30.030 0.0000000000
77787  -43.199  3.701  30.609 0.0000000000
80558  -44.640  7.068  42.510 0.0000000000
79937  -47.407  6.854  35.746 0.0000000000
79946  -47.259  7.011  34.937 0.0000000000
80627  -47.312  7.269  34.164 0.0000000000
80626  -46.166  7.107  34.435 0.0000000000
84531  -41.473  13.284  36.082 0.0000000000
83841  -40.778  12.657  36.439 0.0000000000
84564  -40.534  13.952  34.805 0.0000000000
72319  -42.749  -2.247  36.027 0.0000000000
76035  -41.472  1.361  34.695 0.0000000000
82405  -48.462  10.690  45.173 0.0000000000
81827  -47.921  9.258  44.779 0.0000000000
108267  -48.512  9.967  44.889 0.0000000000
114891  -45.552  9.563  41.759 0.0000000000
81254  -45.141  8.623  40.887 0.0000000000
81253  -44.283  8.941  40.568 0.0000000000
123067  -45.756  12.745  37.438 0.0000000000
83846  -45.478  12.887  36.867 0.0000000000
83845  -44.643  12.712  36.838 0.0000000000
84552  -45.440  13.387  35.558 0.0000000000
74315  -44.371  -0.466  25.368 0.0000000000
74322  -44.103  0.037  24.924 0.0000000000
75251  -43.651  0.343  25.095 0.0000000000
113077  -36.245  3.704  42.095 0.0000000000
77719  -36.726  4.102  41.428 0.0000000000
80521  -39.414  6.716  45.246 0.0000000000
79852  -39.621  6.316  44.836 0.0000000000
79843  -39.891  6.608  45.233 0.0000000000
81215  -40.206  6.937  45.373 0.0000000000
110499  -51.744  0.493  35.956 0.0000000000
75141  -50.791  0.024  35.642 0.0000000000
75130  -50.872  0.065  36.437 0.0000000000
73234  -47.303  -1.487  38.069 0.0000000000
72278  -46.371  -1.839  37.909 0.0000000000
72246  -42.046  -2.793  40.171 0.0000000000
72257  -42.428  -2.731  39.426 0.0000000000
118415  -41.201  -2.633  39.588 0.0000000000
74035  -41.457  -0.263  49.339 0.0000000000
74079  -41.528  -0.461  45.715 0.0000000000
73140  -41.063  -1.052  45.227 0.0000000000
74087  -41.834  -0.728  44.946 0.0000000000
73151  -41.344  -1.400  44.435 0.0000000000
73164  -41.633  -1.751  43.652 0.0000000000
74134  -36.444  -0.838  41.033 0.0000000000
75081  -36.319  -0.062  40.724 0.0000000000
76105  -48.627  2.251  28.095 0.0000000000
74245  -44.481  -0.780  30.942 0.0000000000
105790  -43.677  -0.306  30.576 0.0000000000
105299  -44.971  1.528  26.617 0.0000000000
123476  -45.388  0.979  27.163 0.0000000000
76130  -47.036  2.240  25.561 0.0000000000
76129  -45.952  2.119  25.376 0.0000000000
76138  -45.480  2.606  25.062 0.0000000000
79356  -45.202  6.684  23.707 0.0000000000
79363  -45.095  6.397  22.865 0.0000000000
107762  -45.454  7.626  24.188 0.0000000000
79220  -40.171  5.238  39.542 0.0000000000
78498  -40.424  4.535  39.004 0.0000000000
78513  -44.575  4.937  38.052 0.0000000000
78519  -43.930  4.584  37.478 0.0000000000
78527  -43.979  4.265  35.911 0.0000000000
78528  -44.798  4.628  36.396 0.0000000000
79214  -49.430  5.966  40.822 0.0000000000
123362  -48.339  5.587  40.086 0.0000000000
79227  -49.381  5.721  39.717 0.0000000000
79301  -48.197  5.887  32.798 0.0000000000
79300  -47.013  5.688  32.270 0.0000000000
79311  -47.212  6.173  31.422 0.0000000000
80695  -46.070  8.269  28.745 0.0000000000
81327  -46.864  8.787  27.636 0.0000000000
80702  -44.299  8.444  26.874 0.0000000000
80693  -43.299  7.842  27.605 0.0000000000
80666  -42.049  6.946  31.617 0.0000000000
80654  -41.878  7.228  32.563 0.0000000000
80594  -42.044  7.937  37.727 0.0000000000
81304  -39.778  8.369  34.641 0.0000000000
110452  -38.761  8.040  34.572 0.0000000000
83863  -37.347  11.578  33.751 0.0000000000
83134  -37.082  11.053  33.911 0.0000000000
124185  -40.196  -0.223  37.419 0.0000000000
75128  -40.423  0.240  37.019 0.0000000000
76018  -40.562  0.992  37.125 0.0000000000
83760  -48.792  12.463  44.388 0.0000000000
83771  -48.673  12.993  43.367 0.0000000000
83789  -47.028  12.462  41.745 0.0000000000
83088  -46.411  11.478  41.941 0.0000000000
83802  -46.087  12.035  41.038 0.0000000000
114219  -46.694  12.626  40.603 0.0000000000
83819  -47.156  13.040  38.902 0.0000000000
84520  -47.031  13.244  37.347 0.0000000000
74306  -46.584  -0.153  26.184 0.0000000000
74305  -45.672  -0.436  25.693 0.0000000000
74317  -45.771  0.469  24.888 0.0000000000
78465  -36.055  4.604  44.263 0.0000000000
78466  -36.630  4.578  44.129 0.0000000000
79184  -36.622  5.121  44.411 0.0000000000
73201  -47.217  -1.348  41.256 0.0000000000
73212  -46.820  -1.482  40.399 0.0000000000
73198  -44.766  -1.729  41.584 0.0000000000
73210  -44.937  -1.914  40.707 0.0000000000
72236  -43.275  -2.360  41.275 0.0000000000
72189  -37.014  -2.633  44.296 0.0000000000
72202  -36.214  -2.583  43.555 0.0000000000
121268  -36.748  -2.508  42.906 0.0000000000
72218  -35.494  -2.326  43.045 0.0000000000
72217  -34.929  -2.288  43.377 0.0000000000
73161  -33.655  -1.755  43.626 0.0000000000
73160  -33.023  -1.315  43.836 0.0000000000
76076  -42.928  1.049  30.029 0.0000000000
76114  -43.715  1.761  28.035 0.0000000000
77798  -43.587  3.439  28.076 0.0000000000
78595  -43.747  4.372  28.218 0.0000000000
79335  -44.091  5.097  27.955 0.0000000000
123739  -44.222  5.187  27.144 0.0000000000
114089  -41.587  6.696  40.743 0.0000000000
79210  -41.689  6.179  39.900 0.0000000000
79878  -42.482  6.406  40.189 0.0000000000
79889  -44.259  6.012  39.922 0.0000000000
79224  -44.760  5.533  39.228 0.0000000000
79905  -49.582  7.135  38.506 0.0000000000
79253  -50.148  6.539  38.129 0.0000000000
79919  -49.927  7.001  37.666 0.0000000000
79948  -49.562  7.113  34.719 0.0000000000
79949  -49.818  7.024  34.066 0.0000000000
79290  -49.541  6.477  33.782 0.0000000000
79959  -49.808  6.996  33.258 0.0000000000
80661  -49.465  7.124  31.878 0.0000000000
80647  -49.285  7.344  32.300 0.0000000000
80659  -47.808  7.537  31.634 0.0000000000
105630  -46.621  7.594  31.405 0.0000000000
80678  -46.774  7.638  30.299 0.0000000000
105629  -45.557  7.584  31.166 0.0000000000
105631  -45.406  7.523  32.047 0.0000000000
80657  -44.603  7.491  32.433 0.0000000000
80643  -44.326  7.501  32.967 0.0000000000
80642  -43.666  7.539  33.500 0.0000000000
83109  -40.747  10.970  37.385 0.0000000000
82475  -39.584  10.741  36.329 0.0000000000
81882  -39.729  10.072  36.322 0.0000000000
82482  -39.174  10.549  35.763 0.0000000000
83127  -39.294  11.323  35.903 0.0000000000
84546  -39.403  13.070  35.161 0.0000000000
125181  -44.491  -1.918  34.326 0.0000000000
73296  -43.597  -1.382  33.326 0.0000000000
74216  -43.111  -0.870  32.865 0.0000000000
74195  -41.408  -0.317  35.011 0.0000000000
73283  -41.905  -1.019  34.752 0.0000000000
75162  -41.586  0.831  33.975 0.0000000000
74214  -41.843  0.066  33.665 0.0000000000
126338  -42.113  0.213  33.143 0.0000000000
74227  -42.743  -0.381  32.478 0.0000000000
75173  -42.322  0.367  32.521 0.0000000000
75184  -42.561  0.607  31.588 0.0000000000
125791  -42.099  1.062  32.731 0.0000000000
76955  -42.356  2.363  32.467 0.0000000000
77781  -42.614  2.968  31.784 0.0000000000
77776  -42.661  3.177  32.711 0.0000000000
80527  -45.614  8.010  44.328 0.0000000000
80545  -46.114  7.539  43.761 0.0000000000
80528  -46.841  8.003  44.234 0.0000000000
80546  -47.766  7.606  43.769 0.0000000000
80554  -48.501  7.238  43.097 0.0000000000
79862  -49.042  6.950  42.691 0.0000000000
126334  -48.949  7.274  42.768 0.0000000000
81846  -48.225  9.929  43.870 0.0000000000
81248  -47.630  8.217  42.021 0.0000000000
80559  -48.943  7.430  42.249 0.0000000000
80566  -49.330  7.271  41.476 0.0000000000
80577  -49.336  7.252  40.389 0.0000000000
124317  -48.100  7.500  40.670 0.0000000000
80575  -46.073  7.512  39.617 0.0000000000
80587  -46.872  7.166  38.962 0.0000000000
79903  -46.421  6.803  38.158 0.0000000000
79902  -45.409  6.708  37.995 0.0000000000
80573  -43.801  8.037  39.501 0.0000000000
81262  -42.968  8.439  39.182 0.0000000000
83091  -45.407  11.636  40.353 0.0000000000
83090  -44.647  11.067  40.096 0.0000000000
83113  -44.121  11.754  38.454 0.0000000000
119574  -44.181  11.245  39.268 0.0000000000
83100  -43.416  11.112  38.732 0.0000000000
83099  -42.778  11.111  38.406 0.0000000000
83098  -42.059  10.835  38.244 0.0000000000
84534  -44.158  13.126  36.070 0.0000000000
84533  -43.168  13.076  36.267 0.0000000000
84532  -42.325  13.053  36.373 0.0000000000
84550  -43.409  13.487  35.532 0.0000000000
76136  -43.255  1.118  25.284 0.0000000000
77011  -43.038  2.875  25.227 0.0000000000
76894  -37.328  2.424  40.073 0.0000000000
77729  -37.626  3.288  40.054 0.0000000000
77726  -38.040  4.074  40.039 0.0000000000
108201  -38.897  5.332  40.338 0.0000000000
79193  -37.491  5.037  43.879 0.0000000000
79867  -40.142  6.558  41.756 0.0000000000
106007  -40.605  6.506  40.869 0.0000000000
79857  -40.454  6.788  42.992 0.0000000000
80541  -41.692  7.253  44.201 0.0000000000
80548  -41.093  7.082  43.231 0.0000000000
80550  -42.503  7.388  42.775 0.0000000000
126688  -40.949  9.791  43.277 0.0000000000
81842  -40.366  9.150  43.670 0.0000000000
81237  -41.055  8.160  44.959 0.0000000000
81845  -42.997  9.102  44.796 0.0000000000
81822  -42.632  8.255  45.261 0.0000000000
81823  -43.218  8.460  45.172 0.0000000000
81218  -42.989  8.089  45.264 0.0000000000
81219  -43.859  8.450  44.971 0.0000000000
83056  -44.814  11.263  43.862 0.0000000000
82404  -45.409  10.457  44.562 0.0000000000
106716  -46.941  10.826  45.051 0.0000000000
83045  -45.764  11.324  44.427 0.0000000000
75163  -50.693  0.033  33.970 0.0000000000
74197  -50.069  -0.347  35.340 0.0000000000
74208  -49.987  -0.367  34.485 0.0000000000
74162  -48.972  -0.804  38.349 0.0000000000
74163  -49.652  -0.501  38.398 0.0000000000
110205  -49.645  -0.484  36.595 0.0000000000
73261  -47.616  -1.421  36.616 0.0000000000
73275  -48.239  -1.197  36.053 0.0000000000
73274  -47.453  -1.450  35.783 0.0000000000
73273  -46.503  -1.692  35.697 0.0000000000
72309  -45.300  -2.206  36.429 0.0000000000
72307  -43.592  -2.409  36.116 0.0000000000
112868  -43.885  -2.514  36.886 0.0000000000
72274  -42.428  -2.647  38.656 0.0000000000
111073  -42.870  -2.612  38.097 0.0000000000
72292  -42.623  -2.493  37.428 0.0000000000
125093  -42.127  -2.415  37.402 0.0000000000
72290  -41.063  -2.248  38.172 0.0000000000
119153  -46.005  0.246  45.240 0.0000000000
75877  -42.927  1.118  49.767 0.0000000000
75886  -43.492  1.645  49.552 0.0000000000
75887  -44.071  2.108  49.274 0.0000000000
75898  -43.553  1.654  48.807 0.0000000000
111363  -40.676  -0.432  47.832 0.0000000000
111351  -41.337  0.015  48.039 0.0000000000
74060  -41.276  -0.047  47.349 0.0000000000
75017  -42.477  0.266  46.406 0.0000000000
75006  -42.534  0.572  47.228 0.0000000000
75019  -44.168  0.761  46.397 0.0000000000
75031  -43.650  0.352  45.750 0.0000000000
74089  -43.467  -0.400  44.524 0.0000000000
74082  -43.943  0.062  45.002 0.0000000000
74090  -44.266  -0.313  44.334 0.0000000000
74091  -45.117  -0.345  44.206 0.0000000000
72208  -41.953  -2.122  42.913 0.0000000000
73182  -42.813  -1.886  42.782 0.0000000000
74143  -37.104  -0.437  40.500 0.0000000000
73208  -38.366  -1.465  40.251 0.0000000000
74150  -38.002  -0.435  39.856 0.0000000000
75089  -37.238  1.011  40.073 0.0000000000
75087  -36.019  0.794  40.776 0.0000000000
123343  -36.197  1.679  40.729 0.0000000000
74132  -34.760  -0.284  41.947 0.0000000000
75069  -34.429  0.414  42.293 0.0000000000
76882  -34.720  2.211  42.733 0.0000000000
76883  -35.272  2.665  42.498 0.0000000000
76879  -35.011  2.903  43.253 0.0000000000
115001  -35.388  3.536  43.659 0.0000000000
76122  -51.090  3.251  27.143 0.0000000000
76120  -49.794  3.157  26.279 0.0000000000
76132  -49.038  2.946  25.512 0.0000000000
73327  -45.872  -1.267  31.866 0.0000000000
74265  -46.286  -0.596  30.547 0.0000000000
74278  -44.120  -0.006  29.406 0.0000000000
121036  -44.533  0.116  28.920 0.0000000000
118242  -46.196  0.983  27.300 0.0000000000
121454  -45.727  0.297  28.359 0.0000000000
75236  -46.272  0.569  28.078 0.0000000000
75226  -47.059  0.658  28.567 0.0000000000
77006  -47.989  2.487  25.032 0.0000000000
127111  -48.369  2.829  25.273 0.0000000000
76141  -48.476  2.830  25.162 0.0000000000
76139  -47.468  1.938  24.800 0.0000000000
76147  -46.737  1.852  24.475 0.0000000000
76146  -45.926  2.122  23.919 0.0000000000
75259  -45.486  1.258  24.225 0.0000000000
76154  -45.335  2.604  23.303 0.0000000000
77806  -44.350  3.024  26.123 0.0000000000
77812  -44.773  3.587  24.898 0.0000000000
77823  -45.332  4.382  22.694 0.0000000000
77019  -45.497  3.599  22.880 0.0000000000
77829  -45.200  3.958  22.547 0.0000000000
76153  -45.065  2.503  23.192 0.0000000000
77026  -44.982  3.508  22.588 0.0000000000
77822  -44.039  4.147  23.375 0.0000000000
78613  -43.794  5.204  23.648 0.0000000000
77816  -43.322  3.849  24.644 0.0000000000
79355  -43.457  6.155  24.366 0.0000000000
77739  -39.677  2.850  38.763 0.0000000000
77747  -41.748  3.254  37.493 0.0000000000
79237  -42.282  5.098  38.721 0.0000000000
78511  -42.752  4.592  38.220 0.0000000000
77754  -43.291  4.081  36.833 0.0000000000
77753  -42.627  3.409  36.384 0.0000000000
77758  -42.719  3.301  35.582 0.0000000000
78537  -44.017  4.252  34.983 0.0000000000
114384  -43.404  3.769  34.529 0.0000000000
77771  -43.269  3.770  32.985 0.0000000000
78554  -43.899  4.294  33.293 0.0000000000
79860  -46.708  6.628  42.385 0.0000000000
79871  -46.286  6.324  41.520 0.0000000000
79212  -46.481  5.706  40.236 0.0000000000
125502  -46.545  5.364  38.809 0.0000000000
123187  -45.758  5.318  38.542 0.0000000000
79241  -46.145  5.259  38.110 0.0000000000
79252  -49.807  6.028  37.365 0.0000000000
119794  -48.782  5.559  36.843 0.0000000000
79258  -47.328  5.254  36.255 0.0000000000
78540  -46.532  5.055  35.750 0.0000000000
78547  -45.822  4.829  35.040 0.0000000000
79299  -45.812  5.306  32.444 0.0000000000
78580  -44.158  4.922  30.762 0.0000000000
79309  -44.958  5.347  31.158 0.0000000000
79329  -45.848  6.266  29.693 0.0000000000
79337  -45.735  6.489  28.805 0.0000000000
80004  -45.757  6.795  27.759 0.0000000000
79989  -48.321  7.078  30.806 0.0000000000
79988  -47.736  6.978  30.045 0.0000000000
79998  -47.506  7.198  29.683 0.0000000000
80703  -47.604  8.715  26.861 0.0000000000
80696  -47.778  8.420  27.382 0.0000000000
80710  -47.143  8.543  26.014 0.0000000000
80717  -46.113  8.702  25.112 0.0000000000
80716  -45.380  8.428  23.908 0.0000000000
81343  -45.399  8.769  24.226 0.0000000000
80715  -43.392  7.792  24.755 0.0000000000
80020  -42.584  7.191  25.780 0.0000000000
79354  -42.760  6.149  25.533 0.0000000000
79349  -42.251  6.318  26.504 0.0000000000
80684  -43.529  7.459  29.747 0.0000000000
80675  -42.784  7.178  30.250 0.0000000000
79985  -41.088  6.574  29.883 0.0000000000
79986  -42.015  6.901  29.850 0.0000000000
79926  -44.393  6.681  36.658 0.0000000000
114714  -44.842  6.737  35.854 0.0000000000
79936  -43.920  6.882  35.959 0.0000000000
118367  -42.225  7.584  36.284 0.0000000000
80611  -43.401  7.301  35.185 0.0000000000
124584  -42.912  7.571  34.828 0.0000000000
81280  -40.701  9.349  37.257 0.0000000000
109259  -41.109  8.635  37.113 0.0000000000
81305  -40.644  8.457  34.652 0.0000000000
119355  -41.300  8.437  35.236 0.0000000000
126172  -41.366  8.263  34.504 0.0000000000
80622  -41.820  8.060  34.061 0.0000000000
79956  -37.271  6.496  32.387 0.0000000000
80636  -36.925  6.981  32.855 0.0000000000
80618  -36.458  7.482  33.348 0.0000000000
117062  -38.687  10.176  35.377 0.0000000000
81310  -35.711  8.773  33.601 0.0000000000
85275  -40.879  14.462  32.146 0.0000000000
120491  -40.481  14.364  33.215 0.0000000000
113255  -39.908  14.141  32.150 0.0000000000
84581  -38.263  12.789  32.946 0.0000000000
75995  -40.139  1.391  38.135 0.0000000000
84454  -49.448  13.710  42.915 0.0000000000
84480  -48.879  13.482  40.583 0.0000000000
83810  -47.463  13.090  40.003 0.0000000000
84493  -48.483  13.405  39.465 0.0000000000
84522  -49.484  13.520  38.238 0.0000000000
79182  -34.905  5.783  44.086 0.0000000000
73187  -47.143  -1.201  42.148 0.0000000000
73200  -46.402  -1.350  41.733 0.0000000000
73185  -45.490  -1.352  42.216 0.0000000000
73184  -44.508  -1.513  42.421 0.0000000000
125980  -35.725  -2.587  44.026 0.0000000000
72200  -34.661  -2.433  43.871 0.0000000000
109056  -34.935  -2.525  44.131 0.0000000000
74219  -49.180  -0.581  33.395 0.0000000000
74232  -48.613  -0.632  32.740 0.0000000000
74247  -47.444  -0.634  31.568 0.0000000000
127124  -42.762  2.401  30.514 0.0000000000
76965  -42.861  1.955  29.929 0.0000000000
77793  -43.368  3.343  29.164 0.0000000000
78588  -43.618  4.281  29.510 0.0000000000
115939  -42.797  7.184  41.688 0.0000000000
79869  -43.493  6.833  41.242 0.0000000000
79880  -44.265  6.460  40.769 0.0000000000
79918  -49.026  7.022  36.978 0.0000000000
79930  -49.818  6.972  36.565 0.0000000000
79929  -48.823  7.038  36.122 0.0000000000
79938  -48.467  7.115  35.335 0.0000000000
126266  -48.335  7.441  33.288 0.0000000000
80644  -45.606  7.326  33.565 0.0000000000
80625  -45.002  7.168  34.382 0.0000000000
83121  -40.950  11.921  37.081 0.0000000000
117011  -40.246  11.980  36.517 0.0000000000
83840  -39.682  11.922  36.118 0.0000000000
83856  -39.983  12.679  35.924 0.0000000000
72321  -44.189  -2.292  35.451 0.0000000000
72335  -43.873  -2.034  34.600 0.0000000000
73271  -43.034  -1.778  34.652 0.0000000000
73284  -42.473  -1.201  34.291 0.0000000000
75140  -41.228  0.661  35.199 0.0000000000
76948  -41.974  2.218  33.786 0.0000000000
76941  -42.405  2.843  34.171 0.0000000000
81826  -46.541  9.234  44.778 0.0000000000
81222  -47.330  8.594  44.537 0.0000000000
81223  -48.211  8.727  44.451 0.0000000000
81239  -48.472  8.596  44.142 0.0000000000
82439  -46.907  10.598  42.792 0.0000000000
111212  -46.988  9.774  42.976 0.0000000000
81850  -46.587  9.382  42.480 0.0000000000
81255  -46.400  8.247  41.093 0.0000000000
81264  -44.457  8.330  40.169 0.0000000000
122826  -43.825  9.255  40.282 0.0000000000
83817  -45.296  12.236  38.790 0.0000000000
83816  -44.822  12.227  38.202 0.0000000000
83832  -44.154  12.269  37.636 0.0000000000
77725  -37.249  3.968  40.614 0.0000000000
78483  -37.458  4.688  41.124 0.0000000000
79200  -37.775  5.208  41.677 0.0000000000
79186  -38.353  5.869  44.815 0.0000000000
79851  -38.863  5.935  44.314 0.0000000000
126403  -39.468  6.280  43.737 0.0000000000
109456  -40.062  6.521  44.041 0.0000000000
107570  -41.161  7.194  45.176 0.0000000000
82421  -41.662  9.835  43.436 0.0000000000
109242  -42.533  9.915  43.667 0.0000000000
121885  -43.576  10.049  43.992 0.0000000000
73247  -48.609  -0.963  37.509 0.0000000000
73246  -47.829  -1.345  37.398 0.0000000000
72296  -46.404  -1.822  37.057 0.0000000000
72295  -45.618  -2.155  37.248 0.0000000000
122391  -44.882  -2.388  37.700 0.0000000000
72258  -43.434  -2.605  39.595 0.0000000000
109868  -43.790  -2.580  38.870 0.0000000000
72273  -41.664  -2.612  38.947 0.0000000000
72272  -40.789  -2.409  39.055 0.0000000000
74078  -40.763  -0.677  46.014 0.0000000000
74072  -41.307  -0.237  46.502 0.0000000000
74073  -41.891  -0.052  46.190 0.0000000000
75030  -42.974  0.223  45.879 0.0000000000
74088  -42.656  -0.542  44.740 0.0000000000
73153  -43.000  -0.954  44.044 0.0000000000
72207  -41.063  -2.349  43.026 0.0000000000
73196  -38.117  -1.813  40.813 0.0000000000
73207  -37.678  -1.219  40.519 0.0000000000
75080  -35.457  0.828  41.331 0.0000000000
77799  -50.653  3.631  27.133 0.0000000000
76986  -49.804  3.714  27.139 0.0000000000
76985  -49.496  3.337  26.484 0.0000000000
73326  -44.959  -1.270  31.730 0.0000000000
74264  -45.312  -0.578  30.146 0.0000000000
76102  -43.973  1.046  28.212 0.0000000000
75224  -44.587  0.487  28.340 0.0000000000
76117  -46.982  1.780  26.548 0.0000000000
76148  -47.445  2.212  24.896 0.0000000000
77015  -46.848  2.303  24.844 0.0000000000
111772  -44.546  4.438  25.236 0.0000000000
117348  -45.179  5.392  22.723 0.0000000000
77828  -44.834  4.111  22.532 0.0000000000
79368  -45.073  5.892  22.723 0.0000000000
80033  -45.025  7.021  23.059 0.0000000000
80032  -44.738  7.527  23.312 0.0000000000
77731  -40.172  3.709  38.745 0.0000000000
78509  -40.988  4.124  38.571 0.0000000000
121863  -43.665  4.149  36.398 0.0000000000
79882  -47.159  5.973  41.141 0.0000000000
79213  -47.914  5.721  40.690 0.0000000000
79270  -48.704  5.592  35.009 0.0000000000
79259  -48.600  5.517  35.995 0.0000000000
79277  -47.608  5.324  34.609 0.0000000000
78557  -46.621  5.120  34.329 0.0000000000
79288  -46.579  5.294  33.302 0.0000000000
79310  -46.006  5.623  31.467 0.0000000000
79987  -47.000  6.653  29.902 0.0000000000
80687  -47.322  7.678  28.987 0.0000000000
81324  -47.344  8.361  28.196 0.0000000000
81332  -47.346  9.032  26.693 0.0000000000
124227  -46.665  9.114  25.950 0.0000000000
81336  -44.968  8.809  24.734 0.0000000000
81331  -45.362  8.847  25.823 0.0000000000
80011  -41.943  7.064  26.828 0.0000000000
80700  -42.346  7.449  27.003 0.0000000000
80692  -42.253  7.321  28.002 0.0000000000
80667  -42.884  7.217  31.197 0.0000000000
79925  -43.596  6.854  36.707 0.0000000000
80595  -43.035  7.089  37.121 0.0000000000
80602  -42.395  7.467  37.063 0.0000000000
81883  -40.260  9.436  36.446 0.0000000000
80621  -40.124  7.796  34.168 0.0000000000
82487  -37.364  10.502  34.465 0.0000000000
82492  -36.002  10.855  33.189 0.0000000000
72305  -41.447  -1.788  36.811 0.0000000000
73258  -41.320  -1.297  36.190 0.0000000000
74186  -40.975  -0.625  36.017 0.0000000000
113489  -40.633  -0.018  36.333 0.0000000000
76926  -41.581  2.273  36.285 0.0000000000
82406  -48.892  10.646  44.999 0.0000000000
83049  -48.996  11.403  44.975 0.0000000000
83058  -48.722  11.492  44.531 0.0000000000
83770  -47.836  12.487  42.665 0.0000000000
122866  -45.973  10.635  42.061 0.0000000000
82443  -45.426  10.268  41.651 0.0000000000
82442  -44.826  9.839  41.238 0.0000000000
83808  -45.674  12.234  39.509 0.0000000000
83809  -46.469  12.619  39.610 0.0000000000
83818  -46.149  12.586  38.688 0.0000000000
83834  -46.350  12.850  37.833 0.0000000000
83847  -46.223  13.060  37.042 0.0000000000
74323  -44.756  0.341  24.654 0.0000000000
78474  -36.587  4.277  43.549 0.0000000000
79185  -37.740  5.536  44.499 0.0000000000
79840  -36.420  6.056  44.508 0.0000000000
107478  -37.310  5.600  44.565 0.0000000000
107859  -47.262  -1.449  39.673 0.0000000000
72261  -45.977  -1.937  38.836 0.0000000000
124913  -45.680  -1.927  39.523 0.0000000000
72249  -45.045  -2.127  39.846 0.0000000000
72248  -44.233  -2.334  40.173 0.0000000000
72247  -43.402  -2.497  40.481 0.0000000000
108443  -41.823  -2.727  40.907 0.0000000000
74048  -40.436  -0.866  48.596 0.0000000000
110206  -39.939  -0.970  47.901 0.0000000000
112809  -39.864  -0.862  47.133 0.0000000000
73131  -39.331  -1.296  46.699 0.0000000000
73132  -40.032  -0.960  46.346 0.0000000000
73181  -36.263  -1.872  42.034 0.0000000000
73193  -35.919  -1.265  41.612 0.0000000000
73180  -35.620  -1.769  42.311 0.0000000000
74119  -34.424  -0.879  42.445 0.0000000000
73162  -34.331  -2.046  43.424 0.0000000000
73178  -34.038  -1.373  43.023 0.0000000000
74102  -33.760  -0.512  42.874 0.0000000000
75185  -43.040  0.080  31.054 0.0000000000
110339  -43.259  0.308  30.304 0.0000000000
75223  -43.638  0.968  28.903 0.0000000000
76088  -43.233  1.396  29.365 0.0000000000
76115  -44.236  1.606  27.466 0.0000000000
76995  -44.421  2.285  26.642 0.0000000000
123888  -44.276  4.836  26.270 0.0000000000
79350  -44.585  5.987  26.296 0.0000000000
109696  -40.996  5.763  39.640 0.0000000000
79222  -42.825  5.551  39.193 0.0000000000
79888  -43.235  6.015  39.718 0.0000000000
79239  -44.264  5.235  38.582 0.0000000000
78514  -45.357  5.124  38.037 0.0000000000
79892  -50.234  6.668  39.755 0.0000000000
79243  -49.945  5.995  38.903 0.0000000000
79244  -50.256  6.488  39.030 0.0000000000
79931  -49.894  6.699  36.062 0.0000000000
79271  -49.611  6.173  35.534 0.0000000000
79279  -49.507  6.246  34.589 0.0000000000
79302  -49.362  6.507  32.927 0.0000000000
79967  -49.238  6.749  31.910 0.0000000000
79979  -49.113  7.044  31.447 0.0000000000
123839  -48.465  7.263  31.048 0.0000000000
80646  -48.437  7.492  32.209 0.0000000000
124766  -45.550  7.818  29.600 0.0000000000
121041  -44.621  7.771  29.231 0.0000000000
80669  -44.557  7.503  31.802 0.0000000000
80668  -43.696  7.433  31.588 0.0000000000
81869  -41.736  9.225  38.355 0.0000000000
81877  -41.192  9.658  37.885 0.0000000000
109925  -40.251  9.896  36.946 0.0000000000
82481  -38.547  10.772  35.360 0.0000000000
83126  -38.717  11.433  35.380 0.0000000000
73299  -46.468  -1.585  34.014 0.0000000000
125800  -46.517  -1.478  33.320 0.0000000000
73298  -45.667  -1.615  33.423 0.0000000000
73297  -44.566  -1.568  33.137 0.0000000000
105482  -44.137  -1.762  33.888 0.0000000000
115475  -44.542  -1.368  32.342 0.0000000000
74206  -42.269  -0.615  33.779 0.0000000000
76065  -42.512  1.451  31.329 0.0000000000
76960  -42.616  2.289  31.149 0.0000000000
107665  -44.826  7.445  43.491 0.0000000000
80552  -45.809  7.011  42.893 0.0000000000
79873  -49.034  6.661  42.325 0.0000000000
107418  -49.639  6.777  41.689 0.0000000000
114465  -48.482  9.900  44.718 0.0000000000
81243  -48.534  8.140  43.627 0.0000000000
81851  -47.990  9.070  43.431 0.0000000000
80560  -49.572  7.028  42.042 0.0000000000
79884  -50.005  6.648  40.698 0.0000000000
121696  -50.047  6.880  40.337 0.0000000000
79891  -49.961  7.085  39.481 0.0000000000
80576  -47.510  7.412  39.843 0.0000000000
79917  -47.427  6.803  37.415 0.0000000000
117978  -46.518  6.694  36.793 0.0000000000
116434  -46.433  6.709  36.125 0.0000000000
124968  -45.639  6.715  35.788 0.0000000000
79915  -44.889  6.644  37.396 0.0000000000
110685  -44.225  7.445  38.882 0.0000000000
119635  -43.685  7.207  38.288 0.0000000000
80584  -42.455  8.128  38.471 0.0000000000
81272  -42.326  8.809  38.755 0.0000000000
82446  -44.411  10.272  40.540 0.0000000000
82445  -43.835  9.802  40.219 0.0000000000
119764  -43.486  9.987  39.757 0.0000000000
81862  -43.417  9.422  39.813 0.0000000000
82451  -42.984  9.787  39.369 0.0000000000
81870  -42.373  9.537  38.860 0.0000000000
82458  -41.808  10.028  38.415 0.0000000000
116468  -43.153  12.149  37.524 0.0000000000
83831  -42.324  11.978  37.490 0.0000000000
83830  -41.778  12.141  37.251 0.0000000000
113173  -41.655  13.719  35.454 0.0000000000
115488  -38.540  1.873  39.305 0.0000000000
76897  -39.270  2.021  38.854 0.0000000000
78496  -38.822  4.239  39.625 0.0000000000
78490  -39.237  5.002  39.784 0.0000000000
79197  -38.450  5.726  43.155 0.0000000000
79201  -38.502  5.717  41.926 0.0000000000
79202  -39.032  5.788  40.927 0.0000000000
80556  -41.988  7.170  41.674 0.0000000000
110012  -43.273  7.483  43.272 0.0000000000
81216  -41.199  7.417  45.260 0.0000000000
81217  -42.216  7.823  45.277 0.0000000000
80543  -43.698  7.726  44.255 0.0000000000
80526  -44.678  8.304  44.623 0.0000000000
82403  -44.468  9.810  44.514 0.0000000000
81825  -45.362  9.507  44.767 0.0000000000
83047  -48.081  11.596  45.170 0.0000000000
74220  -49.895  -0.324  33.541 0.0000000000
74218  -48.556  -0.869  33.654 0.0000000000
73301  -47.883  -1.273  34.074 0.0000000000
74187  -49.479  -0.572  35.910 0.0000000000
74196  -48.858  -0.841  35.782 0.0000000000
74207  -48.454  -1.067  35.322 0.0000000000
73288  -47.821  -1.345  34.974 0.0000000000
73287  -47.167  -1.477  34.454 0.0000000000
73286  -46.462  -1.635  34.832 0.0000000000
73272  -45.750  -1.860  35.226 0.0000000000
72322  -45.058  -2.182  35.676 0.0000000000
72294  -44.156  -2.529  37.626 0.0000000000
72275  -43.621  -2.591  38.220 0.0000000000
72306  -42.215  -2.298  36.823 0.0000000000
73244  -40.895  -1.706  37.449 0.0000000000
74175  -40.273  -1.009  37.512 0.0000000000
119812  -39.825  -1.132  38.263 0.0000000000
108808  -39.457  -0.294  38.462 0.0000000000
74092  -45.979  -0.421  44.124 0.0000000000
76817  -44.568  2.496  49.658 0.0000000000
76828  -44.724  2.472  49.042 0.0000000000
76841  -44.941  2.266  48.308 0.0000000000
125654  -41.572  0.027  48.924 0.0000000000
74990  -41.703  0.246  48.539 0.0000000000
74991  -42.360  0.756  48.604 0.0000000000
120875  -42.573  0.814  47.928 0.0000000000
74992  -43.003  1.213  48.352 0.0000000000
75912  -43.689  1.470  48.050 0.0000000000
75913  -44.444  1.694  47.792 0.0000000000
75923  -44.742  1.272  46.976 0.0000000000
75020  -45.024  0.797  46.156 0.0000000000
75033  -45.289  0.355  45.382 0.0000000000
75046  -45.622  -0.043  44.748 0.0000000000
74105  -45.471  -0.713  43.551 0.0000000000
73183  -43.652  -1.675  42.607 0.0000000000
73166  -43.338  -1.351  43.341 0.0000000000
72226  -43.083  -2.157  42.045 0.0000000000
72235  -42.461  -2.493  41.464 0.0000000000
72206  -40.192  -2.477  43.216 0.0000000000
72223  -40.410  -2.635  42.270 0.0000000000
120426  -41.000  -2.731  41.343 0.0000000000
75095  -38.475  0.425  39.331 0.0000000000
75983  -38.281  1.149  39.407 0.0000000000
75982  -37.731  1.630  39.704 0.0000000000
75977  -36.659  1.307  40.419 0.0000000000
76893  -36.678  2.124  40.455 0.0000000000
77718  -36.234  3.278  41.355 0.0000000000
75079  -34.953  0.557  41.735 0.0000000000
77713  -35.752  3.217  42.231 0.0000000000
77710  -36.069  3.646  43.144 0.0000000000
78464  -35.246  4.932  44.181 0.0000000000
110457  -34.606  3.799  43.828 0.0000000000
118393  -34.759  4.516  44.000 0.0000000000
75240  -50.241  2.336  27.093 0.0000000000
76121  -50.519  3.259  26.890 0.0000000000
75238  -48.791  1.331  26.525 0.0000000000
74246  -46.544  -0.837  31.314 0.0000000000
74280  -45.669  -0.252  29.331 0.0000000000
75225  -45.226  0.057  28.671 0.0000000000
76089  -47.999  1.187  28.843 0.0000000000
76119  -48.653  2.837  27.014 0.0000000000
76996  -48.815  3.147  25.943 0.0000000000
75245  -48.575  1.978  25.577 0.0000000000
124864  -46.501  0.904  24.901 0.0000000000
75258  -44.813  1.196  24.111 0.0000000000
77817  -45.484  3.878  23.330 0.0000000000
76144  -44.595  1.799  23.727 0.0000000000
117215  -44.123  2.265  23.663 0.0000000000
77012  -43.605  3.015  24.034 0.0000000000
76906  -39.979  2.096  38.460 0.0000000000
76907  -40.553  2.151  38.051 0.0000000000
76916  -40.940  2.164  37.557 0.0000000000
77742  -42.216  3.984  37.830 0.0000000000
76918  -41.993  2.951  36.742 0.0000000000
76935  -42.266  2.745  35.053 0.0000000000
126639  -42.931  3.415  34.167 0.0000000000
77770  -42.783  3.298  33.523 0.0000000000
78573  -43.502  4.177  31.768 0.0000000000
117034  -45.172  6.411  41.129 0.0000000000
79211  -45.328  5.808  39.921 0.0000000000
79242  -48.846  5.585  38.636 0.0000000000
125978  -47.949  5.377  36.538 0.0000000000
105032  -47.468  5.336  37.106 0.0000000000
119379  -46.533  5.250  37.531 0.0000000000
78529  -45.471  4.885  36.817 0.0000000000
78556  -45.617  4.886  34.026 0.0000000000
78555  -44.690  4.639  33.654 0.0000000000
119119  -43.560  4.311  31.094 0.0000000000
78589  -44.072  5.012  29.873 0.0000000000
79977  -48.262  6.890  30.784 0.0000000000
79997  -47.382  7.715  28.693 0.0000000000
80006  -47.718  7.991  27.894 0.0000000000
80005  -46.783  7.324  28.263 0.0000000000
80013  -46.791  7.672  26.751 0.0000000000
80022  -46.511  7.826  25.836 0.0000000000
80021  -45.366  7.113  25.554 0.0000000000
80722  -45.027  8.055  23.288 0.0000000000
108468  -44.511  8.259  23.748 0.0000000000
80027  -43.884  7.353  23.862 0.0000000000
79995  -41.426  6.708  29.161 0.0000000000
112079  -44.010  7.333  34.372 0.0000000000
80641  -42.844  7.669  33.660 0.0000000000
123195  -41.564  8.403  37.556 0.0000000000
80609  -41.780  7.958  35.806 0.0000000000
108445  -42.261  7.806  33.683 0.0000000000
79965  -39.805  6.503  32.068 0.0000000000
80639  -40.284  7.266  33.629 0.0000000000
79958  -39.672  6.689  33.026 0.0000000000
81302  -37.140  8.340  34.317 0.0000000000
81902  -35.440  9.484  33.536 0.0000000000
84553  -46.786  13.466  35.682 0.0000000000
84568  -44.417  13.730  34.634 0.0000000000
84567  -43.526  13.884  34.714 0.0000000000
110941  -42.751  14.144  34.552 0.0000000000
85276  -42.056  14.562  32.441 0.0000000000
85261  -41.557  14.537  33.205 0.0000000000
85249  -41.326  14.266  34.507 0.0000000000
85248  -40.653  14.282  34.119 0.0000000000
114140  -39.737  13.593  34.756 0.0000000000
84563  -38.934  13.288  34.144 0.0000000000
85260  -39.381  13.747  32.492 0.0000000000
84562  -38.265  12.691  33.804 0.0000000000
76998  -50.465  3.579  26.964 0.0000000000
79291  -49.751  6.804  34.169 0.0000000000
80629  -49.771  7.072  33.292 0.0000000000
80648  -49.682  7.118  32.568 0.0000000000
80708  -43.962  8.408  24.674 0.0000000000
81328  -47.674  8.653  27.340 0.0000000000
81337  -46.090  8.925  25.160 0.0000000000
84467  -49.273  13.578  41.773 0.0000000000
84548  -40.947  13.639  35.491 0.0000000000
84566  -42.078  14.073  34.936 0.0000000000
85262  -42.353  14.524  33.194 0.0000000000
106129  -49.360  7.086  31.688 0.0000000000
109306  -47.180  7.688  27.538 0.0000000000
109610  -44.478  9.054  44.866 0.0000000000
113506  -42.860  13.826  35.069 0.0000000000
122401  -44.837  8.749  23.940 0.0000000000
123678  -50.076  6.147  39.572 0.0000000000
124291  -49.161  7.216  35.060 0.0000000000
124471  -40.251  -0.663  47.437 0.0000000000
126508  -37.039  4.647  43.909 0.0000000000
126735  -49.491  7.300  33.012 0.0000000000
