#!ascii label  , from subject sub-v2s3x28814_ses-1 vox2ras=TkReg
1526
27415  -34.437  -47.797  1.339 0.5000000000
122362  -34.588  -48.058  2.008 0.4000000060
27404  -34.731  -47.428  2.222 0.6000000238
28521  -34.365  -47.001  1.744 0.6000000238
28529  -33.710  -46.171  0.272 0.6000000238
29608  -32.733  -45.961  -0.661 0.6000000238
117426  -35.282  -48.019  2.611 0.6999999881
119294  -33.994  -46.348  1.317 0.6999999881
28541  -33.502  -46.286  -0.901 0.5000000000
26299  -27.763  -48.910  4.612 0.5000000000
28507  -34.856  -46.571  2.423 0.6999999881
111099  -34.163  -46.130  1.921 0.6999999881
29594  -32.929  -45.413  0.414 0.6999999881
30705  -33.092  -44.956  1.120 0.6999999881
28520  -33.608  -45.587  1.322 0.6999999881
29607  -31.628  -45.978  -1.074 0.6000000238
28466  -35.930  -46.707  6.149 0.6999999881
111019  -36.114  -46.246  5.420 0.6999999881
28508  -35.577  -46.584  3.077 0.6999999881
116789  -27.007  -48.771  4.050 0.6000000238
113891  -26.171  -49.958  2.943 0.4000000060
108531  -32.177  -45.544  -0.249 0.6999999881
29606  -30.615  -45.826  -0.969 0.6999999881
29592  -30.527  -45.443  -0.409 0.6999999881
29616  -30.943  -45.846  -1.060 0.6000000238
27325  -34.952  -46.810  7.214 0.6999999881
28444  -35.393  -46.360  6.751 0.6999999881
28482  -36.243  -46.615  4.676 0.6999999881
27376  -27.665  -47.906  4.774 0.6000000238
29544  -36.057  -45.817  4.538 0.6999999881
29571  -35.370  -45.841  2.893 0.6999999881
29558  -35.783  -45.865  3.589 0.6999999881
29532  -35.887  -45.477  5.482 0.6999999881
26326  -25.249  -47.960  2.980 0.5000000000
25170  -26.006  -48.975  3.071 0.5000000000
29582  -34.146  -45.304  1.970 0.6999999881
30657  -35.822  -44.917  4.824 0.6999999881
25183  -25.278  -49.020  2.521 0.4000000060
30704  -32.184  -44.939  0.494 0.6999999881
30692  -34.249  -44.506  1.864 0.6999999881
118380  -35.582  -45.245  3.326 0.6999999881
117879  -35.812  -45.065  3.966 0.6999999881
25182  -24.904  -49.757  2.006 0.4000000060
30691  -33.586  -44.355  1.415 0.6999999881
30671  -35.577  -44.524  3.380 0.6999999881
31709  -35.600  -43.578  3.310 0.6999999881
29593  -31.364  -45.492  -0.334 0.6999999881
119473  -34.472  -43.024  1.231 0.6999999881
31715  -34.912  -43.870  2.166 0.6999999881
29605  -29.952  -45.489  -0.737 0.6999999881
119937  -33.687  -43.495  1.032 0.6999999881
30717  -29.640  -45.309  -1.008 0.6000000238
30701  -29.347  -44.878  -0.448 0.6999999881
118717  -29.512  -44.614  0.064 0.6999999881
33879  -29.053  -42.464  -0.763 0.5000000000
121836  -30.459  -42.921  -1.308 0.5000000000
113926  -31.933  -41.715  -1.380 0.4000000060
32797  -31.244  -42.466  -1.367 0.5000000000
29512  -35.204  -45.480  6.778 0.6999999881
28463  -27.071  -45.710  4.847 0.6000000238
30682  -35.294  -45.030  2.810 0.6999999881
26297  -26.474  -47.819  3.869 0.5000000000
30641  -35.641  -44.717  5.660 0.6999999881
31730  -32.881  -44.262  0.915 0.6999999881
30703  -31.081  -44.836  0.255 0.6999999881
108168  -32.964  -43.179  0.689 0.6999999881
114720  -27.871  -42.808  -0.388 0.6999999881
120878  -29.627  -45.307  -0.854 0.6999999881
32795  -28.460  -43.625  -0.482 0.6999999881
30711  -29.216  -44.809  -0.655 0.6999999881
29511  -30.009  -45.647  6.950 0.6999999881
112997  -31.394  -45.219  7.562 0.6999999881
30596  -32.695  -44.917  7.666 0.8000000119
29510  -29.129  -45.434  6.428 0.6000000238
29486  -29.545  -44.561  6.805 0.6000000238
112462  -30.532  -44.929  7.302 0.6000000238
29489  -33.498  -45.188  7.576 0.8000000119
108649  -28.527  -44.322  6.334 0.6000000238
30622  -34.665  -44.662  7.009 0.6999999881
123509  -27.950  -45.783  5.500 0.6000000238
29509  -28.243  -45.145  5.883 0.6000000238
28481  -26.081  -46.009  4.177 0.6000000238
30623  -35.265  -44.610  6.400 0.6999999881
26313  -25.452  -47.314  3.373 0.5000000000
27374  -25.699  -46.706  3.717 0.6000000238
106573  -35.703  -44.122  4.211 0.6999999881
31729  -32.077  -44.135  0.679 0.6999999881
31716  -35.426  -43.351  2.573 0.6999999881
31725  -28.038  -43.761  -0.065 0.8000000119
31726  -28.752  -44.282  -0.015 0.6999999881
107338  -32.145  -43.219  0.622 0.6999999881
109226  -35.146  -42.966  1.825 0.6999999881
31724  -27.586  -43.347  -0.001 0.8000000119
31727  -30.390  -44.279  0.345 0.6999999881
32779  -31.636  -42.600  0.578 0.6999999881
114816  -30.280  -42.333  -1.176 0.5000000000
34962  -31.539  -40.567  -1.179 0.5000000000
110533  -32.084  -40.989  -1.336 0.4000000060
30594  -30.968  -44.247  7.467 0.6999999881
30595  -31.844  -44.628  7.617 0.8999999762
112979  -32.329  -44.161  7.612 0.8000000119
122550  -33.202  -44.180  7.533 0.8000000119
31658  -34.065  -43.885  7.179 0.8000000119
29531  -27.307  -44.814  5.284 0.6000000238
31679  -34.821  -43.775  6.598 0.8000000119
27391  -24.701  -46.348  3.263 0.6000000238
116761  -25.948  -45.079  4.353 0.6000000238
120476  -24.330  -47.637  2.632 0.5000000000
31693  -35.567  -43.432  4.906 0.6999999881
111955  -35.556  -42.536  4.749 0.6999999881
26334  -23.750  -48.641  2.299 0.5000000000
27390  -24.238  -46.682  2.999 0.5000000000
31703  -35.662  -43.103  4.059 0.6999999881
32776  -27.533  -43.163  0.099 0.8000000119
110315  -29.690  -43.604  0.379 0.8000000119
31728  -31.372  -43.747  0.533 0.6999999881
32780  -32.513  -42.537  0.592 0.6999999881
32781  -33.926  -42.655  0.787 0.6999999881
106969  -30.779  -43.298  0.510 0.6999999881
33881  -31.149  -41.405  -1.223 0.5000000000
30621  -28.760  -43.206  6.801 0.6999999881
31654  -29.195  -42.495  7.383 0.6999999881
30593  -29.957  -43.710  7.210 0.6999999881
31655  -30.423  -42.893  7.351 0.8000000119
112360  -31.523  -43.700  7.523 0.8000000119
31657  -32.244  -43.164  7.544 0.8000000119
30640  -27.482  -43.954  5.771 0.6000000238
30639  -26.329  -43.454  5.198 0.6000000238
31678  -34.200  -42.891  6.770 0.6999999881
113439  -25.076  -44.847  4.087 0.6000000238
113215  -34.946  -42.920  6.183 0.8000000119
28494  -24.279  -46.270  3.408 0.6000000238
32733  -35.050  -42.247  5.869 0.8000000119
26324  -23.253  -47.905  2.639 0.4000000060
32765  -35.642  -42.570  2.586 0.6999999881
32753  -35.806  -42.159  3.920 0.6999999881
24036  -22.154  -49.943  2.411 0.4000000060
33841  -35.519  -42.051  1.877 0.6999999881
32759  -35.880  -42.142  3.130 0.6999999881
32777  -28.460  -43.438  0.239 0.8000000119
32778  -30.597  -42.463  0.541 0.8000000119
32770  -34.808  -42.289  1.274 0.6999999881
33855  -33.253  -42.137  0.613 0.6999999881
33866  -27.145  -42.314  -0.135 0.8000000119
33867  -28.088  -41.906  -0.532 0.6999999881
33868  -29.162  -41.427  -0.705 0.5000000000
35996  -31.447  -39.799  -1.021 0.5000000000
34961  -30.789  -40.604  -0.946 0.5000000000
34963  -32.241  -40.136  -1.302 0.4000000060
31677  -28.381  -42.489  7.261 0.6000000238
31656  -31.247  -42.779  7.438 0.8000000119
30620  -27.673  -43.316  6.368 0.6999999881
30619  -26.783  -43.064  5.798 0.6999999881
30638  -25.428  -43.038  5.266 0.6000000238
32715  -32.497  -42.130  7.314 0.8000000119
30655  -24.820  -43.482  4.838 0.6000000238
123029  -33.548  -42.055  6.944 0.8000000119
108881  -24.798  -44.847  4.260 0.6000000238
113585  -35.315  -42.811  5.506 0.8999999762
32732  -34.505  -42.134  6.376 0.8000000119
33827  -36.009  -41.510  3.321 0.8000000119
27403  -23.775  -46.983  2.875 0.5000000000
34914  -34.828  -40.322  1.502 0.8000000119
33833  -35.831  -41.765  2.589 0.6999999881
27387  -23.083  -47.689  2.892 0.4000000060
33850  -27.232  -42.238  0.292 0.8000000119
106143  -29.516  -42.510  0.509 0.8000000119
33852  -30.285  -41.539  0.605 0.8000000119
33854  -32.411  -41.631  0.576 0.8000000119
33856  -34.170  -41.712  0.785 0.6999999881
32787  -27.155  -42.796  0.000 0.8000000119
33853  -31.358  -41.616  0.576 0.8000000119
115727  -26.802  -41.428  0.016 0.8000000119
34948  -29.804  -40.643  -0.710 0.6000000238
34947  -28.434  -40.826  -0.554 0.6000000238
32731  -28.011  -42.457  7.298 0.6000000238
32713  -30.567  -42.026  7.568 0.6999999881
31675  -26.747  -42.716  6.350 0.6000000238
32714  -31.519  -42.100  7.413 0.6999999881
31692  -26.107  -42.774  5.664 0.6000000238
32730  -27.299  -42.544  7.008 0.6000000238
32711  -27.735  -42.475  7.569 0.6000000238
30591  -25.466  -43.022  6.112 0.6000000238
29529  -24.714  -44.105  4.668 0.6000000238
30618  -25.099  -43.108  5.326 0.6000000238
28478  -24.183  -46.186  3.296 0.5000000000
27372  -23.926  -46.639  3.252 0.3000000119
33811  -35.693  -41.168  5.176 0.8000000119
33820  -35.961  -41.315  4.185 0.8000000119
34913  -34.107  -40.052  1.143 0.8000000119
126217  -29.444  -41.853  0.621 0.8000000119
106068  -33.398  -41.164  0.623 0.8000000119
34933  -34.218  -40.771  0.932 0.8000000119
33840  -35.066  -41.288  1.433 0.6999999881
122131  -31.896  -40.904  0.588 0.8000000119
34930  -31.094  -40.773  0.658 0.8000000119
118464  -27.292  -41.503  -0.306 0.6999999881
116910  -30.094  -39.180  -0.566 0.6000000238
36954  -32.712  -38.657  -1.331 0.3000000119
32712  -28.465  -42.100  7.817 0.6000000238
33764  -29.186  -41.849  8.126 0.6999999881
121181  -29.996  -41.653  8.019 0.6999999881
33780  -30.922  -41.592  7.768 0.6999999881
23985  -26.339  -50.239  6.267 0.5000000000
32729  -26.632  -42.712  6.733 0.6000000238
32710  -27.185  -42.637  7.257 0.6000000238
33781  -31.872  -41.576  7.623 0.6999999881
27356  -24.707  -46.009  4.528 0.5000000000
110726  -25.454  -44.174  5.875 0.5000000000
114328  -26.479  -43.137  7.030 0.6000000238
110336  -32.852  -41.567  7.468 0.6999999881
25153  -24.637  -48.553  4.445 0.3000000119
27373  -24.422  -46.622  4.057 0.5000000000
34873  -35.066  -40.906  6.811 0.8000000119
33798  -34.379  -41.589  6.739 0.8000000119
34896  -36.145  -40.664  3.480 0.8999999762
34891  -36.147  -40.477  4.412 0.8999999762
33799  -35.137  -41.541  6.074 0.8000000119
27388  -23.563  -47.185  2.884 0.4000000060
35955  -34.437  -39.580  1.643 0.8999999762
34915  -35.562  -40.612  2.022 0.8999999762
33839  -26.981  -41.314  0.577 0.8000000119
34927  -27.775  -41.456  0.859 0.8000000119
34931  -32.662  -40.621  0.621 0.8000000119
34926  -26.676  -40.876  0.518 0.8000000119
34946  -27.154  -40.794  -0.206 0.6999999881
35987  -29.396  -39.845  -0.535 0.6000000238
109501  -31.013  -38.215  -0.711 0.6000000238
36950  -31.015  -38.973  -0.746 0.6000000238
32692  -28.032  -42.246  8.009 0.6000000238
32693  -28.806  -42.042  8.275 0.6000000238
31637  -27.547  -42.572  7.623 0.6000000238
33765  -30.489  -41.307  8.435 0.6999999881
33766  -31.367  -41.130  8.091 0.8000000119
27357  -25.540  -46.973  5.322 0.6000000238
28440  -25.872  -45.518  5.838 0.5000000000
29484  -27.056  -44.524  7.133 0.6000000238
34855  -33.428  -40.968  7.828 0.8000000119
26278  -25.138  -48.009  4.728 0.4000000060
26296  -24.277  -47.338  3.946 0.4000000060
33782  -33.711  -41.495  7.267 0.8000000119
35930  -36.153  -39.704  3.634 0.8000000119
35954  -33.448  -39.483  1.246 0.8999999762
111815  -35.944  -40.045  2.712 0.8000000119
34874  -35.587  -40.660  6.068 0.8000000119
34912  -29.826  -40.237  1.141 0.8000000119
35952  -31.333  -39.304  1.335 0.8000000119
34932  -33.470  -40.286  0.793 0.6999999881
34911  -28.556  -40.428  1.314 0.8000000119
35969  -31.864  -40.066  0.737 0.8000000119
118504  -26.699  -40.706  0.317 0.8000000119
36948  -29.090  -38.873  -0.354 0.6999999881
107620  -30.034  -37.017  -0.445 0.6000000238
39139  -30.914  -36.915  -0.535 0.6000000238
39140  -31.718  -36.789  -0.532 0.6000000238
31638  -27.448  -43.054  7.732 0.6000000238
32674  -29.370  -41.963  9.001 0.8000000119
33744  -29.673  -41.668  8.694 0.6999999881
23970  -27.277  -50.252  7.637 0.5000000000
28414  -27.716  -45.979  7.303 0.5000000000
33767  -32.320  -41.084  7.921 0.6999999881
27341  -27.291  -47.627  6.639 0.5000000000
29508  -26.562  -45.156  6.569 0.5000000000
111480  -31.889  -40.713  8.562 0.8000000119
25119  -26.486  -49.162  5.927 0.5000000000
108393  -32.835  -40.623  8.468 0.8000000119
34843  -34.293  -40.421  8.060 0.8000000119
33783  -34.362  -40.991  7.389 0.8000000119
34856  -34.992  -40.326  7.505 0.8000000119
34885  -36.040  -40.255  5.295 0.8000000119
35939  -35.503  -39.345  2.657 0.8000000119
105983  -35.972  -39.839  6.046 0.8000000119
113568  -29.438  -39.685  1.499 0.8000000119
35953  -32.364  -39.292  1.209 0.8000000119
34908  -26.362  -40.233  0.998 0.8000000119
35949  -27.459  -39.947  1.502 0.8000000119
36947  -27.671  -39.051  -0.020 0.6999999881
35985  -26.954  -40.001  0.183 0.6999999881
37976  -29.572  -37.824  -0.368 0.6999999881
37968  -27.189  -38.453  0.364 0.6999999881
37975  -28.248  -37.984  -0.012 0.6999999881
39138  -29.004  -36.971  -0.237 0.6999999881
124569  -29.701  -36.579  -0.403 0.6999999881
30570  -29.947  -43.917  9.765 0.8000000119
31639  -28.648  -42.370  8.492 0.6000000238
31628  -29.596  -42.743  9.344 0.6000000238
32675  -30.025  -41.646  9.497 0.8000000119
114055  -26.790  -49.433  9.923 0.6000000238
25071  -27.494  -49.632  9.318 0.5000000000
30577  -28.283  -44.162  8.081 0.6000000238
30578  -29.171  -44.474  8.696 0.6000000238
33745  -30.297  -41.139  9.199 0.8000000119
26215  -24.141  -48.660  10.202 0.6000000238
25053  -26.029  -49.194  10.303 0.6000000238
26216  -27.537  -48.817  9.986 0.6000000238
26236  -28.693  -48.549  8.974 0.5000000000
114341  -28.603  -46.959  7.892 0.5000000000
28381  -23.418  -46.291  9.741 0.5000000000
120072  -24.370  -47.519  10.243 0.5000000000
27261  -25.140  -47.573  10.574 0.6000000238
26191  -26.588  -48.699  10.460 0.6000000238
25106  -27.619  -49.392  7.281 0.5000000000
27319  -28.602  -47.903  7.899 0.5000000000
34823  -31.580  -40.444  9.318 0.8000000119
107492  -24.602  -46.292  10.602 0.5000000000
27318  -27.924  -47.247  7.264 0.5000000000
29451  -23.097  -45.557  9.564 0.4000000060
28441  -27.003  -46.461  6.603 0.5000000000
126628  -33.637  -40.417  8.457 0.6999999881
34844  -34.829  -39.770  8.143 0.6999999881
35938  -34.799  -39.137  2.243 0.8000000119
125636  -35.878  -39.485  3.043 0.8000000119
34857  -35.554  -40.100  6.822 0.8000000119
125651  -36.207  -39.584  5.340 0.8000000119
108387  -36.087  -38.917  4.139 0.8000000119
114525  -26.775  -39.232  1.556 0.8999999762
35950  -28.653  -39.543  1.647 0.8999999762
36922  -33.928  -38.885  1.915 0.8000000119
35951  -30.314  -39.438  1.468 1.0000000000
36920  -31.858  -38.618  1.839 0.8000000119
35967  -26.326  -40.017  0.788 0.8000000119
124963  -29.979  -44.540  10.101 0.8000000119
31629  -30.075  -42.326  9.825 0.8000000119
106115  -26.126  -47.923  10.841 0.6000000238
29467  -29.534  -45.387  8.989 0.6000000238
30569  -29.716  -44.724  9.506 0.6000000238
33731  -30.462  -41.240  10.052 0.8000000119
28364  -24.496  -46.908  10.384 0.5000000000
26190  -25.602  -48.488  10.519 0.6000000238
26192  -27.911  -48.197  10.286 0.6000000238
28399  -29.506  -46.178  8.983 0.6000000238
34803  -30.864  -40.697  9.663 0.8000000119
34805  -32.079  -40.059  9.721 0.6999999881
28365  -25.129  -46.767  10.770 0.5000000000
27264  -28.596  -47.344  10.330 0.6000000238
115944  -23.374  -44.945  9.817 0.4000000060
29434  -24.369  -45.523  10.622 0.4000000060
28348  -25.782  -46.623  11.252 0.4000000060
34825  -33.281  -40.119  9.044 0.6999999881
30554  -24.450  -44.703  10.932 0.4000000060
29417  -24.977  -45.251  11.304 0.4000000060
29419  -27.554  -46.186  11.951 0.4000000060
35890  -34.143  -39.833  8.773 0.6999999881
113340  -24.919  -44.349  11.603 0.4000000060
30537  -26.227  -45.275  12.231 0.5000000000
106572  -35.413  -39.518  7.531 0.6999999881
31613  -24.182  -43.818  10.919 0.3000000119
30521  -25.732  -44.430  12.345 0.5000000000
29418  -26.656  -45.897  12.037 0.5000000000
120725  -35.122  -38.762  2.756 0.8000000119
36900  -35.678  -38.907  3.312 0.8000000119
35925  -36.276  -38.983  4.934 0.8000000119
35911  -35.896  -39.125  6.701 0.8000000119
36917  -28.011  -38.859  1.956 0.8000000119
36918  -29.486  -38.874  1.881 1.0000000000
36919  -30.761  -38.579  1.990 0.8000000119
36897  -31.456  -38.034  2.515 0.8000000119
36921  -32.886  -38.721  1.801 0.8000000119
115061  -34.350  -38.472  2.591 0.8000000119
36878  -34.891  -38.108  3.283 0.8000000119
36894  -27.979  -38.126  2.296 1.0000000000
37941  -32.877  -37.579  2.987 0.8000000119
35947  -26.291  -39.560  1.131 0.8000000119
36896  -30.054  -38.178  2.318 0.8000000119
36898  -32.364  -38.091  2.469 0.8000000119
36935  -26.181  -39.015  1.064 0.8999999762
37967  -27.022  -37.734  0.520 0.6999999881
39137  -28.158  -36.192  -0.142 0.6999999881
109244  -29.338  -36.124  -0.357 0.6999999881
112865  -30.298  -36.226  -0.438 0.6999999881
40230  -31.570  -35.586  -0.163 0.6000000238
40229  -30.830  -35.455  -0.385 0.6999999881
40227  -28.687  -35.392  -0.343 0.6999999881
40214  -31.998  -35.067  0.233 0.6000000238
41387  -31.293  -34.826  -0.197 0.6000000238
124949  -30.203  -43.320  10.069 0.8000000119
32656  -30.378  -42.009  10.479 0.8000000119
27262  -27.181  -47.975  10.706 0.5000000000
28351  -29.365  -45.945  10.593 0.8000000119
30555  -29.758  -45.090  10.502 0.8000000119
30556  -30.187  -44.169  10.616 0.8000000119
27246  -25.725  -47.228  10.934 0.5000000000
27248  -27.474  -47.049  11.268 0.6000000238
28350  -28.283  -46.529  11.390 0.5000000000
29435  -25.064  -46.056  11.069 0.4000000060
28349  -26.627  -46.514  11.633 0.5000000000
116374  -28.928  -46.135  11.227 0.6999999881
28367  -29.364  -46.370  10.052 0.6999999881
33732  -30.993  -40.831  10.598 0.6999999881
34804  -31.538  -40.231  10.239 0.6999999881
35878  -32.797  -39.816  9.664 0.6999999881
35879  -33.639  -39.461  9.585 0.6999999881
35880  -34.374  -39.173  9.247 0.6999999881
31579  -26.288  -44.014  12.993 0.5000000000
35892  -35.226  -39.112  8.246 0.6999999881
31593  -24.649  -43.420  11.681 0.4000000060
31578  -25.633  -43.691  12.626 0.4000000060
36869  -35.993  -38.316  4.680 0.8000000119
36879  -35.590  -38.205  3.951 0.8000000119
37909  -35.459  -37.523  4.620 0.6999999881
115570  -30.786  -37.999  2.512 0.8000000119
37942  -33.843  -37.760  3.071 0.8000000119
36916  -26.999  -38.416  1.965 0.8999999762
36915  -26.403  -38.682  1.371 0.8999999762
37937  -28.947  -37.780  2.283 0.8000000119
112896  -29.689  -37.886  2.378 0.8000000119
37939  -31.190  -37.473  2.679 0.8000000119
37966  -26.318  -37.101  1.023 0.8999999762
37955  -26.476  -37.339  1.245 0.8000000119
116322  -26.577  -36.957  0.746 0.8999999762
39136  -26.931  -36.199  0.389 0.8000000119
115262  -32.369  -36.543  -0.308 0.4000000060
40228  -29.884  -35.398  -0.446 0.6999999881
42484  -32.244  -33.520  0.316 0.5000000000
30540  -30.244  -43.922  11.468 0.6999999881
31614  -30.403  -43.133  10.877 0.8000000119
30525  -29.336  -44.616  12.465 0.6999999881
32634  -30.541  -42.430  11.536 0.6999999881
30536  -25.516  -45.016  11.813 0.4000000060
31580  -28.551  -44.356  13.102 0.6000000238
31596  -30.360  -43.291  11.956 0.6999999881
35861  -32.363  -39.667  10.413 0.6999999881
32618  -26.804  -43.454  13.497 0.5000000000
116306  -25.906  -43.284  13.148 0.4000000060
36833  -34.914  -38.801  8.866 0.6999999881
107692  -25.090  -42.121  13.061 0.3000000119
107192  -25.618  -42.632  13.280 0.3000000119
37922  -35.037  -37.598  3.922 0.6999999881
36862  -36.149  -38.412  6.043 0.6999999881
36834  -35.335  -38.488  8.437 0.6999999881
32600  -26.299  -42.747  13.704 0.4000000060
37899  -35.988  -37.880  5.341 0.6999999881
36842  -35.639  -38.558  7.656 0.6999999881
37921  -34.248  -37.362  3.695 0.6999999881
37938  -30.390  -37.698  2.473 0.8000000119
37940  -31.998  -37.487  2.868 0.8000000119
39105  -31.829  -36.986  3.037 0.8000000119
37936  -27.950  -37.597  2.149 0.8000000119
39117  -26.365  -36.387  0.995 0.8000000119
39118  -26.782  -36.644  1.370 0.8000000119
37957  -26.993  -37.473  1.773 0.8999999762
39125  -26.350  -36.231  0.937 0.8999999762
40213  -26.441  -35.485  0.660 0.8000000119
41384  -27.815  -34.569  -0.326 0.8000000119
42502  -31.006  -34.040  -0.295 0.6999999881
41371  -31.750  -34.224  0.088 0.6000000238
42500  -28.864  -33.797  -0.508 0.6999999881
41385  -29.361  -34.613  -0.465 0.6999999881
112286  -28.323  -33.010  -0.484 0.6999999881
32620  -29.660  -43.064  13.357 0.6000000238
32621  -30.368  -42.584  12.672 0.6999999881
33715  -30.731  -41.769  12.117 0.6999999881
33716  -31.088  -41.040  11.647 0.6999999881
34789  -31.473  -40.349  11.242 0.6999999881
107435  -27.324  -44.235  13.217 0.5000000000
30524  -28.599  -45.122  12.468 0.6000000238
114136  -31.398  -40.451  12.246 0.6999999881
35860  -31.873  -39.838  11.013 0.6999999881
32619  -29.002  -43.620  13.435 0.6000000238
32616  -24.524  -42.211  12.284 0.3000000119
32601  -27.206  -42.827  14.018 0.5000000000
31566  -28.033  -43.471  13.615 0.5000000000
33696  -29.995  -42.171  13.664 0.6000000238
35862  -33.583  -38.933  10.286 0.6999999881
118232  -26.642  -42.233  14.198 0.4000000060
33677  -27.502  -42.044  14.362 0.5000000000
33678  -28.557  -41.891  14.442 0.6000000238
37868  -35.552  -37.723  8.358 0.6999999881
36825  -34.574  -38.517  9.525 0.6999999881
37875  -35.824  -37.714  7.506 0.6999999881
126331  -26.031  -39.847  14.468 0.3000000119
37888  -35.961  -37.618  6.143 0.6999999881
37919  -32.554  -37.048  3.337 0.8000000119
37920  -33.345  -37.159  3.533 0.8000000119
39088  -33.876  -36.735  3.923 0.6999999881
37908  -34.617  -37.020  4.334 0.6999999881
113920  -35.569  -37.145  5.464 0.6999999881
39103  -30.569  -37.063  2.478 0.8000000119
39086  -32.460  -36.426  3.196 0.8000000119
40203  -27.590  -35.997  1.483 0.8000000119
39102  -28.935  -37.133  1.955 0.8000000119
106820  -29.785  -37.403  2.308 0.8000000119
39104  -31.238  -36.838  2.655 0.8000000119
114037  -26.281  -35.129  0.947 0.8000000119
41357  -28.371  -34.649  1.461 0.8000000119
40205  -29.855  -35.627  1.662 0.8000000119
41359  -30.196  -34.691  1.544 0.8000000119
119453  -29.293  -34.054  1.440 0.8000000119
42483  -31.464  -33.425  -0.124 0.6000000238
107262  -30.706  -33.277  -0.403 0.6999999881
42499  -27.557  -33.700  -0.354 0.8000000119
43551  -27.432  -32.286  -0.415 0.6999999881
43552  -28.753  -32.115  -0.598 0.6000000238
111591  -29.676  -32.963  -0.530 0.6000000238
32603  -29.207  -42.481  14.057 0.6000000238
35842  -31.849  -39.783  11.880 0.6999999881
35843  -32.412  -39.372  11.389 0.6999999881
33680  -30.176  -41.340  13.967 0.6000000238
35823  -32.302  -39.047  12.385 0.6999999881
121295  -33.010  -39.127  10.851 0.6999999881
106050  -26.648  -41.424  14.387 0.4000000060
34753  -30.381  -40.525  14.057 0.5000000000
108510  -28.893  -41.210  14.569 0.5000000000
34752  -29.655  -40.799  14.466 0.5000000000
36816  -34.166  -38.271  10.359 0.6999999881
106755  -26.757  -40.358  14.498 0.3000000119
34751  -27.802  -41.052  14.546 0.4000000060
37862  -34.778  -37.810  9.806 0.6999999881
110026  -26.763  -39.162  14.520 0.3000000119
39054  -35.691  -36.806  6.249 0.6999999881
107475  -35.788  -36.809  7.818 0.6999999881
39072  -34.426  -36.241  4.439 0.6999999881
39073  -35.073  -36.696  4.910 0.6999999881
39042  -35.797  -36.370  7.019 0.6999999881
40152  -35.387  -35.697  5.576 0.6999999881
104998  -28.852  -36.260  1.676 0.8000000119
40191  -30.841  -36.199  2.113 0.8000000119
40180  -33.711  -36.086  3.873 0.6999999881
40167  -35.000  -35.934  5.051 0.6999999881
106405  -35.412  -35.049  5.077 0.6999999881
39101  -27.846  -36.848  1.720 0.8000000119
39119  -29.864  -36.639  2.013 0.8000000119
106130  -31.727  -36.256  2.658 0.8000000119
109463  -34.335  -35.384  3.862 0.8000000119
41329  -35.118  -34.719  4.182 0.6999999881
109235  -27.374  -35.172  1.405 0.8000000119
40206  -30.758  -35.308  1.753 0.8000000119
41348  -31.946  -34.845  2.079 0.8000000119
41350  -33.336  -34.362  2.566 0.8000000119
40202  -26.501  -35.653  1.145 0.8000000119
41356  -26.510  -34.808  1.189 0.8000000119
41358  -29.341  -34.853  1.496 0.8000000119
41360  -31.208  -34.569  1.678 0.8000000119
42460  -32.708  -33.804  2.171 0.8000000119
41370  -26.256  -34.912  0.845 0.8000000119
42470  -27.884  -33.985  1.460 0.8000000119
113552  -30.447  -33.860  1.476 0.8000000119
42473  -31.355  -33.663  1.566 0.8000000119
112735  -32.102  -33.313  1.692 0.8000000119
42468  -26.071  -33.306  0.917 0.8000000119
119399  -29.758  -33.173  1.431 0.8000000119
41382  -26.270  -34.027  0.590 0.8000000119
43534  -31.907  -32.723  0.093 0.5000000000
113806  -30.505  -32.603  -0.480 0.6000000238
43549  -25.915  -32.591  0.814 0.8000000119
43550  -26.340  -32.618  0.150 0.8000000119
43554  -31.178  -32.694  -0.314 0.6000000238
109202  -30.823  -31.956  -0.479 0.6000000238
43553  -29.906  -31.995  -0.593 0.6000000238
34772  -30.694  -40.920  13.405 0.6999999881
33698  -30.958  -41.099  12.604 0.6999999881
33679  -29.500  -41.679  14.332 0.6000000238
35822  -31.595  -39.806  12.913 0.6999999881
121514  -32.887  -38.725  11.597 0.6999999881
35800  -30.645  -39.708  14.090 0.5000000000
35802  -31.808  -38.948  13.274 0.6999999881
110025  -28.619  -39.571  14.547 0.4000000060
109198  -29.482  -39.363  14.535 0.5000000000
112528  -33.477  -38.483  10.985 0.6999999881
36788  -27.773  -38.889  14.547 0.3000000119
114698  -28.847  -38.067  14.553 0.3000000119
36791  -30.262  -39.045  14.443 0.5000000000
37855  -34.491  -37.296  10.645 0.6999999881
37856  -35.044  -37.109  9.994 0.6999999881
36787  -26.285  -38.184  14.379 0.3000000119
37827  -28.649  -37.239  14.379 0.3000000119
118406  -35.347  -36.687  9.573 0.6999999881
38967  -28.082  -36.619  13.582 0.3000000119
40128  -35.771  -35.713  7.745 0.6999999881
40179  -33.147  -35.771  3.329 0.8000000119
40166  -34.828  -35.470  4.529 0.6999999881
116169  -35.765  -35.675  7.000 0.6999999881
40192  -31.494  -35.444  2.132 0.8000000119
124151  -33.737  -35.584  3.552 0.6999999881
41341  -34.630  -34.479  3.462 0.8000000119
40204  -28.626  -35.398  1.512 0.8000000119
41351  -34.163  -34.085  2.828 0.8000000119
126664  -27.239  -34.548  1.409 0.8000000119
42474  -32.002  -34.138  1.813 0.8000000119
42461  -33.535  -33.552  2.473 0.8000000119
116758  -26.655  -34.069  1.287 0.8000000119
42469  -26.241  -33.366  1.113 0.8000000119
42472  -30.727  -33.051  1.442 0.8000000119
43522  -31.098  -32.250  1.429 0.8000000119
43509  -32.877  -32.901  2.074 0.8000000119
43517  -25.961  -32.574  0.993 0.8000000119
43518  -26.530  -32.541  1.305 0.8000000119
43520  -29.092  -32.440  1.441 0.8000000119
43523  -32.063  -32.304  1.557 0.8000000119
44600  -26.471  -31.614  -0.041 0.8000000119
34754  -30.992  -40.201  13.561 0.6000000238
107007  -27.707  -39.901  14.538 0.3000000119
109871  -28.689  -40.439  14.568 0.5000000000
35801  -31.260  -39.427  13.687 0.6000000238
36793  -32.318  -38.266  13.004 0.6999999881
36800  -33.299  -37.631  12.100 0.6999999881
36777  -31.174  -38.158  14.133 0.6000000238
37842  -32.760  -37.576  12.758 0.6999999881
37849  -34.128  -36.938  11.415 0.6999999881
118916  -27.595  -37.304  14.123 0.3000000119
37812  -29.512  -37.767  14.538 0.3000000119
37843  -33.164  -36.904  12.635 0.6999999881
37825  -26.734  -37.396  13.903 0.3000000119
38992  -29.959  -35.743  13.676 0.3000000119
39009  -34.430  -36.350  11.157 0.6999999881
39017  -34.883  -36.542  10.451 0.6999999881
40073  -27.667  -35.443  11.267 0.3000000119
40049  -28.206  -35.614  12.100 0.3000000119
40050  -29.124  -35.475  12.725 0.3000000119
41221  -30.015  -34.658  12.287 0.3000000119
40094  -27.919  -35.058  10.677 0.3000000119
120626  -35.738  -35.287  6.629 0.6999999881
41342  -35.319  -33.859  3.797 0.8000000119
114183  -33.674  -32.856  2.438 0.8000000119
116142  -27.157  -33.322  1.407 0.8000000119
42471  -28.575  -33.262  1.447 0.8000000119
43519  -27.850  -32.527  1.458 0.8000000119
43521  -30.143  -32.315  1.416 0.8000000119
44569  -30.556  -31.403  1.505 0.8000000119
44570  -31.505  -31.357  1.556 0.8000000119
126754  -25.823  -31.887  0.950 0.8000000119
44568  -29.417  -31.394  1.493 0.8000000119
118039  -25.898  -31.777  0.651 0.8000000119
118091  -26.575  -30.790  -0.044 0.6999999881
44601  -27.686  -31.188  -0.425 0.6000000238
115069  -31.381  -38.745  13.804 0.6000000238
37830  -32.674  -36.882  13.162 0.6000000238
37848  -33.655  -36.948  11.956 0.6999999881
117653  -30.164  -36.343  14.443 0.4000000060
38971  -32.237  -36.366  13.665 0.6000000238
38993  -33.448  -36.107  12.521 0.6999999881
39008  -33.943  -36.182  11.831 0.6999999881
41206  -33.062  -34.436  13.521 0.4000000060
40076  -34.234  -35.399  11.622 0.6999999881
40095  -34.698  -35.544  10.791 0.6999999881
39026  -35.550  -36.013  9.214 0.6999999881
120105  -30.690  -33.858  11.387 0.3000000119
41242  -34.368  -34.741  11.353 0.6000000238
40108  -35.412  -35.228  9.637 0.6999999881
40118  -35.629  -35.238  8.724 0.6999999881
106395  -35.815  -35.032  7.229 0.6999999881
123618  -35.604  -34.365  8.686 0.6999999881
41311  -35.886  -34.598  6.588 0.6999999881
42423  -36.076  -33.707  6.615 0.6999999881
41340  -33.814  -34.981  3.114 0.8000000119
105826  -34.787  -33.746  3.228 0.8000000119
43511  -34.204  -32.263  2.595 0.8000000119
44566  -26.608  -30.636  1.412 0.8000000119
112527  -28.404  -31.785  1.481 0.8000000119
45618  -28.601  -29.958  1.944 0.8000000119
44602  -29.064  -31.127  -0.595 0.6000000238
44599  -25.968  -30.857  0.535 0.8000000119
45645  -28.214  -30.182  -0.495 0.6000000238
45643  -26.221  -30.162  0.426 0.6999999881
112025  -27.727  -29.495  -0.261 0.6999999881
37828  -31.474  -37.429  14.063 0.6000000238
38972  -32.847  -36.088  13.179 0.6000000238
105237  -31.382  -34.653  13.198 0.3000000119
104666  -30.901  -34.325  12.308 0.3000000119
119219  -33.254  -34.366  13.127 0.3000000119
106079  -33.426  -34.183  13.022 0.5000000000
104820  -32.749  -33.892  12.311 0.3000000119
104830  -33.383  -33.461  12.778 0.5000000000
41270  -35.191  -34.459  10.122 0.6999999881
104667  -29.947  -33.965  10.598 0.3000000119
104801  -31.267  -33.532  11.180 0.3000000119
42365  -34.690  -33.693  10.516 0.4000000060
41288  -35.435  -34.449  9.372 0.6999999881
104883  -29.659  -33.931  9.593 0.3000000119
41298  -35.746  -33.746  8.206 0.6000000238
42413  -35.938  -32.998  7.516 0.6000000238
41330  -35.756  -33.901  4.783 0.8000000119
42431  -36.082  -33.332  5.807 0.6999999881
116739  -36.104  -32.874  6.621 0.6000000238
42443  -36.031  -32.764  5.113 0.6999999881
43468  -36.100  -32.381  6.044 0.6999999881
42462  -34.432  -33.164  2.786 0.8000000119
42452  -35.221  -33.075  3.413 0.8000000119
43504  -35.539  -32.255  3.746 0.6999999881
43494  -35.852  -32.097  4.572 0.6999999881
43480  -35.974  -31.847  5.422 0.6999999881
43510  -33.399  -32.173  2.205 0.8000000119
43503  -35.000  -32.313  3.049 0.8000000119
44548  -35.246  -31.541  3.436 0.6999999881
44549  -35.559  -31.422  4.134 0.6999999881
44571  -32.365  -31.334  1.677 0.8000000119
44556  -33.843  -31.339  2.451 0.8000000119
113810  -34.898  -30.914  3.304 0.6999999881
45594  -35.208  -30.892  3.766 0.6999999881
112973  -27.177  -31.650  1.455 0.8000000119
44572  -33.100  -31.272  1.928 0.8000000119
44567  -28.136  -30.783  1.565 0.8000000119
45619  -30.011  -30.477  1.884 0.8000000119
45621  -31.701  -30.393  2.160 0.8000000119
116606  -26.014  -31.507  1.175 0.8000000119
45617  -27.430  -29.917  1.553 0.8000000119
45601  -29.558  -29.714  2.177 0.8000000119
45602  -30.458  -29.576  2.440 0.8000000119
45615  -25.651  -29.995  0.956 0.8000000119
45616  -26.105  -29.971  1.265 0.8000000119
46658  -26.526  -29.552  0.808 0.6999999881
45646  -29.196  -30.152  -0.798 0.6000000238
45661  -29.377  -29.300  -1.218 0.6000000238
46657  -25.907  -29.815  0.913 0.8000000119
46668  -26.959  -29.604  0.324 0.6999999881
106051  -27.920  -29.039  -0.254 0.6999999881
105314  -34.170  -34.005  11.417 0.5000000000
41269  -34.702  -34.570  10.742 0.5000000000
104815  -31.642  -33.836  11.931 0.3000000119
119246  -33.441  -33.608  11.710 0.4000000060
42366  -35.217  -33.796  9.874 0.6000000238
104907  -32.077  -32.847  10.285 0.3000000119
42387  -35.437  -33.522  9.127 0.6000000238
104677  -31.719  -32.790  9.184 0.3000000119
43423  -32.880  -32.660  10.408 0.3000000119
120650  -35.193  -32.634  9.231 0.6000000238
42403  -35.561  -32.761  8.513 0.6000000238
105271  -30.053  -33.432  8.079 0.3000000119
43447  -30.998  -32.764  7.801 0.3000000119
115519  -33.371  -31.940  9.195 0.3000000119
42412  -30.476  -33.111  7.795 0.3000000119
104971  -29.539  -32.941  7.494 0.3000000119
44537  -35.688  -31.250  4.932 0.6999999881
45603  -31.176  -29.435  2.731 0.8000000119
45605  -33.045  -30.175  2.718 0.6999999881
45606  -34.176  -30.574  3.015 0.6999999881
45604  -31.909  -29.523  2.939 0.6999999881
46647  -29.674  -29.301  1.931 0.6999999881
46631  -30.306  -29.325  2.369 0.8000000119
46632  -30.961  -29.079  2.735 0.6000000238
46682  -31.183  -29.136  -1.512 0.6000000238
46645  -27.680  -29.459  1.233 0.6999999881
47676  -27.889  -29.090  0.592 0.6999999881
47661  -28.650  -29.226  1.247 0.6999999881
47703  -28.515  -28.277  -0.791 0.6999999881
112058  -28.797  -28.282  -1.227 0.6999999881
47691  -28.322  -28.644  -0.349 0.6999999881
49565  -31.620  -25.502  -1.661 0.5000000000
50552  -31.398  -24.889  -2.343 0.5000000000
43451  -35.607  -32.036  7.962 0.6000000238
123043  -35.612  -31.344  6.788 0.6000000238
44527  -35.715  -31.167  5.642 0.6999999881
45583  -35.176  -30.502  4.483 0.6999999881
44499  -27.244  -31.146  8.334 0.3000000119
45593  -34.428  -30.199  3.843 0.6999999881
46648  -30.466  -29.083  2.330 0.6999999881
46634  -32.108  -29.064  3.807 0.6999999881
45592  -33.166  -29.590  3.725 0.6000000238
46633  -31.653  -28.931  3.272 0.6999999881
46646  -28.651  -29.705  1.763 0.6999999881
47662  -30.158  -28.891  1.571 0.6999999881
47663  -31.001  -28.792  2.251 0.6000000238
47678  -29.623  -28.389  0.186 0.6999999881
46681  -29.959  -28.573  -1.557 0.6000000238
47706  -30.791  -28.316  -1.888 0.5000000000
48606  -28.680  -27.615  -1.015 0.6999999881
48607  -29.032  -27.068  -1.043 0.6999999881
49545  -29.550  -26.551  -1.701 0.6999999881
49563  -29.985  -25.948  -1.946 0.6000000238
43450  -35.071  -31.918  8.744 0.5000000000
44493  -34.493  -31.418  8.163 0.4000000060
120316  -35.181  -31.562  8.060 0.5000000000
44503  -35.446  -31.486  7.442 0.6000000238
110296  -34.816  -31.170  7.588 0.5000000000
45548  -35.095  -30.947  6.947 0.6000000238
45556  -35.395  -30.770  6.197 0.6000000238
45544  -27.062  -30.311  8.484 0.3000000119
44486  -28.126  -31.388  8.339 0.3000000119
46623  -32.958  -29.199  4.608 0.6000000238
112606  -34.230  -29.756  4.595 0.6000000238
47650  -31.412  -28.875  3.028 0.6000000238
46621  -32.095  -28.989  3.874 0.6000000238
47651  -31.831  -28.793  3.303 0.6000000238
47679  -30.794  -28.535  0.650 0.6999999881
47680  -31.943  -28.541  0.971 0.6000000238
47693  -29.266  -27.362  -0.701 0.6999999881
48633  -29.495  -26.632  -1.886 0.6999999881
47717  -30.025  -27.583  -2.037 0.6000000238
47718  -30.858  -27.600  -2.313 0.5000000000
48621  -29.380  -26.977  -2.003 0.6000000238
48635  -31.195  -26.686  -2.598 0.5000000000
48608  -29.704  -26.826  -0.926 0.6000000238
49580  -29.822  -26.109  -1.986 0.5000000000
50550  -30.476  -25.599  -2.096 0.5000000000
50567  -31.190  -25.140  -2.563 0.5000000000
50551  -31.248  -25.023  -2.474 0.5000000000
106898  -31.820  -24.285  -2.671 0.5000000000
44502  -33.953  -31.054  7.650 0.4000000060
45546  -33.641  -30.448  7.399 0.4000000060
44490  -31.976  -31.660  7.749 0.4000000060
45555  -34.574  -30.358  6.471 0.6000000238
45533  -27.808  -30.508  8.521 0.3000000119
46563  -28.451  -29.842  8.591 0.3000000119
118525  -29.963  -30.258  8.629 0.3000000119
45582  -34.543  -29.846  5.107 0.6000000238
47599  -28.346  -28.087  8.437 0.3000000119
46614  -33.112  -29.137  5.095 0.6000000238
47641  -32.587  -28.811  4.303 0.5000000000
118442  -32.568  -28.600  2.460 0.6000000238
47665  -32.560  -28.533  1.575 0.6000000238
47652  -32.477  -28.674  3.431 0.6000000238
118906  -33.197  -28.446  1.516 0.6000000238
48595  -32.448  -27.721  0.083 0.6000000238
48609  -30.647  -26.850  -0.816 0.6999999881
49546  -30.136  -26.229  -1.548 0.5000000000
50553  -32.168  -24.954  -1.911 0.5000000000
119732  -33.020  -31.126  7.662 0.4000000060
45547  -34.340  -30.663  7.109 0.4000000060
45545  -33.065  -30.198  7.656 0.4000000060
45570  -34.664  -30.052  5.785 0.5000000000
47576  -28.834  -28.883  8.530 0.3000000119
47577  -29.655  -28.822  8.585 0.3000000119
46565  -30.175  -29.516  8.654 0.4000000060
46601  -33.454  -29.267  5.616 0.4000000060
119116  -30.081  -28.121  8.555 0.3000000119
118108  -30.963  -29.317  8.640 0.4000000060
46613  -32.723  -28.892  4.710 0.5000000000
47653  -33.743  -28.527  3.205 0.5000000000
47666  -33.698  -28.535  2.110 0.6000000238
47643  -35.014  -28.217  2.998 0.5000000000
47681  -32.955  -28.234  0.833 0.6000000238
48583  -33.825  -28.012  0.963 0.6000000238
48610  -31.846  -26.994  -0.618 0.6000000238
49547  -31.178  -26.219  -1.310 0.5000000000
49566  -32.615  -25.788  -1.376 0.5000000000
50554  -32.742  -24.303  -2.243 0.5000000000
46583  -33.807  -29.959  6.848 0.4000000060
46587  -33.815  -29.601  6.213 0.4000000060
46581  -33.213  -29.603  7.394 0.4000000060
46586  -33.132  -28.780  5.851 0.4000000060
47600  -29.221  -28.055  8.477 0.3000000119
47631  -33.040  -28.650  4.816 0.4000000060
48518  -28.737  -27.242  8.308 0.3000000119
47642  -33.920  -28.383  4.019 0.4000000060
47633  -35.122  -27.964  3.858 0.4000000060
48584  -34.613  -27.992  1.437 0.6000000238
48596  -33.367  -27.545  0.224 0.6000000238
48597  -34.475  -27.527  0.766 0.5000000000
49548  -32.305  -26.361  -1.065 0.5000000000
48611  -32.898  -27.009  -0.453 0.6000000238
49532  -33.799  -26.905  -0.248 0.6000000238
119003  -34.049  -27.372  0.347 0.6000000238
50533  -33.291  -25.451  -1.413 0.5000000000
125401  -33.866  -22.680  -2.649 0.5000000000
49549  -33.265  -26.317  -0.877 0.5000000000
51435  -28.613  -24.557  6.230 0.3000000119
50424  -29.520  -25.053  7.134 0.4000000060
120583  -30.553  -24.577  6.698 0.4000000060
49533  -34.659  -26.920  0.181 0.5000000000
51454  -28.897  -24.020  5.345 0.4000000060
49550  -34.287  -26.108  -0.678 0.5000000000
49535  -36.210  -26.357  0.951 0.5000000000
48586  -36.411  -26.750  1.796 0.5000000000
50535  -35.173  -25.587  -0.560 0.5000000000
50516  -36.472  -25.554  0.620 0.5000000000
109441  -35.364  -24.718  -0.906 0.6000000238
51541  -34.731  -24.031  -1.547 0.6000000238
105098  -34.667  -23.014  -2.057 0.6000000238
53641  -34.920  -22.076  -2.387 0.4000000060
51456  -30.436  -24.100  5.861 0.4000000060
110300  -31.863  -24.669  7.040 0.4000000060
124486  -35.140  -26.317  -0.159 0.5000000000
50536  -35.991  -25.211  -0.190 0.5000000000
51523  -36.175  -24.397  -0.487 0.5000000000
50534  -34.218  -24.856  -1.393 0.5000000000
51522  -35.590  -23.859  -1.188 0.5000000000
53642  -35.578  -21.824  -1.934 0.4000000060
51457  -31.232  -23.799  5.667 0.4000000060
52477  -29.871  -23.706  5.003 0.4000000060
50515  -35.783  -25.976  0.157 0.5000000000
50498  -36.863  -25.865  1.576 0.4000000060
116611  -36.280  -23.674  -0.741 0.4000000060
53629  -36.448  -22.187  -1.195 0.4000000060
52577  -35.843  -22.887  -1.397 0.5000000000
54691  -35.793  -20.954  -1.988 0.3000000119
51511  -37.347  -24.284  0.812 0.4000000060
52561  -36.688  -23.087  -0.623 0.4000000060
54706  -36.639  -20.621  -1.272 0.4000000060
116031  -36.894  -21.557  -0.851 0.4000000060
52562  -37.210  -23.137  0.012 0.4000000060
57879  -36.407  -18.169  -1.496 0.4000000060
53630  -37.115  -22.452  -0.347 0.4000000060
55774  -37.086  -20.142  -0.609 0.4000000060
53615  -37.974  -22.158  0.918 0.4000000060
56833  -36.687  -19.168  -1.012 0.4000000060
109362  -36.475  -17.474  -1.851 0.4000000060
54675  -37.790  -21.333  0.629 0.4000000060
54692  -37.321  -21.045  -0.242 0.3000000119
56814  -37.251  -19.504  0.081 0.4000000060
55733  -38.002  -20.719  1.105 0.4000000060
54653  -38.229  -21.554  1.449 0.4000000060
123062  -37.682  -20.033  0.807 0.3000000119
57861  -36.680  -18.437  -0.417 0.4000000060
57878  -36.509  -17.484  -0.865 0.4000000060
55755  -37.551  -20.492  0.328 0.3000000119
107789  -36.968  -18.581  0.387 0.4000000060
116747  -37.420  -19.269  0.970 0.4000000060
29570  -34.746  -45.639  2.396 0.6999999881
27375  -26.822  -47.303  4.295 0.6000000238
31676  -27.761  -42.625  6.852 0.6000000238
110044  -29.538  -41.964  7.742 0.6999999881
25137  -25.456  -49.214  5.061 0.4000000060
34928  -29.247  -41.201  0.804 0.8000000119
25092  -27.714  -49.841  8.167 0.5000000000
34842  -30.973  -40.798  8.826 0.8000000119
28363  -24.021  -46.273  10.239 0.4000000060
28383  -29.440  -46.452  9.491 0.6000000238
29420  -28.584  -45.805  11.900 0.6000000238
112825  -30.718  -41.580  11.063 0.6999999881
36799  -32.832  -38.249  12.255 0.6999999881
41317  -35.887  -34.311  5.771 0.6999999881
104670  -33.879  -34.580  11.977 0.6000000238
110738  -35.790  -34.698  7.993 0.6999999881
41303  -35.937  -34.124  7.368 0.6000000238
125836  -31.583  -35.978  14.118 0.6000000238
104676  -34.057  -33.462  11.000 0.5000000000
46622  -32.479  -28.888  4.308 0.6000000238
51540  -33.536  -23.404  -2.467 0.5000000000
46582  -33.156  -28.997  6.718 0.4000000060
52547  -36.874  -23.867  -0.030 0.4000000060
28530  -34.275  -47.012  0.816 0.5000000000
29617  -31.886  -45.917  -1.158 0.5000000000
29615  -30.143  -45.643  -0.991 0.6999999881
28420  -34.890  -46.088  7.170 0.6999999881
29513  -35.605  -45.244  6.147 0.6999999881
30681  -34.801  -44.755  2.333 0.6999999881
31720  -34.386  -43.689  1.578 0.6999999881
31740  -29.172  -44.556  -0.851 0.6999999881
32796  -29.583  -43.549  -1.166 0.6000000238
33880  -30.086  -41.445  -0.923 0.5000000000
115238  -35.651  -44.197  5.085 0.6999999881
31735  -28.077  -43.773  -0.106 0.6999999881
28442  -28.722  -46.244  6.009 0.6000000238
30597  -34.001  -44.700  7.377 0.8000000119
31680  -35.395  -43.780  5.833 0.6999999881
29543  -26.240  -44.433  4.638 0.6000000238
29541  -24.875  -44.106  4.475 0.6000000238
33851  -28.390  -42.315  0.539 0.8000000119
116612  -33.311  -43.023  7.367 0.6999999881
27389  -24.025  -46.527  3.128 0.5000000000
120153  -35.656  -41.829  4.687 0.8000000119
35988  -30.482  -39.841  -0.728 0.5000000000
29507  -24.907  -43.542  5.226 0.6000000238
34900  -35.673  -41.346  2.083 0.8000000119
35986  -28.083  -39.876  -0.359 0.6999999881
29483  -26.150  -43.926  6.553 0.6000000238
35970  -32.784  -39.895  0.802 0.8999999762
35968  -30.799  -40.055  0.917 0.8000000119
36949  -30.259  -38.448  -0.543 0.6000000238
37989  -32.182  -38.103  -1.094 0.4000000060
24001  -25.646  -50.117  5.565 0.3000000119
28462  -25.113  -45.745  5.166 0.5000000000
121416  -25.123  -47.110  4.756 0.5000000000
25136  -24.877  -49.832  4.843 0.4000000060
35956  -35.279  -39.801  2.062 0.8999999762
35948  -26.482  -39.968  1.261 0.8000000119
119783  -27.889  -42.439  8.064 0.6000000238
30592  -27.452  -43.945  7.546 0.5000000000
26279  -25.805  -48.065  5.406 0.4000000060
26262  -26.615  -48.079  6.030 0.5000000000
27340  -26.296  -46.792  5.902 0.5000000000
106979  -36.248  -39.647  4.613 0.8000000119
123032  -31.820  -36.190  -0.266 0.4000000060
114016  -28.329  -43.110  8.440 0.6000000238
23969  -26.747  -50.829  7.916 0.5000000000
25120  -27.079  -49.066  6.509 0.5000000000
29485  -28.113  -45.114  7.729 0.5000000000
26263  -27.412  -48.555  6.747 0.5000000000
34824  -32.410  -40.319  9.125 0.6999999881
116973  -29.350  -43.564  9.021 0.6000000238
125125  -26.826  -50.066  9.470 0.5000000000
25072  -28.121  -49.025  9.360 0.6000000238
25093  -28.141  -49.360  8.714 0.5000000000
120024  -27.545  -49.960  8.772 0.5000000000
120390  -28.620  -46.101  7.948 0.5000000000
26189  -24.668  -48.204  10.332 0.6000000238
26249  -28.525  -48.693  8.214 0.5000000000
27301  -28.974  -47.600  8.568 0.6000000238
27284  -28.846  -47.713  9.527 0.6000000238
26248  -28.027  -48.430  7.396 0.5000000000
28398  -29.103  -46.610  8.513 0.5000000000
29433  -23.660  -45.544  10.057 0.4000000060
36899  -33.372  -38.239  2.472 0.8000000119
27247  -26.495  -47.252  11.178 0.5000000000
27263  -27.954  -47.624  10.668 0.6000000238
26217  -28.281  -48.399  9.703 0.6000000238
27285  -29.176  -46.940  9.828 0.6000000238
28366  -28.880  -46.650  10.660 0.6000000238
106452  -25.796  -45.818  11.658 0.4000000060
29401  -27.153  -45.490  12.405 0.5000000000
35891  -34.714  -39.341  8.666 0.6999999881
31594  -25.187  -43.763  12.143 0.4000000060
30522  -26.704  -44.765  12.716 0.5000000000
125220  -36.191  -38.542  5.344 0.6999999881
36895  -29.044  -38.240  2.234 0.8000000119
41386  -30.478  -34.676  -0.416 0.6999999881
29421  -29.326  -45.525  11.350 0.6999999881
31595  -29.958  -44.007  12.204 0.6999999881
30538  -29.227  -45.226  12.038 0.6000000238
36824  -34.082  -38.881  9.816 0.6999999881
32617  -25.124  -42.970  12.474 0.4000000060
40226  -27.284  -35.438  -0.032 0.8000000119
31582  -30.050  -43.373  12.647 0.6000000238
31581  -29.489  -43.863  12.914 0.6000000238
30523  -27.726  -44.959  12.757 0.5000000000
33676  -25.796  -41.958  13.945 0.3000000119
107161  -36.012  -38.138  6.844 0.6999999881
36826  -35.145  -38.158  9.066 0.6999999881
40201  -26.248  -35.594  0.972 0.8999999762
106926  -26.718  -34.143  -0.060 0.8000000119
41383  -26.586  -34.772  0.265 0.8000000119
42501  -30.096  -33.882  -0.481 0.6000000238
117035  -27.208  -33.054  -0.303 0.8000000119
125930  -28.877  -43.087  13.754 0.6000000238
33697  -30.557  -41.692  13.122 0.6999999881
32602  -28.233  -42.674  14.135 0.5000000000
105578  -35.908  -37.268  6.927 0.6999999881
39087  -33.148  -36.577  3.599 0.8000000119
39062  -35.363  -36.371  5.573 0.6999999881
41355  -26.293  -34.244  0.969 0.8000000119
42498  -26.503  -33.498  0.011 0.8000000119
35799  -30.044  -39.978  14.462 0.5000000000
37863  -35.275  -37.409  9.278 0.6999999881
116313  -27.149  -38.125  14.449 0.3000000119
110046  -35.575  -36.787  8.774 0.6999999881
40141  -35.596  -35.914  6.309 0.6999999881
39034  -35.681  -36.112  8.449 0.6999999881
107025  -35.664  -35.154  5.986 0.6999999881
40193  -32.373  -35.499  2.616 0.8000000119
120212  -33.093  -35.060  2.707 0.8000000119
41349  -32.559  -34.596  2.322 0.8000000119
36809  -33.297  -38.177  11.666 0.6999999881
36790  -29.506  -38.557  14.542 0.5000000000
37854  -33.813  -37.707  11.281 0.6999999881
37826  -28.051  -38.014  14.517 0.3000000119
36776  -30.639  -38.233  14.395 0.5000000000
37813  -30.281  -37.561  14.538 0.4000000060
123911  -35.190  -36.628  10.037 0.6999999881
38966  -27.201  -36.768  13.358 0.3000000119
37829  -32.173  -37.379  13.504 0.6000000238
40032  -30.997  -35.264  13.637 0.3000000119
41222  -30.641  -34.796  12.833 0.3000000119
39018  -35.304  -36.007  10.047 0.6999999881
124557  -29.418  -35.010  12.311 0.3000000119
45644  -27.179  -30.178  -0.152 0.6999999881
40033  -32.439  -35.267  13.695 0.6000000238
40052  -33.086  -35.142  13.041 0.6000000238
40075  -33.706  -35.230  12.356 0.6000000238
41204  -32.035  -34.739  14.026 0.4000000060
40096  -35.132  -35.161  10.283 0.6999999881
44557  -34.683  -31.482  2.883 0.8000000119
45622  -32.531  -30.576  2.096 0.8000000119
45620  -30.877  -30.389  2.100 0.8000000119
46669  -28.408  -29.107  -0.798 0.6000000238
104837  -32.109  -34.232  13.139 0.3000000119
126236  -31.660  -35.515  14.126 0.5000000000
104847  -33.480  -34.054  12.120 0.5000000000
104870  -30.547  -33.540  9.772 0.3000000119
104671  -31.331  -33.331  10.479 0.3000000119
42386  -34.984  -33.019  9.874 0.5000000000
42453  -35.714  -33.010  4.197 0.8000000119
43461  -35.967  -32.021  7.014 0.6000000238
47704  -28.750  -27.604  -1.153 0.6999999881
104678  -32.783  -33.029  10.989 0.3000000119
123071  -31.306  -33.174  9.624 0.3000000119
43424  -33.568  -32.448  10.032 0.3000000119
124066  -29.978  -33.119  7.622 0.3000000119
43460  -31.076  -32.310  7.711 0.3000000119
44511  -35.859  -31.559  6.210 0.6000000238
47692  -28.820  -27.868  -0.624 0.6999999881
47677  -28.726  -28.690  0.321 0.6999999881
45571  -35.313  -30.549  5.358 0.6999999881
48593  -30.169  -27.589  -0.377 0.6999999881
48594  -31.356  -27.770  -0.098 0.6000000238
105702  -30.488  -25.825  -2.320 0.6000000238
51571  -31.529  -24.475  -2.885 0.4000000060
44492  -33.467  -31.406  7.991 0.4000000060
45537  -31.638  -30.876  8.146 0.4000000060
46564  -29.375  -29.644  8.621 0.3000000119
46580  -27.953  -28.903  8.511 0.3000000119
123356  -30.343  -28.818  8.622 0.4000000060
47632  -34.206  -28.118  4.627 0.4000000060
124980  -35.255  -28.038  2.349 0.5000000000
123217  -28.850  -25.006  6.913 0.3000000119
50426  -31.040  -24.882  7.236 0.4000000060
51438  -31.174  -24.351  6.421 0.4000000060
54674  -37.466  -21.886  0.124 0.4000000060
113011  -37.555  -22.688  0.437 0.4000000060
56798  -37.967  -20.031  1.541 0.4000000060
58879  -36.569  -16.838  -0.258 0.3000000119
22871  -34.859  -51.754  6.112 0.5000000000
106851  -35.622  -50.931  4.952 0.5000000000
22845  -31.946  -51.167  7.275 0.4000000060
22846  -32.821  -51.335  7.279 0.5000000000
22859  -33.609  -51.651  6.897 0.5000000000
22860  -34.406  -51.393  6.554 0.5000000000
22861  -35.060  -51.082  6.202 0.6000000238
112598  -35.597  -50.015  5.766 0.6000000238
23972  -32.478  -50.533  7.408 0.5000000000
23971  -31.807  -50.472  7.325 0.5000000000
23973  -33.254  -50.600  7.358 0.5000000000
23990  -34.457  -50.134  6.944 0.5000000000
25123  -31.435  -50.036  7.227 0.5000000000
25124  -34.840  -49.427  6.799 0.6000000238
25125  -35.496  -49.384  6.214 0.6000000238
23991  -35.122  -50.224  6.356 0.6000000238
25140  -35.963  -49.450  5.366 0.6000000238
118601  -36.234  -48.302  4.434 0.6000000238
27362  -36.289  -47.933  5.231 0.6000000238
26300  -36.125  -49.060  4.169 0.6000000238
110817  -35.884  -48.323  3.517 0.6000000238
27392  -35.772  -47.361  3.295 0.6000000238
25109  -32.051  -49.864  7.436 0.5000000000
23974  -33.800  -50.017  7.348 0.5000000000
25112  -34.269  -49.503  7.218 0.6000000238
115398  -30.636  -49.115  6.873 0.5000000000
25108  -31.393  -49.255  7.275 0.5000000000
26267  -35.223  -48.617  6.716 0.6000000238
23987  -29.159  -49.833  5.567 0.5000000000
25121  -29.907  -49.461  6.316 0.5000000000
26282  -35.944  -48.525  5.970 0.6000000238
27377  -36.247  -47.440  4.297 0.6000000238
27405  -35.285  -47.202  2.676 0.6000000238
25110  -32.953  -49.742  7.505 0.5000000000
25111  -33.714  -49.186  7.455 0.5000000000
26251  -31.775  -48.437  7.463 0.5000000000
112873  -32.268  -49.096  7.495 0.5000000000
26252  -33.027  -48.804  7.564 0.5000000000
26266  -34.435  -48.671  7.253 0.6000000238
26264  -29.556  -48.433  6.244 0.5000000000
26265  -30.190  -48.641  6.649 0.5000000000
109192  -35.537  -47.916  6.570 0.6000000238
26281  -29.067  -48.930  5.676 0.5000000000
27360  -28.905  -48.034  5.755 0.5000000000
28467  -36.268  -47.062  5.343 0.6000000238
26250  -30.873  -48.357  7.166 0.5000000000
114687  -32.920  -47.244  7.670 0.5000000000
27323  -33.625  -47.514  7.583 0.6000000238
27324  -34.288  -47.140  7.458 0.6000000238
27320  -30.647  -47.417  7.164 0.5000000000
116570  -34.215  -47.858  7.453 0.6000000238
26280  -28.332  -48.463  5.236 0.5000000000
28495  -36.080  -46.604  3.862 0.6000000238
27321  -31.482  -47.642  7.453 0.5000000000
28416  -32.144  -47.020  7.627 0.5000000000
28418  -33.507  -46.641  7.624 0.6000000238
27342  -29.400  -47.607  6.245 0.5000000000
28465  -28.803  -47.175  5.813 0.6000000238
121625  -31.224  -46.777  7.466 0.6000000238
28417  -32.708  -46.562  7.705 0.5000000000
115322  -33.723  -45.899  7.576 0.6000000238
121488  -29.267  -46.902  6.244 0.6000000238
28415  -30.340  -46.542  7.068 0.6000000238
28419  -34.314  -46.338  7.427 0.6000000238
28464  -28.068  -46.609  5.400 0.5000000000
28443  -29.565  -46.334  6.542 0.6000000238
26298  -27.211  -48.181  4.334 0.4000000060
29487  -30.903  -45.886  7.436 0.6000000238
112774  -31.908  -46.099  7.709 0.5000000000
29488  -32.871  -45.829  7.747 0.6000000238
113558  -34.369  -45.478  7.326 0.6000000238
120349  -32.167  -45.356  7.695 0.6999999881
37977  -30.569  -37.672  -0.572 0.5000000000
35780  -30.914  -38.911  14.182 0.5000000000
116480  -30.050  -30.147  -0.920 0.5000000000
47705  -29.188  -27.552  -1.508 0.5000000000
57843  -36.535  -17.593  0.101 0.4000000060
58859  -36.499  -16.777  0.615 0.3000000119
59819  -36.670  -16.426  0.360 0.3000000119
59805  -36.849  -15.824  1.328 0.3000000119
118962  -31.445  -52.490  6.668 0.4000000060
111625  -32.934  -52.084  7.056 0.5000000000
24018  -35.804  -50.569  4.220 0.5000000000
23989  -31.142  -50.739  6.980 0.4000000060
108195  -35.792  -50.256  5.078 0.6000000238
123743  -36.140  -49.262  4.746 0.6000000238
25156  -35.987  -49.756  4.528 0.5000000000
26315  -35.771  -49.168  3.405 0.5000000000
22856  -30.504  -51.417  6.372 0.4000000060
23988  -30.308  -50.483  6.395 0.5000000000
25139  -28.482  -49.407  5.136 0.3000000119
25154  -27.396  -49.516  4.205 0.4000000060
25171  -26.776  -49.523  3.602 0.4000000060
112137  -31.570  -38.364  -0.877 0.4000000060
37978  -31.497  -37.622  -0.743 0.4000000060
37814  -30.903  -37.407  14.481 0.5000000000
38969  -30.928  -35.911  14.577 0.4000000060
108732  -30.232  -31.037  -0.602 0.5000000000
45647  -30.928  -30.455  -0.752 0.5000000000
45662  -30.526  -29.636  -1.217 0.5000000000
59804  -36.642  -16.122  1.141 0.3000000119
59791  -36.915  -15.470  2.206 0.3000000119
22857  -31.310  -51.721  6.796 0.4000000060
26254  -34.914  -47.737  7.146 0.6000000238
27358  -27.398  -46.874  4.764 0.5000000000
27359  -28.204  -47.543  5.324 0.5000000000
44603  -31.272  -31.228  -0.466 0.5000000000
24005  -35.455  -50.688  5.659 0.6000000238
22858  -32.168  -52.092  7.085 0.4000000060
22847  -33.958  -50.819  7.062 0.5000000000
123326  -34.619  -50.737  6.635 0.6000000238
121917  -32.479  -48.433  7.556 0.5000000000
27322  -32.320  -47.797  7.593 0.5000000000
27343  -30.071  -47.930  6.691 0.5000000000
111750  -29.878  -47.126  6.654 0.5000000000
24004  -29.794  -51.124  5.870 0.4000000060
25172  -35.836  -49.795  3.738 0.4000000060
26328  -35.456  -48.939  2.799 0.4000000060
126714  -29.677  -50.328  5.920 0.4000000060
22844  -25.969  -51.475  8.124 0.4000000060
23968  -26.228  -51.024  7.103 0.3000000119
23986  -27.028  -49.855  6.721 0.4000000060
24002  -26.017  -49.566  5.618 0.4000000060
23935  -26.425  -50.655  9.302 0.4000000060
22821  -26.595  -50.878  8.696 0.4000000060
25068  -23.499  -49.068  10.100 0.4000000060
25069  -24.437  -49.591  10.287 0.4000000060
23934  -25.610  -50.777  9.742 0.4000000060
26212  -21.982  -48.379  9.511 0.3000000119
26213  -22.918  -48.292  9.678 0.3000000119
27281  -22.521  -47.405  9.436 0.4000000060
25052  -25.141  -49.182  10.337 0.4000000060
26214  -23.536  -48.264  9.883 0.5000000000
27282  -23.169  -46.940  9.572 0.4000000060
27283  -23.934  -47.864  10.006 0.5000000000
38948  -29.743  -36.972  14.546 0.3000000119
42385  -34.284  -32.867  10.373 0.3000000119
104929  -33.485  -33.068  10.916 0.3000000119
43438  -34.439  -32.291  9.525 0.3000000119
49534  -35.485  -26.674  0.543 0.4000000060
121614  -33.111  -31.680  8.404 0.3000000119
44491  -32.467  -31.696  7.911 0.3000000119
48598  -35.132  -27.374  0.986 0.4000000060
45536  -30.832  -30.366  8.549 0.3000000119
48574  -35.684  -27.706  2.466 0.4000000060
122660  -36.022  -27.354  1.964 0.3000000119
49525  -35.833  -27.063  1.297 0.4000000060
51510  -36.674  -24.748  0.299 0.4000000060
45538  -32.424  -30.600  7.879 0.3000000119
46567  -32.566  -29.451  8.001 0.3000000119
46566  -31.718  -29.913  8.433 0.3000000119
115023  -32.875  -28.735  7.430 0.3000000119
47603  -32.397  -28.341  8.016 0.3000000119
47604  -33.245  -28.233  7.054 0.3000000119
47606  -33.293  -28.134  6.307 0.3000000119
120472  -33.224  -28.466  5.614 0.3000000119
47578  -30.910  -28.412  8.580 0.3000000119
47579  -31.706  -28.899  8.404 0.3000000119
46600  -32.988  -28.793  5.241 0.3000000119
47601  -30.712  -27.509  8.458 0.3000000119
48519  -30.498  -26.530  8.069 0.3000000119
47621  -33.454  -28.321  5.215 0.3000000119
108829  -35.821  -27.469  3.857 0.3000000119
48566  -36.353  -27.125  3.474 0.3000000119
51436  -29.279  -24.675  6.568 0.3000000119
51437  -29.918  -24.592  6.595 0.3000000119
48565  -35.785  -27.641  3.199 0.3000000119
48575  -36.353  -27.156  2.618 0.3000000119
51498  -37.138  -25.076  1.093 0.3000000119
47602  -31.622  -27.901  8.365 0.3000000119
48521  -32.277  -27.382  8.032 0.3000000119
48522  -32.987  -27.717  7.479 0.3000000119
48529  -33.947  -27.487  6.361 0.3000000119
48543  -33.889  -27.810  5.643 0.3000000119
48555  -34.411  -27.824  5.064 0.3000000119
48520  -31.440  -26.997  8.278 0.3000000119
49445  -32.033  -26.546  7.884 0.3000000119
49446  -32.788  -26.806  7.668 0.3000000119
50403  -29.921  -25.732  7.546 0.3000000119
49444  -31.297  -26.297  7.849 0.3000000119
48556  -35.345  -27.541  4.554 0.3000000119
48557  -36.216  -27.019  4.187 0.3000000119
125228  -36.754  -26.695  3.123 0.3000000119
52479  -31.750  -23.421  5.071 0.3000000119
49517  -36.872  -26.383  2.442 0.3000000119
52478  -30.881  -23.561  4.979 0.3000000119
50479  -37.308  -25.646  2.500 0.3000000119
51499  -37.600  -24.556  1.670 0.3000000119
52535  -37.834  -23.796  1.424 0.3000000119
52548  -37.505  -23.477  0.631 0.3000000119
49465  -33.508  -26.831  7.314 0.3000000119
48528  -33.679  -27.543  7.003 0.3000000119
49479  -34.610  -27.062  6.038 0.3000000119
50405  -32.471  -26.097  7.631 0.3000000119
49466  -34.216  -26.755  6.798 0.3000000119
48544  -35.053  -27.338  5.343 0.3000000119
49443  -30.773  -25.678  7.572 0.3000000119
50404  -31.706  -25.615  7.563 0.3000000119
50427  -32.590  -25.329  7.386 0.3000000119
49495  -35.905  -26.825  4.902 0.3000000119
49496  -36.586  -26.318  4.436 0.3000000119
52462  -32.033  -23.890  6.030 0.3000000119
50467  -37.180  -25.861  3.988 0.3000000119
52480  -32.630  -23.328  5.207 0.3000000119
49507  -37.145  -26.118  3.248 0.3000000119
50468  -37.513  -25.376  3.395 0.3000000119
50499  -37.367  -25.209  1.867 0.3000000119
52522  -38.094  -24.053  2.267 0.3000000119
53596  -37.968  -22.992  1.184 0.3000000119
49467  -34.842  -26.349  6.361 0.3000000119
109215  -33.405  -25.221  7.145 0.3000000119
51440  -34.092  -25.135  6.814 0.3000000119
50430  -35.197  -25.633  6.312 0.3000000119
51439  -32.755  -24.502  6.726 0.3000000119
118994  -33.574  -24.413  6.570 0.3000000119
52463  -33.058  -23.672  6.100 0.3000000119
52481  -33.497  -23.197  5.313 0.3000000119
53540  -33.750  -22.747  4.855 0.3000000119
50454  -37.486  -24.960  4.207 0.3000000119
52498  -33.024  -22.948  4.507 0.3000000119
51482  -37.821  -24.669  3.545 0.3000000119
51488  -37.747  -24.830  2.618 0.3000000119
52523  -38.328  -23.494  2.771 0.3000000119
52536  -38.251  -23.252  2.038 0.3000000119
53597  -38.288  -22.413  1.778 0.3000000119
50429  -34.513  -25.812  6.682 0.3000000119
50441  -35.902  -25.502  5.796 0.3000000119
49481  -36.296  -26.016  5.158 0.3000000119
121878  -34.245  -24.414  6.457 0.3000000119
51441  -34.748  -24.954  6.483 0.3000000119
52464  -33.929  -23.693  6.096 0.3000000119
52482  -34.325  -23.192  5.500 0.3000000119
51471  -37.082  -24.782  4.918 0.3000000119
53554  -33.275  -22.449  4.332 0.3000000119
53541  -34.556  -22.625  5.233 0.3000000119
52512  -37.908  -23.982  4.035 0.3000000119
51483  -38.164  -24.095  3.182 0.3000000119
53580  -38.435  -22.675  2.777 0.3000000119
54637  -38.417  -21.752  2.353 0.3000000119
50442  -36.536  -25.184  5.312 0.3000000119
52465  -34.838  -23.972  6.122 0.3000000119
122282  -36.053  -24.753  5.763 0.3000000119
51458  -35.730  -24.057  5.778 0.3000000119
126609  -37.075  -24.258  5.066 0.3000000119
123775  -33.506  -21.866  4.391 0.3000000119
52483  -35.226  -23.270  5.603 0.3000000119
52499  -37.555  -23.395  4.634 0.3000000119
53555  -33.993  -22.231  4.690 0.3000000119
54602  -34.820  -21.886  5.206 0.3000000119
52500  -38.030  -23.029  4.138 0.3000000119
52513  -38.259  -23.318  3.483 0.3000000119
53568  -38.303  -22.512  3.663 0.3000000119
54626  -38.441  -21.864  3.219 0.3000000119
119637  -38.209  -20.109  2.629 0.3000000119
114750  -38.335  -20.874  1.989 0.3000000119
51459  -36.574  -24.290  5.399 0.3000000119
52484  -36.262  -23.285  5.450 0.3000000119
52485  -37.063  -23.723  5.135 0.3000000119
54615  -34.076  -21.615  4.799 0.3000000119
55687  -34.557  -21.182  5.278 0.3000000119
53543  -36.563  -22.290  5.356 0.3000000119
53544  -37.123  -22.869  5.104 0.3000000119
53556  -37.658  -22.547  4.596 0.3000000119
54616  -37.801  -21.693  4.471 0.3000000119
53557  -38.065  -22.322  4.184 0.3000000119
55702  -38.108  -21.115  4.063 0.3000000119
54617  -38.245  -21.804  3.909 0.3000000119
56770  -38.022  -19.861  3.579 0.3000000119
55710  -38.239  -20.646  3.500 0.3000000119
110746  -38.412  -21.087  2.883 0.3000000119
126812  -33.593  -21.275  4.638 0.3000000119
55700  -33.960  -20.870  5.099 0.3000000119
54603  -35.945  -21.665  5.499 0.3000000119
54604  -36.904  -21.376  5.351 0.3000000119
54605  -37.276  -21.997  4.996 0.3000000119
55689  -36.404  -20.745  5.590 0.3000000119
108886  -37.373  -21.246  4.917 0.3000000119
56743  -37.389  -19.557  4.861 0.3000000119
55701  -37.678  -20.833  4.562 0.3000000119
56759  -37.709  -19.723  4.291 0.3000000119
55709  -37.944  -20.399  4.134 0.3000000119
56781  -37.771  -19.162  2.953 0.3000000119
113624  -37.678  -19.136  3.844 0.3000000119
57844  -36.930  -18.044  1.116 0.3000000119
109397  -37.572  -19.176  1.910 0.3000000119
56758  -33.821  -20.036  5.333 0.3000000119
55688  -35.358  -21.020  5.564 0.3000000119
114537  -35.788  -20.150  5.839 0.3000000119
115482  -36.647  -19.956  5.599 0.3000000119
55690  -37.194  -20.375  5.157 0.3000000119
56742  -37.017  -19.362  5.361 0.3000000119
57826  -37.279  -18.180  2.288 0.3000000119
58860  -36.564  -16.960  1.600 0.3000000119
117108  -34.708  -20.339  5.628 0.3000000119
25067  -22.610  -49.092  9.871 0.3000000119
25070  -26.057  -49.961  9.916 0.4000000060
23936  -27.090  -50.360  9.033 0.4000000060
28382  -23.813  -47.059  9.926 0.4000000060
125562  -23.323  -47.624  9.681 0.4000000060
38949  -30.592  -36.761  14.589 0.3000000119
48585  -35.393  -27.748  1.790 0.4000000060
50425  -30.271  -25.000  7.241 0.3000000119
51455  -29.503  -24.253  5.897 0.3000000119
107975  -23.165  -49.910  10.263 0.4000000060
23933  -24.740  -50.564  10.174 0.4000000060
111427  -25.223  -50.056  10.169 0.4000000060
27299  -21.641  -47.467  9.226 0.3000000119
49506  -36.748  -26.533  3.761 0.3000000119
50406  -33.156  -26.061  7.463 0.3000000119
52495  -30.540  -23.298  4.260 0.3000000119
50428  -33.881  -25.985  7.159 0.3000000119
50453  -36.904  -25.546  4.656 0.3000000119
49480  -35.477  -26.439  5.737 0.3000000119
51442  -35.443  -24.794  6.159 0.3000000119
51472  -37.402  -24.205  4.678 0.3000000119
53553  -32.599  -22.664  3.981 0.3000000119
53542  -35.538  -22.515  5.434 0.3000000119
126438  -38.321  -21.310  3.542 0.3000000119
23931  -22.270  -49.898  10.159 0.4000000060
36953  -31.932  -38.968  -1.091 0.4000000060
25180  -23.110  -48.735  2.366 0.3000000119
25192  -23.788  -49.575  1.963 0.3000000119
25179  -22.376  -49.046  2.634 0.3000000119
25181  -24.405  -48.695  2.340 0.3000000119
27300  -21.976  -46.794  9.175 0.3000000119
28380  -22.658  -46.349  9.382 0.3000000119
22819  -24.988  -51.610  9.661 0.3000000119
23932  -23.958  -51.001  10.288 0.3000000119
113134  -23.961  -50.011  10.299 0.3000000119
22820  -25.917  -51.365  9.109 0.3000000119
23914  -22.911  -50.802  10.356 0.3000000119
22818  -24.120  -52.115  9.862 0.3000000119
126180  -32.027  -39.564  -1.201 0.3000000119
23959  -27.196  -50.407  8.446 0.5000000000
24035  -21.292  -50.181  2.700 0.4000000060
24048  -24.510  -50.353  1.657 0.4000000060
25107  -28.175  -49.260  7.940 0.5000000000
25122  -30.799  -49.849  6.878 0.5000000000
25138  -25.820  -48.845  5.386 0.4000000060
25193  -24.321  -49.453  2.033 0.3000000119
26193  -28.348  -47.892  10.132 0.6000000238
26253  -33.693  -48.316  7.537 0.5000000000
26283  -36.245  -48.762  5.024 0.6000000238
26295  -23.854  -47.653  3.591 0.3000000119
26311  -22.642  -48.222  2.980 0.4000000060
26312  -22.971  -47.676  2.898 0.4000000060
26314  -26.245  -48.422  3.473 0.5000000000
26323  -22.754  -48.273  2.782 0.3000000119
26325  -23.715  -47.669  2.594 0.4000000060
27249  -28.240  -47.077  10.934 0.6000000238
27302  -29.363  -46.956  9.087 0.6000000238
27344  -35.486  -47.175  6.705 0.6999999881
27361  -36.021  -47.548  6.070 0.6000000238
27402  -23.450  -47.403  2.852 0.5000000000
28461  -24.716  -44.988  4.476 0.6000000238
28479  -24.632  -45.718  3.771 0.6000000238
28480  -24.674  -45.709  3.776 0.6000000238
29402  -27.939  -45.557  12.354 0.5000000000
29452  -29.581  -45.758  9.701 0.6000000238
29466  -29.010  -45.513  8.428 0.5000000000
29530  -24.822  -44.557  5.157 0.6000000238
29542  -25.306  -44.325  4.364 0.6000000238
30539  -29.782  -44.693  11.537 0.6999999881
30553  -23.808  -44.646  10.372 0.4000000060
30656  -25.247  -43.558  4.716 0.6000000238
30700  -28.694  -44.241  -0.269 0.6999999881
30702  -30.018  -45.086  -0.142 0.6999999881
30718  -30.405  -45.536  -1.202 0.6000000238
31652  -26.215  -42.866  6.584 0.6000000238
31653  -26.872  -42.742  7.163 0.6000000238
31674  -25.767  -42.748  6.004 0.6000000238
31691  -25.005  -43.221  4.977 0.6000000238
31736  -28.729  -44.244  -0.408 0.6999999881
32747  -35.359  -41.997  5.346 0.8000000119
32788  -27.530  -43.203  -0.099 0.8000000119
32798  -32.325  -42.375  -1.439 0.4000000060
33849  -26.954  -41.868  0.104 0.8000000119
34773  -31.207  -40.558  13.008 0.6999999881
34909  -26.656  -40.597  1.036 0.8000000119
34910  -27.330  -40.841  1.149 0.8000000119
34929  -30.284  -40.725  0.769 0.8000000119
35917  -36.196  -39.105  5.750 0.8000000119
36775  -30.077  -38.248  14.509 0.5000000000
36789  -28.696  -38.759  14.562 0.4000000060
36792  -31.747  -38.181  13.655 0.6000000238
36893  -27.194  -37.940  2.137 0.8999999762
36936  -26.382  -38.358  0.903 0.6999999881
36946  -26.585  -39.200  0.606 0.6999999881
37956  -26.578  -38.002  1.701 0.8000000119
37974  -27.668  -37.014  0.191 0.6999999881
38950  -31.159  -36.625  14.493 0.6000000238
38970  -31.723  -36.767  13.974 0.6000000238
39126  -32.235  -35.872  0.098 0.4000000060
40051  -30.013  -35.114  12.898 0.3000000119
41205  -32.936  -34.700  13.420 0.3000000119
41241  -29.292  -34.733  11.734 0.3000000119
42497  -26.152  -33.213  0.588 0.8000000119
43524  -32.815  -32.029  1.773 0.8000000119
44565  -25.862  -30.487  1.151 0.8000000119
44581  -25.761  -30.860  0.975 0.8000000119
45631  -25.632  -30.086  0.945 0.8000000119
46643  -25.847  -29.830  0.981 0.8000000119
46644  -26.648  -29.619  1.151 0.8000000119
46659  -27.146  -29.377  0.824 0.6999999881
47664  -31.795  -28.666  2.462 0.6000000238
47667  -34.722  -28.296  2.270 0.5000000000
47675  -27.432  -29.268  0.320 0.6999999881
48620  -29.155  -27.030  -1.433 0.6999999881
48634  -29.899  -26.647  -2.223 0.6000000238
49564  -30.610  -25.430  -1.976 0.5000000000
51538  -31.532  -24.493  -2.782 0.5000000000
104675  -30.877  -33.224  8.515 0.3000000119
107658  -35.328  -44.169  2.740 0.6999999881
110748  -35.763  -45.912  6.180 0.6999999881
112710  -29.108  -30.297  1.930 0.8000000119
113139  -33.647  -44.980  1.600 0.6999999881
113367  -26.333  -38.030  1.173 0.8999999762
113540  -26.760  -50.501  7.117 0.4000000060
114514  -33.033  -48.001  7.622 0.5000000000
114895  -29.388  -28.966  1.117 0.6999999881
115759  -37.593  -20.176  4.615 0.3000000119
115771  -31.210  -36.185  -0.394 0.6000000238
116353  -25.156  -50.654  5.551 0.3000000119
117210  -35.722  -42.747  3.319 0.6999999881
121117  -26.343  -37.603  0.987 0.8999999762
121687  -30.099  -33.623  8.891 0.3000000119
122126  -35.954  -40.989  2.673 0.8000000119
122453  -23.281  -47.467  2.899 0.4000000060
122708  -31.490  -32.950  1.516 0.8000000119
123508  -28.739  -48.220  8.420 0.5000000000
124629  -29.370  -40.062  14.524 0.5000000000
124659  -33.096  -39.400  10.161 0.6999999881
125051  -35.634  -43.063  2.945 0.6999999881
125550  -25.680  -29.936  0.956 0.8000000119
125918  -33.412  -51.105  7.195 0.5000000000
126607  -34.488  -47.582  1.857 0.6000000238
