#!ascii label  , from subject sub-v2s3x28820_ses-1 vox2ras=TkReg
1532
132474  14.324  -27.491  90.669 0.0000000000
70272  46.565  -6.544  66.602 0.0000000000
54974  31.509  -20.748  81.331 0.0000000000
58090  41.350  -17.758  84.237 0.0000000000
51486  26.340  -23.265  82.173 0.0000000000
51324  24.394  -23.449  93.711 0.0000000000
74595  57.828  -1.817  60.035 0.0000000000
74486  55.624  -1.755  68.897 0.0000000000
63639  39.301  -11.827  74.248 0.0000000000
81544  63.186  4.963  53.576 0.0000000000
130846  30.067  -19.209  85.777 0.0000000000
131729  19.400  -25.363  91.336 0.0000000000
143205  56.436  -2.368  64.862 0.0000000000
73532  52.211  -3.274  63.392 0.0000000000
68050  47.300  -8.260  71.072 0.0000000000
71262  50.575  -5.003  72.076 0.0000000000
65784  43.837  -10.368  70.007 0.0000000000
57141  36.519  -18.380  77.564 0.0000000000
54953  36.161  -20.380  82.331 0.0000000000
142587  26.674  -19.458  87.383 0.0000000000
53675  28.317  -21.140  94.187 0.0000000000
51421  25.808  -23.743  88.028 0.0000000000
47815  20.414  -26.493  87.226 0.0000000000
56055  26.861  -19.222  80.914 0.0000000000
73582  62.376  -3.780  59.787 0.0000000000
74514  62.004  -2.530  65.691 0.0000000000
145079  50.531  -3.827  67.666 0.0000000000
143150  42.629  -8.606  76.194 0.0000000000
60434  41.418  -15.548  79.478 0.0000000000
75619  60.160  -1.815  55.783 0.0000000000
77475  65.137  0.206  56.178 0.0000000000
75670  63.594  -1.509  51.572 0.0000000000
57000  30.233  -18.302  90.386 0.0000000000
47773  16.512  -26.398  90.939 0.0000000000
50151  18.773  -23.930  94.684 0.0000000000
124699  16.661  -25.408  93.687 0.0000000000
74588  51.787  -2.691  61.300 0.0000000000
68009  48.001  -8.437  74.164 0.0000000000
69090  49.312  -7.521  74.195 0.0000000000
44591  10.315  -29.463  94.758 0.0000000000
67006  43.585  -9.779  67.463 0.0000000000
55035  31.316  -20.830  78.648 0.0000000000
124468  33.742  -20.577  79.007 0.0000000000
54972  33.977  -20.566  81.981 0.0000000000
53792  26.105  -21.350  84.755 0.0000000000
53748  26.390  -21.409  88.435 0.0000000000
50249  26.199  -24.013  84.877 0.0000000000
53828  25.839  -20.972  81.092 0.0000000000
56003  26.489  -19.239  83.980 0.0000000000
145965  26.886  -22.899  94.513 0.0000000000
132737  60.264  -2.716  60.070 0.0000000000
74567  62.528  -2.470  63.049 0.0000000000
75547  59.132  -1.630  62.225 0.0000000000
74508  56.207  -2.568  67.286 0.0000000000
127609  58.405  -2.272  67.481 0.0000000000
71377  46.218  -5.454  64.656 0.0000000000
72479  48.881  -4.675  65.515 0.0000000000
71315  48.445  -5.160  66.802 0.0000000000
65749  38.194  -10.147  72.933 0.0000000000
66963  40.733  -9.167  72.240 0.0000000000
65729  40.417  -9.841  75.442 0.0000000000
58115  39.097  -17.798  81.136 0.0000000000
59226  38.652  -16.492  78.357 0.0000000000
58112  41.432  -16.639  81.478 0.0000000000
127902  56.920  -1.678  57.957 0.0000000000
75634  58.000  -1.107  55.767 0.0000000000
74637  59.049  -2.240  57.556 0.0000000000
73600  61.370  -3.079  57.973 0.0000000000
77505  60.611  0.108  51.704 0.0000000000
79485  64.419  3.150  52.578 0.0000000000
144562  65.336  -0.505  53.546 0.0000000000
78478  64.897  2.520  54.720 0.0000000000
54940  30.489  -20.164  83.499 0.0000000000
54921  33.640  -20.264  84.918 0.0000000000
132289  32.921  -19.489  87.502 0.0000000000
50172  21.550  -24.195  91.701 0.0000000000
48948  23.670  -24.307  96.172 0.0000000000
50138  20.865  -23.540  95.882 0.0000000000
128654  55.582  -1.591  60.090 0.0000000000
75541  56.702  -1.757  62.415 0.0000000000
74585  54.249  -1.938  61.812 0.0000000000
74539  54.189  -3.028  64.207 0.0000000000
129621  53.791  -3.351  65.834 0.0000000000
69127  47.145  -7.445  69.123 0.0000000000
71287  48.746  -5.638  69.258 0.0000000000
70217  48.918  -6.890  71.540 0.0000000000
61723  38.080  -13.904  72.953 0.0000000000
58088  43.687  -17.375  84.757 0.0000000000
45639  12.493  -28.660  91.209 0.0000000000
127058  14.347  -26.484  94.007 0.0000000000
45610  12.136  -28.088  94.257 0.0000000000
125387  44.427  -7.456  65.513 0.0000000000
128178  45.341  -8.476  67.837 0.0000000000
66974  46.158  -9.054  71.038 0.0000000000
66912  46.048  -9.120  73.771 0.0000000000
128405  34.395  -19.631  76.271 0.0000000000
56067  36.337  -19.427  79.556 0.0000000000
56009  39.322  -19.169  83.764 0.0000000000
54919  35.619  -20.492  84.958 0.0000000000
54884  38.739  -20.425  86.673 0.0000000000
56989  28.275  -18.408  91.074 0.0000000000
124831  28.469  -20.189  92.050 0.0000000000
122972  26.467  -19.344  90.327 0.0000000000
53718  26.125  -21.387  90.708 0.0000000000
51375  25.016  -23.788  90.823 0.0000000000
142596  24.197  -26.168  85.149 0.0000000000
49039  23.434  -25.825  87.562 0.0000000000
50183  22.717  -24.733  90.299 0.0000000000
47782  19.943  -26.142  88.987 0.0000000000
47801  17.497  -26.581  88.357 0.0000000000
46727  14.412  -27.303  88.448 0.0000000000
55037  29.517  -20.364  78.256 0.0000000000
56088  26.822  -18.965  78.877 0.0000000000
54991  29.025  -20.061  80.516 0.0000000000
56013  28.945  -19.547  83.550 0.0000000000
55970  28.339  -18.674  86.388 0.0000000000
71385  62.519  -5.539  64.249 0.0000000000
74534  58.574  -1.673  65.034 0.0000000000
72513  49.354  -3.852  62.934 0.0000000000
73505  51.416  -3.671  65.537 0.0000000000
73470  53.028  -2.662  68.402 0.0000000000
72409  49.828  -4.483  69.373 0.0000000000
74466  52.004  -2.845  70.186 0.0000000000
65786  41.256  -10.795  69.824 0.0000000000
128023  43.989  -9.132  73.316 0.0000000000
67978  45.154  -8.059  76.481 0.0000000000
130131  38.746  -15.589  76.298 0.0000000000
61687  41.299  -14.121  76.786 0.0000000000
59157  44.399  -15.878  82.719 0.0000000000
124687  43.736  -14.251  79.770 0.0000000000
63611  42.720  -12.395  77.284 0.0000000000
65687  43.194  -10.082  78.109 0.0000000000
68999  44.813  -7.924  78.816 0.0000000000
148282  61.946  1.014  54.465 0.0000000000
75629  62.524  -1.282  55.400 0.0000000000
74632  64.154  -2.188  58.336 0.0000000000
54816  30.330  -19.467  91.709 0.0000000000
46696  15.361  -26.947  90.414 0.0000000000
48995  17.160  -25.651  92.428 0.0000000000
136526  15.531  -26.520  92.041 0.0000000000
67993  48.123  -8.378  75.216 0.0000000000
69055  48.767  -7.937  75.551 0.0000000000
41244  9.214  -32.623  93.244 0.0000000000
55010  31.361  -20.913  79.384 0.0000000000
140721  32.499  -20.865  79.830 0.0000000000
144784  32.311  -20.689  81.323 0.0000000000
52667  26.218  -22.557  83.632 0.0000000000
52637  26.375  -22.407  85.220 0.0000000000
51462  26.320  -23.492  83.942 0.0000000000
52715  26.026  -22.312  79.969 0.0000000000
52690  26.199  -22.446  81.832 0.0000000000
53801  25.957  -21.395  83.200 0.0000000000
51337  25.204  -23.411  93.319 0.0000000000
51297  25.655  -24.074  95.925 0.0000000000
74594  58.728  -1.933  60.415 0.0000000000
74582  59.842  -1.932  61.704 0.0000000000
74583  58.905  -1.790  61.320 0.0000000000
74497  55.963  -2.342  68.145 0.0000000000
130062  57.363  -2.204  68.523 0.0000000000
71357  46.366  -5.821  65.420 0.0000000000
130128  47.244  -5.508  65.657 0.0000000000
71335  47.690  -5.566  66.442 0.0000000000
63650  38.246  -11.926  73.295 0.0000000000
64681  38.976  -10.919  74.014 0.0000000000
65740  39.075  -9.928  73.892 0.0000000000
64663  40.095  -11.270  75.092 0.0000000000
58099  40.410  -17.941  83.068 0.0000000000
58113  40.598  -17.055  81.770 0.0000000000
58098  41.180  -17.478  83.286 0.0000000000
75570  57.161  -1.793  59.343 0.0000000000
74638  57.744  -1.943  58.017 0.0000000000
133516  58.039  -2.044  58.992 0.0000000000
126027  58.978  -2.304  58.985 0.0000000000
145413  62.137  3.779  52.594 0.0000000000
81555  64.092  4.491  52.878 0.0000000000
79476  65.092  3.104  53.650 0.0000000000
79478  64.229  3.387  54.189 0.0000000000
55998  30.845  -19.720  85.059 0.0000000000
54903  31.858  -19.980  85.099 0.0000000000
55967  31.561  -19.395  86.795 0.0000000000
131055  20.687  -24.392  91.918 0.0000000000
51327  20.800  -22.952  94.862 0.0000000000
50162  20.136  -24.029  93.120 0.0000000000
50140  18.563  -24.177  95.210 0.0000000000
48983  19.713  -24.877  95.259 0.0000000000
75561  53.884  -1.676  60.208 0.0000000000
75552  54.910  -1.701  61.255 0.0000000000
74597  53.303  -1.874  60.784 0.0000000000
145914  51.964  -3.127  62.686 0.0000000000
142156  53.224  -2.734  62.709 0.0000000000
73531  52.864  -3.285  63.954 0.0000000000
73516  53.972  -3.300  65.021 0.0000000000
73518  52.651  -3.454  64.659 0.0000000000
69118  47.417  -7.544  69.825 0.0000000000
70226  48.087  -7.051  70.160 0.0000000000
69106  48.476  -7.553  71.872 0.0000000000
75589  54.493  -1.368  58.930 0.0000000000
45631  12.464  -28.426  92.633 0.0000000000
44616  11.459  -29.416  92.501 0.0000000000
68100  44.070  -8.191  65.809 0.0000000000
68079  45.089  -8.227  66.990 0.0000000000
68090  44.310  -8.615  66.584 0.0000000000
65804  43.896  -10.201  69.091 0.0000000000
66996  44.439  -9.624  68.667 0.0000000000
66976  44.647  -9.840  70.416 0.0000000000
66959  45.556  -9.427  71.559 0.0000000000
130616  45.033  -9.680  71.962 0.0000000000
55084  32.843  -20.227  75.704 0.0000000000
54970  35.200  -20.439  81.095 0.0000000000
56053  35.738  -19.978  79.954 0.0000000000
56039  36.527  -19.867  81.127 0.0000000000
57083  38.351  -18.985  81.952 0.0000000000
56011  37.784  -19.843  82.995 0.0000000000
131702  34.553  -20.078  86.277 0.0000000000
54920  34.636  -20.386  84.923 0.0000000000
54887  35.695  -20.364  86.577 0.0000000000
126084  38.163  -20.476  88.460 0.0000000000
55945  39.948  -19.897  87.208 0.0000000000
142506  27.117  -18.724  88.501 0.0000000000
56991  26.806  -18.845  90.247 0.0000000000
55915  26.504  -19.260  89.454 0.0000000000
51405  26.180  -22.995  88.226 0.0000000000
53749  26.282  -21.660  89.084 0.0000000000
51406  25.857  -23.399  88.875 0.0000000000
51374  25.571  -23.317  90.598 0.0000000000
50197  25.180  -24.084  89.381 0.0000000000
49089  24.628  -26.019  83.506 0.0000000000
47846  20.776  -26.603  85.828 0.0000000000
146550  22.448  -26.581  85.916 0.0000000000
47813  21.990  -26.335  87.388 0.0000000000
125108  23.163  -25.255  89.079 0.0000000000
47797  21.853  -25.994  88.202 0.0000000000
49020  21.479  -25.353  89.563 0.0000000000
47798  20.251  -26.386  88.071 0.0000000000
143374  15.725  -26.803  88.358 0.0000000000
55056  29.744  -20.530  76.957 0.0000000000
56123  28.185  -19.597  76.696 0.0000000000
56071  25.771  -19.649  79.984 0.0000000000
148045  26.759  -19.011  79.562 0.0000000000
56069  27.724  -19.248  79.254 0.0000000000
56041  27.733  -19.362  81.367 0.0000000000
56028  28.972  -19.767  82.695 0.0000000000
56030  27.141  -19.175  82.530 0.0000000000
54904  26.361  -19.725  85.368 0.0000000000
55988  27.395  -18.907  85.254 0.0000000000
55953  26.897  -19.170  86.719 0.0000000000
57035  27.912  -18.456  88.097 0.0000000000
127738  28.548  -21.301  92.806 0.0000000000
125961  14.800  -25.554  95.393 0.0000000000
48954  15.697  -25.092  95.407 0.0000000000
72528  63.509  -4.131  61.358 0.0000000000
74553  62.401  -2.091  64.000 0.0000000000
73530  63.209  -3.389  63.985 0.0000000000
72470  62.667  -4.466  65.099 0.0000000000
72472  61.394  -4.707  66.249 0.0000000000
75532  57.036  -1.886  63.227 0.0000000000
75531  57.892  -1.648  63.341 0.0000000000
74535  57.813  -1.808  64.680 0.0000000000
146586  60.250  -2.327  68.013 0.0000000000
72459  49.631  -4.343  66.746 0.0000000000
142828  49.940  -4.034  65.597 0.0000000000
73493  50.897  -3.747  66.318 0.0000000000
147782  51.958  -3.343  67.243 0.0000000000
73482  51.698  -3.293  67.947 0.0000000000
71276  49.432  -5.631  70.734 0.0000000000
71286  49.240  -5.128  69.300 0.0000000000
71275  50.171  -4.871  70.979 0.0000000000
65787  40.295  -10.596  69.762 0.0000000000
66916  41.870  -8.462  74.654 0.0000000000
66944  41.959  -8.819  73.019 0.0000000000
68031  42.732  -8.544  74.107 0.0000000000
66914  44.250  -8.835  74.139 0.0000000000
67996  44.042  -8.435  75.621 0.0000000000
57168  35.415  -18.564  75.577 0.0000000000
58171  36.650  -17.558  76.378 0.0000000000
60436  39.899  -15.869  79.057 0.0000000000
59257  38.226  -16.089  76.760 0.0000000000
60462  39.914  -15.392  77.566 0.0000000000
123041  39.992  -14.743  76.057 0.0000000000
61662  41.707  -14.889  78.271 0.0000000000
59137  44.263  -16.802  84.242 0.0000000000
62646  44.558  -12.944  80.115 0.0000000000
62652  43.376  -13.379  78.453 0.0000000000
64600  43.499  -11.571  78.235 0.0000000000
64601  43.049  -10.812  77.923 0.0000000000
65678  44.142  -10.639  79.340 0.0000000000
75620  59.352  -1.719  55.923 0.0000000000
75638  60.926  -0.913  54.715 0.0000000000
76561  62.233  -0.204  54.641 0.0000000000
75618  61.821  -1.664  55.503 0.0000000000
73594  61.519  -3.345  58.677 0.0000000000
74633  62.981  -2.741  57.758 0.0000000000
73593  63.496  -2.979  58.857 0.0000000000
74610  64.749  -2.784  59.324 0.0000000000
76579  62.447  -0.728  52.139 0.0000000000
76559  65.596  0.362  55.038 0.0000000000
129342  65.611  -1.332  55.340 0.0000000000
75614  65.382  -1.076  56.948 0.0000000000
57033  30.140  -18.469  88.253 0.0000000000
147748  31.491  -18.659  89.177 0.0000000000
57017  31.072  -18.499  90.003 0.0000000000
145352  18.115  -25.923  91.134 0.0000000000
48994  18.989  -24.981  92.372 0.0000000000
48985  18.101  -25.250  92.630 0.0000000000
50152  18.090  -24.772  93.717 0.0000000000
50141  18.113  -24.501  94.781 0.0000000000
73551  50.965  -3.029  61.307 0.0000000000
73542  50.800  -3.423  62.678 0.0000000000
69100  47.791  -8.321  72.644 0.0000000000
69099  48.511  -7.860  72.748 0.0000000000
69091  48.675  -7.967  73.719 0.0000000000
70159  49.950  -7.043  75.559 0.0000000000
44617  10.835  -29.948  92.950 0.0000000000
42353  9.965  -31.352  92.754 0.0000000000
43462  9.417  -30.918  94.146 0.0000000000
67029  43.027  -9.333  66.018 0.0000000000
65806  42.512  -10.845  68.407 0.0000000000
126528  32.500  -20.498  76.944 0.0000000000
129834  32.830  -20.784  79.108 0.0000000000
54987  34.372  -20.548  80.564 0.0000000000
126655  35.594  -20.504  82.795 0.0000000000
131286  26.406  -20.123  86.116 0.0000000000
128175  26.557  -20.160  87.134 0.0000000000
53766  26.489  -21.119  86.429 0.0000000000
51435  26.309  -23.209  86.667 0.0000000000
51436  25.926  -23.941  87.220 0.0000000000
124981  19.737  -26.554  86.755 0.0000000000
125953  18.194  -26.539  86.054 0.0000000000
53843  25.735  -21.145  79.550 0.0000000000
54978  25.778  -19.925  81.310 0.0000000000
140052  26.320  -19.260  82.446 0.0000000000
53810  25.810  -20.436  82.560 0.0000000000
135466  26.000  -20.142  84.653 0.0000000000
53668  28.080  -21.769  94.494 0.0000000000
73583  61.075  -3.295  59.946 0.0000000000
73548  61.808  -3.137  61.342 0.0000000000
73549  61.137  -2.577  61.455 0.0000000000
74568  61.584  -1.899  62.968 0.0000000000
74554  61.337  -1.644  63.897 0.0000000000
74520  56.017  -2.688  65.469 0.0000000000
74507  57.428  -2.325  66.518 0.0000000000
127057  57.322  -2.440  67.416 0.0000000000
74496  58.568  -2.235  68.549 0.0000000000
72506  48.313  -4.447  63.581 0.0000000000
71376  47.535  -5.138  65.038 0.0000000000
72460  48.961  -4.739  66.366 0.0000000000
72440  49.871  -4.276  67.648 0.0000000000
72374  51.021  -4.201  71.787 0.0000000000
65773  38.097  -9.670  70.931 0.0000000000
123226  39.887  -9.644  71.001 0.0000000000
66964  39.707  -9.171  72.455 0.0000000000
66928  40.214  -8.869  73.726 0.0000000000
66906  41.525  -8.731  75.502 0.0000000000
58137  37.884  -17.746  79.162 0.0000000000
58155  37.428  -17.310  77.543 0.0000000000
59196  39.173  -16.964  79.936 0.0000000000
59195  39.806  -16.555  80.279 0.0000000000
59193  41.167  -16.216  80.713 0.0000000000
75624  56.047  -0.691  56.727 0.0000000000
76546  56.650  -0.430  56.204 0.0000000000
75604  57.268  -1.552  57.040 0.0000000000
75603  58.317  -1.922  57.186 0.0000000000
74648  59.829  -2.126  56.446 0.0000000000
74647  60.689  -2.357  56.555 0.0000000000
123603  60.079  -2.669  58.072 0.0000000000
73595  60.826  -3.188  59.217 0.0000000000
138428  61.046  1.921  52.558 0.0000000000
77501  61.954  0.547  52.472 0.0000000000
76569  63.192  -0.180  52.448 0.0000000000
76568  64.440  -0.647  52.625 0.0000000000
77498  64.993  1.087  52.909 0.0000000000
77495  65.481  1.675  54.471 0.0000000000
77481  65.076  0.862  55.728 0.0000000000
125922  31.220  -20.583  82.211 0.0000000000
54957  32.749  -20.519  82.735 0.0000000000
147878  31.766  -20.379  83.551 0.0000000000
55983  33.052  -19.819  86.154 0.0000000000
55946  34.151  -19.678  88.037 0.0000000000
51340  22.476  -23.423  93.278 0.0000000000
51299  23.739  -23.850  96.306 0.0000000000
51313  22.104  -23.193  95.535 0.0000000000
48949  22.513  -24.202  96.126 0.0000000000
50139  19.715  -23.778  95.459 0.0000000000
48966  20.644  -24.357  95.631 0.0000000000
75559  56.124  -1.621  60.306 0.0000000000
142827  57.265  -1.666  60.740 0.0000000000
75550  56.443  -1.645  60.958 0.0000000000
75542  55.885  -1.866  62.294 0.0000000000
74571  55.300  -2.191  62.884 0.0000000000
74586  53.398  -2.090  61.532 0.0000000000
74559  54.631  -2.600  63.487 0.0000000000
132592  55.002  -2.781  64.313 0.0000000000
74521  55.250  -2.981  65.156 0.0000000000
73490  54.449  -3.121  66.467 0.0000000000
73479  54.187  -2.803  67.366 0.0000000000
70257  46.881  -6.796  67.388 0.0000000000
70256  47.559  -6.269  67.724 0.0000000000
70235  47.741  -6.825  69.214 0.0000000000
70225  48.775  -6.424  70.624 0.0000000000
70216  49.296  -6.234  71.297 0.0000000000
70204  49.080  -7.196  72.382 0.0000000000
70203  49.684  -6.676  72.914 0.0000000000
71245  50.262  -5.825  72.593 0.0000000000
62684  39.105  -13.318  74.025 0.0000000000
123161  42.137  -17.640  84.906 0.0000000000
75606  55.440  -0.898  57.296 0.0000000000
130706  55.620  -1.306  57.982 0.0000000000
75588  55.832  -1.559  58.740 0.0000000000
81559  60.496  4.768  53.400 0.0000000000
81546  61.818  5.354  54.410 0.0000000000
45648  13.302  -28.194  90.313 0.0000000000
46680  14.142  -27.319  92.228 0.0000000000
46681  13.424  -27.727  92.300 0.0000000000
46676  13.047  -27.596  93.507 0.0000000000
47718  13.111  -26.751  95.554 0.0000000000
44590  11.081  -29.091  94.296 0.0000000000
70286  45.609  -6.392  65.487 0.0000000000
70287  44.805  -6.766  65.171 0.0000000000
70273  45.847  -6.820  66.262 0.0000000000
69143  45.746  -7.842  67.432 0.0000000000
69129  45.993  -8.119  68.263 0.0000000000
68058  46.384  -8.536  69.982 0.0000000000
67005  44.262  -9.429  67.845 0.0000000000
68065  45.737  -8.874  69.503 0.0000000000
129014  46.679  -8.586  70.730 0.0000000000
68041  46.994  -8.747  72.527 0.0000000000
68030  46.802  -8.923  73.473 0.0000000000
67994  46.532  -8.681  75.235 0.0000000000
57142  35.950  -18.820  77.249 0.0000000000
55052  34.039  -20.242  77.446 0.0000000000
56086  35.547  -19.607  78.359 0.0000000000
57113  36.876  -18.802  79.147 0.0000000000
57101  37.683  -18.630  80.381 0.0000000000
57082  38.931  -18.598  82.291 0.0000000000
57069  39.992  -18.786  84.138 0.0000000000
123735  33.936  -20.469  83.377 0.0000000000
123940  34.858  -20.514  83.332 0.0000000000
54918  36.396  -20.520  84.431 0.0000000000
146413  36.830  -20.520  87.627 0.0000000000
54885  37.244  -20.572  86.099 0.0000000000
54916  37.938  -20.353  84.734 0.0000000000
55982  38.901  -20.027  85.082 0.0000000000
55980  40.421  -19.319  85.861 0.0000000000
57060  40.902  -18.641  85.441 0.0000000000
55895  28.781  -18.912  91.684 0.0000000000
148156  28.523  -19.133  91.969 0.0000000000
55867  27.825  -19.361  92.288 0.0000000000
54769  27.705  -20.031  93.426 0.0000000000
53733  26.335  -20.671  89.156 0.0000000000
54820  26.228  -20.333  91.056 0.0000000000
53693  26.622  -20.931  92.945 0.0000000000
53694  26.066  -22.134  92.405 0.0000000000
129518  25.185  -23.429  92.220 0.0000000000
51338  24.574  -23.676  92.531 0.0000000000
50261  25.830  -24.914  83.748 0.0000000000
49057  25.370  -25.218  85.442 0.0000000000
49047  25.084  -25.286  86.293 0.0000000000
47843  23.274  -26.464  85.510 0.0000000000
129326  23.998  -25.776  87.076 0.0000000000
50214  24.698  -24.945  88.171 0.0000000000
123214  24.103  -24.697  89.777 0.0000000000
135053  23.620  -24.595  90.439 0.0000000000
50159  23.024  -23.851  91.991 0.0000000000
123164  22.079  -24.482  90.940 0.0000000000
50184  21.119  -24.675  90.911 0.0000000000
125869  19.898  -25.519  90.578 0.0000000000
125537  18.931  -26.551  87.789 0.0000000000
124304  19.016  -26.372  89.086 0.0000000000
47771  18.660  -26.243  89.939 0.0000000000
47785  17.147  -26.540  89.462 0.0000000000
47787  15.830  -26.771  89.918 0.0000000000
46710  14.544  -27.352  89.349 0.0000000000
45661  13.295  -28.126  89.463 0.0000000000
45662  12.730  -28.589  89.840 0.0000000000
55055  30.568  -20.669  76.982 0.0000000000
55036  30.362  -20.652  78.472 0.0000000000
55011  30.583  -20.755  79.379 0.0000000000
56087  27.925  -19.349  78.401 0.0000000000
125867  29.700  -20.380  79.975 0.0000000000
54990  29.735  -20.415  80.799 0.0000000000
54960  29.761  -20.226  82.318 0.0000000000
54941  29.751  -20.021  83.111 0.0000000000
126659  29.300  -19.182  85.207 0.0000000000
141003  27.239  -19.082  83.720 0.0000000000
126912  28.009  -18.941  84.648 0.0000000000
55969  29.323  -18.740  86.492 0.0000000000
57034  29.131  -18.417  88.179 0.0000000000
57001  29.405  -18.200  90.316 0.0000000000
147794  15.474  -26.045  93.442 0.0000000000
50143  17.104  -24.553  95.247 0.0000000000
73539  63.618  -4.018  62.831 0.0000000000
75539  58.454  -1.535  62.713 0.0000000000
75529  59.556  -1.429  63.528 0.0000000000
74533  60.420  -1.572  65.095 0.0000000000
74517  58.891  -1.825  66.057 0.0000000000
74505  60.456  -2.054  67.304 0.0000000000
73488  61.330  -3.366  66.822 0.0000000000
73543  49.489  -3.662  62.152 0.0000000000
73534  50.695  -3.586  63.385 0.0000000000
72505  49.116  -4.071  63.683 0.0000000000
73519  50.468  -3.751  64.188 0.0000000000
123345  51.828  -3.587  64.748 0.0000000000
73504  52.320  -3.546  65.433 0.0000000000
73480  53.300  -2.932  67.562 0.0000000000
74499  53.911  -2.423  68.256 0.0000000000
71302  48.816  -5.314  68.556 0.0000000000
72427  49.278  -4.776  68.055 0.0000000000
72425  50.385  -3.993  69.058 0.0000000000
72392  50.700  -4.034  70.713 0.0000000000
73454  51.229  -3.396  70.291 0.0000000000
73473  50.891  -3.557  68.858 0.0000000000
73462  52.083  -2.842  69.351 0.0000000000
74476  53.386  -1.980  69.907 0.0000000000
142216  41.217  -11.292  68.454 0.0000000000
65769  42.598  -10.571  70.519 0.0000000000
135582  41.243  -9.892  71.029 0.0000000000
139266  42.621  -9.642  71.702 0.0000000000
66961  43.419  -9.760  71.766 0.0000000000
66924  44.746  -9.272  73.485 0.0000000000
68012  45.823  -8.837  74.626 0.0000000000
67977  46.281  -8.174  76.140 0.0000000000
59243  37.785  -16.670  77.165 0.0000000000
60509  38.376  -15.149  74.614 0.0000000000
61714  39.424  -13.860  74.649 0.0000000000
62674  40.707  -12.995  75.376 0.0000000000
58097  42.857  -17.387  83.483 0.0000000000
59174  43.148  -16.502  81.822 0.0000000000
60420  42.547  -15.655  80.342 0.0000000000
61626  44.100  -14.918  81.172 0.0000000000
61649  42.583  -14.919  79.214 0.0000000000
61673  42.252  -14.271  77.901 0.0000000000
62666  41.789  -13.175  76.458 0.0000000000
63627  41.018  -12.149  75.687 0.0000000000
64643  41.247  -11.398  76.081 0.0000000000
65707  42.284  -10.162  77.046 0.0000000000
134173  42.430  -9.172  76.881 0.0000000000
66861  44.291  -9.397  79.334 0.0000000000
67941  43.845  -8.740  78.138 0.0000000000
67955  43.655  -8.448  76.942 0.0000000000
67953  45.057  -7.755  77.437 0.0000000000
79473  62.295  4.203  54.950 0.0000000000
79479  62.904  2.702  54.411 0.0000000000
123455  62.659  1.593  54.460 0.0000000000
76560  63.261  0.212  54.833 0.0000000000
76545  64.663  -0.423  56.568 0.0000000000
74646  61.739  -2.240  56.258 0.0000000000
75616  64.142  -1.306  56.868 0.0000000000
75615  64.951  -0.923  57.244 0.0000000000
75584  65.162  -1.897  58.331 0.0000000000
54841  29.416  -20.307  90.639 0.0000000000
47774  14.887  -27.187  90.930 0.0000000000
133296  15.592  -26.700  91.172 0.0000000000
47765  14.887  -26.996  91.708 0.0000000000
67975  48.225  -8.132  76.055 0.0000000000
124662  31.117  -20.905  79.863 0.0000000000
123554  32.141  -20.849  80.593 0.0000000000
51474  26.370  -23.350  83.045 0.0000000000
147662  26.296  -22.912  84.163 0.0000000000
52679  26.238  -22.467  82.698 0.0000000000
51323  25.144  -23.470  94.637 0.0000000000
51310  25.925  -23.782  95.484 0.0000000000
51311  24.529  -23.641  95.803 0.0000000000
75557  58.021  -1.703  60.991 0.0000000000
74485  56.712  -1.700  69.305 0.0000000000
71336  46.897  -5.970  66.162 0.0000000000
70271  47.284  -6.150  66.901 0.0000000000
63649  38.776  -11.801  73.765 0.0000000000
64664  39.488  -11.119  74.649 0.0000000000
63638  39.853  -11.941  74.723 0.0000000000
58091  40.833  -17.935  83.743 0.0000000000
74612  58.598  -2.069  59.647 0.0000000000
81568  62.982  5.070  52.751 0.0000000000
80490  63.926  4.624  53.119 0.0000000000
80485  64.448  3.958  53.598 0.0000000000
80486  63.766  4.303  53.703 0.0000000000
55985  31.216  -19.554  85.854 0.0000000000
55968  30.724  -19.225  86.469 0.0000000000
49001  20.261  -24.962  91.219 0.0000000000
49002  19.821  -24.674  92.158 0.0000000000
74613  53.051  -1.783  60.014 0.0000000000
123516  52.188  -3.455  64.133 0.0000000000
68057  47.059  -8.127  70.287 0.0000000000
69114  47.674  -7.704  70.644 0.0000000000
69107  47.902  -7.894  71.430 0.0000000000
44632  11.538  -29.546  91.599 0.0000000000
123217  43.705  -7.812  65.158 0.0000000000
143732  43.461  -8.404  65.490 0.0000000000
68091  43.598  -8.865  66.072 0.0000000000
123382  44.846  -9.757  71.254 0.0000000000
144428  43.978  -10.242  71.028 0.0000000000
54969  35.968  -20.305  81.532 0.0000000000
56027  36.708  -20.015  81.885 0.0000000000
54952  36.943  -20.160  82.655 0.0000000000
125942  34.943  -19.968  87.656 0.0000000000
54888  35.023  -20.145  86.848 0.0000000000
54858  35.728  -20.227  88.189 0.0000000000
55933  26.610  -19.218  88.420 0.0000000000
54877  26.543  -19.719  87.978 0.0000000000
51390  25.699  -23.358  89.773 0.0000000000
50213  25.237  -24.305  88.553 0.0000000000
147786  21.240  -26.532  86.745 0.0000000000
47814  21.128  -26.349  87.712 0.0000000000
49030  20.966  -25.984  88.631 0.0000000000
56056  25.985  -19.490  80.731 0.0000000000
56070  26.331  -19.184  80.125 0.0000000000
137181  27.397  -19.197  80.067 0.0000000000
56042  26.961  -19.186  81.816 0.0000000000
54890  26.614  -19.641  86.379 0.0000000000
55972  26.778  -19.266  85.778 0.0000000000
57036  26.968  -18.913  87.667 0.0000000000
53692  28.537  -21.123  93.784 0.0000000000
48941  14.463  -25.242  96.524 0.0000000000
48940  15.357  -24.847  96.324 0.0000000000
73562  62.904  -3.943  60.523 0.0000000000
73561  63.795  -4.028  60.561 0.0000000000
74531  62.483  -2.613  64.918 0.0000000000
73515  62.829  -3.515  64.729 0.0000000000
73501  62.320  -3.587  65.639 0.0000000000
72471  62.053  -4.583  65.737 0.0000000000
141251  61.818  -3.214  66.249 0.0000000000
74557  56.503  -2.206  64.017 0.0000000000
74556  57.413  -1.861  64.012 0.0000000000
74536  57.106  -2.075  64.764 0.0000000000
72458  50.343  -3.961  66.981 0.0000000000
72477  50.110  -4.026  66.219 0.0000000000
130607  51.150  -3.571  67.240 0.0000000000
73483  50.987  -3.514  68.126 0.0000000000
126164  49.596  -4.990  70.056 0.0000000000
65788  39.310  -10.363  69.710 0.0000000000
66926  42.122  -8.546  73.762 0.0000000000
68015  42.663  -8.460  74.824 0.0000000000
68014  43.373  -8.580  74.519 0.0000000000
67997  43.174  -8.438  75.405 0.0000000000
57157  36.327  -18.216  76.790 0.0000000000
57167  36.123  -18.068  75.980 0.0000000000
58156  36.852  -17.729  77.163 0.0000000000
60435  40.630  -15.694  79.271 0.0000000000
60449  39.687  -15.749  78.380 0.0000000000
60448  40.345  -15.514  78.500 0.0000000000
61663  40.916  -15.137  77.940 0.0000000000
60447  41.161  -15.335  78.739 0.0000000000
62636  44.719  -12.952  81.075 0.0000000000
63594  44.382  -12.323  79.510 0.0000000000
64590  44.448  -11.408  79.843 0.0000000000
64591  44.068  -11.501  78.970 0.0000000000
75632  59.676  -1.244  55.234 0.0000000000
75631  60.494  -1.359  55.136 0.0000000000
75639  60.161  -0.724  54.808 0.0000000000
75630  61.183  -1.402  55.096 0.0000000000
74655  60.988  -1.876  55.659 0.0000000000
138372  61.648  -3.549  59.466 0.0000000000
128558  62.383  -3.563  59.087 0.0000000000
73581  63.370  -3.684  59.739 0.0000000000
75671  62.721  -1.201  51.645 0.0000000000
75688  63.093  -1.416  50.770 0.0000000000
75687  63.996  -1.723  50.660 0.0000000000
76552  65.439  0.044  55.990 0.0000000000
137814  65.601  -0.369  55.519 0.0000000000
141903  65.534  -0.671  56.255 0.0000000000
76543  65.292  -0.432  56.563 0.0000000000
57018  29.700  -18.242  89.229 0.0000000000
139631  30.462  -18.345  89.233 0.0000000000
47762  17.424  -26.144  91.058 0.0000000000
124993  17.709  -25.774  91.734 0.0000000000
144536  16.705  -25.635  93.004 0.0000000000
48986  17.387  -25.232  93.351 0.0000000000
48970  17.199  -25.022  94.072 0.0000000000
73565  50.179  -3.181  60.938 0.0000000000
73550  51.371  -3.153  62.156 0.0000000000
123825  50.351  -3.370  61.921 0.0000000000
68028  48.116  -8.266  73.316 0.0000000000
42368  10.089  -31.719  91.881 0.0000000000
146929  9.180  -31.465  94.101 0.0000000000
42345  8.798  -31.378  94.786 0.0000000000
130994  31.697  -20.709  77.842 0.0000000000
55054  32.456  -20.630  77.690 0.0000000000
55034  32.231  -20.764  78.461 0.0000000000
140368  33.583  -20.609  80.995 0.0000000000
141454  33.466  -20.704  79.937 0.0000000000
54971  34.559  -20.530  81.474 0.0000000000
54955  34.800  -20.519  82.373 0.0000000000
53777  26.225  -20.592  85.465 0.0000000000
134332  26.356  -21.575  85.606 0.0000000000
51448  26.330  -23.429  85.655 0.0000000000
52613  26.466  -22.350  86.120 0.0000000000
51449  26.053  -24.131  86.365 0.0000000000
143807  25.894  -21.435  80.395 0.0000000000
54992  25.682  -20.258  80.441 0.0000000000
53816  25.809  -20.674  81.826 0.0000000000
54962  25.830  -19.706  82.073 0.0000000000
142518  25.996  -21.709  83.994 0.0000000000
125248  25.877  -20.697  83.963 0.0000000000
52501  26.910  -22.111  94.143 0.0000000000
138257  27.634  -22.749  94.567 0.0000000000
73564  61.043  -2.983  60.699 0.0000000000
74592  60.413  -2.402  61.118 0.0000000000
74581  60.826  -2.099  62.035 0.0000000000
74569  60.230  -1.629  62.890 0.0000000000
127739  56.459  -2.599  66.429 0.0000000000
74484  58.714  -2.000  69.737 0.0000000000
72496  46.867  -5.023  64.259 0.0000000000
71334  48.159  -5.103  65.862 0.0000000000
72441  49.118  -4.725  67.218 0.0000000000
132956  37.398  -9.862  71.458 0.0000000000
65759  37.897  -9.705  71.995 0.0000000000
124758  38.793  -9.440  72.279 0.0000000000
65748  38.884  -9.556  73.165 0.0000000000
65730  39.833  -10.286  74.949 0.0000000000
65739  39.602  -9.540  74.275 0.0000000000
66917  40.203  -9.177  74.659 0.0000000000
134975  40.891  -8.873  75.113 0.0000000000
66897  41.153  -9.565  75.964 0.0000000000
58126  38.131  -17.990  79.966 0.0000000000
58136  38.524  -17.367  79.555 0.0000000000
58125  38.799  -17.592  80.354 0.0000000000
59177  40.159  -16.818  81.001 0.0000000000
59176  40.735  -16.565  81.129 0.0000000000
59194  40.463  -16.300  80.540 0.0000000000
75605  56.294  -1.278  57.320 0.0000000000
75623  56.655  -1.082  56.575 0.0000000000
74628  58.582  -2.202  58.189 0.0000000000
75602  59.152  -2.055  56.765 0.0000000000
74636  59.825  -2.417  57.305 0.0000000000
74627  59.390  -2.437  58.198 0.0000000000
74611  59.348  -2.282  59.808 0.0000000000
122876  59.924  -2.652  58.967 0.0000000000
133480  63.411  2.883  52.451 0.0000000000
140141  62.136  2.624  52.544 0.0000000000
78485  62.670  1.655  52.515 0.0000000000
77500  63.037  0.743  52.500 0.0000000000
137542  63.844  1.887  52.469 0.0000000000
77499  64.161  0.805  52.547 0.0000000000
78484  64.769  1.999  52.664 0.0000000000
79477  64.862  3.266  54.149 0.0000000000
78481  65.358  2.239  53.661 0.0000000000
78477  65.164  2.514  54.466 0.0000000000
78473  65.101  1.603  55.184 0.0000000000
77489  64.866  1.668  55.249 0.0000000000
126654  31.172  -20.412  83.109 0.0000000000
54939  31.214  -20.231  83.872 0.0000000000
55984  32.190  -19.704  85.991 0.0000000000
54902  32.824  -20.039  85.407 0.0000000000
55965  33.373  -19.667  86.853 0.0000000000
146676  33.597  -19.612  87.532 0.0000000000
50160  21.983  -23.766  92.396 0.0000000000
51326  21.720  -23.056  94.649 0.0000000000
51314  21.026  -23.089  95.555 0.0000000000
48950  21.473  -23.978  96.128 0.0000000000
48965  21.909  -24.696  95.440 0.0000000000
50164  18.630  -24.604  93.463 0.0000000000
50163  19.307  -24.290  93.366 0.0000000000
75560  55.593  -1.626  60.745 0.0000000000
74584  55.071  -1.876  62.091 0.0000000000
74587  52.633  -2.407  61.499 0.0000000000
145119  52.955  -2.071  61.142 0.0000000000
74560  53.584  -3.068  63.773 0.0000000000
134110  53.817  -2.692  63.113 0.0000000000
146616  54.063  -2.858  63.640 0.0000000000
74538  54.609  -3.127  64.839 0.0000000000
73502  54.589  -3.218  65.586 0.0000000000
73491  53.565  -3.219  66.692 0.0000000000
70246  47.177  -7.019  68.344 0.0000000000
69113  48.317  -7.284  71.045 0.0000000000
69098  49.206  -7.403  73.274 0.0000000000
70189  50.347  -6.125  73.453 0.0000000000
147349  50.780  -5.378  73.335 0.0000000000
62698  38.193  -12.881  73.102 0.0000000000
133523  38.579  -13.669  73.563 0.0000000000
76532  54.725  -0.427  57.333 0.0000000000
75607  54.733  -1.034  58.019 0.0000000000
75572  55.208  -1.528  59.442 0.0000000000
140221  55.171  -1.390  58.626 0.0000000000
75571  56.190  -1.649  59.551 0.0000000000
82509  61.156  5.275  53.794 0.0000000000
45649  12.760  -28.532  90.575 0.0000000000
45638  13.134  -28.213  91.096 0.0000000000
45630  12.874  -28.228  91.952 0.0000000000
45623  12.418  -28.185  93.417 0.0000000000
46682  12.960  -27.918  92.784 0.0000000000
131758  12.629  -27.735  93.990 0.0000000000
46665  13.081  -27.330  94.237 0.0000000000
46666  12.529  -27.583  94.642 0.0000000000
44605  10.563  -29.720  93.850 0.0000000000
44604  11.291  -29.278  93.401 0.0000000000
71358  45.756  -5.854  64.929 0.0000000000
70295  45.173  -6.192  64.716 0.0000000000
69192  44.071  -7.122  64.807 0.0000000000
69177  45.162  -7.130  65.866 0.0000000000
69161  46.179  -7.207  67.000 0.0000000000
135756  45.459  -7.503  66.624 0.0000000000
68064  46.191  -8.336  69.102 0.0000000000
67017  43.394  -9.477  66.647 0.0000000000
67016  44.046  -9.226  67.069 0.0000000000
66986  45.248  -9.388  69.914 0.0000000000
66995  45.106  -9.258  69.077 0.0000000000
68059  45.888  -9.029  70.275 0.0000000000
145639  46.282  -8.798  70.504 0.0000000000
68051  46.827  -8.697  71.531 0.0000000000
66940  46.209  -9.198  72.899 0.0000000000
68011  46.656  -8.906  74.331 0.0000000000
56140  34.609  -19.241  75.602 0.0000000000
56121  35.048  -19.197  76.307 0.0000000000
147655  33.605  -20.455  77.796 0.0000000000
55032  34.018  -20.396  78.179 0.0000000000
56052  36.421  -19.628  80.356 0.0000000000
56068  35.629  -19.807  79.175 0.0000000000
56085  36.233  -19.233  78.746 0.0000000000
57102  37.042  -19.052  79.944 0.0000000000
57112  37.503  -18.390  79.556 0.0000000000
56025  38.435  -19.251  82.613 0.0000000000
57075  39.138  -18.883  83.008 0.0000000000
57074  39.818  -18.541  83.387 0.0000000000
127765  33.390  -20.388  84.004 0.0000000000
123734  33.242  -20.461  83.304 0.0000000000
140057  35.176  -20.492  84.219 0.0000000000
146914  35.774  -20.521  84.314 0.0000000000
54937  35.841  -20.517  83.698 0.0000000000
54873  38.416  -20.482  87.556 0.0000000000
134952  37.842  -20.592  86.809 0.0000000000
54896  38.201  -20.461  85.796 0.0000000000
54897  37.425  -20.530  85.359 0.0000000000
54895  39.177  -20.196  85.965 0.0000000000
55964  39.875  -19.820  86.311 0.0000000000
55896  26.823  -18.978  91.113 0.0000000000
55877  27.525  -18.965  91.842 0.0000000000
55878  26.902  -19.307  91.805 0.0000000000
55868  27.378  -19.657  92.555 0.0000000000
54819  26.483  -19.570  91.133 0.0000000000
53758  26.491  -21.230  87.544 0.0000000000
127794  26.471  -20.430  88.175 0.0000000000
53734  26.226  -21.502  89.778 0.0000000000
53707  26.132  -21.127  91.798 0.0000000000
52528  25.870  -22.479  91.275 0.0000000000
51356  25.390  -23.399  91.375 0.0000000000
51357  24.658  -23.856  91.490 0.0000000000
49073  24.430  -26.106  84.348 0.0000000000
148590  25.342  -25.376  84.819 0.0000000000
49058  24.675  -25.725  85.681 0.0000000000
47861  22.157  -26.636  84.199 0.0000000000
47844  22.154  -26.673  85.152 0.0000000000
47812  22.810  -26.242  87.142 0.0000000000
144571  23.406  -26.093  86.924 0.0000000000
135472  24.122  -25.446  87.853 0.0000000000
50198  24.551  -24.705  89.056 0.0000000000
49017  24.152  -25.149  88.529 0.0000000000
50199  23.323  -24.889  89.678 0.0000000000
50170  23.848  -24.233  91.238 0.0000000000
50171  22.960  -24.353  91.060 0.0000000000
49021  20.698  -25.657  89.471 0.0000000000
122965  21.018  -25.215  90.155 0.0000000000
125519  20.417  -25.486  90.124 0.0000000000
49010  20.546  -25.164  90.587 0.0000000000
49022  19.938  -25.831  89.816 0.0000000000
145364  18.571  -26.587  86.536 0.0000000000
123737  18.897  -26.596  87.042 0.0000000000
47800  18.528  -26.513  88.401 0.0000000000
47784  18.115  -26.443  89.214 0.0000000000
126463  17.855  -26.393  89.921 0.0000000000
46740  15.036  -26.955  87.983 0.0000000000
47803  15.773  -26.837  89.157 0.0000000000
46726  15.117  -27.063  88.787 0.0000000000
46709  15.215  -27.044  89.651 0.0000000000
45674  13.146  -27.978  88.618 0.0000000000
45675  12.633  -28.462  88.972 0.0000000000
147161  29.422  -20.371  77.573 0.0000000000
135469  30.112  -20.584  77.677 0.0000000000
55012  29.604  -20.360  79.099 0.0000000000
56108  27.095  -19.081  78.027 0.0000000000
56107  28.099  -19.492  77.542 0.0000000000
135493  28.660  -19.754  79.770 0.0000000000
54976  29.751  -20.355  81.574 0.0000000000
56012  29.797  -19.762  83.949 0.0000000000
56000  28.964  -19.291  84.476 0.0000000000
56016  26.131  -19.405  83.241 0.0000000000
56015  26.759  -19.155  83.166 0.0000000000
140143  28.097  -18.779  85.753 0.0000000000
55986  28.955  -18.861  85.787 0.0000000000
55951  28.663  -18.541  87.217 0.0000000000
57020  27.747  -18.412  89.189 0.0000000000
57019  28.729  -18.260  89.166 0.0000000000
57002  28.494  -18.249  90.167 0.0000000000
56988  29.141  -18.495  91.112 0.0000000000
53717  28.658  -20.734  91.158 0.0000000000
50121  24.173  -24.018  96.404 0.0000000000
48946  25.056  -24.078  96.161 0.0000000000
48947  24.520  -24.257  96.184 0.0000000000
47736  14.230  -26.893  93.110 0.0000000000
123043  14.916  -26.445  93.307 0.0000000000
47735  15.081  -25.994  93.959 0.0000000000
50126  16.965  -24.205  95.937 0.0000000000
48953  16.494  -24.733  95.315 0.0000000000
50125  17.485  -24.433  95.650 0.0000000000
50124  17.843  -24.504  95.424 0.0000000000
50109  17.778  -24.709  96.112 0.0000000000
73541  62.693  -3.218  62.237 0.0000000000
143247  63.306  -3.573  62.632 0.0000000000
72504  63.238  -4.370  64.280 0.0000000000
75549  57.221  -1.631  61.593 0.0000000000
75540  57.570  -1.644  62.529 0.0000000000
75516  58.275  -1.629  64.136 0.0000000000
75530  58.764  -1.490  63.483 0.0000000000
75515  59.330  -1.488  64.386 0.0000000000
128524  59.576  -1.637  65.540 0.0000000000
139808  58.331  -2.054  66.569 0.0000000000
74504  60.909  -2.657  67.087 0.0000000000
138742  60.869  -3.459  67.461 0.0000000000
72451  61.109  -4.200  66.944 0.0000000000
72514  48.726  -3.947  62.288 0.0000000000
72529  48.865  -3.741  61.598 0.0000000000
122852  50.114  -3.607  62.796 0.0000000000
73520  49.903  -3.782  63.578 0.0000000000
72494  48.813  -4.474  64.535 0.0000000000
73506  50.573  -3.844  65.580 0.0000000000
72492  50.167  -3.907  64.971 0.0000000000
122943  50.981  -3.738  64.826 0.0000000000
73481  52.469  -3.110  67.786 0.0000000000
144241  52.687  -3.308  66.950 0.0000000000
70244  48.293  -6.056  68.859 0.0000000000
143601  48.168  -5.771  68.075 0.0000000000
71301  49.391  -4.793  68.756 0.0000000000
72426  49.846  -4.360  68.534 0.0000000000
73453  52.107  -2.889  71.244 0.0000000000
73463  51.404  -3.258  69.464 0.0000000000
64732  40.856  -11.152  69.081 0.0000000000
64731  41.827  -11.205  69.014 0.0000000000
125848  42.210  -10.886  69.855 0.0000000000
65757  40.455  -9.499  71.465 0.0000000000
66925  42.970  -8.875  73.250 0.0000000000
66962  41.781  -9.255  72.118 0.0000000000
136687  42.762  -9.285  72.385 0.0000000000
65755  43.039  -10.176  71.112 0.0000000000
66943  43.715  -9.429  72.545 0.0000000000
66942  44.721  -9.527  72.689 0.0000000000
68013  44.820  -8.642  74.940 0.0000000000
67995  45.574  -8.489  75.529 0.0000000000
59227  38.051  -16.920  77.934 0.0000000000
60478  38.956  -15.730  77.148 0.0000000000
59274  38.058  -15.955  75.924 0.0000000000
60510  37.859  -15.775  75.100 0.0000000000
60493  38.571  -15.410  75.453 0.0000000000
61688  40.603  -14.416  76.422 0.0000000000
61701  39.706  -14.330  75.351 0.0000000000
61700  40.355  -13.957  75.690 0.0000000000
62675  40.021  -13.453  75.008 0.0000000000
62667  41.039  -13.628  76.063 0.0000000000
124819  43.066  -17.600  85.093 0.0000000000
58089  42.880  -17.535  84.336 0.0000000000
59146  44.362  -16.331  83.340 0.0000000000
59158  43.813  -16.566  82.607 0.0000000000
60406  42.846  -16.038  81.033 0.0000000000
60405  43.624  -15.696  81.378 0.0000000000
62637  44.327  -13.737  80.317 0.0000000000
61636  44.470  -14.027  81.161 0.0000000000
61637  43.900  -14.587  80.476 0.0000000000
61638  43.133  -15.002  79.827 0.0000000000
61648  43.193  -14.278  79.046 0.0000000000
137959  42.426  -14.626  78.616 0.0000000000
63602  43.280  -12.474  77.908 0.0000000000
62658  42.773  -13.387  77.669 0.0000000000
63618  42.176  -12.295  76.719 0.0000000000
62673  41.329  -12.874  75.859 0.0000000000
63619  41.602  -12.203  76.208 0.0000000000
64626  41.829  -11.473  76.601 0.0000000000
144382  42.731  -10.291  77.631 0.0000000000
66881  42.823  -9.659  77.576 0.0000000000
136759  44.549  -9.882  80.430 0.0000000000
66851  44.635  -9.333  80.110 0.0000000000
67926  44.584  -8.873  79.521 0.0000000000
67940  44.399  -8.535  78.792 0.0000000000
67954  44.363  -8.095  78.066 0.0000000000
130189  44.330  -8.099  77.172 0.0000000000
75622  57.268  -1.082  56.163 0.0000000000
76557  57.487  -0.445  55.771 0.0000000000
77492  61.344  0.842  54.648 0.0000000000
123147  61.818  1.850  54.655 0.0000000000
76555  62.842  -0.639  55.058 0.0000000000
76554  64.007  -0.140  55.593 0.0000000000
75628  63.501  -1.008  55.835 0.0000000000
74635  60.704  -2.754  57.553 0.0000000000
74634  61.723  -2.782  57.231 0.0000000000
74644  63.590  -2.054  57.312 0.0000000000
75601  64.637  -1.543  57.814 0.0000000000
75600  65.055  -1.432  57.822 0.0000000000
75585  64.884  -1.909  58.462 0.0000000000
73578  65.073  -2.764  59.166 0.0000000000
77503  60.286  0.550  52.054 0.0000000000
77514  60.345  0.135  51.063 0.0000000000
76581  60.876  -0.251  51.259 0.0000000000
140583  65.104  0.121  53.196 0.0000000000
55893  30.249  -18.921  91.938 0.0000000000
141285  15.932  -26.652  90.525 0.0000000000
47763  16.851  -26.039  91.679 0.0000000000
47764  16.135  -26.337  91.641 0.0000000000
47747  16.264  -26.043  92.388 0.0000000000
48987  16.062  -25.839  93.205 0.0000000000
55009  31.991  -20.872  79.209 0.0000000000
124614  31.733  -20.950  79.875 0.0000000000
123555  32.789  -20.665  80.998 0.0000000000
52652  26.205  -22.379  84.407 0.0000000000
131495  26.341  -23.223  84.687 0.0000000000
147500  26.289  -23.770  84.438 0.0000000000
52705  26.125  -22.237  80.922 0.0000000000
132444  25.999  -21.639  81.598 0.0000000000
131334  25.996  -21.570  82.297 0.0000000000
126031  26.055  -22.975  94.165 0.0000000000
52492  27.003  -23.608  94.916 0.0000000000
50119  26.611  -23.981  95.437 0.0000000000
50120  26.178  -24.163  95.697 0.0000000000
74593  59.575  -2.161  60.733 0.0000000000
148497  46.820  -5.391  65.009 0.0000000000
64682  38.368  -11.015  73.491 0.0000000000
65741  38.628  -10.280  73.562 0.0000000000
65731  39.313  -10.361  74.437 0.0000000000
65720  40.298  -10.713  75.469 0.0000000000
57090  39.395  -18.019  81.888 0.0000000000
58114  39.804  -17.397  81.478 0.0000000000
58107  40.109  -17.655  82.240 0.0000000000
58106  40.718  -17.395  82.564 0.0000000000
58105  41.294  -17.114  82.369 0.0000000000
75587  56.624  -1.704  58.714 0.0000000000
75586  57.319  -1.854  58.617 0.0000000000
80495  63.456  4.552  52.630 0.0000000000
79486  63.836  3.889  52.484 0.0000000000
80489  64.425  4.192  53.063 0.0000000000
54924  30.598  -19.920  84.280 0.0000000000
141406  31.294  -20.051  84.518 0.0000000000
133838  32.140  -19.374  87.541 0.0000000000
50161  21.056  -23.825  92.711 0.0000000000
51341  21.434  -23.426  93.605 0.0000000000
50149  20.457  -23.430  94.096 0.0000000000
51315  20.196  -23.132  95.412 0.0000000000
141909  18.487  -24.389  94.358 0.0000000000
128051  18.931  -23.795  95.318 0.0000000000
75573  54.406  -1.536  59.675 0.0000000000
146322  54.803  -1.604  60.357 0.0000000000
74596  54.080  -1.756  60.999 0.0000000000
74575  52.229  -2.854  62.087 0.0000000000
134387  52.955  -2.571  62.150 0.0000000000
74574  52.609  -2.959  62.712 0.0000000000
74561  53.066  -3.040  63.278 0.0000000000
73517  53.418  -3.290  64.472 0.0000000000
73503  53.188  -3.429  65.243 0.0000000000
70190  49.861  -6.905  73.776 0.0000000000
44631  11.984  -29.144  91.191 0.0000000000
45640  12.101  -28.887  92.013 0.0000000000
45632  11.938  -28.835  92.974 0.0000000000
68089  44.732  -7.817  66.248 0.0000000000
68080  44.677  -8.849  67.422 0.0000000000
66997  43.765  -9.988  68.272 0.0000000000
66987  44.551  -9.788  69.520 0.0000000000
66975  45.411  -9.437  70.740 0.0000000000
66958  46.241  -9.120  71.984 0.0000000000
66941  45.558  -9.435  72.389 0.0000000000
66923  45.442  -9.356  73.222 0.0000000000
56141  33.724  -19.868  75.841 0.0000000000
55008  34.397  -20.501  79.705 0.0000000000
55007  35.117  -20.251  79.592 0.0000000000
54986  35.085  -20.390  80.275 0.0000000000
56040  35.818  -20.168  80.735 0.0000000000
56051  37.147  -19.305  80.745 0.0000000000
56038  37.165  -19.576  81.439 0.0000000000
56026  37.618  -19.558  82.119 0.0000000000
56010  38.572  -19.502  83.395 0.0000000000
54901  34.184  -20.135  85.624 0.0000000000
54900  34.973  -20.308  85.650 0.0000000000
54899  35.747  -20.432  85.848 0.0000000000
129854  39.012  -20.284  88.331 0.0000000000
54883  39.410  -20.173  86.684 0.0000000000
57003  27.577  -18.463  90.161 0.0000000000
57021  26.916  -18.780  89.296 0.0000000000
52571  26.358  -22.220  87.929 0.0000000000
52572  26.248  -22.378  88.669 0.0000000000
52554  26.130  -22.494  89.400 0.0000000000
52540  26.011  -22.474  90.242 0.0000000000
51391  25.073  -23.922  90.156 0.0000000000
49074  23.601  -26.401  84.553 0.0000000000
47845  21.328  -26.633  85.279 0.0000000000
126568  21.687  -26.600  85.918 0.0000000000
47829  22.192  -26.515  86.591 0.0000000000
49040  22.704  -25.904  87.900 0.0000000000
49029  23.468  -25.496  88.409 0.0000000000
126671  22.589  -25.571  88.678 0.0000000000
49019  22.417  -25.159  89.488 0.0000000000
123129  21.740  -25.574  88.929 0.0000000000
124967  16.630  -26.642  87.839 0.0000000000
47802  16.469  -26.671  88.661 0.0000000000
130047  28.893  -20.150  77.027 0.0000000000
55038  28.804  -19.984  77.928 0.0000000000
56089  26.016  -19.234  79.334 0.0000000000
56054  28.114  -19.452  80.668 0.0000000000
54977  28.822  -19.912  81.297 0.0000000000
56029  28.071  -19.406  82.114 0.0000000000
56014  27.895  -19.289  83.110 0.0000000000
133454  26.241  -19.563  84.542 0.0000000000
55989  26.629  -19.249  84.877 0.0000000000
55971  27.418  -18.842  86.144 0.0000000000
55952  27.612  -18.691  87.013 0.0000000000
143541  14.287  -26.213  94.854 0.0000000000
48973  14.749  -25.965  94.539 0.0000000000
50127  16.241  -24.467  96.159 0.0000000000
74566  62.939  -2.718  63.745 0.0000000000
74530  62.849  -2.783  64.308 0.0000000000
71366  62.906  -5.216  64.640 0.0000000000
72491  62.363  -5.010  65.227 0.0000000000
71347  61.765  -5.061  65.556 0.0000000000
74495  59.665  -2.367  68.502 0.0000000000
144600  48.693  -4.157  62.992 0.0000000000
72478  49.485  -4.338  65.963 0.0000000000
130383  49.472  -4.232  65.189 0.0000000000
148235  51.900  -3.522  66.387 0.0000000000
73471  52.245  -2.947  68.573 0.0000000000
71277  49.023  -5.640  69.924 0.0000000000
72393  50.112  -4.439  70.149 0.0000000000
74465  52.736  -2.414  71.042 0.0000000000
64733  39.909  -10.946  69.014 0.0000000000
66945  40.975  -8.811  72.966 0.0000000000
66915  43.462  -8.766  73.839 0.0000000000
125268  43.953  -8.552  74.917 0.0000000000
139869  44.752  -8.386  75.802 0.0000000000
59225  39.253  -16.128  78.761 0.0000000000
59242  38.441  -16.282  77.563 0.0000000000
60463  39.123  -15.933  77.976 0.0000000000
60477  39.513  -15.291  76.604 0.0000000000
61675  40.754  -14.827  77.150 0.0000000000
61674  41.490  -14.550  77.536 0.0000000000
122941  44.738  -15.986  85.055 0.0000000000
60360  44.781  -15.757  84.086 0.0000000000
60377  44.710  -15.359  83.292 0.0000000000
62647  44.028  -13.400  79.345 0.0000000000
63595  43.864  -12.461  78.659 0.0000000000
63610  42.923  -11.587  77.613 0.0000000000
65686  43.611  -10.717  78.569 0.0000000000
75633  58.815  -1.159  55.464 0.0000000000
76556  58.335  -0.439  55.446 0.0000000000
76563  60.671  -0.234  54.633 0.0000000000
76562  61.379  -0.348  54.594 0.0000000000
126389  61.718  0.326  54.517 0.0000000000
75637  61.812  -0.998  54.856 0.0000000000
73599  62.226  -3.224  58.209 0.0000000000
74625  64.597  -2.449  58.986 0.0000000000
73592  64.305  -2.957  59.415 0.0000000000
76580  61.476  -0.343  51.965 0.0000000000
76599  61.473  -0.590  51.066 0.0000000000
147216  62.031  -0.829  51.600 0.0000000000
76598  62.262  -0.987  50.864 0.0000000000
76566  65.588  0.310  53.969 0.0000000000
132667  65.550  -0.628  54.447 0.0000000000
130961  65.465  -2.476  54.409 0.0000000000
140825  30.118  -18.887  86.644 0.0000000000
55949  30.699  -18.862  87.349 0.0000000000
55932  31.063  -18.612  88.543 0.0000000000
135714  30.771  -19.020  92.063 0.0000000000
123019  18.794  -25.881  90.794 0.0000000000
49003  18.538  -25.554  91.634 0.0000000000
48969  18.427  -24.740  95.383 0.0000000000
135584  51.410  -3.358  63.051 0.0000000000
131818  47.500  -8.351  71.874 0.0000000000
142893  48.077  -8.054  72.098 0.0000000000
69077  48.728  -8.007  74.665 0.0000000000
69076  49.350  -7.555  75.108 0.0000000000
43477  11.014  -30.084  92.024 0.0000000000
43495  10.622  -30.936  91.468 0.0000000000
43478  10.478  -30.752  92.422 0.0000000000
43461  10.060  -30.593  93.414 0.0000000000
42354  9.528  -31.598  93.476 0.0000000000
43449  9.821  -30.154  94.355 0.0000000000
44579  9.540  -29.849  95.244 0.0000000000
65821  43.085  -10.381  67.895 0.0000000000
65805  43.235  -10.512  68.708 0.0000000000
138697  43.336  -10.578  69.408 0.0000000000
55033  33.147  -20.639  78.229 0.0000000000
54954  35.395  -20.470  81.938 0.0000000000
52588  26.471  -22.216  87.069 0.0000000000
51420  26.238  -23.069  87.541 0.0000000000
47830  20.431  -26.551  86.514 0.0000000000
47831  19.082  -26.576  86.199 0.0000000000
147852  25.570  -20.129  79.846 0.0000000000
142826  26.205  -19.374  81.557 0.0000000000
54942  25.880  -19.636  82.703 0.0000000000
133179  25.844  -20.106  83.262 0.0000000000
54925  25.960  -19.722  83.933 0.0000000000
73563  61.878  -3.632  60.379 0.0000000000
74580  61.760  -2.490  62.157 0.0000000000
74532  61.942  -1.905  64.866 0.0000000000
74519  56.834  -2.337  65.586 0.0000000000
72507  47.379  -4.658  63.400 0.0000000000
72495  47.863  -4.784  64.326 0.0000000000
72480  48.270  -4.878  65.072 0.0000000000
146251  38.869  -9.843  70.361 0.0000000000
65758  38.962  -9.563  71.198 0.0000000000
141217  39.561  -9.401  71.669 0.0000000000
66946  40.209  -8.948  72.957 0.0000000000
66929  39.536  -9.190  73.450 0.0000000000
66927  41.111  -8.563  73.963 0.0000000000
67998  42.271  -8.525  75.474 0.0000000000
57123  37.308  -18.175  78.723 0.0000000000
58147  37.095  -17.959  77.925 0.0000000000
58146  37.667  -17.534  78.330 0.0000000000
58145  38.281  -17.137  78.733 0.0000000000
59213  38.886  -16.716  79.144 0.0000000000
58124  39.490  -17.193  80.706 0.0000000000
59212  39.501  -16.333  79.518 0.0000000000
59211  40.168  -16.064  79.806 0.0000000000
60422  40.898  -15.912  80.012 0.0000000000
60421  41.703  -15.828  80.159 0.0000000000
144217  57.864  -1.469  56.409 0.0000000000
75621  58.569  -1.604  56.193 0.0000000000
74626  60.716  -3.005  58.384 0.0000000000
78488  59.664  1.065  52.135 0.0000000000
77502  60.968  0.428  52.257 0.0000000000
78486  61.498  1.314  52.525 0.0000000000
76570  62.361  -0.079  52.375 0.0000000000
75651  63.431  -0.981  52.229 0.0000000000
75650  64.284  -1.454  52.189 0.0000000000
126264  63.991  -0.202  52.513 0.0000000000
132413  64.609  0.244  52.763 0.0000000000
79484  65.042  2.726  52.978 0.0000000000
78483  65.179  1.888  53.060 0.0000000000
77497  65.463  1.218  53.605 0.0000000000
144403  65.620  0.974  54.407 0.0000000000
77480  65.286  0.737  55.635 0.0000000000
145752  30.937  -20.668  81.634 0.0000000000
54973  32.123  -20.616  82.029 0.0000000000
54958  31.941  -20.514  82.890 0.0000000000
54938  32.538  -20.399  83.627 0.0000000000
54922  32.695  -20.252  84.561 0.0000000000
54923  31.904  -20.246  84.219 0.0000000000
142609  33.508  -20.027  85.678 0.0000000000
54889  33.822  -19.886  86.263 0.0000000000
54876  34.213  -19.836  87.050 0.0000000000
55948  31.475  -19.071  87.700 0.0000000000
55947  32.547  -19.340  88.154 0.0000000000
140690  33.135  -19.308  89.475 0.0000000000
128958  33.273  -19.456  88.379 0.0000000000
50286  26.250  -24.101  82.481 0.0000000000
51339  23.627  -23.594  92.922 0.0000000000
129259  24.132  -23.300  94.933 0.0000000000
51325  23.063  -23.165  94.456 0.0000000000
51312  23.321  -23.363  95.675 0.0000000000
50122  23.106  -23.930  96.355 0.0000000000
50123  21.957  -23.757  96.161 0.0000000000
48964  23.174  -25.070  95.238 0.0000000000
50150  19.359  -23.497  94.870 0.0000000000
75558  56.834  -1.675  60.157 0.0000000000
143658  56.387  -1.687  61.733 0.0000000000
75551  55.711  -1.699  61.504 0.0000000000
74570  56.170  -2.073  63.089 0.0000000000
74558  55.572  -2.423  63.714 0.0000000000
74573  53.672  -2.361  62.328 0.0000000000
74572  54.453  -2.260  62.624 0.0000000000
74537  55.794  -2.569  64.571 0.0000000000
73489  55.428  -2.951  66.243 0.0000000000
73478  55.146  -2.729  67.237 0.0000000000
74498  54.884  -2.379  68.144 0.0000000000
70245  47.783  -6.391  68.444 0.0000000000
70234  48.449  -6.285  69.666 0.0000000000
71263  49.850  -5.687  71.603 0.0000000000
134334  49.512  -6.453  72.044 0.0000000000
71244  50.976  -4.943  72.947 0.0000000000
62693  38.699  -12.675  73.590 0.0000000000
62692  39.139  -12.474  73.964 0.0000000000
58080  41.984  -17.825  85.698 0.0000000000
58079  42.765  -17.708  85.777 0.0000000000
142354  56.259  -1.526  58.118 0.0000000000
82508  62.031  5.446  53.606 0.0000000000
141882  62.746  5.261  53.676 0.0000000000
46688  13.771  -27.816  90.847 0.0000000000
46687  14.273  -27.444  91.340 0.0000000000
125657  13.598  -27.790  91.628 0.0000000000
46674  13.571  -27.410  92.937 0.0000000000
46675  13.651  -27.079  93.738 0.0000000000
47724  13.616  -26.741  94.695 0.0000000000
47717  13.863  -26.037  95.745 0.0000000000
45624  11.730  -28.645  93.826 0.0000000000
46667  11.942  -27.871  95.074 0.0000000000
46660  12.413  -27.295  95.495 0.0000000000
47713  13.100  -26.245  96.493 0.0000000000
70285  46.227  -6.287  65.985 0.0000000000
69142  46.441  -7.489  67.849 0.0000000000
69128  46.613  -7.739  68.706 0.0000000000
69119  46.797  -7.965  69.507 0.0000000000
142197  43.848  -9.051  66.584 0.0000000000
68071  44.927  -9.075  68.243 0.0000000000
68070  45.545  -8.678  68.679 0.0000000000
68029  47.500  -8.575  73.349 0.0000000000
68010  47.283  -8.765  74.031 0.0000000000
144756  47.362  -8.707  74.831 0.0000000000
67976  47.351  -8.376  75.871 0.0000000000
57158  35.716  -18.686  76.487 0.0000000000
55071  33.100  -20.300  76.469 0.0000000000
55070  33.852  -20.095  76.712 0.0000000000
56122  34.598  -19.724  76.929 0.0000000000
55031  34.744  -20.224  78.832 0.0000000000
56106  34.869  -19.889  77.772 0.0000000000
126767  35.578  -19.333  77.678 0.0000000000
57125  36.104  -18.991  77.980 0.0000000000
57124  36.695  -18.578  78.340 0.0000000000
57100  38.391  -18.233  80.774 0.0000000000
57092  37.893  -18.980  81.265 0.0000000000
57091  38.678  -18.412  81.558 0.0000000000
57081  39.653  -18.274  82.635 0.0000000000
57073  40.371  -18.309  83.743 0.0000000000
57068  40.720  -18.331  84.474 0.0000000000
123556  33.016  -20.584  81.792 0.0000000000
146546  34.248  -20.506  82.745 0.0000000000
124983  34.271  -20.441  84.137 0.0000000000
54936  36.373  -20.445  83.111 0.0000000000
147104  36.205  -20.452  86.936 0.0000000000
54886  36.412  -20.511  86.301 0.0000000000
54898  36.581  -20.540  85.390 0.0000000000
127391  37.114  -20.529  84.807 0.0000000000
54917  37.177  -20.421  84.158 0.0000000000
54935  37.119  -20.303  83.417 0.0000000000
55997  37.914  -20.095  83.804 0.0000000000
55996  38.704  -19.757  84.218 0.0000000000
55995  39.480  -19.396  84.578 0.0000000000
55981  39.673  -19.624  85.433 0.0000000000
57061  40.226  -19.051  84.952 0.0000000000
57067  41.419  -18.014  85.133 0.0000000000
54842  28.985  -20.323  90.884 0.0000000000
54818  28.737  -19.546  91.787 0.0000000000
56990  27.466  -18.594  91.088 0.0000000000
55876  28.220  -18.982  92.023 0.0000000000
54792  28.214  -19.551  92.219 0.0000000000
54768  27.838  -19.833  92.894 0.0000000000
54862  26.439  -19.771  88.807 0.0000000000
54843  26.330  -19.830  89.710 0.0000000000
54844  26.260  -20.537  90.131 0.0000000000
137317  26.308  -19.870  90.449 0.0000000000
54793  26.609  -20.015  92.155 0.0000000000
54770  27.283  -20.233  93.312 0.0000000000
54755  27.760  -20.402  94.008 0.0000000000
53677  27.182  -20.980  94.006 0.0000000000
52517  26.538  -22.055  93.432 0.0000000000
127276  25.652  -22.961  91.996 0.0000000000
52518  25.749  -22.902  92.915 0.0000000000
50274  26.229  -24.204  83.373 0.0000000000
142087  26.190  -24.245  84.191 0.0000000000
129855  25.780  -24.854  84.693 0.0000000000
50250  25.954  -24.440  85.531 0.0000000000
129578  25.604  -24.782  86.093 0.0000000000
50239  25.489  -24.695  86.837 0.0000000000
50225  25.319  -24.539  87.695 0.0000000000
126616  22.829  -26.606  84.671 0.0000000000
143769  24.063  -26.077  85.828 0.0000000000
49049  23.703  -26.115  86.368 0.0000000000
49048  24.386  -25.712  86.416 0.0000000000
50226  24.761  -25.252  87.216 0.0000000000
132896  24.645  -24.387  89.795 0.0000000000
49018  23.815  -25.037  89.089 0.0000000000
50182  24.439  -24.289  90.543 0.0000000000
51358  23.987  -23.866  91.973 0.0000000000
132612  22.319  -24.108  91.574 0.0000000000
49009  21.814  -24.928  90.227 0.0000000000
146172  19.361  -25.700  90.734 0.0000000000
47816  19.611  -26.523  87.538 0.0000000000
47799  19.384  -26.450  88.316 0.0000000000
47817  18.219  -26.591  87.628 0.0000000000
47783  19.387  -26.153  89.612 0.0000000000
49011  19.343  -25.941  90.260 0.0000000000
49012  18.034  -26.194  90.539 0.0000000000
47772  17.255  -26.400  90.354 0.0000000000
130175  16.491  -26.580  90.134 0.0000000000
47786  16.331  -26.671  89.488 0.0000000000
46697  14.711  -27.274  90.182 0.0000000000
46711  13.850  -27.691  88.999 0.0000000000
46698  13.983  -27.718  89.989 0.0000000000
44661  12.095  -29.046  89.318 0.0000000000
44646  12.201  -29.064  90.363 0.0000000000
44662  11.532  -29.682  89.710 0.0000000000
124661  31.344  -20.670  77.108 0.0000000000
130974  30.917  -20.715  77.794 0.0000000000
54989  30.520  -20.695  80.274 0.0000000000
55013  28.740  -19.890  78.780 0.0000000000
54975  30.598  -20.666  81.141 0.0000000000
126653  30.453  -20.513  81.912 0.0000000000
54959  30.465  -20.367  82.684 0.0000000000
54961  29.109  -20.003  81.997 0.0000000000
55999  29.943  -19.518  84.790 0.0000000000
56001  28.053  -19.106  83.974 0.0000000000
56002  27.221  -18.997  84.403 0.0000000000
55950  29.690  -18.621  87.313 0.0000000000
55894  29.643  -18.871  91.706 0.0000000000
51298  24.794  -24.114  96.181 0.0000000000
47748  15.518  -26.309  92.820 0.0000000000
124930  16.022  -25.231  94.772 0.0000000000
48971  16.705  -25.036  94.538 0.0000000000
50142  17.483  -24.664  94.829 0.0000000000
141400  62.670  -3.694  61.294 0.0000000000
73547  63.351  -3.828  62.090 0.0000000000
75548  58.210  -1.619  61.883 0.0000000000
75538  59.217  -1.469  62.935 0.0000000000
74555  60.343  -1.425  64.046 0.0000000000
144142  61.142  -1.597  64.707 0.0000000000
129732  61.394  -1.910  65.581 0.0000000000
74518  57.802  -1.945  65.573 0.0000000000
74506  59.455  -1.983  67.263 0.0000000000
136605  59.831  -1.805  66.504 0.0000000000
74516  60.662  -1.884  66.279 0.0000000000
74515  61.444  -2.557  66.375 0.0000000000
72450  61.765  -4.048  66.395 0.0000000000
73552  49.471  -3.483  61.291 0.0000000000
72493  49.642  -3.989  64.375 0.0000000000
73533  51.403  -3.564  63.957 0.0000000000
73492  52.924  -3.450  66.079 0.0000000000
74487  54.684  -1.739  69.201 0.0000000000
71316  47.974  -5.652  67.262 0.0000000000
127913  48.640  -5.216  67.653 0.0000000000
72439  50.414  -3.922  68.316 0.0000000000
72391  51.533  -3.483  71.498 0.0000000000
72408  50.478  -3.966  69.816 0.0000000000
73464  50.839  -3.610  69.482 0.0000000000
73472  51.532  -3.247  68.719 0.0000000000
74477  52.680  -2.376  70.040 0.0000000000
74489  52.792  -2.441  69.208 0.0000000000
74488  53.599  -2.094  69.101 0.0000000000
64745  41.772  -11.155  68.085 0.0000000000
125098  42.702  -10.857  69.229 0.0000000000
65768  43.315  -10.482  70.510 0.0000000000
65772  39.692  -9.963  70.364 0.0000000000
65771  40.659  -10.144  70.555 0.0000000000
65756  42.045  -9.909  71.199 0.0000000000
65770  41.687  -10.486  70.528 0.0000000000
66960  44.324  -9.774  71.859 0.0000000000
66913  45.215  -9.060  74.036 0.0000000000
58170  37.175  -17.082  76.778 0.0000000000
59258  37.594  -16.505  76.358 0.0000000000
61715  38.827  -14.293  74.246 0.0000000000
60492  39.297  -15.063  75.777 0.0000000000
61702  39.096  -14.747  74.981 0.0000000000
62683  39.620  -12.802  74.428 0.0000000000
62682  40.170  -12.660  74.873 0.0000000000
124107  42.004  -17.471  83.879 0.0000000000
125627  42.069  -17.282  82.943 0.0000000000
58096  43.707  -17.057  83.329 0.0000000000
58104  43.004  -17.139  82.631 0.0000000000
59159  42.195  -16.947  82.072 0.0000000000
59175  42.323  -16.491  81.425 0.0000000000
59192  42.012  -16.189  80.821 0.0000000000
61613  44.557  -15.016  82.485 0.0000000000
129973  44.760  -14.117  82.503 0.0000000000
61625  44.522  -14.443  81.851 0.0000000000
60404  44.229  -15.221  81.747 0.0000000000
60419  43.365  -15.361  80.677 0.0000000000
60433  42.218  -15.382  79.660 0.0000000000
62659  42.027  -13.802  77.201 0.0000000000
63628  40.405  -12.045  75.220 0.0000000000
64644  40.621  -11.376  75.611 0.0000000000
65719  40.850  -10.597  75.882 0.0000000000
137279  42.144  -10.945  76.918 0.0000000000
65708  41.539  -10.552  76.503 0.0000000000
132811  41.802  -9.654  76.547 0.0000000000
66896  41.882  -8.955  76.149 0.0000000000
65677  44.483  -10.582  80.295 0.0000000000
136152  44.311  -9.916  79.705 0.0000000000
66862  43.825  -9.859  78.836 0.0000000000
66872  44.031  -9.112  78.767 0.0000000000
66873  43.462  -9.400  78.141 0.0000000000
66880  43.240  -8.906  77.452 0.0000000000
66895  43.017  -8.669  76.768 0.0000000000
130037  43.416  -8.463  76.245 0.0000000000
67979  44.186  -8.305  76.411 0.0000000000
69013  45.721  -7.400  77.823 0.0000000000
69035  45.992  -7.693  76.988 0.0000000000
81545  62.581  5.113  54.412 0.0000000000
80487  63.006  4.437  54.183 0.0000000000
79480  62.474  3.197  54.630 0.0000000000
142098  63.224  3.707  54.209 0.0000000000
78479  63.956  2.327  54.575 0.0000000000
77491  62.522  0.644  54.525 0.0000000000
77490  63.614  1.211  54.693 0.0000000000
77482  64.553  0.800  55.508 0.0000000000
76553  64.964  0.310  56.251 0.0000000000
75617  62.835  -1.815  56.201 0.0000000000
74645  62.549  -2.433  56.859 0.0000000000
76544  65.084  -0.345  56.666 0.0000000000
76531  65.137  -0.960  57.133 0.0000000000
75599  65.255  -1.508  57.646 0.0000000000
74624  64.995  -2.318  58.891 0.0000000000
74623  65.250  -2.409  58.664 0.0000000000
43450  9.179  -30.551  94.922 0.0000000000
47749  14.861  -26.747  92.530 0.0000000000
47828  23.000  -26.432  86.423 0.0000000000
48963  24.282  -24.891  95.468 0.0000000000
48972  15.357  -25.572  94.663 0.0000000000
50153  17.692  -24.827  94.132 0.0000000000
51300  22.553  -23.634  96.109 0.0000000000
51301  21.571  -23.472  95.944 0.0000000000
53669  27.428  -21.758  94.370 0.0000000000
54754  28.103  -20.290  93.727 0.0000000000
54874  36.326  -20.443  87.529 0.0000000000
54875  35.649  -20.285  87.288 0.0000000000
54956  33.545  -20.509  82.665 0.0000000000
54988  31.276  -20.875  80.504 0.0000000000
55053  33.247  -20.445  77.328 0.0000000000
55966  32.550  -19.572  86.777 0.0000000000
55987  28.464  -18.933  85.183 0.0000000000
56105  35.309  -19.273  77.067 0.0000000000
56980  28.065  -18.655  91.634 0.0000000000
56986  30.668  -18.753  91.682 0.0000000000
60391  44.062  -15.886  82.055 0.0000000000
60476  40.194  -15.001  76.740 0.0000000000
61650  41.936  -15.168  78.978 0.0000000000
61661  42.833  -14.034  78.324 0.0000000000
62665  42.404  -13.059  76.981 0.0000000000
64625  42.406  -11.582  77.078 0.0000000000
65696  42.549  -10.891  77.403 0.0000000000
65785  43.029  -10.770  69.942 0.0000000000
73540  63.261  -3.281  63.214 0.0000000000
77488  65.468  1.117  55.020 0.0000000000
77506  59.963  0.513  51.552 0.0000000000
78487  60.534  1.072  52.381 0.0000000000
79482  64.733  3.608  52.998 0.0000000000
79487  63.042  3.855  52.481 0.0000000000
80484  64.723  3.652  53.494 0.0000000000
80494  64.149  4.218  52.719 0.0000000000
81567  63.629  4.716  52.823 0.0000000000
82507  62.567  5.340  53.449 0.0000000000
122890  15.891  -25.578  94.021 0.0000000000
124809  35.180  -20.266  86.242 0.0000000000
127542  62.366  5.387  54.080 0.0000000000
128421  36.582  -20.463  83.761 0.0000000000
129144  12.598  -26.815  96.188 0.0000000000
137878  24.915  -25.762  84.946 0.0000000000
139217  63.352  -5.133  64.041 0.0000000000
139265  41.266  -9.534  71.592 0.0000000000
140053  36.916  -20.577  87.009 0.0000000000
140985  32.894  -20.740  80.441 0.0000000000
143077  43.528  -17.329  83.999 0.0000000000
147166  21.210  -25.624  89.136 0.0000000000
147481  12.953  -27.151  94.903 0.0000000000
148150  43.876  -8.452  77.557 0.0000000000
