#!ascii label  , from subject sub-v2s3x28820_ses-1 vox2ras=TkReg
936
16310  34.487  -56.736  16.167 0.3000000119
21499  38.136  -51.446  13.312 0.6000000238
26071  39.366  -47.861  12.117 0.6999999881
27186  39.196  -47.157  12.516 0.6999999881
16298  34.005  -56.707  17.221 0.4000000060
21442  35.408  -51.877  18.984 0.4000000060
140961  35.593  -55.876  16.872 0.5000000000
16296  35.258  -56.359  16.178 0.5000000000
22722  39.147  -51.315  13.015 0.6999999881
22734  38.752  -51.108  12.160 0.6999999881
22733  39.437  -51.052  11.933 0.5000000000
25043  40.090  -48.219  11.692 0.6000000238
26078  40.005  -47.392  11.792 0.6999999881
28322  39.983  -45.708  12.146 0.6999999881
17218  34.618  -55.453  18.320 0.5000000000
20297  35.753  -52.206  19.087 0.4000000060
17237  34.965  -55.912  17.350 0.6000000238
22670  36.671  -50.861  17.775 0.4000000060
22684  37.676  -50.487  16.620 0.5000000000
18180  36.456  -54.963  17.786 0.6000000238
128167  37.102  -50.644  15.565 0.6000000238
123036  38.289  -50.732  14.660 0.6000000238
18179  37.321  -54.769  17.685 0.6000000238
22708  38.855  -50.857  14.024 0.6000000238
130627  40.344  -50.058  11.566 0.6000000238
124712  40.236  -49.220  11.550 0.6000000238
138040  41.804  -46.831  11.342 0.6999999881
26077  40.827  -47.347  11.501 0.6999999881
27189  41.233  -46.204  11.314 0.6999999881
141354  40.465  -45.888  11.603 0.6999999881
29406  40.101  -44.888  12.374 0.6999999881
29408  41.535  -44.625  10.666 0.6999999881
29409  40.930  -44.516  10.708 0.6999999881
30471  40.599  -43.712  10.233 0.6999999881
29412  41.318  -43.842  10.167 0.6999999881
19224  35.544  -53.468  19.132 0.5000000000
19199  35.023  -53.101  19.395 0.5000000000
21441  36.486  -51.331  18.407 0.4000000060
18157  36.772  -54.116  18.401 0.5000000000
22683  38.595  -50.472  16.574 0.5000000000
139090  38.654  -50.494  15.576 0.6000000238
18156  37.659  -53.998  18.231 0.5000000000
19221  38.848  -53.151  18.340 0.5000000000
21514  39.866  -51.211  12.513 0.6999999881
22741  40.753  -50.613  11.673 0.6000000238
21530  39.248  -51.260  12.229 0.6999999881
26076  41.860  -47.724  11.362 0.6000000238
23918  41.136  -49.683  11.468 0.6000000238
25042  40.955  -48.489  11.445 0.6000000238
124179  43.024  -45.746  11.227 0.6000000238
28325  42.085  -45.301  10.890 0.6999999881
29405  40.409  -44.156  11.471 0.6999999881
29410  42.473  -44.381  10.803 0.6000000238
30475  40.649  -43.142  9.541 0.6999999881
30472  40.019  -43.030  9.653 0.6999999881
29411  42.068  -44.457  10.601 0.6999999881
22657  37.405  -51.170  18.256 0.4000000060
18158  35.796  -54.292  18.625 0.5000000000
20316  36.452  -52.403  18.956 0.4000000060
22656  38.062  -50.818  17.941 0.5000000000
134148  39.313  -50.465  15.932 0.6000000238
19223  36.239  -53.394  18.883 0.4000000060
22707  39.576  -50.681  14.187 0.6000000238
19222  37.091  -53.211  18.675 0.4000000060
20315  37.424  -52.328  18.721 0.4000000060
20314  38.386  -52.206  18.531 0.4000000060
124029  39.138  -51.760  18.377 0.4000000060
21513  40.689  -51.130  12.637 0.6999999881
22731  41.204  -50.957  11.825 0.6000000238
23917  42.239  -49.776  11.470 0.6000000238
26075  42.928  -46.852  11.319 0.6000000238
25041  41.932  -48.816  11.391 0.6000000238
144793  39.724  -43.006  10.350 0.6999999881
30477  40.590  -42.697  9.470 0.6999999881
30470  41.706  -43.436  10.416 0.6000000238
31559  41.194  -42.843  9.655 0.6000000238
21440  37.701  -51.690  18.532 0.4000000060
22668  38.826  -50.752  17.644 0.4000000060
22706  40.415  -50.570  14.482 0.6999999881
21459  39.338  -51.205  18.054 0.4000000060
22720  40.999  -50.748  13.724 0.8000000119
20313  39.760  -52.300  18.329 0.5000000000
21529  41.287  -51.154  12.053 0.6999999881
26074  44.073  -47.547  11.474 0.5000000000
25040  42.747  -49.024  11.436 0.6000000238
31556  39.473  -42.740  11.344 0.6999999881
29400  42.560  -44.437  12.610 0.6000000238
29403  43.279  -44.972  11.460 0.6000000238
31564  39.760  -42.377  9.411 0.8000000119
31565  39.112  -42.007  9.806 0.8000000119
30466  42.706  -44.070  11.713 0.6000000238
30467  42.097  -43.447  11.418 0.6000000238
22682  39.489  -50.557  16.891 0.5000000000
22666  40.327  -50.753  17.100 0.5000000000
21475  42.869  -51.548  16.506 0.6999999881
125514  40.276  -51.325  17.817 0.4000000060
146456  41.898  -51.106  12.161 0.6999999881
22739  42.866  -50.416  11.775 0.6999999881
23916  43.263  -49.613  11.574 0.6000000238
27184  43.951  -46.318  11.795 0.6000000238
32604  38.299  -41.499  10.360 0.6000000238
28319  43.563  -45.359  11.848 0.6000000238
31566  40.131  -42.235  9.284 0.6999999881
140942  39.491  -41.682  9.548 0.6999999881
31549  41.597  -42.836  12.047 0.6999999881
31560  41.012  -42.304  10.072 0.6999999881
138904  41.637  -50.685  15.605 0.5000000000
22695  40.717  -50.507  15.466 0.6000000238
22705  41.269  -50.575  14.720 0.6000000238
21487  43.635  -51.653  15.692 0.6999999881
21476  41.985  -51.074  16.489 0.6000000238
22719  41.885  -50.722  14.018 0.6999999881
21458  42.299  -51.667  17.286 0.6999999881
21528  42.653  -50.975  12.450 0.6999999881
22730  43.038  -50.730  12.066 0.6999999881
25039  44.638  -48.437  11.656 0.5000000000
23915  44.276  -49.283  11.644 0.6000000238
32605  37.298  -41.522  11.155 0.5000000000
27179  43.851  -46.215  12.234 0.6000000238
26070  44.570  -47.044  11.956 0.6000000238
32611  37.658  -41.154  10.393 0.6000000238
32606  36.807  -41.199  11.031 0.5000000000
28320  43.205  -44.938  12.287 0.6000000238
28314  43.299  -45.469  12.414 0.6000000238
33697  39.217  -40.752  10.074 0.6000000238
33699  38.025  -40.622  10.210 0.5000000000
34828  37.630  -40.027  10.550 0.5000000000
29401  41.866  -44.123  13.374 0.6999999881
30463  42.009  -43.568  12.618 0.6999999881
31550  40.931  -42.297  12.563 0.6999999881
32596  40.433  -41.685  11.722 0.6999999881
33691  39.272  -40.538  11.266 0.5000000000
31544  41.377  -42.836  13.245 0.6999999881
32585  40.346  -41.758  12.999 0.6000000238
21488  42.657  -51.092  15.473 0.6999999881
21498  42.761  -50.927  14.370 0.6000000238
21486  44.825  -52.010  14.810 0.6999999881
132895  43.420  -51.010  12.971 0.6999999881
22737  44.838  -49.685  11.857 0.6999999881
21527  43.786  -50.811  12.446 0.6999999881
25034  45.185  -48.282  12.001 0.6000000238
32607  36.050  -41.220  11.633 0.4000000060
26065  44.920  -47.843  12.086 0.5000000000
34823  36.939  -39.703  10.855 0.4000000060
28316  41.940  -44.854  13.523 0.6000000238
28315  42.588  -45.235  12.957 0.6000000238
33692  38.635  -40.205  10.609 0.5000000000
34821  38.135  -40.050  10.458 0.5000000000
32597  39.781  -41.220  12.189 0.5000000000
33685  38.646  -40.074  11.800 0.4000000060
30459  41.467  -43.492  13.779 0.6000000238
31545  40.713  -42.298  13.633 0.6999999881
32575  40.216  -41.806  13.997 0.6000000238
32576  39.657  -41.437  14.388 0.5000000000
21497  44.687  -51.580  13.771 0.6000000238
129145  43.581  -51.185  13.692 0.6999999881
21510  44.413  -51.142  13.013 0.6999999881
20370  46.764  -51.909  13.759 0.6999999881
21496  45.984  -51.950  13.783 0.6999999881
21526  45.029  -50.788  12.570 0.6000000238
23910  45.817  -49.778  12.496 0.6000000238
26067  43.091  -46.947  13.295 0.6000000238
25030  44.470  -48.202  12.911 0.5000000000
146338  41.514  -45.248  14.206 0.6000000238
27180  42.783  -46.038  13.118 0.6000000238
130391  37.995  -39.482  12.126 0.4000000060
148680  37.788  -39.333  11.424 0.5000000000
36000  36.841  -38.973  11.427 0.4000000060
29396  41.363  -44.376  14.245 0.6000000238
34805  37.454  -39.148  12.839 0.4000000060
30460  40.873  -42.838  14.304 0.6000000238
32562  40.069  -41.899  14.804 0.5000000000
21509  45.586  -51.367  13.125 0.6999999881
21525  46.121  -50.950  12.881 0.6000000238
22702  46.994  -51.207  13.862 0.6999999881
22718  46.294  -50.188  13.144 0.6000000238
22727  45.736  -50.294  12.522 0.6000000238
21484  47.331  -51.662  14.556 0.6999999881
23904  45.840  -49.633  12.680 0.5000000000
26060  42.491  -47.544  14.214 0.6000000238
26059  43.393  -47.832  13.572 0.6000000238
27175  42.116  -46.690  14.125 0.6000000238
126584  41.426  -46.062  14.533 0.5000000000
30456  40.508  -43.130  15.165 0.6000000238
22704  45.623  -50.237  14.399 0.6999999881
146109  46.138  -50.023  13.445 0.6999999881
23895  44.848  -49.006  13.339 0.6000000238
25023  43.706  -48.668  13.877 0.5000000000
26061  41.866  -47.397  14.713 0.6000000238
26055  42.104  -47.975  14.934 0.6000000238
27170  40.894  -46.379  15.290 0.6000000238
146186  40.361  -44.181  15.626 0.6000000238
136197  40.341  -42.464  15.010 0.5000000000
19241  41.160  -53.685  17.947 0.5000000000
19218  41.120  -52.550  18.122 0.5000000000
127963  42.248  -54.122  17.773 0.5000000000
126775  41.941  -53.053  18.026 0.5000000000
20333  43.146  -52.130  17.261 0.6999999881
20332  44.689  -53.207  17.396 0.6999999881
20334  42.601  -52.509  17.747 0.5000000000
125830  43.643  -53.057  17.717 0.5000000000
20348  44.375  -52.210  16.039 0.6999999881
140075  44.042  -52.448  17.082 0.6999999881
20365  46.110  -52.450  14.626 0.6999999881
15400  34.379  -57.124  15.178 0.3000000119
146587  39.923  -46.326  11.976 0.6999999881
23912  39.171  -50.388  11.872 0.6000000238
28321  40.474  -45.096  11.536 0.6999999881
30468  39.815  -43.399  12.074 0.6999999881
139852  41.018  -51.773  17.974 0.6000000238
27187  43.785  -46.446  11.538 0.6000000238
31555  41.029  -42.241  11.232 0.6999999881
32610  38.681  -41.234  9.862 0.6000000238
32603  39.845  -41.133  10.775 0.6999999881
33698  38.637  -40.670  9.984 0.6000000238
33700  37.244  -40.571  10.597 0.5000000000
33693  36.458  -40.574  11.044 0.5000000000
33677  39.126  -40.912  13.814 0.5000000000
23905  45.312  -48.769  12.385 0.5000000000
22717  46.621  -50.826  13.394 0.6999999881
28307  40.909  -45.309  14.919 0.6000000238
146123  40.537  -43.735  15.299 0.6000000238
23894  45.873  -49.546  13.126 0.6000000238
27176  41.413  -46.946  14.957 0.6000000238
140448  45.217  -49.654  13.885 0.5000000000
19237  46.422  -53.680  17.168 0.6000000238
19171  49.208  -53.391  20.007 0.6000000238
21388  49.740  -51.828  20.684 0.4000000060
18171  47.929  -53.821  17.930 0.5000000000
20331  45.649  -53.310  16.972 0.6000000238
146097  36.614  -51.015  14.961 0.5000000000
143156  47.678  -52.043  21.398 0.4000000060
143836  37.608  -50.754  14.879 0.5000000000
141572  36.544  -52.083  13.305 0.5000000000
18128  47.724  -54.065  18.882 0.5000000000
21389  47.873  -51.211  21.546 0.4000000060
22710  37.044  -51.373  14.276 0.5000000000
21532  37.365  -51.607  12.731 0.5000000000
144841  49.754  -53.348  19.386 0.6000000238
21515  37.512  -51.697  12.838 0.5000000000
127401  48.174  -53.577  16.999 0.5000000000
133125  46.441  -53.013  15.767 0.6000000238
148454  47.544  -49.838  21.722 0.4000000060
22599  45.792  -50.548  22.327 0.4000000060
20277  50.421  -52.405  20.052 0.4000000060
22723  36.224  -51.262  12.738 0.5000000000
19216  49.822  -53.156  18.163 0.5000000000
145284  37.756  -50.919  12.386 0.5000000000
23907  36.894  -50.428  12.853 0.5000000000
19236  47.624  -53.398  16.316 0.6000000238
19262  48.123  -52.893  15.808 0.6000000238
20356  45.352  -52.520  15.557 0.6000000238
25035  39.391  -49.110  11.844 0.5000000000
25031  38.137  -48.342  13.078 0.5000000000
25033  36.778  -49.432  13.500 0.4000000060
19255  48.966  -52.866  16.906 0.5000000000
20328  49.555  -52.877  17.598 0.5000000000
20345  48.432  -52.873  16.296 0.6000000238
139118  48.032  -52.662  15.682 0.6000000238
19263  47.315  -52.943  15.123 0.6000000238
21471  47.772  -52.281  15.229 0.6000000238
20363  47.100  -52.212  14.209 0.6000000238
126877  49.147  -50.939  21.088 0.4000000060
22615  48.341  -50.291  21.462 0.4000000060
26072  38.720  -47.708  12.799 0.5000000000
146647  37.703  -48.126  13.642 0.5000000000
25026  36.466  -48.741  14.318 0.4000000060
25036  38.693  -48.642  12.402 0.6000000238
25025  37.145  -48.441  13.952 0.4000000060
19215  50.087  -52.909  18.431 0.6000000238
20311  47.860  -52.386  17.816 0.6000000238
21455  47.474  -52.322  17.018 0.6000000238
141016  47.215  -52.028  16.342 0.6000000238
23814  46.275  -49.054  22.061 0.4000000060
26062  38.229  -47.458  13.660 0.5000000000
27178  37.992  -46.934  14.528 0.4000000060
142557  36.860  -47.538  15.269 0.4000000060
21408  50.507  -51.402  19.945 0.6000000238
21409  50.498  -51.532  20.098 0.4000000060
20296  47.974  -52.140  18.875 0.6000000238
20294  50.279  -52.627  19.313 0.6000000238
20310  49.092  -52.647  17.920 0.5000000000
125242  46.710  -52.147  17.953 0.6000000238
21435  46.757  -51.884  18.684 0.5000000000
21485  46.839  -51.287  15.068 0.6000000238
23799  45.579  -49.672  22.406 0.4000000060
132721  49.539  -50.107  20.642 0.4000000060
28318  39.159  -46.105  13.461 0.6000000238
27172  38.377  -46.129  14.841 0.5000000000
27173  37.740  -46.524  15.307 0.5000000000
26052  36.414  -47.445  15.888 0.5000000000
23828  50.182  -50.270  19.989 0.4000000060
22629  50.166  -50.261  20.099 0.4000000060
22635  49.954  -50.462  19.780 0.5000000000
124728  47.149  -51.420  19.232 0.5000000000
21456  46.407  -51.885  17.312 0.6000000238
21473  46.316  -51.503  16.287 0.6000000238
22691  46.250  -50.717  14.774 0.6000000238
24947  48.053  -48.719  20.826 0.4000000060
23813  47.321  -49.194  21.618 0.4000000060
24948  46.912  -48.570  21.428 0.4000000060
24949  45.882  -48.383  21.781 0.4000000060
128092  40.054  -44.086  12.573 0.6000000238
24959  48.646  -48.269  20.022 0.4000000060
23812  48.656  -49.389  20.964 0.4000000060
29398  39.155  -44.859  14.264 0.6000000238
29394  38.247  -44.655  15.488 0.5000000000
27167  37.419  -46.189  16.057 0.4000000060
23841  49.255  -49.216  19.498 0.4000000060
21421  48.734  -51.310  19.364 0.5000000000
21436  45.776  -51.628  18.372 0.5000000000
21457  45.339  -51.430  17.464 0.6000000238
139957  45.887  -50.986  15.635 0.6000000238
22692  45.057  -50.504  15.506 0.6000000238
26007  47.256  -47.423  20.088 0.4000000060
30464  39.606  -43.569  13.156 0.6000000238
30461  39.274  -43.927  14.082 0.6000000238
29399  38.736  -44.321  14.821 0.5000000000
136134  37.045  -45.182  16.850 0.5000000000
24973  49.016  -48.155  18.572 0.4000000060
23842  48.950  -49.034  19.254 0.4000000060
22636  48.146  -50.368  19.467 0.5000000000
22638  45.458  -50.745  19.417 0.5000000000
22664  44.297  -50.795  17.430 0.5000000000
25997  46.525  -47.932  21.063 0.4000000060
30465  39.103  -43.012  13.704 0.6000000238
30462  38.685  -43.399  14.557 0.5000000000
30458  37.744  -43.264  15.704 0.5000000000
22637  46.606  -50.687  19.485 0.5000000000
21423  45.203  -51.212  18.999 0.4000000060
127727  43.325  -50.393  17.743 0.4000000060
22679  44.387  -50.530  16.420 0.4000000060
22693  43.986  -50.124  15.841 0.6000000238
25016  43.154  -48.989  14.747 0.4000000060
27118  46.839  -46.750  19.641 0.4000000060
26006  48.336  -47.669  19.363 0.4000000060
31551  39.354  -42.793  12.656 0.6000000238
141986  48.860  -47.663  18.302 0.4000000060
31557  38.829  -42.265  11.945 0.5000000000
31546  38.426  -42.573  14.080 0.5000000000
31538  38.159  -42.852  14.989 0.5000000000
31528  37.207  -42.789  16.094 0.4000000060
23845  44.949  -50.079  19.729 0.5000000000
141120  44.101  -50.125  19.590 0.5000000000
136068  43.554  -50.290  19.180 0.6000000238
23870  42.951  -49.954  17.086 0.4000000060
23888  42.815  -49.179  15.463 0.4000000060
22665  42.561  -49.940  17.849 0.5000000000
31558  37.909  -41.808  12.301 0.5000000000
31553  37.990  -42.025  13.418 0.6000000238
139079  36.894  -41.630  12.094 0.4000000060
25009  41.616  -48.678  16.430 0.5000000000
25017  42.445  -48.607  15.213 0.5000000000
23847  41.960  -49.566  19.258 0.5000000000
22654  43.009  -50.236  18.588 0.5000000000
23871  41.814  -49.519  17.958 0.5000000000
23881  42.209  -49.407  16.954 0.5000000000
27132  48.340  -47.037  17.954 0.4000000060
29389  40.403  -44.914  15.610 0.5000000000
26056  41.536  -47.650  15.344 0.4000000060
25018  41.805  -48.337  15.624 0.5000000000
24999  41.192  -49.172  18.141 0.5000000000
23861  41.485  -49.442  18.746 0.5000000000
32599  36.434  -41.439  11.756 0.4000000060
28303  40.056  -45.375  16.115 0.4000000060
27165  39.981  -46.275  16.441 0.4000000060
26057  40.914  -47.242  15.756 0.5000000000
25010  40.940  -48.369  16.820 0.5000000000
144529  40.726  -47.741  16.433 0.5000000000
137815  41.399  -48.979  17.326 0.5000000000
26034  40.144  -48.266  18.305 0.5000000000
26043  40.300  -47.885  17.222 0.4000000060
27182  38.854  -46.888  13.142 0.6000000238
125648  37.961  -51.206  12.425 0.6000000238
28317  39.667  -45.544  12.974 0.6000000238
22699  36.150  -50.915  15.637 0.5000000000
23886  44.539  -49.915  14.896 0.6000000238
23887  43.576  -49.531  15.269 0.4000000060
23913  37.576  -50.400  12.552 0.5000000000
125667  38.690  -49.605  12.157 0.5000000000
25037  38.012  -49.402  12.647 0.5000000000
26064  36.956  -47.943  14.648 0.4000000060
141432  49.991  -51.566  19.526 0.6000000238
27177  38.589  -46.550  14.000 0.6000000238
26058  37.397  -47.267  14.973 0.4000000060
23811  49.681  -49.487  20.042 0.4000000060
29402  39.656  -44.604  13.371 0.6000000238
28313  38.889  -45.720  14.235 0.6000000238
28309  38.608  -45.231  14.929 0.5000000000
27168  36.820  -46.648  16.356 0.5000000000
28305  37.451  -45.401  16.322 0.5000000000
146539  37.761  -44.874  15.986 0.5000000000
30457  38.294  -43.752  15.317 0.5000000000
21437  44.744  -51.173  18.408 0.5000000000
30454  37.340  -43.637  16.344 0.5000000000
23844  46.166  -49.838  19.651 0.5000000000
31552  38.649  -42.391  13.078 0.6000000238
23880  43.071  -49.618  16.207 0.3000000119
26051  40.354  -47.156  16.467 0.4000000060
9288  36.716  -64.513  17.491 0.3000000119
127449  36.658  -63.795  16.152 0.3000000119
123362  37.537  -63.720  15.888 0.3000000119
10213  36.677  -63.749  14.085 0.3000000119
10197  37.298  -63.586  14.936 0.3000000119
10231  36.759  -64.058  12.727 0.3000000119
10993  41.063  -61.678  12.739 0.3000000119
133196  39.818  -62.994  12.130 0.3000000119
10230  37.793  -63.604  12.012 0.3000000119
10241  37.686  -63.317  11.732 0.3000000119
10228  40.386  -62.099  11.586 0.3000000119
124200  38.961  -62.006  13.722 0.3000000119
11011  40.221  -61.746  11.543 0.3000000119
11012  39.108  -61.972  11.728 0.4000000060
137321  38.459  -62.575  11.739 0.4000000060
11034  36.733  -63.254  11.553 0.4000000060
10254  36.199  -63.813  11.557 0.3000000119
10977  36.955  -62.352  15.067 0.3000000119
10996  37.336  -62.270  13.614 0.4000000060
130358  37.873  -62.170  12.226 0.4000000060
146171  38.078  -62.397  11.847 0.4000000060
10963  37.118  -62.381  16.006 0.3000000119
11025  36.087  -62.817  11.791 0.4000000060
10932  36.039  -62.220  17.774 0.4000000060
10964  36.218  -62.338  16.202 0.4000000060
142249  34.860  -62.523  12.234 0.4000000060
148130  36.161  -62.361  15.512 0.4000000060
133699  36.392  -62.371  13.279 0.4000000060
10950  35.887  -62.231  17.061 0.4000000060
11835  34.172  -61.909  14.606 0.5000000000
10997  35.085  -62.351  14.089 0.4000000060
17235  37.076  -55.425  16.842 0.5000000000
11789  35.353  -61.829  18.498 0.4000000060
11014  35.500  -62.470  12.793 0.4000000060
16309  35.216  -56.763  14.849 0.3000000119
130208  36.095  -56.606  14.669 0.4000000060
13670  33.641  -59.100  12.135 0.3000000119
126395  34.993  -51.049  17.012 0.4000000060
21477  35.201  -51.112  15.986 0.4000000060
19219  40.383  -52.878  18.214 0.4000000060
19242  40.163  -53.837  17.972 0.4000000060
18155  38.510  -53.967  18.094 0.4000000060
10951  35.218  -62.127  16.692 0.4000000060
135063  35.439  -62.284  15.808 0.3000000119
10979  34.782  -62.204  15.198 0.5000000000
19243  39.334  -53.945  18.016 0.4000000060
133246  38.157  -54.706  17.567 0.4000000060
128231  34.453  -61.422  18.099 0.4000000060
11015  34.179  -62.143  13.381 0.4000000060
17251  36.979  -56.016  15.718 0.5000000000
11848  33.428  -61.362  13.126 0.5000000000
16322  36.199  -57.302  13.344 0.4000000060
15413  35.179  -57.252  13.661 0.4000000060
12741  33.286  -60.261  12.515 0.3000000119
15425  34.812  -57.581  12.777 0.4000000060
21490  35.483  -51.630  14.744 0.4000000060
127337  41.746  -52.057  17.846 0.4000000060
11799  34.452  -61.648  17.136 0.4000000060
10965  34.431  -61.870  16.145 0.4000000060
18178  39.828  -54.760  17.365 0.4000000060
141070  38.670  -55.315  16.659 0.5000000000
11812  33.896  -61.291  16.671 0.4000000060
11823  34.115  -61.778  15.384 0.4000000060
147029  38.421  -55.658  15.834 0.5000000000
12703  33.728  -60.494  17.847 0.4000000060
13628  33.733  -59.776  17.397 0.4000000060
126591  33.617  -60.645  16.164 0.4000000060
12724  33.537  -60.674  15.217 0.5000000000
13654  33.761  -59.797  14.406 0.5000000000
144783  39.539  -55.390  16.374 0.4000000060
17260  38.670  -56.414  14.679 0.5000000000
13608  34.146  -59.156  17.769 0.4000000060
139558  34.510  -59.083  13.956 0.5000000000
17261  37.931  -56.718  14.195 0.4000000060
13660  34.343  -59.172  13.148 0.4000000060
14576  35.937  -58.020  12.230 0.4000000060
15428  35.309  -58.034  11.836 0.4000000060
16328  36.887  -57.897  12.750 0.4000000060
18177  40.727  -54.774  17.387 0.4000000060
18175  43.311  -54.722  17.587 0.3000000119
13645  33.824  -59.634  16.362 0.4000000060
13644  34.711  -58.751  15.880 0.4000000060
17248  40.237  -56.219  15.048 0.4000000060
25020  35.670  -48.214  15.596 0.4000000060
14518  35.244  -57.938  18.538 0.4000000060
14533  34.715  -58.595  17.104 0.4000000060
13653  34.270  -59.305  15.166 0.5000000000
14559  35.109  -58.642  14.188 0.5000000000
17247  41.224  -56.333  15.095 0.5000000000
17259  39.659  -56.763  14.253 0.4000000060
15384  35.459  -58.064  17.366 0.4000000060
14558  36.322  -58.240  12.682 0.4000000060
16319  38.263  -57.241  13.151 0.4000000060
15423  36.463  -58.102  12.585 0.4000000060
15421  38.163  -57.260  13.228 0.4000000060
140992  43.745  -54.118  17.821 0.4000000060
17232  41.427  -55.597  16.273 0.3000000119
14532  35.356  -58.343  16.241 0.4000000060
17231  42.251  -55.752  16.364 0.3000000119
15383  36.476  -57.708  17.109 0.4000000060
15399  36.142  -57.980  15.938 0.4000000060
14547  35.985  -58.297  14.504 0.4000000060
137868  36.817  -57.945  14.403 0.5000000000
144800  36.574  -57.562  17.931 0.4000000060
141353  37.116  -57.494  17.726 0.4000000060
15397  37.912  -57.614  14.844 0.4000000060
15411  38.222  -57.343  13.400 0.4000000060
16317  39.732  -57.037  13.935 0.4000000060
15398  37.015  -57.735  15.488 0.4000000060
7814  31.848  -66.350  11.927 0.3000000119
10975  39.985  -61.880  13.867 0.3000000119
10976  37.992  -62.295  15.096 0.3000000119
10949  36.785  -62.350  17.019 0.4000000060
11790  34.148  -60.991  18.663 0.4000000060
11791  33.946  -60.971  18.159 0.4000000060
13593  33.708  -59.923  19.111 0.4000000060
139001  42.675  -55.311  17.238 0.3000000119
15364  36.732  -57.376  18.457 0.4000000060
17245  42.838  -56.377  16.241 0.4000000060
17246  42.165  -56.493  15.344 0.4000000060
16279  38.586  -56.764  18.635 0.4000000060
15382  37.413  -57.620  16.550 0.4000000060
15396  38.302  -57.552  16.032 0.4000000060
123888  39.265  -57.476  15.526 0.4000000060
143910  41.487  -57.196  14.902 0.3000000119
16316  40.796  -56.849  14.470 0.4000000060
141442  38.393  -57.200  17.894 0.4000000060
19238  45.464  -54.051  17.649 0.4000000060
10178  35.677  -63.994  16.358 0.3000000119
9346  35.857  -64.074  13.917 0.3000000119
8562  31.914  -65.807  12.951 0.3000000119
8584  32.785  -66.012  11.965 0.3000000119
138280  38.697  -63.386  12.235 0.3000000119
10994  40.268  -61.577  12.329 0.3000000119
10240  39.932  -61.912  11.611 0.4000000060
10252  37.456  -63.117  11.590 0.4000000060
10995  38.913  -61.830  12.419 0.3000000119
124641  37.981  -62.225  14.006 0.3000000119
11013  36.966  -62.474  12.042 0.4000000060
10962  37.828  -62.416  16.437 0.3000000119
11836  33.702  -61.397  14.940 0.4000000060
12732  33.451  -60.731  13.993 0.5000000000
13669  34.439  -58.615  12.258 0.3000000119
147916  33.698  -61.512  14.131 0.5000000000
13609  33.709  -59.830  18.245 0.4000000060
123075  37.090  -58.047  12.898 0.4000000060
15409  39.702  -57.238  14.164 0.4000000060
19194  46.443  -54.243  19.598 0.4000000060
18129  46.887  -54.346  19.101 0.4000000060
19174  45.887  -53.765  20.313 0.4000000060
20280  47.323  -53.131  20.767 0.3000000119
19193  47.389  -53.959  19.566 0.5000000000
18153  46.923  -54.367  18.469 0.4000000060
18172  47.049  -54.044  17.594 0.4000000060
21396  37.970  -51.628  21.366 0.3000000119
21413  38.733  -52.055  20.849 0.3000000119
21365  42.750  -51.485  22.899 0.3000000119
21363  44.407  -51.678  22.402 0.3000000119
126990  45.004  -51.243  22.418 0.3000000119
22598  46.924  -50.681  21.902 0.3000000119
21395  39.888  -51.339  21.622 0.3000000119
21368  40.274  -51.089  22.537 0.3000000119
21367  41.229  -51.276  22.975 0.3000000119
21397  37.001  -51.787  21.678 0.3000000119
21370  37.426  -51.034  21.989 0.3000000119
124445  44.045  -51.126  22.784 0.3000000119
130223  44.809  -50.386  22.589 0.3000000119
138577  39.307  -50.912  22.214 0.3000000119
22601  41.479  -51.063  23.830 0.3000000119
143144  43.252  -51.287  23.038 0.3000000119
22587  39.366  -50.469  24.100 0.3000000119
22603  39.763  -50.719  23.186 0.3000000119
23789  41.606  -49.746  24.008 0.3000000119
146155  39.958  -50.384  24.613 0.3000000119
143241  40.780  -49.684  24.480 0.3000000119
22588  38.216  -50.436  23.641 0.3000000119
137792  43.229  -49.943  23.199 0.3000000119
23801  43.853  -49.339  22.927 0.3000000119
24938  45.316  -48.863  22.371 0.3000000119
138686  39.596  -50.176  25.081 0.3000000119
140794  42.061  -50.461  23.883 0.3000000119
24940  43.621  -48.608  22.885 0.3000000119
23774  39.914  -49.688  24.992 0.3000000119
24932  41.158  -48.696  23.853 0.3000000119
24931  42.023  -48.674  23.510 0.3000000119
25982  41.615  -47.833  23.471 0.3000000119
25998  45.600  -47.639  21.392 0.3000000119
24939  44.407  -48.732  22.626 0.3000000119
24950  44.878  -48.035  22.138 0.3000000119
133650  46.257  -47.355  20.608 0.3000000119
26020  47.968  -46.925  18.959 0.3000000119
27134  46.695  -45.943  19.079 0.3000000119
27133  47.844  -46.383  18.215 0.3000000119
27145  47.626  -46.353  17.617 0.3000000119
131238  46.755  -52.480  21.395 0.3000000119
19173  46.854  -53.666  20.253 0.4000000060
21362  45.924  -51.400  22.122 0.3000000119
23800  44.646  -49.516  22.653 0.3000000119
18112  45.485  -54.571  19.526 0.5000000000
21369  38.327  -50.873  21.997 0.3000000119
21347  42.654  -51.152  23.419 0.3000000119
21364  43.579  -51.712  22.495 0.3000000119
21391  45.178  -52.008  22.121 0.3000000119
127545  46.034  -52.031  21.831 0.3000000119
22602  40.668  -50.946  23.523 0.3000000119
137580  38.769  -50.584  22.890 0.3000000119
22600  43.963  -50.192  22.890 0.3000000119
22586  40.938  -50.674  24.207 0.3000000119
24916  40.365  -48.705  24.301 0.3000000119
128877  40.681  -47.706  23.774 0.3000000119
24930  43.233  -49.166  23.188 0.3000000119
24902  39.266  -49.229  25.330 0.3000000119
24941  42.868  -48.569  23.216 0.3000000119
15378  42.505  -57.100  15.254 0.3000000119
15379  42.155  -57.304  15.753 0.4000000060
16257  41.624  -56.420  18.529 0.4000000060
17216  42.428  -56.209  18.644 0.4000000060
128284  43.432  -56.555  16.863 0.3000000119
131090  42.167  -55.583  19.167 0.4000000060
18133  42.468  -55.002  19.433 0.3000000119
129779  43.265  -56.931  16.816 0.4000000060
17197  43.181  -55.904  18.779 0.4000000060
19195  42.960  -54.226  19.722 0.3000000119
16274  43.930  -56.378  17.425 0.3000000119
17214  44.147  -56.366  17.901 0.4000000060
18132  43.902  -54.872  19.478 0.4000000060
127494  45.425  -55.200  18.610 0.3000000119
17195  44.752  -55.832  18.233 0.4000000060
18113  44.490  -54.339  19.766 0.4000000060
16273  44.386  -56.072  17.700 0.3000000119
18154  46.044  -54.701  18.265 0.3000000119
18173  45.913  -54.577  17.909 0.3000000119
17229  44.196  -55.539  17.530 0.3000000119
18131  44.813  -55.334  19.078 0.4000000060
16276  42.773  -56.775  17.690 0.4000000060
10948  37.602  -62.420  17.503 0.3000000119
15380  39.744  -57.418  16.550 0.3000000119
10907  39.319  -62.330  19.250 0.3000000119
10929  38.794  -62.444  18.518 0.3000000119
10930  37.778  -62.405  18.545 0.3000000119
147577  36.213  -62.189  18.474 0.3000000119
16294  41.440  -57.282  17.051 0.3000000119
15381  38.761  -57.434  16.966 0.3000000119
11757  38.530  -61.666  20.578 0.3000000119
10909  37.559  -62.242  19.533 0.3000000119
10886  38.198  -62.099  20.012 0.3000000119
11788  35.994  -61.979  19.162 0.3000000119
11781  34.603  -61.308  18.960 0.3000000119
16295  40.221  -57.187  17.432 0.3000000119
12626  39.030  -60.247  22.398 0.3000000119
11738  37.953  -61.300  21.227 0.3000000119
12647  38.558  -60.735  21.792 0.3000000119
11779  36.664  -62.035  19.757 0.3000000119
11758  37.477  -61.823  20.404 0.3000000119
145125  35.137  -61.354  19.906 0.3000000119
12648  37.613  -60.812  21.816 0.3000000119
12649  36.595  -60.978  21.635 0.3000000119
11760  35.423  -61.278  20.549 0.3000000119
11739  36.144  -61.321  21.034 0.3000000119
12689  34.132  -60.652  19.456 0.3000000119
14505  34.467  -58.452  19.179 0.3000000119
15352  35.983  -57.440  19.058 0.3000000119
12627  38.037  -60.344  22.395 0.3000000119
12666  34.174  -60.340  20.460 0.3000000119
12665  34.708  -60.727  20.918 0.3000000119
14506  33.860  -59.253  19.566 0.3000000119
16277  40.721  -56.715  18.261 0.3000000119
13559  36.174  -60.013  22.887 0.3000000119
13540  36.707  -59.476  23.475 0.3000000119
12629  35.570  -60.464  22.119 0.3000000119
12650  34.826  -60.477  21.552 0.3000000119
141408  33.854  -59.360  20.314 0.3000000119
14504  35.119  -57.815  19.322 0.3000000119
16280  37.839  -56.667  19.071 0.3000000119
144103  39.970  -56.302  18.996 0.3000000119
16258  40.659  -56.029  19.081 0.3000000119
15395  40.381  -57.363  15.075 0.3000000119
12630  34.524  -59.999  22.005 0.3000000119
13584  33.964  -59.710  20.783 0.3000000119
15343  34.646  -57.997  19.993 0.3000000119
15351  36.999  -56.918  19.199 0.3000000119
10910  36.837  -62.282  18.944 0.3000000119
11778  38.965  -62.079  19.985 0.3000000119
10908  38.427  -62.320  19.343 0.3000000119
8585  31.877  -66.465  12.062 0.3000000119
10177  37.084  -64.097  16.802 0.3000000119
10212  37.656  -63.662  13.246 0.3000000119
10227  40.744  -61.786  11.676 0.3000000119
10229  39.082  -62.838  11.877 0.3000000119
10239  40.538  -61.665  11.454 0.3000000119
10931  36.877  -62.331  18.041 0.3000000119
10978  35.997  -62.377  14.730 0.3000000119
11024  37.390  -62.776  11.666 0.4000000060
11740  35.496  -60.934  21.333 0.3000000119
11759  36.389  -61.617  20.454 0.3000000119
11761  34.639  -60.962  20.170 0.3000000119
11780  35.242  -61.565  19.334 0.3000000119
11798  35.190  -61.954  17.560 0.4000000060
11800  33.941  -61.150  17.528 0.4000000060
11824  33.774  -61.350  15.802 0.4000000060
12628  36.927  -60.461  22.335 0.3000000119
12667  33.807  -59.921  19.987 0.3000000119
12690  33.831  -60.493  18.591 0.4000000060
12717  33.672  -60.580  17.039 0.4000000060
13561  34.374  -59.299  22.415 0.3000000119
13592  34.002  -59.167  18.666 0.4000000060
13627  34.221  -59.140  16.950 0.4000000060
13661  33.740  -59.643  13.005 0.3000000119
14519  34.641  -58.512  18.117 0.4000000060
14568  35.287  -58.422  12.591 0.4000000060
15362  39.179  -57.160  17.738 0.4000000060
15363  37.652  -57.130  18.391 0.4000000060
15365  36.033  -57.650  18.123 0.4000000060
15394  42.162  -57.087  14.877 0.3000000119
15401  33.706  -57.263  16.432 0.3000000119
15407  41.663  -56.910  14.624 0.4000000060
15408  40.701  -57.026  14.377 0.3000000119
15410  38.812  -57.126  13.546 0.4000000060
15412  37.630  -57.681  13.611 0.4000000060
15420  38.323  -57.253  13.173 0.4000000060
15422  37.689  -57.471  13.307 0.4000000060
15424  35.998  -57.875  12.349 0.4000000060
16275  43.633  -56.541  17.365 0.4000000060
16278  39.608  -56.729  18.436 0.3000000119
16292  42.936  -57.030  16.028 0.3000000119
16293  42.605  -57.212  16.767 0.4000000060
16297  34.587  -56.388  16.981 0.5000000000
16306  42.698  -56.931  15.541 0.4000000060
16307  42.244  -56.999  14.865 0.3000000119
16308  36.966  -56.587  14.517 0.4000000060
16318  38.776  -57.162  13.451 0.4000000060
16320  37.860  -57.283  13.387 0.4000000060
16321  37.107  -57.271  13.337 0.4000000060
17194  45.183  -55.317  18.092 0.3000000119
17196  44.091  -55.723  18.779 0.4000000060
17198  41.451  -55.742  19.142 0.4000000060
17215  43.362  -56.526  18.078 0.4000000060
17217  35.527  -55.285  17.853 0.6000000238
17230  43.452  -55.941  17.012 0.3000000119
17233  40.464  -55.486  16.244 0.4000000060
17234  37.873  -55.321  16.826 0.5000000000
17236  36.253  -55.608  16.872 0.5000000000
17249  39.224  -55.879  15.329 0.5000000000
17250  37.793  -55.823  15.673 0.4000000060
17252  36.140  -56.178  15.903 0.5000000000
17258  41.742  -56.838  14.686 0.4000000060
18130  46.210  -54.732  18.909 0.4000000060
18137  34.983  -53.875  19.232 0.5000000000
18159  34.905  -54.676  18.800 0.5000000000
18174  45.090  -55.162  17.872 0.3000000119
18176  41.700  -54.902  17.397 0.3000000119
19153  46.300  -53.145  20.953 0.3000000119
19169  50.358  -52.678  19.563 0.6000000238
19170  50.180  -53.042  19.724 0.6000000238
19172  47.982  -53.569  20.144 0.4000000060
19190  50.296  -53.084  18.972 0.6000000238
19191  49.675  -53.421  18.817 0.5000000000
19192  48.658  -53.714  19.393 0.6000000238
19198  35.687  -52.779  19.194 0.5000000000
19217  48.817  -53.614  18.408 0.5000000000
19220  39.620  -53.090  18.273 0.4000000060
19235  48.998  -53.245  17.362 0.5000000000
19239  44.573  -54.161  17.764 0.4000000060
19240  42.890  -53.527  17.908 0.5000000000
19256  48.521  -53.149  16.497 0.6000000238
19264  46.917  -52.565  14.667 0.6000000238
20258  48.639  -52.398  20.951 0.4000000060
20259  47.718  -52.646  21.063 0.4000000060
20276  50.493  -52.073  19.795 0.6000000238
20278  49.581  -52.806  20.399 0.4000000060
20279  48.417  -53.052  20.578 0.3000000119
20295  49.296  -52.275  18.921 0.6000000238
20309  49.875  -52.886  17.877 0.6000000238
20312  40.421  -52.036  18.223 0.5000000000
20329  49.168  -52.885  17.072 0.5000000000
20330  48.444  -52.721  16.606 0.6000000238
20346  48.172  -52.435  16.108 0.6000000238
20347  45.047  -52.734  16.583 0.6999999881
20354  47.787  -52.478  15.350 0.6000000238
20355  47.375  -52.449  14.812 0.6000000238
20362  47.531  -52.113  14.673 0.6000000238
20364  46.640  -52.221  14.073 0.6999999881
21346  43.288  -50.841  23.235 0.3000000119
21366  42.069  -51.284  23.381 0.3000000119
21387  50.074  -50.842  20.392 0.4000000060
21422  46.008  -51.368  19.163 0.5000000000
21438  39.775  -51.656  18.205 0.4000000060
21439  38.406  -51.285  18.268 0.4000000060
21460  36.003  -51.021  18.024 0.4000000060
21472  47.515  -51.876  15.410 0.6000000238
21474  43.587  -51.925  16.571 0.6999999881
21478  34.373  -51.342  16.341 0.4000000060
21489  36.281  -51.580  14.365 0.4000000060
21495  47.174  -51.755  14.063 0.6999999881
21507  46.793  -51.364  13.632 0.6999999881
21508  46.412  -51.444  13.397 0.6999999881
21511  42.667  -50.935  13.381 0.6999999881
21512  41.701  -51.034  12.886 0.8000000119
21516  36.673  -52.050  12.842 0.5000000000
21524  46.542  -51.025  13.228 0.6999999881
21531  38.290  -51.427  12.564 0.5000000000
22568  41.064  -50.272  24.400 0.3000000119
22584  42.616  -50.614  23.565 0.3000000119
22585  41.534  -50.664  24.120 0.3000000119
22604  37.784  -50.591  22.661 0.3000000119
22628  50.409  -50.839  20.015 0.4000000060
22634  50.408  -51.014  19.951 0.6000000238
22639  44.478  -50.685  19.193 0.4000000060
22653  43.852  -50.634  18.472 0.5000000000
22655  42.236  -49.822  18.651 0.5000000000
22667  39.655  -50.864  17.564 0.5000000000
22669  37.466  -50.695  17.552 0.4000000060
22678  45.155  -50.944  16.481 0.6000000238
22680  41.020  -50.689  16.404 0.5000000000
22681  40.126  -50.507  16.202 0.5000000000
22690  46.981  -51.092  14.251 0.6999999881
22694  42.045  -50.671  14.864 0.6000000238
22696  39.870  -50.470  15.231 0.6000000238
22697  39.091  -50.521  14.957 0.6000000238
22698  37.978  -50.525  15.663 0.6000000238
22703  46.590  -50.613  13.761 0.6999999881
22709  37.684  -51.285  14.023 0.5000000000
22721  40.117  -50.910  13.403 0.6999999881
22726  46.276  -50.383  12.908 0.6000000238
22728  44.924  -50.217  12.119 0.6999999881
22729  43.949  -50.544  12.125 0.6999999881
22732  40.264  -51.134  11.933 0.6999999881
22735  37.195  -51.208  12.567 0.5000000000
22736  45.295  -49.657  12.062 0.6999999881
22738  44.014  -50.051  11.834 0.6000000238
22740  41.702  -50.510  11.637 0.6000000238
22742  39.934  -50.643  11.719 0.6000000238
23757  39.236  -49.944  25.502 0.3000000119
23788  42.512  -49.573  23.491 0.3000000119
23798  46.565  -49.809  22.100 0.4000000060
23896  44.078  -49.337  14.328 0.5000000000
23906  37.335  -49.697  12.959 0.5000000000
23911  39.782  -49.901  11.652 0.6000000238
23914  45.123  -49.039  11.810 0.6000000238
24946  49.099  -48.820  20.189 0.4000000060
24958  49.043  -48.618  19.443 0.4000000060
24960  47.588  -48.087  20.536 0.4000000060
25000  40.736  -48.652  17.770 0.5000000000
25008  42.275  -48.978  15.965 0.4000000060
25024  42.796  -48.291  14.440 0.6000000238
25029  45.386  -48.937  12.157 0.5000000000
25032  37.507  -48.870  13.301 0.4000000060
25038  45.139  -48.457  11.881 0.6000000238
26005  48.960  -47.889  18.823 0.4000000060
26019  48.661  -47.646  18.494 0.4000000060
26031  48.625  -47.469  18.108 0.4000000060
26050  41.237  -47.999  16.048 0.5000000000
26063  37.573  -47.682  14.248 0.4000000060
26066  44.204  -47.264  12.525 0.5000000000
26068  45.160  -48.251  11.956 0.6000000238
26069  44.914  -47.773  11.987 0.5000000000
26073  44.833  -47.904  11.806 0.5000000000
27158  39.816  -47.079  17.167 0.4000000060
27171  40.489  -46.617  15.917 0.5000000000
27174  37.123  -46.937  15.662 0.5000000000
27181  39.494  -46.402  12.601 0.6999999881
27183  44.484  -47.141  11.809 0.6000000238
27185  39.675  -46.960  12.070 0.6999999881
27188  42.260  -46.128  11.237 0.6999999881
27190  40.306  -46.672  11.701 0.6999999881
28308  40.426  -45.854  15.702 0.4000000060
28310  37.978  -45.595  15.601 0.5000000000
28311  42.022  -45.693  13.761 0.6000000238
28312  39.349  -45.379  13.711 0.6000000238
28323  43.423  -45.563  11.516 0.6000000238
28324  42.891  -44.928  10.974 0.6000000238
28326  41.122  -45.300  11.045 0.6999999881
29391  37.325  -44.537  16.518 0.5000000000
29393  40.736  -44.325  15.064 0.6000000238
29395  37.782  -44.124  15.911 0.5000000000
29397  40.905  -43.615  14.641 0.6000000238
29404  43.233  -44.666  11.812 0.6000000238
29407  42.919  -44.523  11.253 0.6000000238
30469  42.440  -43.984  10.898 0.6000000238
30473  41.837  -43.935  10.391 0.6999999881
30474  41.205  -43.283  9.739 0.6000000238
30476  40.034  -42.539  9.343 0.6999999881
31554  41.534  -42.828  10.737 0.6000000238
31561  39.471  -42.561  10.069 0.8000000119
31562  38.849  -42.151  10.630 0.6000000238
31563  40.554  -42.432  9.475 0.6999999881
31567  39.787  -42.105  9.288 0.8000000119
32586  39.704  -41.351  13.388 0.6000000238
32598  38.175  -41.817  11.150 0.5000000000
32602  40.468  -41.691  10.288 0.6999999881
32608  40.289  -41.948  9.409 0.6999999881
32609  39.891  -41.386  9.817 0.6000000238
32612  39.800  -41.821  9.351 0.6999999881
33702  39.275  -41.302  9.693 0.6999999881
34812  38.163  -39.600  11.074 0.4000000060
34813  37.385  -38.991  11.792 0.5000000000
34822  37.611  -39.478  10.999 0.5000000000
123029  38.284  -50.504  12.244 0.5000000000
123677  38.000  -53.150  18.468 0.5000000000
123899  36.929  -51.729  18.695 0.4000000060
124216  49.300  -49.936  19.563 0.4000000060
124361  42.059  -51.074  23.883 0.3000000119
125256  36.964  -61.435  21.064 0.3000000119
125663  40.400  -50.217  24.656 0.3000000119
125722  43.653  -48.662  11.464 0.6000000238
125723  38.774  -57.437  14.344 0.4000000060
126233  35.790  -61.657  19.865 0.3000000119
126400  36.754  -51.294  22.176 0.3000000119
126401  37.916  -57.436  17.368 0.4000000060
127236  35.456  -57.433  19.886 0.3000000119
127352  40.905  -57.414  16.130 0.3000000119
127819  33.707  -57.484  15.423 0.3000000119
128189  38.933  -51.386  21.439 0.3000000119
129639  41.843  -56.936  17.698 0.4000000060
129700  43.319  -55.220  19.304 0.4000000060
130207  39.162  -52.495  18.403 0.5000000000
130668  43.625  -50.302  16.782 0.4000000060
131043  42.870  -48.087  11.358 0.6000000238
131188  36.124  -51.805  18.832 0.4000000060
132636  34.083  -58.698  20.130 0.3000000119
132638  39.992  -43.405  10.775 0.6999999881
133094  50.123  -52.511  19.032 0.6000000238
133236  33.634  -59.958  15.546 0.5000000000
135783  43.661  -51.402  14.647 0.6999999881
136128  41.281  -51.241  17.339 0.4000000060
136205  38.136  -50.586  17.369 0.5000000000
137116  38.987  -54.741  17.446 0.4000000060
137523  42.065  -50.927  11.893 0.6999999881
138043  40.226  -50.592  24.125 0.3000000119
140271  37.272  -51.779  13.240 0.5000000000
140927  50.404  -51.853  19.692 0.6000000238
141214  48.610  -51.693  21.221 0.4000000060
144860  37.407  -59.913  22.939 0.3000000119
145393  37.319  -61.150  21.464 0.3000000119
145457  40.450  -42.250  14.376 0.6999999881
146779  34.698  -61.206  19.579 0.3000000119
147779  46.014  -46.426  19.925 0.3000000119
