#!ascii label  , from subject sub-v2s3x28843_ses-1 vox2ras=TkReg
511
70937  -34.246  -21.921  6.230 0.0000000000
78241  -31.189  -15.125  6.544 0.0000000000
91290  -25.300  -1.486  2.473 0.0000000000
88304  -29.680  -5.064  5.060 0.0000000000
82436  -34.212  -10.189  5.179 0.0000000000
74229  -33.382  -18.444  0.888 0.0000000000
93243  -22.688  -0.209  1.953 0.0000000000
133011  -31.706  -7.147  5.509 0.0000000000
83516  -30.114  -9.994  5.182 0.0000000000
74184  -33.085  -18.550  6.372 0.0000000000
75315  -33.797  -17.170  4.146 0.0000000000
72053  -33.995  -20.391  3.295 0.0000000000
68753  -26.890  -23.459  9.405 0.0000000000
71995  -31.064  -20.212  8.082 0.0000000000
97594  -23.309  5.106  1.774 0.0000000000
96776  -24.823  3.751  1.340 0.0000000000
95903  -25.885  2.889  1.824 0.0000000000
94989  -27.821  2.290  3.271 0.0000000000
93200  -29.148  0.284  4.538 0.0000000000
90263  -27.507  -2.999  3.303 0.0000000000
91240  -31.878  -1.786  5.465 0.0000000000
138310  -33.866  -4.052  4.996 0.0000000000
85509  -34.621  -7.409  3.016 0.0000000000
138221  -33.474  -11.492  0.573 0.0000000000
80291  -32.476  -13.085  6.380 0.0000000000
79289  -33.781  -13.765  2.302 0.0000000000
140572  -29.321  -9.077  4.596 0.0000000000
82449  -28.574  -10.315  4.323 0.0000000000
127901  -33.236  -19.949  6.373 0.0000000000
73127  -33.589  -19.383  4.956 0.0000000000
70965  -34.717  -21.471  4.672 0.0000000000
65116  -24.574  -26.418  7.585 0.0000000000
66221  -24.648  -25.525  6.958 0.0000000000
67479  -25.742  -24.742  6.409 0.0000000000
74166  -30.126  -18.617  7.592 0.0000000000
140445  -27.960  -19.049  7.745 0.0000000000
137355  -25.177  3.326  1.684 0.0000000000
92299  -24.347  -0.339  2.281 0.0000000000
93230  -25.647  0.681  2.479 0.0000000000
93231  -26.224  0.099  2.773 0.0000000000
94075  -29.038  1.851  4.273 0.0000000000
92288  -27.113  -0.810  3.570 0.0000000000
150591  -28.468  -3.650  4.230 0.0000000000
90235  -29.794  -2.237  5.465 0.0000000000
89229  -30.393  -3.519  5.434 0.0000000000
89232  -33.066  -3.128  5.359 0.0000000000
88306  -31.326  -4.494  5.538 0.0000000000
84534  -33.239  -8.512  5.516 0.0000000000
85496  -34.063  -7.061  5.034 0.0000000000
83532  -34.525  -9.321  4.668 0.0000000000
127046  -34.637  -9.415  2.485 0.0000000000
82471  -34.861  -10.637  3.437 0.0000000000
79248  -29.894  -13.769  5.950 0.0000000000
80289  -30.996  -12.771  6.177 0.0000000000
142743  -31.321  -14.214  6.442 0.0000000000
75323  -32.723  -17.573  1.521 0.0000000000
137769  -33.912  -16.005  3.367 0.0000000000
144999  -32.578  -15.577  0.834 0.0000000000
78300  -32.810  -14.160  0.608 0.0000000000
76330  -34.162  -16.521  0.936 0.0000000000
67468  -28.621  -24.290  8.605 0.0000000000
69883  -28.244  -22.390  9.442 0.0000000000
68763  -30.337  -23.487  8.815 0.0000000000
69894  -30.811  -22.575  8.788 0.0000000000
86390  -28.945  -6.183  4.384 0.0000000000
87338  -31.157  -5.977  5.484 0.0000000000
85479  -30.165  -7.869  5.032 0.0000000000
132322  -31.697  -8.849  5.541 0.0000000000
145575  -32.603  -10.423  5.794 0.0000000000
76277  -31.743  -16.607  6.755 0.0000000000
76279  -33.222  -16.201  6.299 0.0000000000
130366  -33.681  -17.714  5.115 0.0000000000
143436  -33.343  -18.634  3.502 0.0000000000
138438  -33.063  -19.006  1.667 0.0000000000
67480  -26.867  -24.605  7.067 0.0000000000
131652  -29.809  -16.550  6.890 0.0000000000
75262  -31.257  -18.108  7.322 0.0000000000
73106  -32.206  -19.346  7.272 0.0000000000
71996  -32.761  -20.981  7.562 0.0000000000
98460  -22.591  5.567  -1.228 0.0000000000
96755  -20.662  4.726  2.733 0.0000000000
96775  -23.827  4.391  1.586 0.0000000000
98442  -25.811  5.579  -0.192 0.0000000000
97607  -26.736  4.896  1.125 0.0000000000
96780  -28.064  4.963  1.990 0.0000000000
129445  -24.360  0.954  2.326 0.0000000000
95006  -26.267  2.233  2.356 0.0000000000
95906  -28.554  3.698  2.939 0.0000000000
95883  -29.881  3.507  3.758 0.0000000000
94977  -30.432  2.509  4.467 0.0000000000
94078  -31.855  1.433  4.736 0.0000000000
141384  -26.527  -2.172  2.853 0.0000000000
91256  -28.510  -1.303  4.633 0.0000000000
92272  -30.631  -0.810  5.437 0.0000000000
92274  -32.586  -0.398  4.922 0.0000000000
91260  -33.297  -1.665  4.477 0.0000000000
88362  -34.326  -4.484  2.651 0.0000000000
87340  -32.502  -5.606  5.525 0.0000000000
87364  -34.396  -5.622  4.159 0.0000000000
81346  -29.223  -11.606  4.999 0.0000000000
81336  -32.091  -11.933  6.219 0.0000000000
81338  -33.456  -12.069  6.028 0.0000000000
78258  -33.987  -14.734  5.849 0.0000000000
130672  -34.574  -14.045  4.547 0.0000000000
80322  -34.651  -12.318  3.541 0.0000000000
80350  -32.972  -12.796  0.698 0.0000000000
79307  -33.616  -13.244  0.326 0.0000000000
71985  -29.656  -20.761  8.670 0.0000000000
70919  -31.964  -21.964  8.405 0.0000000000
69905  -33.541  -22.628  7.261 0.0000000000
70948  -33.749  -21.243  6.428 0.0000000000
138435  -33.635  -20.511  5.960 0.0000000000
72023  -34.158  -21.152  5.481 0.0000000000
70949  -34.703  -22.000  5.449 0.0000000000
65117  -25.459  -26.582  7.752 0.0000000000
65130  -25.020  -26.244  6.865 0.0000000000
65131  -26.007  -26.600  6.985 0.0000000000
124768  -24.576  -1.090  2.398 0.0000000000
92300  -25.034  -0.562  2.499 0.0000000000
92301  -25.718  -0.707  2.792 0.0000000000
93217  -26.889  -0.149  3.179 0.0000000000
92287  -26.407  -0.770  3.176 0.0000000000
88323  -29.132  -4.886  4.609 0.0000000000
88322  -28.508  -4.753  4.130 0.0000000000
89247  -28.801  -4.159  4.567 0.0000000000
89249  -29.769  -3.112  5.219 0.0000000000
130173  -30.626  -4.097  5.446 0.0000000000
89230  -31.374  -3.490  5.538 0.0000000000
88305  -30.426  -4.922  5.444 0.0000000000
83531  -33.812  -9.324  5.380 0.0000000000
84545  -34.107  -8.531  5.196 0.0000000000
129966  -34.708  -10.138  4.320 0.0000000000
83547  -34.841  -9.787  3.518 0.0000000000
82451  -34.670  -10.849  4.456 0.0000000000
78240  -30.435  -14.534  6.357 0.0000000000
78242  -32.033  -14.828  6.500 0.0000000000
75331  -32.615  -17.731  1.066 0.0000000000
76322  -32.476  -17.119  1.000 0.0000000000
76329  -32.777  -16.861  0.790 0.0000000000
77323  -32.645  -15.769  0.809 0.0000000000
147566  -33.753  -17.193  0.779 0.0000000000
142257  -35.299  -17.577  1.067 0.0000000000
74230  -34.824  -18.477  0.840 0.0000000000
68773  -29.546  -24.222  8.473 0.0000000000
85495  -28.865  -7.407  4.353 0.0000000000
149275  -29.106  -6.796  4.466 0.0000000000
148563  -29.840  -9.402  4.929 0.0000000000
84544  -29.998  -8.713  4.947 0.0000000000
83517  -30.507  -9.281  5.277 0.0000000000
83518  -31.904  -9.603  5.630 0.0000000000
82435  -31.463  -10.548  5.685 0.0000000000
75284  -32.566  -17.867  6.624 0.0000000000
137748  -33.382  -17.693  6.092 0.0000000000
74192  -33.512  -18.539  5.556 0.0000000000
72038  -33.612  -19.946  4.035 0.0000000000
73136  -33.364  -19.217  3.712 0.0000000000
73150  -33.333  -19.634  2.682 0.0000000000
74208  -33.088  -18.900  2.576 0.0000000000
149017  -33.797  -20.227  2.252 0.0000000000
72080  -34.268  -20.505  1.356 0.0000000000
72066  -34.491  -20.816  2.536 0.0000000000
65105  -23.927  -26.345  8.817 0.0000000000
67499  -27.474  -24.525  5.847 0.0000000000
75282  -30.319  -17.086  7.163 0.0000000000
73104  -30.547  -19.355  7.775 0.0000000000
74167  -30.929  -18.680  7.511 0.0000000000
73105  -31.387  -19.409  7.573 0.0000000000
133529  -31.978  -20.181  7.599 0.0000000000
97593  -23.014  5.510  2.502 0.0000000000
138364  -23.221  5.365  1.264 0.0000000000
97621  -23.331  4.748  0.121 0.0000000000
97636  -22.988  5.502  -1.627 0.0000000000
97605  -23.802  4.665  0.991 0.0000000000
95900  -23.031  3.609  2.537 0.0000000000
136477  -23.349  4.113  2.306 0.0000000000
96759  -23.942  4.035  2.025 0.0000000000
96786  -24.419  4.252  0.948 0.0000000000
96777  -25.114  4.132  0.545 0.0000000000
97623  -25.353  4.594  0.043 0.0000000000
132285  -24.797  2.896  2.075 0.0000000000
96778  -26.409  4.062  1.090 0.0000000000
95920  -26.610  3.561  1.659 0.0000000000
131637  -27.473  5.143  1.501 0.0000000000
96779  -27.224  4.372  1.686 0.0000000000
93229  -23.451  0.569  2.284 0.0000000000
94104  -26.618  1.575  2.701 0.0000000000
94103  -25.884  1.475  2.442 0.0000000000
95007  -27.046  2.332  2.741 0.0000000000
95905  -27.654  3.166  2.742 0.0000000000
95881  -28.302  3.050  3.365 0.0000000000
96740  -29.449  4.001  3.153 0.0000000000
94976  -28.638  2.530  3.826 0.0000000000
141664  -28.698  0.975  4.133 0.0000000000
135791  -30.205  1.244  4.959 0.0000000000
94978  -31.274  2.189  4.562 0.0000000000
93202  -30.608  0.734  5.168 0.0000000000
89265  -27.385  -3.791  3.398 0.0000000000
89281  -26.256  -3.090  2.416 0.0000000000
90248  -27.139  -2.266  3.233 0.0000000000
91275  -27.439  -1.541  3.711 0.0000000000
90249  -27.823  -2.270  3.771 0.0000000000
91239  -30.774  -1.815  5.572 0.0000000000
91258  -29.752  -1.344  5.480 0.0000000000
92253  -31.466  -1.146  5.430 0.0000000000
92273  -31.626  -0.303  5.332 0.0000000000
92254  -32.239  -1.072  5.308 0.0000000000
92275  -33.226  -0.671  4.309 0.0000000000
91241  -32.570  -1.707  5.250 0.0000000000
89250  -33.609  -3.282  4.996 0.0000000000
89267  -33.770  -3.004  4.210 0.0000000000
89251  -34.048  -3.747  4.392 0.0000000000
89284  -34.098  -3.604  2.748 0.0000000000
88346  -34.302  -4.139  3.582 0.0000000000
86367  -31.061  -6.715  5.477 0.0000000000
87339  -31.756  -5.642  5.523 0.0000000000
86368  -31.944  -6.356  5.516 0.0000000000
85497  -34.474  -7.186  4.234 0.0000000000
86392  -34.278  -6.337  4.705 0.0000000000
86393  -34.513  -6.473  3.709 0.0000000000
136327  -34.520  -5.837  3.145 0.0000000000
86409  -34.530  -6.584  2.818 0.0000000000
83559  -34.516  -10.416  2.136 0.0000000000
81412  -33.530  -11.811  0.473 0.0000000000
81363  -28.549  -11.323  4.471 0.0000000000
148187  -31.976  -13.238  6.411 0.0000000000
80305  -31.362  -12.014  6.083 0.0000000000
81337  -32.639  -12.328  6.279 0.0000000000
81349  -32.844  -11.438  6.070 0.0000000000
80292  -33.248  -12.844  6.234 0.0000000000
139611  -33.866  -16.813  5.227 0.0000000000
77280  -33.550  -15.437  6.122 0.0000000000
76293  -34.184  -16.093  5.087 0.0000000000
78283  -33.714  -14.568  2.499 0.0000000000
78272  -34.447  -14.734  3.931 0.0000000000
127205  -34.436  -14.080  3.558 0.0000000000
79279  -34.556  -13.282  3.815 0.0000000000
80335  -34.018  -12.940  2.223 0.0000000000
78301  -33.815  -14.042  0.516 0.0000000000
147824  -34.567  -13.645  0.700 0.0000000000
68765  -31.841  -23.147  8.319 0.0000000000
70918  -31.286  -21.802  8.559 0.0000000000
69896  -32.253  -22.597  8.234 0.0000000000
70928  -32.551  -21.845  8.074 0.0000000000
68777  -33.192  -23.382  7.445 0.0000000000
145915  -28.762  -8.728  4.334 0.0000000000
83529  -28.644  -9.479  4.305 0.0000000000
83530  -29.320  -9.975  4.699 0.0000000000
73118  -32.865  -19.276  6.733 0.0000000000
73119  -33.406  -19.276  5.988 0.0000000000
147373  -33.508  -19.901  5.637 0.0000000000
72022  -33.772  -20.276  5.071 0.0000000000
72039  -34.194  -20.694  4.403 0.0000000000
70978  -34.655  -21.140  3.646 0.0000000000
69940  -35.503  -22.539  4.322 0.0000000000
129327  -24.819  -26.556  8.515 0.0000000000
127449  -25.143  -24.795  7.101 0.0000000000
67497  -25.187  -25.059  6.549 0.0000000000
66232  -26.118  -25.380  5.590 0.0000000000
75259  -28.858  -17.811  7.317 0.0000000000
75258  -27.984  -17.881  7.136 0.0000000000
139997  -28.381  -18.533  7.522 0.0000000000
73103  -29.689  -19.255  7.900 0.0000000000
96739  -21.992  5.363  3.070 0.0000000000
95901  -23.888  3.472  2.272 0.0000000000
95902  -24.524  3.528  1.915 0.0000000000
149721  -23.376  2.981  2.600 0.0000000000
95004  -23.963  2.516  2.400 0.0000000000
125383  -24.179  0.266  2.233 0.0000000000
127208  -24.896  0.342  2.321 0.0000000000
132614  -26.280  0.898  2.665 0.0000000000
93232  -27.063  0.768  3.052 0.0000000000
135562  -28.305  1.651  3.732 0.0000000000
137970  -27.951  0.827  3.610 0.0000000000
93218  -27.602  -0.024  3.490 0.0000000000
93219  -28.379  0.106  3.991 0.0000000000
127726  -28.355  -2.940  4.025 0.0000000000
90234  -29.100  -2.624  4.713 0.0000000000
90219  -30.584  -2.789  5.530 0.0000000000
90220  -31.501  -2.561  5.554 0.0000000000
90221  -32.507  -2.508  5.397 0.0000000000
129234  -31.935  -2.978  5.549 0.0000000000
89231  -32.399  -3.358  5.506 0.0000000000
88324  -33.190  -3.924  5.386 0.0000000000
85480  -32.081  -8.023  5.549 0.0000000000
85481  -32.535  -7.092  5.485 0.0000000000
135079  -33.760  -7.768  5.312 0.0000000000
133419  -34.332  -7.846  4.840 0.0000000000
84561  -34.641  -8.036  3.912 0.0000000000
143252  -34.671  -8.470  2.772 0.0000000000
127820  -34.757  -8.900  3.703 0.0000000000
140747  -34.540  -11.192  2.382 0.0000000000
79263  -30.208  -12.935  5.881 0.0000000000
79249  -30.701  -13.588  6.237 0.0000000000
79250  -31.478  -13.380  6.368 0.0000000000
131986  -32.183  -13.845  6.452 0.0000000000
75324  -33.413  -17.416  2.786 0.0000000000
76316  -33.646  -16.656  3.005 0.0000000000
140675  -32.696  -16.818  1.587 0.0000000000
129750  -32.938  -15.949  1.804 0.0000000000
77314  -32.717  -15.132  1.293 0.0000000000
126255  -32.739  -14.243  0.877 0.0000000000
128800  -32.726  -15.036  0.782 0.0000000000
77324  -33.616  -15.197  0.698 0.0000000000
132452  -35.525  -15.989  1.396 0.0000000000
149266  -35.776  -15.377  1.447 0.0000000000
67458  -27.873  -24.153  9.014 0.0000000000
68754  -27.851  -23.394  9.364 0.0000000000
67459  -28.487  -23.704  9.186 0.0000000000
68762  -29.286  -23.447  9.169 0.0000000000
69893  -29.954  -22.596  9.190 0.0000000000
136753  -29.528  -21.752  9.149 0.0000000000
68764  -31.216  -23.268  8.545 0.0000000000
86408  -28.400  -6.047  3.912 0.0000000000
87362  -29.356  -5.625  4.649 0.0000000000
87337  -29.992  -5.666  5.103 0.0000000000
86391  -29.661  -6.400  4.753 0.0000000000
86366  -30.289  -7.007  5.133 0.0000000000
137803  -31.019  -7.545  5.472 0.0000000000
127687  -29.311  -8.163  4.570 0.0000000000
84533  -30.927  -8.501  5.431 0.0000000000
134756  -32.401  -8.881  5.588 0.0000000000
83519  -32.945  -9.447  5.640 0.0000000000
138068  -33.461  -10.016  5.551 0.0000000000
136760  -31.084  -15.966  6.751 0.0000000000
77269  -31.850  -15.712  6.595 0.0000000000
76278  -32.461  -16.210  6.535 0.0000000000
75285  -33.523  -16.856  6.023 0.0000000000
74200  -33.541  -18.572  4.520 0.0000000000
75314  -33.566  -17.964  3.863 0.0000000000
130787  -33.227  -18.182  2.622 0.0000000000
74219  -32.895  -18.279  1.593 0.0000000000
74228  -32.877  -18.326  1.116 0.0000000000
130716  -34.223  -19.380  0.771 0.0000000000
73177  -33.998  -19.976  0.843 0.0000000000
70979  -35.287  -21.590  2.674 0.0000000000
65093  -24.376  -26.174  10.003 0.0000000000
149852  -27.251  -23.971  9.196 0.0000000000
149580  -26.021  -24.602  7.449 0.0000000000
145390  -26.909  -24.399  8.525 0.0000000000
67467  -27.724  -24.486  8.246 0.0000000000
67481  -28.048  -24.587  7.389 0.0000000000
67500  -28.590  -24.577  6.680 0.0000000000
131656  -30.950  -16.645  6.981 0.0000000000
75283  -31.240  -17.367  7.135 0.0000000000
74183  -31.846  -17.968  7.080 0.0000000000
75261  -30.606  -17.938  7.383 0.0000000000
74168  -31.674  -18.666  7.324 0.0000000000
140361  -32.384  -18.590  6.954 0.0000000000
130402  -32.754  -20.044  7.114 0.0000000000
72009  -33.294  -20.647  6.807 0.0000000000
71997  -33.400  -21.321  7.105 0.0000000000
98425  -22.993  5.825  0.725 0.0000000000
96738  -21.036  5.503  3.212 0.0000000000
96756  -21.626  4.555  2.839 0.0000000000
96757  -22.576  4.502  2.546 0.0000000000
96758  -23.164  4.771  2.167 0.0000000000
98440  -23.750  4.513  -0.765 0.0000000000
144305  -25.719  3.896  0.839 0.0000000000
97624  -26.332  5.217  0.481 0.0000000000
135862  -26.815  5.930  0.325 0.0000000000
97625  -27.331  5.621  0.911 0.0000000000
97608  -28.136  5.562  1.443 0.0000000000
97609  -28.851  5.417  1.929 0.0000000000
136580  -23.767  1.531  2.398 0.0000000000
146581  -24.588  1.895  2.303 0.0000000000
131204  -25.130  1.246  2.318 0.0000000000
95904  -26.801  2.958  2.218 0.0000000000
95921  -27.257  3.630  2.107 0.0000000000
96760  -27.952  4.080  2.317 0.0000000000
96761  -28.924  4.632  2.509 0.0000000000
96762  -29.963  4.681  2.767 0.0000000000
96741  -30.344  4.126  3.324 0.0000000000
95871  -30.311  3.114  4.159 0.0000000000
90261  -25.882  -2.459  2.341 0.0000000000
91291  -26.090  -1.504  2.839 0.0000000000
91274  -26.761  -1.511  3.279 0.0000000000
133850  -27.872  -0.808  4.152 0.0000000000
92270  -28.753  -0.516  4.614 0.0000000000
91257  -29.097  -1.780  5.037 0.0000000000
149722  -29.057  -1.041  5.184 0.0000000000
128010  -30.622  0.064  5.301 0.0000000000
140776  -31.306  0.546  5.201 0.0000000000
93203  -32.145  0.553  4.946 0.0000000000
91242  -33.081  -2.015  5.035 0.0000000000
90250  -33.606  -2.243  3.977 0.0000000000
89301  -33.854  -3.479  1.742 0.0000000000
144074  -34.098  -4.124  1.987 0.0000000000
137281  -31.210  -5.278  5.543 0.0000000000
132934  -31.999  -4.998  5.555 0.0000000000
88325  -33.665  -4.749  5.169 0.0000000000
86370  -33.776  -6.285  5.269 0.0000000000
87363  -34.050  -5.528  5.012 0.0000000000
88326  -34.195  -4.675  4.462 0.0000000000
87382  -34.452  -4.993  3.426 0.0000000000
84573  -34.352  -9.040  1.671 0.0000000000
82450  -28.994  -10.800  4.652 0.0000000000
82433  -29.697  -10.749  5.103 0.0000000000
80304  -30.560  -12.142  5.783 0.0000000000
81347  -30.114  -11.470  5.436 0.0000000000
82434  -30.533  -10.672  5.452 0.0000000000
145635  -31.878  -11.278  5.991 0.0000000000
147993  -33.675  -11.427  5.720 0.0000000000
82437  -34.208  -11.101  5.263 0.0000000000
77270  -32.713  -15.494  6.467 0.0000000000
78243  -33.045  -14.566  6.407 0.0000000000
150560  -33.660  -14.062  6.131 0.0000000000
77294  -34.321  -15.553  4.386 0.0000000000
78259  -34.517  -14.779  4.984 0.0000000000
79264  -33.834  -13.405  5.987 0.0000000000
80306  -34.054  -12.638  5.723 0.0000000000
80307  -34.572  -12.499  4.756 0.0000000000
81351  -34.616  -11.673  4.551 0.0000000000
132760  -34.789  -11.452  3.459 0.0000000000
81380  -34.133  -12.050  2.017 0.0000000000
81400  -33.283  -12.158  0.571 0.0000000000
147817  -32.744  -13.780  0.479 0.0000000000
147865  -32.848  -13.056  0.397 0.0000000000
73084  -29.275  -19.858  8.377 0.0000000000
73085  -30.136  -19.969  8.257 0.0000000000
70917  -30.398  -21.609  8.773 0.0000000000
71987  -31.034  -21.064  8.471 0.0000000000
70927  -31.866  -21.119  8.241 0.0000000000
70929  -33.206  -21.882  7.507 0.0000000000
70936  -33.755  -21.932  6.925 0.0000000000
66231  -25.417  -25.469  6.314 0.0000000000
67498  -25.777  -24.922  5.860 0.0000000000
68755  -28.621  -23.135  9.367 0.0000000000
68775  -31.625  -23.795  8.193 0.0000000000
69895  -31.575  -22.570  8.492 0.0000000000
69904  -32.902  -22.620  7.767 0.0000000000
70950  -35.119  -22.100  4.785 0.0000000000
70966  -35.254  -21.829  3.976 0.0000000000
71986  -30.464  -20.700  8.479 0.0000000000
72065  -33.490  -19.745  1.528 0.0000000000
73102  -28.718  -19.229  7.977 0.0000000000
73176  -33.380  -19.147  1.107 0.0000000000
74165  -29.242  -18.562  7.600 0.0000000000
75260  -29.747  -17.843  7.392 0.0000000000
75337  -32.692  -17.645  0.917 0.0000000000
75338  -33.547  -17.685  0.764 0.0000000000
76276  -30.393  -16.263  6.839 0.0000000000
76292  -33.768  -16.139  5.728 0.0000000000
76307  -34.046  -16.384  4.317 0.0000000000
76323  -32.529  -16.247  0.846 0.0000000000
77281  -34.198  -15.478  5.412 0.0000000000
77307  -33.864  -15.353  2.920 0.0000000000
79251  -33.065  -13.623  6.362 0.0000000000
79265  -34.514  -13.310  5.140 0.0000000000
79300  -32.851  -13.400  0.794 0.0000000000
79306  -32.896  -13.343  0.447 0.0000000000
80290  -31.834  -12.666  6.322 0.0000000000
80362  -32.998  -12.820  0.239 0.0000000000
81348  -30.969  -11.358  5.747 0.0000000000
81350  -34.171  -11.875  5.443 0.0000000000
82489  -33.861  -11.086  1.363 0.0000000000
84546  -34.499  -8.515  4.563 0.0000000000
85482  -33.383  -7.031  5.336 0.0000000000
85508  -28.260  -7.407  3.870 0.0000000000
86369  -32.961  -6.315  5.506 0.0000000000
87341  -33.375  -5.545  5.409 0.0000000000
87361  -28.739  -5.480  4.252 0.0000000000
88307  -32.225  -4.180  5.533 0.0000000000
88308  -32.871  -4.826  5.486 0.0000000000
88345  -27.850  -4.487  3.635 0.0000000000
89248  -29.055  -3.402  4.618 0.0000000000
89282  -26.781  -3.505  2.902 0.0000000000
90222  -33.203  -2.675  5.151 0.0000000000
90236  -33.424  -2.484  4.693 0.0000000000
91259  -32.913  -1.238  4.911 0.0000000000
91276  -27.992  -1.606  4.168 0.0000000000
91289  -23.861  -1.154  2.086 0.0000000000
92271  -29.648  -0.391  5.170 0.0000000000
93201  -29.898  0.520  5.052 0.0000000000
94076  -29.837  1.901  4.629 0.0000000000
94077  -31.062  1.290  5.014 0.0000000000
94091  -27.658  1.454  3.350 0.0000000000
94102  -22.930  1.284  2.462 0.0000000000
94105  -27.231  1.695  3.025 0.0000000000
95005  -25.430  2.137  2.235 0.0000000000
95882  -29.010  3.313  3.659 0.0000000000
95899  -22.169  3.639  2.789 0.0000000000
95919  -25.852  3.517  1.295 0.0000000000
97606  -25.940  4.448  0.638 0.0000000000
97622  -24.301  4.305  0.002 0.0000000000
98426  -28.130  6.044  0.958 0.0000000000
98439  -22.757  5.133  -0.497 0.0000000000
124133  -21.708  -0.122  1.720 0.0000000000
130674  -25.510  0.002  2.493 0.0000000000
131993  -31.196  -9.224  5.481 0.0000000000
132590  -33.045  -7.679  5.504 0.0000000000
133007  -34.320  -14.058  5.508 0.0000000000
133435  -29.565  -7.270  4.678 0.0000000000
133449  -22.689  5.306  2.709 0.0000000000
133522  -28.466  -2.100  4.392 0.0000000000
136137  -32.773  -16.991  6.477 0.0000000000
137444  -30.948  -9.881  5.466 0.0000000000
137480  -33.542  -10.749  5.628 0.0000000000
137901  -29.553  2.741  4.223 0.0000000000
138471  -29.440  1.143  4.648 0.0000000000
141696  -29.680  -4.148  5.201 0.0000000000
141818  -32.012  -17.357  6.820 0.0000000000
142847  -28.580  -6.745  4.115 0.0000000000
143296  -30.552  1.833  4.787 0.0000000000
144202  -34.054  -3.448  3.668 0.0000000000
144271  -30.435  -6.239  5.249 0.0000000000
147705  -28.899  -24.537  7.761 0.0000000000
148104  -31.606  0.943  5.001 0.0000000000
148412  -33.620  -17.260  5.675 0.0000000000
148517  -33.595  -11.540  1.242 0.0000000000
148524  -28.297  -4.131  4.090 0.0000000000
150485  -30.644  -5.617  5.412 0.0000000000
