#!ascii label  , from subject sub-v2s3x28801_ses-1 vox2ras=TkReg
1367
84069  -39.499  4.134  8.696 0.0000000000
81498  -53.579  0.756  -2.452 0.0000000000
89568  -46.498  10.327  13.602 0.0000000000
81438  -50.665  0.022  4.287 0.0000000000
83129  -47.647  2.300  13.026 0.0000000000
87502  -48.651  7.542  2.137 0.0000000000
93077  -51.341  15.917  1.913 0.0000000000
93033  -45.775  14.965  7.145 0.0000000000
78571  -41.465  -2.526  19.342 0.0000000000
82291  -44.475  1.631  6.418 0.0000000000
84127  -48.332  3.165  2.732 0.0000000000
86653  -44.373  6.184  5.656 0.0000000000
90915  -51.651  13.112  16.207 0.0000000000
90964  -50.449  13.018  8.246 0.0000000000
118353  -54.144  15.599  7.867 0.0000000000
93741  -48.816  16.602  4.202 0.0000000000
93697  -49.526  16.267  9.921 0.0000000000
84186  -51.169  4.000  -4.621 0.0000000000
84999  -38.261  4.542  14.459 0.0000000000
87459  -42.028  7.988  11.034 0.0000000000
84081  -54.510  3.993  7.253 0.0000000000
82272  -49.524  1.105  9.076 0.0000000000
81357  -43.429  0.367  10.176 0.0000000000
80394  -42.951  -0.865  14.531 0.0000000000
85098  -52.085  4.914  -2.170 0.0000000000
88971  -53.284  9.320  -2.039 0.0000000000
90288  -45.776  11.504  7.432 0.0000000000
119001  -48.399  12.132  2.597 0.0000000000
91030  -49.902  13.103  -3.755 0.0000000000
92434  -46.624  14.682  -1.752 0.0000000000
93083  -43.967  15.565  1.217 0.0000000000
84079  -41.963  3.494  7.251 0.0000000000
85044  -44.012  4.401  5.881 0.0000000000
85867  -41.284  5.838  6.917 0.0000000000
92951  -52.252  15.316  15.305 0.0000000000
91611  -53.328  13.698  11.437 0.0000000000
92986  -53.513  15.594  10.824 0.0000000000
92992  -51.458  15.991  9.215 0.0000000000
126047  -52.782  2.438  -4.183 0.0000000000
84007  -37.950  3.365  17.432 0.0000000000
115293  -40.855  4.866  15.855 0.0000000000
83148  -48.591  2.405  10.994 0.0000000000
81373  -46.517  0.314  9.420 0.0000000000
81345  -45.810  0.735  11.559 0.0000000000
79493  -41.790  -1.711  16.472 0.0000000000
79536  -36.515  -1.106  12.612 0.0000000000
82228  -35.614  1.810  12.493 0.0000000000
80393  -34.165  -0.301  14.051 0.0000000000
82344  -51.717  1.069  1.657 0.0000000000
85892  -48.394  5.530  2.616 0.0000000000
85088  -49.662  3.893  0.106 0.0000000000
86701  -50.684  6.536  0.397 0.0000000000
128479  -52.942  7.641  -1.476 0.0000000000
88250  -50.817  8.732  0.581 0.0000000000
88180  -44.143  8.695  12.676 0.0000000000
89589  -43.862  10.480  9.557 0.0000000000
90279  -45.300  11.494  10.563 0.0000000000
92346  -51.737  14.459  5.172 0.0000000000
90975  -48.970  12.677  5.570 0.0000000000
139129  -48.549  13.898  2.411 0.0000000000
90325  -48.574  12.231  0.110 0.0000000000
122537  -49.005  14.440  -0.872 0.0000000000
91732  -48.556  13.839  -3.893 0.0000000000
93771  -49.780  16.628  -0.257 0.0000000000
93049  -47.556  15.315  5.776 0.0000000000
93075  -46.140  15.915  2.543 0.0000000000
92373  -45.002  14.672  3.946 0.0000000000
92370  -42.816  14.125  3.108 0.0000000000
92343  -43.656  14.327  5.526 0.0000000000
80497  -47.335  0.115  5.293 0.0000000000
81464  -48.620  1.014  2.770 0.0000000000
83203  -46.761  2.267  4.647 0.0000000000
85058  -46.972  4.773  4.237 0.0000000000
124792  -46.130  7.052  4.396 0.0000000000
119539  -49.037  11.702  14.892 0.0000000000
90947  -48.046  12.667  11.491 0.0000000000
91609  -50.988  13.438  11.621 0.0000000000
91624  -53.161  13.663  7.970 0.0000000000
119727  -53.217  16.021  4.825 0.0000000000
94367  -51.428  17.783  2.606 0.0000000000
93736  -51.297  16.648  5.542 0.0000000000
132446  -49.379  15.548  7.187 0.0000000000
92999  -47.722  15.782  8.830 0.0000000000
85952  -50.776  5.432  -4.028 0.0000000000
85854  -37.707  5.304  10.776 0.0000000000
87456  -39.684  7.115  9.972 0.0000000000
86623  -39.766  6.355  12.570 0.0000000000
86616  -42.586  6.713  14.094 0.0000000000
88150  -44.897  7.763  15.585 0.0000000000
87366  -44.894  7.141  20.172 0.0000000000
88845  -47.645  9.439  17.624 0.0000000000
82294  -52.626  1.577  6.492 0.0000000000
82275  -52.039  1.798  8.143 0.0000000000
81399  -50.359  0.178  7.185 0.0000000000
80449  -46.792  -0.349  7.270 0.0000000000
81394  -43.871  0.879  7.786 0.0000000000
82206  -47.294  1.798  15.420 0.0000000000
134593  -44.228  -0.694  18.677 0.0000000000
81294  -44.645  0.005  16.123 0.0000000000
81312  -45.639  0.629  13.917 0.0000000000
80417  -43.227  -0.190  12.431 0.0000000000
83154  -38.828  2.587  9.526 0.0000000000
82390  -55.974  1.573  -1.786 0.0000000000
82365  -49.828  1.836  0.110 0.0000000000
83262  -52.099  2.415  -1.795 0.0000000000
84169  -56.097  3.110  -3.332 0.0000000000
86727  -56.090  5.833  -3.873 0.0000000000
87551  -54.310  7.438  -4.212 0.0000000000
88275  -52.625  9.006  -3.663 0.0000000000
88200  -42.091  8.461  7.711 0.0000000000
88207  -44.563  8.882  6.095 0.0000000000
88911  -46.695  9.074  3.842 0.0000000000
90961  -47.986  12.401  7.953 0.0000000000
90300  -47.359  11.062  4.397 0.0000000000
89623  -48.859  9.561  1.893 0.0000000000
89644  -50.422  10.127  0.119 0.0000000000
89680  -51.689  11.017  -2.814 0.0000000000
89692  -51.673  11.646  -5.314 0.0000000000
93761  -47.728  17.078  1.061 0.0000000000
93109  -45.697  15.521  -0.265 0.0000000000
91720  -42.714  14.034  -2.152 0.0000000000
92415  -41.307  15.030  -0.474 0.0000000000
92383  -40.809  14.254  1.892 0.0000000000
84078  -41.104  3.794  7.643 0.0000000000
85037  -41.566  4.363  7.105 0.0000000000
85031  -40.182  5.010  7.984 0.0000000000
120171  -52.885  15.298  13.105 0.0000000000
93684  -52.396  16.855  11.295 0.0000000000
82408  -53.728  1.356  -3.213 0.0000000000
83142  -48.204  2.475  11.730 0.0000000000
82251  -47.314  1.395  10.901 0.0000000000
82230  -46.483  1.272  12.585 0.0000000000
78648  -36.597  -2.328  13.743 0.0000000000
79523  -35.315  -1.196  13.545 0.0000000000
81439  -51.416  0.405  4.403 0.0000000000
81454  -51.085  0.311  3.662 0.0000000000
86680  -48.701  6.349  2.259 0.0000000000
85908  -49.561  5.950  1.484 0.0000000000
86688  -49.960  6.814  1.217 0.0000000000
86694  -50.601  7.335  0.774 0.0000000000
87510  -49.943  8.004  1.279 0.0000000000
118317  -45.365  9.661  12.985 0.0000000000
89584  -44.894  10.320  11.893 0.0000000000
89578  -45.626  10.852  12.066 0.0000000000
92376  -51.450  15.376  3.377 0.0000000000
92375  -50.177  14.713  3.481 0.0000000000
92389  -50.059  15.193  2.228 0.0000000000
92398  -49.099  14.694  0.804 0.0000000000
92408  -49.983  15.602  -0.013 0.0000000000
92423  -50.166  15.790  -0.962 0.0000000000
93101  -50.622  16.445  0.374 0.0000000000
93034  -46.435  14.951  6.784 0.0000000000
92361  -46.060  14.856  5.210 0.0000000000
92345  -45.498  14.639  5.638 0.0000000000
92344  -44.642  14.463  5.296 0.0000000000
124955  -44.919  14.590  6.182 0.0000000000
81420  -45.955  0.817  5.737 0.0000000000
81435  -47.054  0.803  4.867 0.0000000000
82304  -45.713  1.723  5.551 0.0000000000
85872  -44.166  5.309  5.712 0.0000000000
136903  -45.612  4.147  5.239 0.0000000000
131832  -45.441  5.896  5.116 0.0000000000
85883  -46.612  5.547  4.282 0.0000000000
86662  -45.681  6.533  4.842 0.0000000000
90926  -50.182  12.491  15.007 0.0000000000
91597  -49.448  12.966  12.448 0.0000000000
115584  -51.100  13.417  13.576 0.0000000000
92306  -54.277  14.590  9.246 0.0000000000
91620  -53.686  13.728  9.553 0.0000000000
92313  -54.207  14.588  7.294 0.0000000000
135382  -53.421  14.526  6.265 0.0000000000
93040  -53.757  15.607  6.129 0.0000000000
129436  -52.504  16.747  5.078 0.0000000000
133196  -52.872  16.446  6.772 0.0000000000
92991  -50.142  15.764  9.068 0.0000000000
93001  -50.014  15.613  7.907 0.0000000000
139460  -49.293  15.639  8.588 0.0000000000
133548  -48.021  15.535  8.021 0.0000000000
92989  -48.264  15.940  9.297 0.0000000000
85962  -51.454  5.421  -4.291 0.0000000000
85835  -37.698  5.357  12.486 0.0000000000
86622  -39.044  6.356  12.022 0.0000000000
85825  -39.467  5.732  13.445 0.0000000000
85808  -41.584  4.894  16.718 0.0000000000
121719  -41.494  5.469  15.343 0.0000000000
86595  -43.167  6.179  16.019 0.0000000000
86607  -43.495  6.839  15.235 0.0000000000
86579  -44.316  6.424  17.387 0.0000000000
88124  -43.883  7.844  18.740 0.0000000000
87394  -46.341  8.104  19.509 0.0000000000
88832  -47.972  9.673  19.098 0.0000000000
89540  -48.946  10.777  18.687 0.0000000000
90218  -48.285  10.794  18.976 0.0000000000
83192  -53.862  2.848  5.426 0.0000000000
83182  -53.074  2.215  6.902 0.0000000000
83166  -51.512  2.192  8.993 0.0000000000
82273  -50.263  1.029  8.593 0.0000000000
82284  -50.798  0.769  7.803 0.0000000000
81388  -50.076  0.383  7.920 0.0000000000
80451  -48.577  -0.425  6.963 0.0000000000
80441  -47.771  -0.034  8.254 0.0000000000
81371  -44.869  0.191  9.549 0.0000000000
81384  -45.219  0.030  8.681 0.0000000000
136601  -44.003  0.399  9.180 0.0000000000
79473  -43.318  -1.372  18.781 0.0000000000
80377  -43.630  -0.630  16.844 0.0000000000
122297  -43.603  -0.583  15.073 0.0000000000
81302  -44.907  0.127  15.450 0.0000000000
80395  -43.635  -0.502  14.166 0.0000000000
81329  -44.045  -0.076  12.857 0.0000000000
80404  -42.664  -0.608  13.116 0.0000000000
129688  -37.427  3.000  10.435 0.0000000000
129049  -36.929  1.919  11.016 0.0000000000
82379  -55.609  1.386  -0.801 0.0000000000
82343  -48.417  1.704  2.513 0.0000000000
137711  -49.276  1.204  1.646 0.0000000000
83234  -48.811  2.436  1.410 0.0000000000
85090  -50.712  4.870  -0.805 0.0000000000
84159  -50.869  3.114  -1.509 0.0000000000
85104  -51.962  3.907  -2.328 0.0000000000
130963  -54.279  3.117  -2.762 0.0000000000
84167  -54.682  3.801  -3.118 0.0000000000
85114  -56.118  4.221  -3.910 0.0000000000
85944  -55.283  5.503  -3.349 0.0000000000
122615  -53.198  8.846  -1.702 0.0000000000
87535  -55.019  7.800  -2.957 0.0000000000
88270  -53.756  9.087  -2.453 0.0000000000
88276  -53.601  8.816  -3.414 0.0000000000
88977  -53.460  9.473  -2.911 0.0000000000
87458  -41.330  7.698  10.793 0.0000000000
87465  -41.103  7.917  8.483 0.0000000000
120957  -42.101  8.621  9.705 0.0000000000
89593  -44.519  10.852  8.243 0.0000000000
89595  -43.974  10.284  7.902 0.0000000000
89598  -44.826  10.464  6.859 0.0000000000
88210  -45.549  8.857  5.158 0.0000000000
89602  -46.070  10.521  5.619 0.0000000000
90957  -49.177  13.084  9.825 0.0000000000
124690  -47.517  12.602  9.759 0.0000000000
117794  -48.898  12.604  8.098 0.0000000000
90990  -48.412  12.792  3.749 0.0000000000
131928  -48.375  12.197  5.049 0.0000000000
90307  -47.850  11.303  3.809 0.0000000000
89613  -47.955  10.550  3.229 0.0000000000
89622  -48.741  10.472  1.998 0.0000000000
89634  -49.495  9.897  1.365 0.0000000000
90320  -49.002  10.843  1.319 0.0000000000
120623  -49.323  12.900  -2.787 0.0000000000
118733  -49.838  11.425  -1.563 0.0000000000
90351  -50.756  12.362  -3.747 0.0000000000
90363  -52.039  11.906  -5.026 0.0000000000
91041  -51.134  12.584  -5.601 0.0000000000
90370  -50.310  12.430  -5.573 0.0000000000
91744  -49.542  13.216  -5.162 0.0000000000
133588  -47.765  14.798  -2.063 0.0000000000
91742  -47.678  13.352  -4.646 0.0000000000
93750  -49.712  17.392  3.564 0.0000000000
94365  -49.341  17.629  2.432 0.0000000000
135528  -48.273  17.136  2.530 0.0000000000
93074  -45.343  15.601  2.306 0.0000000000
124316  -46.029  16.232  1.674 0.0000000000
93095  -44.285  15.658  0.490 0.0000000000
92418  -44.060  15.229  -0.885 0.0000000000
92417  -43.083  15.265  -0.829 0.0000000000
92430  -42.471  14.685  -1.422 0.0000000000
93106  -42.761  15.509  0.006 0.0000000000
91683  -42.382  13.734  3.787 0.0000000000
92384  -41.718  14.211  2.193 0.0000000000
91693  -41.173  13.781  2.740 0.0000000000
91692  -40.327  13.793  2.526 0.0000000000
82290  -43.725  2.039  6.717 0.0000000000
83181  -44.255  2.662  6.152 0.0000000000
84086  -43.124  3.549  6.521 0.0000000000
120670  -42.774  4.747  6.365 0.0000000000
134367  -42.737  6.198  6.310 0.0000000000
120939  -52.158  13.681  13.531 0.0000000000
118586  -53.021  13.884  13.348 0.0000000000
92987  -54.029  14.497  10.948 0.0000000000
130443  -53.578  16.014  9.294 0.0000000000
93003  -52.436  16.189  8.358 0.0000000000
92993  -52.654  16.343  9.350 0.0000000000
93699  -51.666  16.406  10.085 0.0000000000
83291  -51.929  2.720  -4.361 0.0000000000
122296  -38.494  4.047  15.590 0.0000000000
84992  -39.159  4.596  14.903 0.0000000000
84969  -38.972  3.702  16.702 0.0000000000
82265  -48.412  1.381  9.915 0.0000000000
117184  -47.903  0.420  8.992 0.0000000000
82264  -47.667  1.138  10.132 0.0000000000
81360  -45.910  0.599  10.730 0.0000000000
81344  -45.079  0.408  11.158 0.0000000000
78600  -41.888  -1.945  17.859 0.0000000000
78626  -40.779  -2.209  15.637 0.0000000000
80420  -37.132  -0.313  11.703 0.0000000000
81335  -36.552  0.388  11.743 0.0000000000
80410  -35.905  -0.423  12.649 0.0000000000
81318  -35.012  0.308  13.236 0.0000000000
120564  -48.379  3.950  2.902 0.0000000000
84137  -49.061  3.379  1.117 0.0000000000
123406  -49.120  4.392  1.540 0.0000000000
124815  -50.308  5.008  -0.172 0.0000000000
85927  -51.304  5.699  -0.974 0.0000000000
86709  -52.745  6.731  -1.651 0.0000000000
86702  -51.441  6.674  -0.384 0.0000000000
87519  -51.775  8.186  -0.251 0.0000000000
88258  -52.305  8.787  -0.811 0.0000000000
87454  -43.454  8.507  12.096 0.0000000000
88189  -43.034  9.171  10.827 0.0000000000
117889  -43.662  9.596  11.227 0.0000000000
136017  -44.548  10.939  10.587 0.0000000000
90283  -45.547  11.693  8.979 0.0000000000
91637  -51.240  13.113  6.944 0.0000000000
90976  -49.682  12.800  6.388 0.0000000000
91651  -50.027  13.364  5.541 0.0000000000
91669  -49.029  13.669  3.951 0.0000000000
91002  -48.351  13.115  2.301 0.0000000000
125048  -48.603  11.821  1.103 0.0000000000
133372  -48.345  13.246  1.433 0.0000000000
118640  -48.452  13.363  -0.309 0.0000000000
91019  -48.960  13.474  -2.329 0.0000000000
91733  -49.318  13.600  -4.226 0.0000000000
92422  -49.354  15.093  -1.745 0.0000000000
93118  -49.352  15.302  -1.660 0.0000000000
93111  -49.058  15.684  -1.483 0.0000000000
93060  -48.090  15.784  4.894 0.0000000000
93748  -47.667  16.561  3.087 0.0000000000
93059  -47.266  15.553  4.560 0.0000000000
115575  -45.647  15.449  3.055 0.0000000000
139002  -44.759  15.245  2.491 0.0000000000
117397  -43.209  15.169  1.403 0.0000000000
92372  -44.249  14.466  3.690 0.0000000000
91684  -43.289  14.017  3.963 0.0000000000
91649  -42.788  14.075  5.392 0.0000000000
80499  -49.153  -0.344  4.635 0.0000000000
80511  -49.458  -0.120  3.892 0.0000000000
81437  -48.207  0.388  4.145 0.0000000000
82331  -47.865  1.325  3.641 0.0000000000
119430  -47.683  2.782  3.747 0.0000000000
84094  -45.362  3.303  5.484 0.0000000000
128452  -46.558  3.892  4.657 0.0000000000
125814  -47.922  4.074  3.507 0.0000000000
85065  -47.575  4.752  3.643 0.0000000000
126351  -47.395  5.994  3.316 0.0000000000
87494  -47.027  7.504  3.463 0.0000000000
90254  -47.667  11.251  13.804 0.0000000000
90264  -47.175  11.503  12.821 0.0000000000
90935  -48.486  12.539  12.472 0.0000000000
91613  -49.489  13.214  10.740 0.0000000000
138842  -50.671  13.276  9.558 0.0000000000
91610  -52.214  13.550  11.593 0.0000000000
91618  -51.588  13.392  9.754 0.0000000000
91623  -51.599  13.227  8.080 0.0000000000
91638  -52.168  13.494  6.876 0.0000000000
92364  -52.507  15.285  4.603 0.0000000000
93069  -52.612  16.424  3.299 0.0000000000
93757  -51.948  17.047  2.151 0.0000000000
94362  -52.494  17.199  3.367 0.0000000000
93743  -51.379  17.471  4.157 0.0000000000
93735  -50.405  16.771  4.979 0.0000000000
93015  -51.081  15.834  7.297 0.0000000000
93037  -49.881  15.785  6.452 0.0000000000
93051  -49.535  15.997  5.731 0.0000000000
93036  -48.024  15.371  6.542 0.0000000000
93013  -47.607  15.355  7.320 0.0000000000
93012  -46.289  15.357  7.671 0.0000000000
85023  -38.435  4.773  9.639 0.0000000000
85861  -39.287  5.614  8.873 0.0000000000
86638  -38.673  6.270  10.298 0.0000000000
86632  -39.681  6.691  11.611 0.0000000000
86634  -41.415  7.024  12.280 0.0000000000
115020  -40.175  5.577  14.081 0.0000000000
86614  -41.130  6.322  13.547 0.0000000000
87448  -42.238  7.305  12.407 0.0000000000
135513  -43.410  7.660  13.219 0.0000000000
117837  -44.907  8.577  14.076 0.0000000000
88160  -45.502  8.836  14.623 0.0000000000
86556  -43.891  5.866  20.148 0.0000000000
87405  -45.047  6.661  18.468 0.0000000000
88138  -46.292  8.255  17.340 0.0000000000
121067  -46.850  9.731  15.257 0.0000000000
119938  -48.380  10.570  16.214 0.0000000000
90247  -49.323  11.432  16.264 0.0000000000
90914  -50.468  12.359  16.552 0.0000000000
82320  -52.728  1.424  4.873 0.0000000000
81423  -51.548  0.438  5.184 0.0000000000
84072  -53.050  3.196  8.858 0.0000000000
83174  -52.805  2.295  7.766 0.0000000000
82286  -52.365  1.658  7.305 0.0000000000
81400  -51.170  0.604  6.975 0.0000000000
80468  -50.093  -0.403  5.747 0.0000000000
80466  -48.650  -0.524  6.080 0.0000000000
80465  -47.231  -0.399  6.529 0.0000000000
81405  -45.688  0.330  6.499 0.0000000000
81385  -46.215  -0.067  8.579 0.0000000000
115511  -45.036  0.058  7.933 0.0000000000
82283  -44.092  1.214  7.060 0.0000000000
82281  -42.733  1.951  7.682 0.0000000000
81278  -46.284  0.701  18.400 0.0000000000
79485  -43.403  -0.904  17.474 0.0000000000
80370  -44.949  0.037  17.720 0.0000000000
81287  -46.389  0.921  16.977 0.0000000000
122038  -45.968  0.713  16.209 0.0000000000
82205  -46.672  1.346  15.056 0.0000000000
82221  -46.612  1.378  13.378 0.0000000000
81321  -45.369  0.467  13.173 0.0000000000
117106  -44.698  0.309  11.943 0.0000000000
81342  -43.471  0.139  11.605 0.0000000000
134535  -38.641  3.422  9.441 0.0000000000
84056  -37.580  3.886  10.335 0.0000000000
126654  -36.827  4.285  11.565 0.0000000000
85004  -37.188  4.752  12.916 0.0000000000
84990  -36.852  3.899  14.341 0.0000000000
81492  -55.546  1.179  -0.451 0.0000000000
81500  -55.723  1.015  -1.384 0.0000000000
81506  -55.822  1.359  -2.046 0.0000000000
81466  -50.032  0.413  2.396 0.0000000000
81476  -51.041  0.979  0.814 0.0000000000
83244  -49.569  2.611  -0.013 0.0000000000
82386  -51.408  1.908  -1.143 0.0000000000
82387  -52.334  1.897  -1.223 0.0000000000
83264  -54.192  2.410  -1.925 0.0000000000
83275  -56.170  2.449  -2.849 0.0000000000
82409  -55.571  1.955  -3.379 0.0000000000
83293  -54.911  2.331  -3.855 0.0000000000
126918  -55.287  3.920  -4.356 0.0000000000
132566  -53.952  4.433  -4.592 0.0000000000
119916  -54.907  6.555  -3.018 0.0000000000
87552  -55.518  7.132  -3.949 0.0000000000
85963  -53.260  5.946  -4.585 0.0000000000
87549  -52.285  7.137  -4.246 0.0000000000
87541  -51.945  7.964  -3.844 0.0000000000
88274  -51.629  8.650  -3.595 0.0000000000
86645  -40.208  6.542  8.216 0.0000000000
125765  -41.234  7.197  7.284 0.0000000000
87472  -42.630  7.549  6.625 0.0000000000
88894  -42.826  9.424  8.776 0.0000000000
88202  -43.517  9.110  7.090 0.0000000000
87474  -44.220  7.619  5.989 0.0000000000
87477  -45.394  7.958  5.018 0.0000000000
88213  -46.311  8.398  4.184 0.0000000000
88223  -47.356  8.068  3.202 0.0000000000
90950  -46.836  12.382  10.370 0.0000000000
90955  -46.985  12.386  9.352 0.0000000000
90289  -46.623  11.870  7.346 0.0000000000
90971  -48.740  12.452  6.605 0.0000000000
90294  -47.856  12.118  6.577 0.0000000000
90297  -46.558  11.257  5.877 0.0000000000
89606  -46.852  10.612  4.561 0.0000000000
133360  -47.147  9.633  3.602 0.0000000000
88231  -48.503  8.167  2.191 0.0000000000
137202  -49.457  9.185  1.464 0.0000000000
89660  -51.858  9.783  -1.053 0.0000000000
117052  -49.705  10.777  0.067 0.0000000000
139349  -50.615  10.777  -1.395 0.0000000000
89681  -52.348  10.493  -2.756 0.0000000000
90364  -52.509  11.066  -4.177 0.0000000000
89693  -52.113  11.299  -4.787 0.0000000000
91743  -48.626  13.374  -4.896 0.0000000000
94374  -50.682  17.535  1.197 0.0000000000
93770  -48.509  16.634  0.090 0.0000000000
93098  -47.886  15.904  -0.443 0.0000000000
93753  -46.724  16.479  1.984 0.0000000000
93097  -46.440  15.952  0.166 0.0000000000
92420  -46.186  14.964  -0.873 0.0000000000
92440  -44.738  14.122  -2.258 0.0000000000
91728  -43.911  13.632  -2.820 0.0000000000
91738  -42.845  12.987  -3.114 0.0000000000
92397  -42.344  14.705  1.646 0.0000000000
92406  -41.050  15.162  0.383 0.0000000000
92997  -45.818  15.831  8.312 0.0000000000
93010  -44.598  15.485  7.639 0.0000000000
92311  -44.104  14.935  7.175 0.0000000000
121382  -42.980  14.432  6.057 0.0000000000
92342  -42.160  14.263  6.117 0.0000000000
84070  -40.258  4.179  8.134 0.0000000000
85036  -40.755  4.664  7.548 0.0000000000
85030  -39.639  4.915  8.455 0.0000000000
83138  -48.193  2.694  12.436 0.0000000000
83137  -47.656  2.158  12.182 0.0000000000
82231  -47.122  1.754  12.767 0.0000000000
135626  -36.087  -2.448  14.097 0.0000000000
86679  -48.386  6.966  2.388 0.0000000000
86687  -49.314  6.555  1.738 0.0000000000
129500  -48.987  7.110  1.934 0.0000000000
129896  -49.604  7.330  1.493 0.0000000000
125446  -49.186  7.926  1.684 0.0000000000
88872  -45.972  9.827  13.603 0.0000000000
89567  -45.998  10.376  12.923 0.0000000000
92390  -51.097  15.473  2.710 0.0000000000
92399  -49.917  15.286  1.087 0.0000000000
93076  -50.778  15.771  1.252 0.0000000000
93086  -50.601  15.974  0.450 0.0000000000
120265  -51.154  16.406  1.194 0.0000000000
92328  -46.241  14.762  5.940 0.0000000000
92327  -45.657  14.724  6.465 0.0000000000
92312  -44.997  14.850  7.020 0.0000000000
82292  -45.208  1.169  6.070 0.0000000000
82303  -44.952  2.063  5.816 0.0000000000
85873  -44.922  5.622  5.432 0.0000000000
86654  -45.074  6.394  5.348 0.0000000000
91588  -50.887  13.057  14.789 0.0000000000
90925  -49.980  12.929  13.603 0.0000000000
92308  -54.287  14.547  8.379 0.0000000000
92331  -54.054  15.020  6.498 0.0000000000
93018  -54.056  15.648  6.877 0.0000000000
93713  -53.494  16.202  6.445 0.0000000000
93017  -53.375  16.334  7.449 0.0000000000
92990  -49.019  15.873  9.280 0.0000000000
93696  -48.594  16.380  9.800 0.0000000000
83290  -50.987  3.154  -4.414 0.0000000000
85120  -50.630  4.294  -4.420 0.0000000000
85121  -51.370  4.714  -4.435 0.0000000000
85824  -37.975  5.000  13.474 0.0000000000
124146  -38.507  5.598  13.026 0.0000000000
85814  -38.842  5.137  13.979 0.0000000000
85798  -42.306  5.123  17.466 0.0000000000
85809  -42.358  5.646  15.923 0.0000000000
86577  -42.888  5.616  16.870 0.0000000000
86578  -43.597  5.904  17.355 0.0000000000
88831  -47.218  9.370  19.267 0.0000000000
89532  -47.856  10.099  19.068 0.0000000000
84080  -54.231  3.577  6.593 0.0000000000
83183  -53.710  2.877  6.354 0.0000000000
83175  -53.602  3.049  7.348 0.0000000000
119123  -49.312  0.442  8.400 0.0000000000
81387  -48.447  0.284  8.546 0.0000000000
81358  -44.397  0.290  10.424 0.0000000000
81370  -44.147  0.312  9.634 0.0000000000
120627  -43.533  0.534  9.345 0.0000000000
81369  -42.736  0.721  9.570 0.0000000000
78588  -42.017  -2.110  18.835 0.0000000000
80385  -42.885  -0.972  15.412 0.0000000000
121210  -43.012  -0.714  13.794 0.0000000000
81351  -37.930  0.706  10.738 0.0000000000
83146  -37.406  2.100  10.582 0.0000000000
82238  -37.361  1.267  10.810 0.0000000000
82377  -54.541  2.127  -0.588 0.0000000000
83225  -48.457  2.436  2.213 0.0000000000
82353  -48.800  1.577  1.828 0.0000000000
85097  -51.360  4.670  -1.622 0.0000000000
84166  -53.225  3.626  -2.665 0.0000000000
125097  -52.899  4.684  -2.486 0.0000000000
85105  -54.135  4.611  -2.884 0.0000000000
85943  -53.904  5.605  -2.703 0.0000000000
88264  -53.900  8.601  -2.270 0.0000000000
88985  -54.009  8.943  -3.036 0.0000000000
122920  -53.314  9.574  -2.567 0.0000000000
88187  -41.519  8.153  10.114 0.0000000000
89597  -45.015  11.038  7.466 0.0000000000
89596  -44.497  10.524  7.498 0.0000000000
88902  -45.362  10.286  6.119 0.0000000000
90292  -45.439  11.041  6.772 0.0000000000
90963  -49.570  12.854  8.358 0.0000000000
90962  -48.857  12.838  8.878 0.0000000000
115313  -48.262  12.000  3.440 0.0000000000
90301  -48.227  12.077  4.274 0.0000000000
90313  -48.346  11.114  2.848 0.0000000000
90319  -48.569  11.464  1.970 0.0000000000
90339  -49.803  12.175  -2.636 0.0000000000
91034  -51.238  12.750  -4.920 0.0000000000
115058  -50.460  13.072  -4.612 0.0000000000
91040  -50.356  12.762  -5.503 0.0000000000
91734  -49.877  13.405  -4.534 0.0000000000
92442  -47.089  14.245  -2.585 0.0000000000
122673  -49.669  16.867  4.382 0.0000000000
93749  -48.568  16.957  3.325 0.0000000000
116240  -44.585  15.463  1.835 0.0000000000
120469  -44.674  15.806  1.041 0.0000000000
93107  -43.695  15.514  -0.146 0.0000000000
93094  -43.380  15.556  0.648 0.0000000000
91694  -42.017  13.854  2.972 0.0000000000
83180  -43.414  2.870  6.559 0.0000000000
83179  -42.696  3.143  6.860 0.0000000000
122086  -41.180  5.106  7.074 0.0000000000
85042  -41.952  5.068  6.599 0.0000000000
85870  -42.742  5.480  6.288 0.0000000000
85869  -42.028  5.990  6.505 0.0000000000
92282  -52.827  14.085  14.355 0.0000000000
133291  -53.315  15.503  12.311 0.0000000000
92967  -53.566  14.467  12.457 0.0000000000
92984  -53.706  14.972  11.689 0.0000000000
92995  -54.048  15.271  9.893 0.0000000000
92994  -53.272  16.196  10.029 0.0000000000
93690  -51.839  16.824  10.815 0.0000000000
93689  -50.944  16.826  10.646 0.0000000000
82407  -52.430  1.491  -3.504 0.0000000000
82416  -52.117  2.079  -3.971 0.0000000000
119489  -52.898  3.028  -4.463 0.0000000000
84023  -38.189  3.547  16.491 0.0000000000
136976  -38.589  3.465  17.313 0.0000000000
82253  -48.754  1.894  10.342 0.0000000000
82252  -48.118  1.696  10.619 0.0000000000
82250  -46.520  1.050  11.210 0.0000000000
79525  -37.925  -1.934  12.907 0.0000000000
79537  -37.398  -1.364  12.449 0.0000000000
80412  -37.696  -0.865  11.926 0.0000000000
127849  -37.029  -0.830  12.122 0.0000000000
80411  -36.505  -0.353  12.166 0.0000000000
80402  -35.368  -0.416  13.148 0.0000000000
81310  -34.416  0.409  13.712 0.0000000000
85072  -48.723  4.732  2.305 0.0000000000
122854  -49.231  5.224  1.739 0.0000000000
85909  -50.084  6.154  0.934 0.0000000000
85917  -49.631  5.181  1.041 0.0000000000
85918  -50.226  5.559  0.405 0.0000000000
85926  -50.744  5.739  -0.256 0.0000000000
87511  -50.524  8.055  0.916 0.0000000000
86695  -51.285  7.420  0.168 0.0000000000
87518  -51.120  8.108  0.415 0.0000000000
88251  -51.535  8.730  -0.053 0.0000000000
88184  -43.390  8.962  11.524 0.0000000000
88886  -43.924  9.200  11.954 0.0000000000
89585  -45.043  10.988  11.337 0.0000000000
136529  -44.525  10.502  11.305 0.0000000000
90278  -44.993  11.433  9.761 0.0000000000
118122  -45.729  11.845  9.769 0.0000000000
133240  -51.100  13.816  5.772 0.0000000000
91636  -50.644  13.216  6.380 0.0000000000
91652  -50.796  14.079  5.104 0.0000000000
92374  -49.034  14.313  2.900 0.0000000000
91695  -48.527  13.422  3.082 0.0000000000
91701  -48.469  13.932  1.614 0.0000000000
92407  -49.575  15.003  -0.469 0.0000000000
91708  -48.484  13.940  0.471 0.0000000000
91713  -48.911  14.071  -1.584 0.0000000000
91722  -49.133  14.465  -2.529 0.0000000000
93113  -50.209  16.107  -0.915 0.0000000000
93112  -49.822  15.725  -1.353 0.0000000000
93099  -49.510  16.209  -1.013 0.0000000000
139659  -47.416  15.410  5.141 0.0000000000
92360  -45.421  14.704  4.678 0.0000000000
93065  -45.609  15.075  3.779 0.0000000000
93064  -44.961  15.037  3.148 0.0000000000
92387  -44.184  14.847  2.622 0.0000000000
92358  -43.980  14.264  4.608 0.0000000000
91650  -43.288  14.032  4.803 0.0000000000
135895  -47.922  -0.151  5.103 0.0000000000
80498  -48.372  -0.066  4.608 0.0000000000
81436  -47.704  0.405  4.611 0.0000000000
82318  -47.078  1.539  4.542 0.0000000000
127601  -47.419  1.017  4.406 0.0000000000
83204  -47.308  2.206  4.152 0.0000000000
83215  -47.695  1.977  3.573 0.0000000000
84087  -43.788  3.552  6.188 0.0000000000
83189  -44.937  2.847  5.709 0.0000000000
84093  -44.670  3.654  5.710 0.0000000000
85057  -46.221  4.891  4.734 0.0000000000
128132  -47.373  4.045  4.083 0.0000000000
86663  -46.328  6.304  4.333 0.0000000000
86664  -46.889  6.137  3.769 0.0000000000
86671  -46.654  6.873  3.840 0.0000000000
86672  -47.306  6.745  3.241 0.0000000000
90246  -48.454  11.337  14.842 0.0000000000
90265  -47.941  11.930  13.103 0.0000000000
125635  -48.597  12.263  13.334 0.0000000000
91608  -49.912  13.290  11.605 0.0000000000
134381  -50.062  13.257  10.014 0.0000000000
90953  -50.803  13.339  10.167 0.0000000000
91600  -52.983  13.709  12.632 0.0000000000
118518  -53.224  13.615  8.742 0.0000000000
116514  -52.767  13.548  9.637 0.0000000000
91619  -52.120  13.382  8.856 0.0000000000
91627  -52.560  13.501  7.515 0.0000000000
91626  -51.686  13.225  7.399 0.0000000000
93053  -53.434  15.664  5.493 0.0000000000
92348  -53.323  14.991  5.705 0.0000000000
92365  -53.174  15.531  4.998 0.0000000000
92377  -52.370  15.740  3.678 0.0000000000
93061  -52.921  16.103  4.185 0.0000000000
93751  -52.607  16.879  3.102 0.0000000000
93737  -52.921  16.501  4.460 0.0000000000
93727  -51.955  16.570  5.943 0.0000000000
123661  -51.692  17.066  4.769 0.0000000000
93016  -52.194  16.215  7.461 0.0000000000
93002  -51.209  15.773  8.224 0.0000000000
139910  -50.240  15.688  7.050 0.0000000000
130530  -48.929  15.571  6.481 0.0000000000
93050  -48.532  15.652  5.724 0.0000000000
92998  -47.125  15.570  8.076 0.0000000000
135801  -46.930  15.267  7.308 0.0000000000
85111  -50.295  4.637  -4.215 0.0000000000
86725  -50.972  6.231  -3.820 0.0000000000
85855  -38.195  5.460  10.233 0.0000000000
85846  -38.002  6.009  10.986 0.0000000000
138231  -40.220  6.663  12.139 0.0000000000
86633  -40.661  7.004  11.739 0.0000000000
86624  -40.759  6.600  12.655 0.0000000000
84984  -40.056  4.789  15.239 0.0000000000
138554  -40.139  5.244  14.610 0.0000000000
85816  -40.691  5.388  14.765 0.0000000000
86605  -42.103  6.102  14.718 0.0000000000
85827  -41.347  5.951  14.362 0.0000000000
86615  -41.897  6.469  13.809 0.0000000000
86625  -41.687  6.755  12.972 0.0000000000
86626  -42.430  6.973  13.258 0.0000000000
115110  -42.964  7.463  12.856 0.0000000000
87444  -43.034  7.241  13.571 0.0000000000
87417  -44.195  7.273  15.468 0.0000000000
87434  -44.422  7.749  14.844 0.0000000000
88159  -44.908  8.262  14.783 0.0000000000
118569  -45.704  8.415  15.769 0.0000000000
88114  -44.606  7.566  19.747 0.0000000000
86538  -43.951  6.489  20.315 0.0000000000
86539  -44.572  6.499  20.202 0.0000000000
86540  -45.170  6.819  19.720 0.0000000000
88139  -47.367  8.881  18.537 0.0000000000
88126  -46.610  8.141  18.850 0.0000000000
88151  -46.753  8.881  16.762 0.0000000000
133765  -47.085  9.397  16.232 0.0000000000
89559  -47.415  10.309  15.134 0.0000000000
88856  -47.895  9.982  16.700 0.0000000000
89541  -49.218  11.091  18.533 0.0000000000
89550  -49.229  10.999  17.301 0.0000000000
90234  -49.558  11.539  17.995 0.0000000000
90235  -50.138  11.955  17.447 0.0000000000
90226  -49.811  12.069  17.863 0.0000000000
83193  -54.645  3.711  4.740 0.0000000000
82295  -53.314  2.064  6.031 0.0000000000
82306  -53.392  2.024  5.126 0.0000000000
82305  -52.773  1.483  5.699 0.0000000000
81424  -52.211  0.913  5.450 0.0000000000
81407  -52.263  1.067  6.121 0.0000000000
83160  -52.207  2.954  9.311 0.0000000000
83167  -52.478  2.500  8.561 0.0000000000
83168  -53.199  2.869  8.195 0.0000000000
119759  -50.679  0.052  6.365 0.0000000000
80467  -49.903  -0.305  6.581 0.0000000000
135853  -49.437  -0.493  6.108 0.0000000000
80452  -49.206  -0.434  6.627 0.0000000000
80450  -47.689  -0.367  7.346 0.0000000000
117804  -47.960  -0.482  6.514 0.0000000000
80464  -46.476  -0.155  6.560 0.0000000000
81396  -46.017  -0.200  7.221 0.0000000000
81374  -47.334  0.594  9.530 0.0000000000
81386  -47.113  0.154  8.789 0.0000000000
81383  -44.493  0.338  8.277 0.0000000000
81395  -44.566  0.526  7.503 0.0000000000
82282  -43.416  1.626  7.378 0.0000000000
82271  -43.197  1.260  8.085 0.0000000000
83111  -47.780  2.328  14.810 0.0000000000
80359  -44.623  -0.578  19.138 0.0000000000
80346  -45.408  -0.165  19.455 0.0000000000
81266  -45.770  0.298  18.849 0.0000000000
80360  -45.139  -0.050  18.586 0.0000000000
79483  -42.032  -1.668  17.111 0.0000000000
79484  -42.646  -1.398  17.474 0.0000000000
80378  -44.145  -0.315  16.486 0.0000000000
80379  -44.767  0.059  16.848 0.0000000000
81286  -45.591  0.444  17.092 0.0000000000
81295  -45.252  0.317  16.193 0.0000000000
81311  -45.285  0.328  14.665 0.0000000000
124068  -46.037  0.872  14.665 0.0000000000
82214  -46.646  1.390  14.183 0.0000000000
81313  -46.182  1.050  13.878 0.0000000000
81322  -46.015  0.920  13.227 0.0000000000
135484  -44.520  0.150  12.518 0.0000000000
81328  -44.029  0.120  12.138 0.0000000000
82247  -38.756  1.713  9.884 0.0000000000
82259  -39.391  1.888  9.594 0.0000000000
130441  -39.391  3.259  9.011 0.0000000000
84062  -38.185  4.005  9.740 0.0000000000
129741  -38.042  3.192  9.830 0.0000000000
83141  -36.813  2.777  11.084 0.0000000000
84055  -36.991  3.728  10.966 0.0000000000
82229  -36.002  1.125  12.052 0.0000000000
116838  -36.063  1.993  11.853 0.0000000000
84039  -36.153  3.602  13.763 0.0000000000
84033  -37.039  3.609  15.384 0.0000000000
81501  -55.741  1.255  -1.271 0.0000000000
81507  -55.870  1.571  -1.752 0.0000000000
82398  -56.314  1.835  -2.225 0.0000000000
81453  -49.217  0.356  3.146 0.0000000000
115115  -50.159  0.049  3.497 0.0000000000
81475  -50.124  1.128  0.805 0.0000000000
81474  -49.720  0.879  1.553 0.0000000000
84145  -49.398  3.286  0.363 0.0000000000
84152  -49.724  3.235  -0.323 0.0000000000
84160  -51.554  3.074  -1.979 0.0000000000
83255  -50.658  2.436  -1.127 0.0000000000
83263  -52.973  2.311  -1.669 0.0000000000
83273  -53.279  2.753  -2.292 0.0000000000
84168  -55.527  3.245  -3.031 0.0000000000
83276  -56.366  2.229  -2.991 0.0000000000
82410  -56.277  2.240  -3.091 0.0000000000
132839  -55.787  2.950  -3.917 0.0000000000
85955  -56.043  5.040  -3.886 0.0000000000
85123  -56.069  4.453  -4.026 0.0000000000
135148  -55.252  4.733  -4.324 0.0000000000
86717  -53.790  6.641  -2.371 0.0000000000
86710  -53.714  7.584  -2.070 0.0000000000
88272  -54.995  7.919  -3.027 0.0000000000
87536  -55.434  7.373  -3.334 0.0000000000
86735  -54.531  6.603  -4.425 0.0000000000
86734  -53.230  6.827  -4.466 0.0000000000
87550  -53.254  7.573  -4.261 0.0000000000
87542  -52.904  8.143  -3.962 0.0000000000
86641  -39.221  6.378  9.484 0.0000000000
86644  -39.609  6.244  8.744 0.0000000000
86642  -39.775  6.937  9.041 0.0000000000
87467  -40.776  7.300  7.886 0.0000000000
87468  -41.513  7.898  7.623 0.0000000000
87471  -41.822  7.433  6.908 0.0000000000
87469  -42.227  8.140  7.088 0.0000000000
117949  -43.473  9.955  10.298 0.0000000000
88891  -42.710  9.286  9.805 0.0000000000
88892  -43.355  9.939  9.281 0.0000000000
88899  -44.167  9.893  7.108 0.0000000000
88898  -43.612  9.727  7.650 0.0000000000
88206  -43.949  8.407  6.412 0.0000000000
139709  -44.491  8.225  5.893 0.0000000000
87476  -44.809  7.741  5.533 0.0000000000
88209  -44.971  8.497  5.546 0.0000000000
88908  -46.175  9.210  4.622 0.0000000000
88212  -45.849  8.437  4.664 0.0000000000
88222  -46.845  8.272  3.622 0.0000000000
90934  -47.549  12.184  12.235 0.0000000000
90276  -46.788  11.781  12.020 0.0000000000
90946  -47.170  12.360  11.346 0.0000000000
116771  -47.863  12.583  8.896 0.0000000000
90960  -47.090  12.283  8.514 0.0000000000
121585  -47.095  12.162  7.852 0.0000000000
115351  -49.446  12.645  7.056 0.0000000000
116324  -47.815  11.638  4.884 0.0000000000
90295  -48.213  12.107  5.764 0.0000000000
90298  -47.445  11.661  5.799 0.0000000000
121674  -47.013  11.796  6.613 0.0000000000
89603  -47.071  11.182  5.093 0.0000000000
136357  -46.555  10.763  5.198 0.0000000000
88913  -48.315  10.078  2.565 0.0000000000
88912  -47.704  9.791  3.105 0.0000000000
88922  -48.205  9.057  2.436 0.0000000000
88923  -48.954  8.740  1.752 0.0000000000
88954  -50.121  9.766  0.762 0.0000000000
90326  -49.106  11.240  0.496 0.0000000000
90333  -49.213  11.571  -0.603 0.0000000000
117758  -50.713  11.345  -2.440 0.0000000000
89669  -51.548  10.465  -1.815 0.0000000000
90354  -52.679  10.581  -3.415 0.0000000000
90353  -52.259  11.276  -3.804 0.0000000000
90372  -51.952  12.038  -5.553 0.0000000000
89687  -51.769  10.391  -4.350 0.0000000000
89686  -50.838  10.903  -4.628 0.0000000000
92444  -49.110  14.156  -3.154 0.0000000000
91748  -47.140  12.831  -4.805 0.0000000000
139495  -51.827  17.386  2.304 0.0000000000
93756  -51.400  17.402  1.766 0.0000000000
94372  -50.550  17.859  1.937 0.0000000000
93755  -48.566  17.430  1.609 0.0000000000
93762  -49.086  17.330  0.620 0.0000000000
93769  -47.164  16.496  0.540 0.0000000000
93747  -46.881  16.224  2.811 0.0000000000
93096  -45.306  15.845  0.461 0.0000000000
93085  -46.107  16.315  0.865 0.0000000000
92433  -45.460  14.618  -1.575 0.0000000000
92419  -45.079  15.051  -0.811 0.0000000000
92431  -43.456  14.613  -1.596 0.0000000000
91721  -43.408  14.023  -2.317 0.0000000000
118576  -43.044  13.488  -2.800 0.0000000000
91727  -42.137  13.284  -2.620 0.0000000000
92429  -41.611  14.612  -1.242 0.0000000000
92428  -40.819  14.370  -1.122 0.0000000000
92386  -43.221  14.592  2.284 0.0000000000
130892  -41.484  14.648  1.548 0.0000000000
92396  -40.854  14.953  1.161 0.0000000000
92405  -40.243  14.934  0.559 0.0000000000
93711  -44.257  16.254  8.039 0.0000000000
93009  -43.772  15.658  7.575 0.0000000000
92310  -43.263  15.092  7.192 0.0000000000
92324  -42.718  14.708  6.731 0.0000000000
85865  -40.545  5.622  7.585 0.0000000000
92957  -52.626  15.101  14.362 0.0000000000
93691  -52.743  16.427  10.793 0.0000000000
94312  -51.877  17.621  11.590 0.0000000000
82417  -53.236  1.949  -3.797 0.0000000000
83993  -37.731  3.382  18.625 0.0000000000
83994  -38.541  3.421  18.339 0.0000000000
82240  -47.844  1.941  11.382 0.0000000000
136332  -47.032  1.564  11.842 0.0000000000
82239  -46.314  1.119  11.919 0.0000000000
79524  -37.006  -1.860  13.022 0.0000000000
79535  -35.821  -0.975  13.016 0.0000000000
126256  -36.160  -1.606  13.279 0.0000000000
122507  -52.547  1.339  4.171 0.0000000000
81455  -51.947  0.835  3.747 0.0000000000
130067  -51.399  0.611  3.109 0.0000000000
81467  -51.073  0.600  2.372 0.0000000000
85899  -49.030  5.728  2.066 0.0000000000
135448  -50.149  7.526  1.145 0.0000000000
88871  -44.795  9.141  13.032 0.0000000000
88881  -44.670  9.566  12.390 0.0000000000
88882  -45.305  10.141  12.467 0.0000000000
90274  -45.714  11.507  11.292 0.0000000000
92363  -51.275  14.805  4.300 0.0000000000
92388  -49.010  14.568  1.923 0.0000000000
133024  -49.765  15.368  -1.267 0.0000000000
93100  -50.314  16.123  -0.353 0.0000000000
93772  -50.308  16.362  -0.217 0.0000000000
93048  -46.862  14.987  6.116 0.0000000000
93058  -46.810  15.128  5.318 0.0000000000
92359  -44.671  14.489  4.442 0.0000000000
92326  -44.247  14.504  6.025 0.0000000000
81421  -46.663  0.480  5.488 0.0000000000
137228  -46.491  1.437  5.155 0.0000000000
83191  -46.187  2.388  5.162 0.0000000000
129335  -44.828  4.723  5.531 0.0000000000
85056  -45.519  5.179  5.162 0.0000000000
85882  -45.962  5.727  4.738 0.0000000000
129836  -45.657  7.277  4.780 0.0000000000
90924  -49.240  12.264  14.165 0.0000000000
91598  -50.453  13.334  12.534 0.0000000000
91616  -54.121  14.066  10.059 0.0000000000
91615  -53.502  13.721  10.427 0.0000000000
91625  -53.978  13.818  8.086 0.0000000000
91628  -53.662  13.860  7.318 0.0000000000
91639  -53.114  13.936  6.781 0.0000000000
92330  -53.876  14.417  6.609 0.0000000000
92349  -53.811  15.006  6.023 0.0000000000
119158  -53.204  16.301  5.210 0.0000000000
93729  -53.439  16.094  5.790 0.0000000000
93728  -52.867  16.413  5.936 0.0000000000
93039  -51.982  16.354  6.659 0.0000000000
120586  -48.911  15.528  7.939 0.0000000000
93000  -48.506  15.670  8.698 0.0000000000
85961  -50.869  4.864  -4.254 0.0000000000
85845  -37.595  5.445  11.529 0.0000000000
85836  -38.266  6.010  12.004 0.0000000000
85837  -38.972  6.073  12.640 0.0000000000
85807  -40.935  4.468  16.910 0.0000000000
86606  -42.837  6.386  14.992 0.0000000000
87432  -43.202  7.059  14.363 0.0000000000
86596  -43.920  6.606  16.256 0.0000000000
87418  -44.759  7.168  16.695 0.0000000000
126559  -45.414  8.103  19.650 0.0000000000
87382  -45.533  7.517  19.714 0.0000000000
88117  -46.635  8.544  19.367 0.0000000000
88127  -47.156  8.784  19.211 0.0000000000
88140  -47.960  9.587  18.899 0.0000000000
88846  -48.382  10.155  18.610 0.0000000000
88838  -48.143  9.814  19.126 0.0000000000
82268  -50.723  1.693  9.006 0.0000000000
82274  -51.174  1.425  8.369 0.0000000000
81398  -49.449  -0.135  7.381 0.0000000000
81397  -48.545  -0.137  7.841 0.0000000000
80440  -46.987  -0.228  8.023 0.0000000000
81372  -45.665  0.176  9.374 0.0000000000
122599  -44.456  0.272  9.024 0.0000000000
81382  -43.789  0.612  8.645 0.0000000000
81381  -42.992  0.980  8.813 0.0000000000
79506  -42.210  -1.407  15.786 0.0000000000
79494  -42.422  -1.380  16.625 0.0000000000
79507  -42.804  -1.084  16.128 0.0000000000
80386  -43.470  -0.683  16.048 0.0000000000
80387  -44.204  -0.272  15.635 0.0000000000
80396  -44.421  -0.149  14.643 0.0000000000
81320  -44.972  0.159  13.859 0.0000000000
80406  -44.235  -0.169  13.656 0.0000000000
80405  -43.481  -0.382  13.327 0.0000000000
81353  -39.356  0.598  10.472 0.0000000000
120233  -38.874  1.094  10.246 0.0000000000
83147  -38.040  2.307  10.032 0.0000000000
82389  -55.035  2.167  -1.415 0.0000000000
81465  -49.176  0.874  2.182 0.0000000000
82354  -49.352  1.590  1.086 0.0000000000
85089  -50.125  4.126  -0.472 0.0000000000
84153  -50.253  3.195  -0.956 0.0000000000
85096  -50.682  3.939  -1.256 0.0000000000
83272  -52.299  3.070  -2.328 0.0000000000
84177  -55.727  4.269  -3.491 0.0000000000
84179  -55.957  3.613  -3.822 0.0000000000
85112  -55.263  4.544  -3.326 0.0000000000
85113  -56.011  4.688  -3.818 0.0000000000
85954  -56.094  5.751  -3.830 0.0000000000
87529  -53.464  8.220  -1.831 0.0000000000
87530  -54.344  8.142  -2.441 0.0000000000
88271  -54.412  8.392  -2.737 0.0000000000
88277  -54.469  8.424  -3.148 0.0000000000
87543  -53.933  8.106  -3.804 0.0000000000
88984  -53.131  9.687  -3.415 0.0000000000
117399  -40.613  7.603  10.216 0.0000000000
87461  -40.220  7.442  9.434 0.0000000000
87462  -40.873  7.861  9.350 0.0000000000
88192  -41.560  8.356  9.160 0.0000000000
88196  -41.778  8.440  8.342 0.0000000000
119823  -44.271  10.817  9.033 0.0000000000
89592  -43.881  10.419  8.731 0.0000000000
88901  -44.671  9.709  6.380 0.0000000000
88904  -45.120  9.348  5.748 0.0000000000
88905  -45.776  9.713  5.373 0.0000000000
88906  -46.338  10.126  4.913 0.0000000000
90952  -48.588  12.965  10.649 0.0000000000
90951  -47.711  12.683  10.571 0.0000000000
90956  -48.265  12.829  9.737 0.0000000000
139094  -48.399  12.589  8.403 0.0000000000
90982  -48.670  12.767  4.597 0.0000000000
120188  -49.674  10.407  0.742 0.0000000000
91020  -49.130  12.284  -1.827 0.0000000000
90352  -51.397  11.588  -3.421 0.0000000000
90362  -51.650  12.030  -4.352 0.0000000000
91035  -51.624  12.260  -5.620 0.0000000000
90371  -51.419  12.198  -5.707 0.0000000000
89691  -50.876  11.780  -5.470 0.0000000000
90377  -51.063  12.496  -5.711 0.0000000000
92443  -48.477  14.467  -2.782 0.0000000000
91731  -47.443  13.745  -3.523 0.0000000000
94366  -50.420  17.865  2.792 0.0000000000
93084  -45.328  15.931  1.331 0.0000000000
93108  -44.675  15.505  -0.199 0.0000000000
92416  -42.156  15.209  -0.659 0.0000000000
93092  -41.878  15.386  0.204 0.0000000000
92385  -42.427  14.276  2.433 0.0000000000
135372  -39.977  14.181  1.891 0.0000000000
91681  -40.616  13.539  3.350 0.0000000000
84085  -42.463  4.067  6.681 0.0000000000
85043  -43.278  4.210  6.295 0.0000000000
85048  -43.407  5.005  6.043 0.0000000000
86651  -43.490  5.969  5.981 0.0000000000
91589  -51.850  13.505  14.701 0.0000000000
91590  -52.570  13.803  14.201 0.0000000000
135617  -53.768  13.776  11.946 0.0000000000
116243  -53.142  14.260  13.339 0.0000000000
92295  -54.061  13.963  11.865 0.0000000000
92303  -53.898  13.910  11.180 0.0000000000
93005  -54.104  15.466  8.864 0.0000000000
93004  -53.439  16.210  8.509 0.0000000000
93700  -52.416  16.500  10.183 0.0000000000
93698  -50.593  16.215  10.018 0.0000000000
93688  -50.006  16.843  10.496 0.0000000000
84187  -51.964  3.523  -4.554 0.0000000000
84983  -39.478  4.166  15.985 0.0000000000
119244  -40.306  4.304  16.490 0.0000000000
84008  -39.193  3.524  17.922 0.0000000000
84970  -39.763  3.831  17.300 0.0000000000
82266  -49.237  1.624  9.739 0.0000000000
81375  -48.712  0.849  9.202 0.0000000000
136506  -48.007  0.863  9.555 0.0000000000
81361  -46.762  0.761  10.280 0.0000000000
135920  -46.019  0.420  9.986 0.0000000000
81359  -45.292  0.324  10.184 0.0000000000
78587  -41.317  -2.424  18.460 0.0000000000
130152  -41.125  -2.355  17.643 0.0000000000
78599  -41.480  -1.997  17.087 0.0000000000
78611  -40.384  -2.541  16.385 0.0000000000
78612  -41.156  -2.111  16.393 0.0000000000
79505  -41.473  -1.807  15.761 0.0000000000
80421  -37.836  -0.340  11.492 0.0000000000
81336  -37.380  0.411  11.228 0.0000000000
81327  -35.945  0.306  12.341 0.0000000000
129975  -35.399  0.941  12.757 0.0000000000
81319  -35.476  0.142  12.798 0.0000000000
84136  -48.658  3.506  2.042 0.0000000000
85082  -49.444  4.147  0.763 0.0000000000
85083  -49.855  4.677  0.271 0.0000000000
85934  -51.940  5.710  -1.692 0.0000000000
85935  -52.820  5.699  -2.191 0.0000000000
86708  -51.881  6.447  -1.128 0.0000000000
86703  -52.228  7.233  -0.953 0.0000000000
126652  -51.854  7.560  -0.433 0.0000000000
87524  -52.562  8.137  -1.023 0.0000000000
88970  -52.635  9.351  -1.443 0.0000000000
88183  -42.809  8.393  11.436 0.0000000000
88887  -44.284  9.888  11.631 0.0000000000
88889  -44.026  10.280  10.925 0.0000000000
89587  -44.027  10.541  10.235 0.0000000000
89590  -44.378  10.947  9.695 0.0000000000
90282  -44.787  11.269  8.966 0.0000000000
90286  -45.305  11.403  8.196 0.0000000000
90969  -50.827  12.992  7.557 0.0000000000
90968  -49.747  12.738  7.692 0.0000000000
90972  -50.271  12.843  7.018 0.0000000000
91670  -49.303  13.249  4.853 0.0000000000
92362  -50.012  13.988  4.573 0.0000000000
90996  -48.367  12.688  3.045 0.0000000000
134395  -48.416  12.430  1.733 0.0000000000
91010  -48.360  12.828  0.807 0.0000000000
91016  -48.626  12.764  -1.089 0.0000000000
91029  -49.312  13.744  -3.504 0.0000000000
92436  -49.078  14.799  -2.216 0.0000000000
92435  -48.751  15.136  -1.991 0.0000000000
92421  -47.599  15.238  -1.283 0.0000000000
93740  -47.905  16.198  3.957 0.0000000000
93067  -47.060  15.839  3.691 0.0000000000
93066  -46.275  15.601  3.384 0.0000000000
93057  -46.348  15.235  4.381 0.0000000000
93073  -43.833  15.139  1.865 0.0000000000
92371  -43.558  14.390  3.146 0.0000000000
91668  -42.632  13.771  4.594 0.0000000000
124689  -49.785  -0.441  5.035 0.0000000000
80500  -49.937  -0.268  4.375 0.0000000000
80510  -48.780  0.054  3.955 0.0000000000
81452  -48.351  0.732  3.519 0.0000000000
81451  -47.815  0.867  4.034 0.0000000000
82332  -48.144  1.562  3.155 0.0000000000
83216  -48.100  2.452  3.033 0.0000000000
84118  -48.038  3.355  3.314 0.0000000000
83190  -45.532  2.594  5.487 0.0000000000
84095  -45.985  3.234  5.170 0.0000000000
84107  -46.537  2.985  4.797 0.0000000000
125860  -47.186  3.122  4.340 0.0000000000
84117  -47.661  3.510  3.820 0.0000000000
85066  -48.173  4.738  3.057 0.0000000000
85891  -47.767  5.435  3.179 0.0000000000
85884  -47.210  5.433  3.756 0.0000000000
127657  -47.920  6.270  2.753 0.0000000000
86678  -47.822  6.994  2.712 0.0000000000
87501  -48.133  7.563  2.513 0.0000000000
89569  -47.158  10.564  14.078 0.0000000000
90253  -46.793  10.854  13.289 0.0000000000
90936  -49.104  12.581  13.149 0.0000000000
90948  -48.965  13.002  11.561 0.0000000000
90958  -49.948  13.152  9.064 0.0000000000
91599  -51.686  13.551  12.557 0.0000000000
116770  -51.390  13.457  10.740 0.0000000000
91614  -52.464  13.581  10.579 0.0000000000
125307  -51.054  13.216  8.893 0.0000000000
91653  -51.627  13.616  6.365 0.0000000000
138426  -51.952  14.150  5.807 0.0000000000
92329  -52.618  14.198  6.189 0.0000000000
92347  -52.629  14.770  5.401 0.0000000000
93068  -52.104  16.030  2.690 0.0000000000
93078  -51.758  16.562  2.040 0.0000000000
119241  -52.293  16.725  2.665 0.0000000000
94368  -52.217  17.291  2.755 0.0000000000
94361  -51.930  17.613  3.392 0.0000000000
93744  -52.365  17.135  4.079 0.0000000000
94360  -50.935  17.805  3.465 0.0000000000
93742  -50.418  17.348  4.134 0.0000000000
93038  -50.943  16.157  6.415 0.0000000000
93052  -50.378  16.263  5.838 0.0000000000
93734  -49.154  16.264  4.987 0.0000000000
93014  -48.446  15.433  7.249 0.0000000000
93035  -47.228  15.172  6.663 0.0000000000
85024  -39.001  4.854  9.006 0.0000000000
85860  -38.728  5.578  9.535 0.0000000000
128724  -39.192  6.675  10.112 0.0000000000
86631  -38.750  6.432  11.262 0.0000000000
86639  -39.307  6.775  10.693 0.0000000000
87457  -40.076  7.180  10.876 0.0000000000
87451  -40.854  7.391  11.036 0.0000000000
87452  -41.578  7.435  11.577 0.0000000000
85815  -39.641  5.194  14.382 0.0000000000
86613  -40.340  6.107  13.401 0.0000000000
85826  -40.740  5.877  14.029 0.0000000000
126867  -42.377  7.742  11.726 0.0000000000
87453  -42.934  7.850  12.193 0.0000000000
87449  -43.477  8.028  12.712 0.0000000000
88170  -43.906  8.109  13.305 0.0000000000
87445  -43.617  7.584  13.822 0.0000000000
87446  -44.308  8.038  14.079 0.0000000000
88171  -44.564  8.608  13.442 0.0000000000
88172  -45.296  9.161  13.698 0.0000000000
88862  -46.058  9.464  14.410 0.0000000000
118157  -44.231  5.960  18.674 0.0000000000
87419  -45.467  7.797  16.517 0.0000000000
87393  -45.900  7.442  18.988 0.0000000000
87406  -45.730  7.515  17.806 0.0000000000
88855  -46.273  9.142  15.424 0.0000000000
88863  -46.627  10.048  14.276 0.0000000000
89560  -47.885  10.880  14.897 0.0000000000
130924  -49.019  10.623  17.792 0.0000000000
89561  -48.651  11.029  15.815 0.0000000000
90913  -49.713  12.013  15.697 0.0000000000
139409  -50.896  12.659  15.929 0.0000000000
90904  -50.506  12.634  17.573 0.0000000000
81440  -52.112  0.846  4.642 0.0000000000
137260  -50.991  0.088  4.884 0.0000000000
82285  -51.594  1.205  7.582 0.0000000000
82293  -51.948  1.081  6.779 0.0000000000
81406  -51.575  0.524  6.082 0.0000000000
81422  -50.887  0.036  5.551 0.0000000000
126927  -50.395  -0.246  4.977 0.0000000000
80486  -49.269  -0.488  5.476 0.0000000000
116263  -47.762  -0.379  5.792 0.0000000000
80484  -46.916  -0.170  5.902 0.0000000000
80483  -46.317  0.193  6.023 0.0000000000
81404  -44.811  0.749  6.754 0.0000000000
80439  -45.683  -0.151  7.929 0.0000000000
136376  -46.353  -0.261  7.828 0.0000000000
119211  -45.284  0.166  7.294 0.0000000000
83173  -43.039  2.386  7.073 0.0000000000
83172  -42.342  2.694  7.435 0.0000000000
83171  -41.550  2.954  7.818 0.0000000000
139036  -40.039  3.523  8.549 0.0000000000
83120  -47.681  2.358  13.906 0.0000000000
81267  -46.343  0.572  19.294 0.0000000000
81279  -47.012  1.229  18.793 0.0000000000
79472  -42.617  -1.649  18.397 0.0000000000
126104  -43.157  -1.243  18.070 0.0000000000
80368  -43.810  -0.840  18.253 0.0000000000
80369  -44.164  -0.407  17.422 0.0000000000
126273  -44.484  -0.401  18.299 0.0000000000
127351  -45.637  0.373  18.051 0.0000000000
132116  -46.137  0.694  17.658 0.0000000000
82180  -46.723  1.144  17.806 0.0000000000
82190  -47.090  1.492  17.053 0.0000000000
82197  -46.712  1.287  16.080 0.0000000000
81303  -45.616  0.530  15.445 0.0000000000
132366  -46.198  0.932  15.491 0.0000000000
82215  -47.213  1.824  14.497 0.0000000000
82222  -47.169  1.828  13.625 0.0000000000
81331  -45.756  0.773  12.412 0.0000000000
117475  -44.726  0.108  13.097 0.0000000000
81330  -45.074  0.337  12.512 0.0000000000
119457  -45.275  0.510  11.917 0.0000000000
81343  -44.231  0.293  11.371 0.0000000000
116230  -43.709  0.304  10.925 0.0000000000
80403  -41.769  -0.920  12.952 0.0000000000
80416  -42.233  -0.452  12.320 0.0000000000
80425  -41.757  -0.274  11.596 0.0000000000
80426  -42.640  -0.076  11.659 0.0000000000
115147  -42.974  0.265  10.985 0.0000000000
81356  -42.433  0.453  10.331 0.0000000000
84063  -38.826  4.072  9.216 0.0000000000
85015  -37.856  4.688  10.256 0.0000000000
85014  -37.273  4.659  11.005 0.0000000000
84998  -37.417  4.429  13.912 0.0000000000
82237  -36.644  1.319  11.389 0.0000000000
121908  -36.535  2.171  11.409 0.0000000000
84997  -36.676  4.168  13.343 0.0000000000
84991  -37.632  4.042  14.926 0.0000000000
84982  -37.751  3.681  15.746 0.0000000000
84022  -37.299  3.411  16.516 0.0000000000
84021  -36.504  3.428  15.974 0.0000000000
84006  -36.302  3.398  17.260 0.0000000000
129835  -37.219  3.317  17.682 0.0000000000
81491  -55.526  0.868  -0.788 0.0000000000
80539  -55.093  0.557  -1.040 0.0000000000
81499  -54.743  0.611  -1.747 0.0000000000
81505  -54.845  1.166  -2.601 0.0000000000
134407  -50.721  0.361  2.988 0.0000000000
123306  -50.553  0.742  1.553 0.0000000000
83235  -49.267  2.467  0.624 0.0000000000
119017  -51.265  1.515  -0.465 0.0000000000
130314  -51.860  1.648  -0.760 0.0000000000
82388  -53.536  2.011  -1.160 0.0000000000
83265  -55.765  2.235  -2.131 0.0000000000
83274  -54.890  2.698  -2.535 0.0000000000
83266  -56.680  1.905  -2.468 0.0000000000
133447  -56.623  2.002  -2.651 0.0000000000
82397  -55.975  1.733  -2.801 0.0000000000
129625  -55.042  1.580  -3.237 0.0000000000
83284  -54.492  1.903  -3.641 0.0000000000
83292  -53.980  2.554  -4.169 0.0000000000
84189  -56.014  3.650  -3.891 0.0000000000
84188  -55.237  3.143  -4.141 0.0000000000
124104  -54.058  3.436  -4.491 0.0000000000
134760  -52.969  3.774  -4.597 0.0000000000
85122  -52.323  4.438  -4.593 0.0000000000
85945  -55.772  6.443  -3.583 0.0000000000
86718  -54.713  7.500  -2.702 0.0000000000
86719  -55.489  7.193  -3.288 0.0000000000
86736  -55.826  6.273  -4.113 0.0000000000
85964  -54.607  5.529  -4.466 0.0000000000
123621  -53.208  5.155  -4.610 0.0000000000
131444  -52.232  5.315  -4.515 0.0000000000
86733  -52.247  6.145  -4.443 0.0000000000
85953  -51.507  6.196  -4.137 0.0000000000
116679  -51.413  6.996  -3.830 0.0000000000
85864  -39.873  5.662  8.288 0.0000000000
86647  -40.833  6.554  7.403 0.0000000000
87464  -40.433  7.382  8.706 0.0000000000
86649  -41.516  6.658  6.855 0.0000000000
86650  -42.278  6.785  6.546 0.0000000000
120053  -43.110  6.823  6.293 0.0000000000
86652  -43.928  6.852  6.018 0.0000000000
88188  -42.369  8.600  10.481 0.0000000000
88193  -42.216  8.858  9.001 0.0000000000
88197  -42.421  8.915  8.196 0.0000000000
88895  -43.443  9.890  8.381 0.0000000000
88897  -43.048  9.356  7.897 0.0000000000
88201  -42.724  8.728  7.447 0.0000000000
88205  -43.062  8.296  6.783 0.0000000000
87473  -43.499  7.601  6.345 0.0000000000
128242  -44.622  6.981  5.641 0.0000000000
121750  -45.222  7.139  5.218 0.0000000000
87482  -45.943  7.780  4.473 0.0000000000
87483  -46.464  7.628  3.974 0.0000000000
87495  -47.564  7.508  2.948 0.0000000000
88230  -47.845  8.206  2.717 0.0000000000
90263  -46.404  11.137  12.511 0.0000000000
90262  -46.169  11.457  11.847 0.0000000000
90280  -46.021  11.951  10.511 0.0000000000
126515  -46.350  12.183  9.796 0.0000000000
90284  -46.312  12.096  9.066 0.0000000000
115252  -46.264  11.863  8.191 0.0000000000
90967  -48.827  12.506  7.464 0.0000000000
90966  -48.175  12.343  7.207 0.0000000000
90290  -47.459  12.170  7.278 0.0000000000
90293  -46.181  11.466  6.708 0.0000000000
89599  -45.872  10.976  6.216 0.0000000000
88909  -46.719  9.872  4.188 0.0000000000
89612  -47.352  10.430  3.815 0.0000000000
88921  -47.389  8.887  3.207 0.0000000000
88241  -49.699  8.592  1.376 0.0000000000
88242  -50.263  8.515  1.051 0.0000000000
88965  -51.845  9.220  -0.551 0.0000000000
89658  -50.100  10.749  -0.648 0.0000000000
89659  -50.994  10.207  -0.770 0.0000000000
89670  -52.481  9.969  -1.892 0.0000000000
89671  -52.912  9.678  -2.004 0.0000000000
89682  -52.863  9.995  -2.687 0.0000000000
89688  -52.910  10.098  -3.376 0.0000000000
88989  -52.573  10.713  -4.204 0.0000000000
90373  -52.085  11.467  -4.852 0.0000000000
88983  -52.549  10.236  -4.114 0.0000000000
122359  -52.098  9.480  -3.864 0.0000000000
91749  -47.929  13.070  -5.286 0.0000000000
93087  -51.533  16.889  1.617 0.0000000000
93764  -51.090  16.984  1.008 0.0000000000
93763  -50.288  17.115  0.445 0.0000000000
94371  -49.761  17.757  1.253 0.0000000000
93754  -47.515  16.876  2.112 0.0000000000
140104  -47.158  16.783  1.588 0.0000000000
93760  -46.777  16.626  1.237 0.0000000000
93110  -46.736  15.485  -0.461 0.0000000000
92432  -44.456  14.656  -1.508 0.0000000000
92439  -43.986  14.207  -2.073 0.0000000000
132410  -43.472  13.195  -3.244 0.0000000000
91719  -41.891  13.948  -1.898 0.0000000000
91726  -41.245  13.298  -2.271 0.0000000000
93093  -42.513  15.387  0.849 0.0000000000
93082  -41.660  15.195  1.014 0.0000000000
93687  -49.088  16.906  10.339 0.0000000000
93695  -47.680  16.392  9.515 0.0000000000
93706  -46.962  16.003  8.935 0.0000000000
139589  -46.475  15.771  8.390 0.0000000000
93011  -45.425  15.382  7.680 0.0000000000
93704  -45.546  16.574  8.655 0.0000000000
93712  -45.044  16.019  8.211 0.0000000000
135211  -44.383  14.656  6.615 0.0000000000
92325  -43.616  14.620  6.534 0.0000000000
78635  -36.440  -2.803  14.421 0.0000000000
79495  -43.043  -0.986  16.769 0.0000000000
80485  -48.513  -0.376  5.277 0.0000000000
82319  -47.525  1.502  4.065 0.0000000000
82418  -55.763  2.516  -3.443 0.0000000000
83261  -51.284  2.541  -1.537 0.0000000000
83285  -55.903  2.949  -3.425 0.0000000000
84178  -56.072  3.815  -3.746 0.0000000000
85965  -55.954  5.355  -4.073 0.0000000000
86523  -44.604  6.876  20.283 0.0000000000
86524  -45.045  7.009  20.147 0.0000000000
86557  -44.633  6.235  19.605 0.0000000000
86726  -55.890  6.582  -3.749 0.0000000000
87367  -45.325  7.484  19.838 0.0000000000
87368  -45.963  7.934  19.792 0.0000000000
87433  -43.853  7.435  14.597 0.0000000000
87544  -54.960  7.779  -3.481 0.0000000000
88115  -44.958  7.462  19.981 0.0000000000
88116  -45.845  8.007  19.812 0.0000000000
88118  -47.522  9.198  19.163 0.0000000000
88128  -47.761  9.456  19.118 0.0000000000
89533  -48.402  10.336  18.662 0.0000000000
90255  -48.469  11.759  13.951 0.0000000000
90275  -46.407  11.970  11.247 0.0000000000
90378  -51.514  12.331  -5.692 0.0000000000
91033  -50.493  13.068  -5.209 0.0000000000
91038  -48.206  12.902  -5.439 0.0000000000
91621  -54.063  13.853  9.008 0.0000000000
91750  -48.633  13.044  -5.408 0.0000000000
92294  -53.475  13.913  12.507 0.0000000000
93745  -52.742  16.710  3.675 0.0000000000
120825  -50.410  13.357  10.808 0.0000000000
123214  -51.245  3.713  -1.769 0.0000000000
133260  -44.164  9.201  6.598 0.0000000000
136894  -52.520  13.473  8.218 0.0000000000
137624  -50.342  6.735  0.865 0.0000000000
140005  -48.734  1.264  2.295 0.0000000000
