#!ascii label  , from subject sub-v2s3x28801_ses-1 vox2ras=TkReg
1089
54508  30.847  -27.397  28.195 0.0000000000
69354  39.540  -13.355  14.415 0.0000000000
62944  30.533  -19.121  22.865 0.0000000000
49044  10.519  -32.684  41.123 0.0000000000
56721  23.319  -25.332  32.820 0.0000000000
67307  32.629  -15.943  22.109 0.0000000000
52353  16.445  -29.752  36.269 0.0000000000
49059  14.652  -32.500  39.270 0.0000000000
52403  20.591  -29.236  33.738 0.0000000000
116766  44.185  -14.664  13.852 0.0000000000
59875  30.617  -22.847  29.522 0.0000000000
124375  28.834  -21.451  27.502 0.0000000000
58932  34.613  -23.691  29.242 0.0000000000
73447  43.098  -9.932  11.969 0.0000000000
71426  46.630  -11.676  10.264 0.0000000000
70364  36.892  -12.219  17.065 0.0000000000
66274  40.622  -16.328  18.209 0.0000000000
66279  35.693  -16.373  18.283 0.0000000000
61862  36.590  -20.814  21.844 0.0000000000
52398  30.453  -29.419  33.795 0.0000000000
45652  10.353  -35.876  44.348 0.0000000000
43686  7.200  -37.334  45.589 0.0000000000
43629  4.465  -37.299  48.620 0.0000000000
54479  26.175  -27.559  30.497 0.0000000000
51338  24.533  -31.035  33.208 0.0000000000
122170  26.578  -17.124  26.826 0.0000000000
64024  30.733  -18.560  26.899 0.0000000000
117000  49.672  -8.569  8.706 0.0000000000
68395  41.832  -14.082  13.637 0.0000000000
132119  41.790  -14.989  16.144 0.0000000000
56789  30.520  -25.192  27.528 0.0000000000
58962  31.327  -23.894  27.020 0.0000000000
55632  33.157  -26.176  28.698 0.0000000000
72481  39.682  -10.765  14.758 0.0000000000
73439  41.614  -9.111  14.476 0.0000000000
71406  40.801  -11.314  13.350 0.0000000000
70409  43.067  -12.655  12.388 0.0000000000
40477  6.456  -40.914  50.167 0.0000000000
68343  35.984  -14.544  17.716 0.0000000000
68318  33.986  -14.319  19.271 0.0000000000
64104  31.797  -18.129  21.713 0.0000000000
64120  33.440  -18.575  20.259 0.0000000000
61865  33.686  -20.626  21.495 0.0000000000
60845  33.970  -21.429  24.128 0.0000000000
49052  12.460  -32.909  40.071 0.0000000000
49041  14.682  -33.256  41.578 0.0000000000
47847  12.678  -34.318  42.029 0.0000000000
46709  12.452  -34.813  44.252 0.0000000000
46734  10.054  -34.580  42.388 0.0000000000
121094  6.731  -35.103  45.132 0.0000000000
43662  5.357  -37.550  46.951 0.0000000000
55611  25.172  -26.568  31.558 0.0000000000
52428  25.677  -29.580  30.963 0.0000000000
53435  23.121  -28.201  31.278 0.0000000000
51275  19.962  -31.202  36.912 0.0000000000
52349  22.526  -29.775  36.662 0.0000000000
61748  32.102  -19.964  28.993 0.0000000000
62846  28.556  -20.079  27.116 0.0000000000
119753  34.306  -14.804  22.273 0.0000000000
67274  31.969  -14.797  23.516 0.0000000000
67288  29.730  -15.998  23.693 0.0000000000
50176  18.508  -32.150  37.148 0.0000000000
50148  17.420  -32.326  39.089 0.0000000000
50179  15.556  -31.541  37.736 0.0000000000
51235  12.958  -30.863  38.800 0.0000000000
121651  11.270  -29.947  40.496 0.0000000000
54451  20.826  -26.938  32.700 0.0000000000
55565  19.312  -26.827  34.198 0.0000000000
134307  18.386  -30.275  34.722 0.0000000000
60751  28.107  -21.474  32.411 0.0000000000
60792  25.860  -21.003  29.675 0.0000000000
59889  28.895  -22.605  28.885 0.0000000000
60819  32.509  -22.074  27.425 0.0000000000
73455  46.514  -9.565  9.985 0.0000000000
130071  44.738  -10.976  11.021 0.0000000000
69387  45.255  -13.466  11.996 0.0000000000
69346  37.866  -12.749  15.898 0.0000000000
68360  39.809  -14.895  16.162 0.0000000000
68341  37.627  -14.660  16.743 0.0000000000
66277  37.642  -16.633  17.861 0.0000000000
64127  38.369  -18.196  19.290 0.0000000000
66260  33.506  -16.337  19.484 0.0000000000
64118  35.515  -18.857  19.668 0.0000000000
53430  30.348  -28.583  31.422 0.0000000000
54458  33.033  -27.242  31.718 0.0000000000
128928  38.681  -10.661  17.017 0.0000000000
49023  8.859  -32.399  42.731 0.0000000000
46723  8.086  -35.055  43.559 0.0000000000
44711  9.063  -36.627  44.891 0.0000000000
43658  9.222  -37.718  47.411 0.0000000000
42592  7.929  -38.774  47.562 0.0000000000
41560  5.863  -39.531  47.491 0.0000000000
41552  4.615  -40.128  48.540 0.0000000000
41526  2.905  -38.597  49.787 0.0000000000
54494  28.294  -27.572  29.056 0.0000000000
52425  28.150  -29.325  31.443 0.0000000000
123860  27.521  -30.895  33.931 0.0000000000
127238  22.294  -29.283  33.728 0.0000000000
65138  28.504  -18.258  23.739 0.0000000000
125609  26.104  -19.779  27.391 0.0000000000
133235  27.906  -19.651  25.668 0.0000000000
61824  30.655  -20.291  24.300 0.0000000000
116570  35.695  -25.291  31.703 0.0000000000
122686  51.622  -9.974  7.219 0.0000000000
73458  48.092  -9.822  9.117 0.0000000000
118301  49.778  -11.171  8.470 0.0000000000
69352  41.117  -14.024  13.889 0.0000000000
117720  41.695  -15.025  15.204 0.0000000000
116306  40.812  -14.601  14.755 0.0000000000
139371  29.993  -26.312  27.679 0.0000000000
55663  31.833  -26.314  27.495 0.0000000000
119440  32.260  -26.684  28.309 0.0000000000
70393  39.447  -12.409  14.330 0.0000000000
71398  40.043  -10.948  14.008 0.0000000000
70401  40.794  -12.436  13.474 0.0000000000
69363  41.496  -13.228  13.315 0.0000000000
39409  5.341  -41.843  49.797 0.0000000000
69304  34.683  -13.286  19.252 0.0000000000
69296  34.902  -13.224  20.843 0.0000000000
64088  31.231  -18.545  22.242 0.0000000000
62962  32.588  -19.489  21.386 0.0000000000
62942  32.132  -19.955  22.025 0.0000000000
60867  33.463  -21.371  22.713 0.0000000000
61836  32.244  -20.956  23.105 0.0000000000
49053  11.612  -32.588  40.286 0.0000000000
47862  12.044  -33.401  40.620 0.0000000000
123571  10.893  -33.556  41.262 0.0000000000
47848  11.626  -34.236  41.738 0.0000000000
47857  10.054  -33.227  41.525 0.0000000000
55596  24.135  -26.245  32.244 0.0000000000
54463  23.592  -27.404  31.194 0.0000000000
55613  23.098  -26.712  31.483 0.0000000000
123648  19.877  -31.459  37.861 0.0000000000
63951  26.216  -18.423  31.122 0.0000000000
62816  30.841  -19.022  29.287 0.0000000000
67287  30.598  -15.666  23.330 0.0000000000
68290  29.963  -15.015  24.946 0.0000000000
50188  17.298  -31.497  36.388 0.0000000000
49074  17.034  -32.255  37.681 0.0000000000
51276  15.796  -30.992  37.133 0.0000000000
52317  13.923  -29.508  38.153 0.0000000000
52301  12.453  -29.187  39.261 0.0000000000
52285  11.837  -29.666  39.858 0.0000000000
56698  20.096  -25.803  34.869 0.0000000000
53363  16.864  -27.752  36.559 0.0000000000
53385  17.689  -28.260  35.166 0.0000000000
52352  16.978  -29.527  35.724 0.0000000000
50195  17.832  -31.265  35.760 0.0000000000
59877  28.594  -22.716  30.030 0.0000000000
59876  29.744  -22.647  29.685 0.0000000000
130558  33.297  -24.086  27.639 0.0000000000
59921  32.270  -22.794  27.059 0.0000000000
59904  33.766  -22.586  28.297 0.0000000000
60807  33.874  -21.858  28.638 0.0000000000
60789  35.127  -22.331  29.678 0.0000000000
73442  42.114  -9.185  13.272 0.0000000000
73451  45.078  -9.286  10.923 0.0000000000
72505  43.805  -9.996  11.432 0.0000000000
69374  43.574  -13.617  12.682 0.0000000000
69388  44.595  -13.006  11.970 0.0000000000
68404  44.713  -14.404  13.256 0.0000000000
70375  37.373  -12.449  16.454 0.0000000000
138159  37.987  -13.467  15.918 0.0000000000
69330  36.762  -12.948  16.861 0.0000000000
67346  36.069  -15.589  17.910 0.0000000000
67345  37.052  -15.858  17.622 0.0000000000
66278  36.618  -16.498  18.007 0.0000000000
65202  37.865  -17.857  18.807 0.0000000000
65203  36.833  -17.982  18.881 0.0000000000
67306  33.114  -15.613  21.894 0.0000000000
68313  33.197  -14.784  20.403 0.0000000000
66244  32.588  -16.410  20.652 0.0000000000
62974  34.646  -19.633  20.368 0.0000000000
125289  34.934  -19.130  19.918 0.0000000000
62973  35.614  -19.636  20.273 0.0000000000
62971  37.504  -19.823  20.844 0.0000000000
53415  30.647  -28.736  32.288 0.0000000000
53414  31.408  -28.437  32.574 0.0000000000
71366  37.241  -11.312  18.143 0.0000000000
72466  37.720  -11.114  17.654 0.0000000000
71382  38.080  -11.508  16.180 0.0000000000
49048  16.132  -32.447  39.913 0.0000000000
50135  15.992  -32.433  40.745 0.0000000000
46711  11.600  -35.340  44.097 0.0000000000
46696  12.254  -34.890  45.931 0.0000000000
45638  11.641  -35.445  45.728 0.0000000000
45626  10.661  -36.175  46.016 0.0000000000
131481  8.157  -32.336  44.295 0.0000000000
47851  8.467  -33.844  42.933 0.0000000000
49008  7.635  -32.913  44.341 0.0000000000
44698  6.880  -36.616  45.313 0.0000000000
44713  7.712  -36.131  44.476 0.0000000000
44697  7.668  -36.722  45.040 0.0000000000
43673  8.964  -37.519  46.438 0.0000000000
133473  8.232  -37.904  46.356 0.0000000000
43659  8.629  -38.337  47.674 0.0000000000
42599  7.046  -38.468  46.587 0.0000000000
126530  4.837  -37.187  47.644 0.0000000000
42595  5.604  -38.546  47.134 0.0000000000
138955  5.085  -38.828  47.586 0.0000000000
41551  5.590  -40.223  48.131 0.0000000000
42589  4.066  -39.082  48.644 0.0000000000
122870  27.375  -26.458  30.567 0.0000000000
131058  27.966  -26.520  29.821 0.0000000000
53467  27.651  -27.583  29.638 0.0000000000
53449  28.278  -28.492  30.125 0.0000000000
52438  27.029  -28.810  30.598 0.0000000000
51347  25.000  -30.910  32.159 0.0000000000
51353  26.405  -30.452  31.877 0.0000000000
139765  26.417  -31.024  33.363 0.0000000000
53401  20.457  -28.383  33.164 0.0000000000
53400  21.855  -28.638  33.013 0.0000000000
52402  21.635  -29.082  33.848 0.0000000000
51272  23.709  -30.058  37.069 0.0000000000
128797  39.978  -15.575  17.207 0.0000000000
67363  41.544  -15.315  17.427 0.0000000000
67341  41.120  -15.741  17.866 0.0000000000
67242  27.655  -16.001  26.660 0.0000000000
66174  28.265  -16.256  25.054 0.0000000000
65126  27.126  -17.544  25.423 0.0000000000
60810  26.558  -21.710  28.216 0.0000000000
61749  25.727  -20.300  28.823 0.0000000000
61784  26.981  -21.028  27.263 0.0000000000
64025  29.862  -18.797  27.162 0.0000000000
120827  28.428  -19.755  26.099 0.0000000000
62891  29.432  -19.599  25.430 0.0000000000
62908  29.484  -19.772  24.594 0.0000000000
62890  30.435  -19.754  25.342 0.0000000000
62888  32.454  -20.074  25.437 0.0000000000
55606  34.445  -26.385  31.640 0.0000000000
74386  50.784  -8.666  8.116 0.0000000000
72509  46.522  -10.336  9.995 0.0000000000
73459  47.354  -9.532  9.534 0.0000000000
71434  46.999  -10.909  9.848 0.0000000000
70435  49.233  -12.688  9.273 0.0000000000
70450  50.538  -12.764  8.528 0.0000000000
53364  16.165  -28.172  36.883 0.0000000000
53365  15.497  -28.769  37.106 0.0000000000
68393  43.322  -14.725  13.944 0.0000000000
116551  43.965  -14.387  15.686 0.0000000000
117612  43.192  -14.857  15.434 0.0000000000
57930  30.868  -23.807  28.677 0.0000000000
58945  30.643  -23.537  27.863 0.0000000000
57958  30.932  -24.625  27.232 0.0000000000
121842  32.537  -25.283  27.315 0.0000000000
56787  33.910  -24.928  28.781 0.0000000000
73430  41.303  -9.141  15.872 0.0000000000
73440  40.935  -9.715  14.270 0.0000000000
136370  41.195  -9.949  13.564 0.0000000000
72496  41.854  -10.382  12.703 0.0000000000
71411  43.088  -11.647  12.060 0.0000000000
71412  42.302  -11.845  12.480 0.0000000000
69375  42.860  -13.400  12.821 0.0000000000
41525  6.891  -40.293  49.814 0.0000000000
70357  36.060  -12.090  18.397 0.0000000000
68363  36.263  -13.663  17.378 0.0000000000
70358  35.562  -12.668  18.512 0.0000000000
68326  35.203  -14.060  18.188 0.0000000000
67348  34.671  -15.443  18.565 0.0000000000
66223  32.053  -16.499  22.029 0.0000000000
65189  32.510  -17.231  20.774 0.0000000000
137525  32.266  -17.873  21.205 0.0000000000
62961  33.323  -19.898  21.028 0.0000000000
61864  34.578  -20.817  21.480 0.0000000000
60865  35.158  -21.561  22.944 0.0000000000
60844  34.676  -21.431  24.194 0.0000000000
51308  29.978  -30.020  35.565 0.0000000000
49060  13.709  -32.537  39.370 0.0000000000
49050  14.561  -33.103  40.696 0.0000000000
124938  13.862  -33.619  40.988 0.0000000000
47855  13.227  -33.920  41.510 0.0000000000
47841  13.636  -33.928  43.428 0.0000000000
46720  11.822  -34.972  43.354 0.0000000000
45668  10.153  -35.573  43.514 0.0000000000
128556  7.249  -33.468  44.810 0.0000000000
127322  6.274  -34.914  45.774 0.0000000000
44683  6.330  -36.879  45.923 0.0000000000
43676  6.027  -37.443  46.429 0.0000000000
45628  5.381  -36.110  46.902 0.0000000000
45612  5.185  -35.832  47.573 0.0000000000
44646  4.695  -36.265  49.203 0.0000000000
54461  25.379  -27.443  30.795 0.0000000000
132116  25.697  -28.084  30.484 0.0000000000
53433  25.020  -28.240  30.718 0.0000000000
52429  24.231  -29.608  31.100 0.0000000000
52430  23.744  -30.060  31.676 0.0000000000
51316  19.915  -30.678  35.231 0.0000000000
52369  21.731  -29.722  35.326 0.0000000000
52331  21.191  -30.323  36.985 0.0000000000
66257  40.106  -16.976  18.607 0.0000000000
66136  26.477  -16.938  28.313 0.0000000000
61781  29.987  -20.848  27.712 0.0000000000
61768  29.056  -20.091  27.690 0.0000000000
62833  30.316  -19.369  28.761 0.0000000000
62817  30.359  -18.883  29.016 0.0000000000
75269  48.625  -7.608  9.315 0.0000000000
40479  3.103  -41.625  49.918 0.0000000000
67295  34.188  -14.843  22.712 0.0000000000
118079  33.146  -14.950  22.945 0.0000000000
122996  32.357  -15.156  22.953 0.0000000000
66224  31.505  -16.764  22.286 0.0000000000
66225  30.713  -17.066  22.566 0.0000000000
65164  30.539  -18.009  22.550 0.0000000000
50161  19.172  -31.908  38.641 0.0000000000
50147  18.629  -31.961  39.426 0.0000000000
50163  17.920  -32.363  38.486 0.0000000000
49067  16.475  -32.285  38.271 0.0000000000
49069  15.249  -32.226  38.712 0.0000000000
52316  14.593  -29.758  37.716 0.0000000000
51256  14.251  -30.733  38.058 0.0000000000
50149  13.904  -32.081  38.846 0.0000000000
50151  12.448  -31.384  39.301 0.0000000000
51213  11.686  -30.810  39.896 0.0000000000
50138  10.800  -31.408  40.834 0.0000000000
56736  21.774  -25.586  32.348 0.0000000000
120081  21.128  -25.044  33.828 0.0000000000
55581  19.677  -27.074  33.604 0.0000000000
53392  19.101  -28.562  33.758 0.0000000000
54423  18.012  -27.131  35.367 0.0000000000
53384  18.361  -28.060  34.425 0.0000000000
52388  18.827  -29.788  34.250 0.0000000000
51317  19.051  -31.029  35.121 0.0000000000
50175  19.338  -31.791  36.961 0.0000000000
61720  26.863  -20.443  32.114 0.0000000000
61721  26.271  -20.103  31.324 0.0000000000
60778  26.790  -21.719  31.013 0.0000000000
59891  26.903  -22.505  29.696 0.0000000000
59907  27.982  -22.428  28.340 0.0000000000
59905  30.330  -22.893  27.847 0.0000000000
121117  30.302  -22.345  27.407 0.0000000000
60822  29.627  -21.622  27.474 0.0000000000
61765  32.408  -20.783  28.230 0.0000000000
120564  33.048  -20.550  28.873 0.0000000000
74373  45.542  -8.565  10.950 0.0000000000
122146  45.318  -9.922  10.597 0.0000000000
71427  45.886  -11.568  10.629 0.0000000000
71421  43.787  -11.580  11.646 0.0000000000
70418  45.041  -12.455  11.468 0.0000000000
69355  38.847  -12.863  14.804 0.0000000000
68388  39.837  -14.198  14.818 0.0000000000
68381  38.566  -14.073  15.785 0.0000000000
68361  38.458  -14.727  16.397 0.0000000000
67343  39.207  -15.904  17.395 0.0000000000
68342  36.818  -14.529  17.183 0.0000000000
67344  38.054  -15.978  17.428 0.0000000000
66276  38.699  -16.604  17.882 0.0000000000
135169  39.604  -17.559  19.085 0.0000000000
65187  39.173  -18.218  19.603 0.0000000000
69298  33.586  -14.145  20.059 0.0000000000
68319  33.385  -14.841  19.691 0.0000000000
66259  34.350  -16.910  19.042 0.0000000000
65188  33.117  -17.660  20.158 0.0000000000
130294  34.266  -17.696  19.359 0.0000000000
65204  35.772  -17.775  18.927 0.0000000000
133899  36.890  -18.608  19.470 0.0000000000
54477  30.541  -28.108  29.673 0.0000000000
54475  32.157  -27.328  29.845 0.0000000000
54460  31.641  -27.865  31.225 0.0000000000
54437  32.803  -27.704  33.115 0.0000000000
121250  39.482  -10.306  16.165 0.0000000000
71400  38.874  -11.987  14.886 0.0000000000
50101  9.912  -31.298  41.885 0.0000000000
51168  9.632  -30.978  42.760 0.0000000000
50102  9.396  -31.847  42.332 0.0000000000
49036  8.891  -33.340  42.466 0.0000000000
46722  9.587  -34.964  42.975 0.0000000000
134758  9.648  -35.866  44.038 0.0000000000
45654  7.415  -35.264  44.338 0.0000000000
45670  8.250  -35.821  44.049 0.0000000000
45640  9.742  -36.228  44.667 0.0000000000
44696  9.858  -36.614  45.554 0.0000000000
44669  9.805  -37.190  47.063 0.0000000000
42580  7.795  -39.305  48.779 0.0000000000
43661  6.184  -38.168  46.655 0.0000000000
41559  6.817  -39.566  47.576 0.0000000000
41549  7.132  -39.828  48.343 0.0000000000
40500  6.049  -40.761  48.567 0.0000000000
40501  5.350  -40.754  48.615 0.0000000000
40491  4.621  -41.057  49.022 0.0000000000
42581  3.425  -38.809  49.440 0.0000000000
41540  3.246  -39.698  49.512 0.0000000000
40492  3.397  -40.774  49.517 0.0000000000
55652  29.585  -26.627  27.977 0.0000000000
55635  28.358  -26.697  29.037 0.0000000000
54493  29.169  -27.965  28.792 0.0000000000
53464  29.571  -28.341  29.525 0.0000000000
53431  29.494  -28.751  31.144 0.0000000000
52412  29.329  -29.468  32.517 0.0000000000
52426  27.221  -29.440  31.201 0.0000000000
52414  27.671  -29.820  31.927 0.0000000000
51322  28.946  -30.261  33.995 0.0000000000
54449  21.996  -27.241  31.818 0.0000000000
52416  22.490  -29.116  32.656 0.0000000000
51328  23.707  -30.557  34.070 0.0000000000
52368  22.429  -29.663  35.354 0.0000000000
129124  23.465  -30.218  35.004 0.0000000000
125852  25.046  -31.155  35.083 0.0000000000
68359  40.644  -15.030  16.351 0.0000000000
132583  29.243  -15.381  25.320 0.0000000000
65153  28.916  -17.385  23.468 0.0000000000
64073  29.683  -19.113  23.374 0.0000000000
62818  25.717  -19.065  29.797 0.0000000000
63997  25.849  -18.593  28.340 0.0000000000
118087  26.257  -18.988  26.867 0.0000000000
61796  27.087  -20.421  26.785 0.0000000000
62868  27.205  -19.761  26.175 0.0000000000
64042  26.847  -18.509  25.612 0.0000000000
64058  27.773  -18.919  24.681 0.0000000000
62925  29.471  -19.712  23.977 0.0000000000
61838  30.743  -20.361  23.863 0.0000000000
61822  32.177  -20.967  23.956 0.0000000000
55620  33.510  -26.557  30.189 0.0000000000
126199  34.186  -25.816  30.022 0.0000000000
56759  35.130  -24.929  30.541 0.0000000000
57908  36.669  -24.117  31.685 0.0000000000
58921  36.043  -23.350  30.406 0.0000000000
74395  51.886  -9.148  7.251 0.0000000000
115849  47.972  -9.159  9.309 0.0000000000
74382  48.598  -9.195  9.023 0.0000000000
71432  48.579  -11.664  9.207 0.0000000000
71445  49.119  -10.941  8.777 0.0000000000
73462  49.658  -9.725  8.449 0.0000000000
72519  50.425  -10.873  8.060 0.0000000000
72531  51.500  -10.915  7.242 0.0000000000
69353  40.324  -13.787  14.160 0.0000000000
55651  30.401  -26.751  27.663 0.0000000000
55650  31.336  -26.843  27.756 0.0000000000
54507  31.601  -27.184  28.441 0.0000000000
122668  40.055  -11.882  13.856 0.0000000000
70392  40.063  -12.881  13.844 0.0000000000
69364  40.752  -13.269  13.681 0.0000000000
62943  31.388  -19.579  22.440 0.0000000000
61852  31.737  -20.419  22.733 0.0000000000
49054  10.940  -32.196  40.714 0.0000000000
49043  11.254  -33.078  40.788 0.0000000000
55578  23.910  -25.911  32.781 0.0000000000
133363  23.676  -26.641  31.594 0.0000000000
55597  23.282  -26.022  32.046 0.0000000000
51234  20.015  -31.340  39.005 0.0000000000
51233  20.810  -30.816  39.520 0.0000000000
63950  26.546  -18.556  31.895 0.0000000000
51299  16.491  -30.760  36.550 0.0000000000
52332  15.857  -29.879  36.757 0.0000000000
53376  16.553  -28.760  36.256 0.0000000000
51298  17.040  -30.566  35.942 0.0000000000
121817  33.973  -24.065  28.496 0.0000000000
58944  33.592  -23.337  27.949 0.0000000000
58943  34.213  -23.174  28.686 0.0000000000
59887  34.381  -22.437  28.977 0.0000000000
59886  34.748  -22.984  29.281 0.0000000000
73448  42.378  -9.684  12.573 0.0000000000
74366  42.786  -8.880  12.880 0.0000000000
133535  43.070  -9.169  12.289 0.0000000000
73453  43.673  -9.200  11.825 0.0000000000
69360  43.976  -14.301  13.163 0.0000000000
68392  45.269  -14.495  13.763 0.0000000000
42572  7.880  -39.092  49.786 0.0000000000
128270  35.299  -15.728  18.278 0.0000000000
65216  37.243  -17.271  18.346 0.0000000000
65217  36.229  -17.167  18.483 0.0000000000
67317  32.636  -15.902  21.198 0.0000000000
62959  35.121  -20.302  20.900 0.0000000000
62958  36.076  -20.342  21.004 0.0000000000
52411  30.146  -29.203  32.844 0.0000000000
53399  30.939  -28.888  33.127 0.0000000000
52397  31.271  -29.001  33.919 0.0000000000
71373  36.634  -11.867  17.849 0.0000000000
71372  37.295  -11.599  17.318 0.0000000000
71383  37.538  -11.816  16.594 0.0000000000
49058  15.626  -32.449  39.334 0.0000000000
49049  15.232  -32.694  40.195 0.0000000000
45651  11.176  -35.669  44.836 0.0000000000
138974  11.054  -35.804  45.627 0.0000000000
45639  10.476  -36.046  45.179 0.0000000000
49007  8.061  -32.708  43.754 0.0000000000
43685  8.164  -37.465  45.639 0.0000000000
43674  7.559  -37.910  46.183 0.0000000000
43644  4.869  -37.987  47.608 0.0000000000
43645  4.429  -38.438  48.204 0.0000000000
55609  26.720  -26.340  31.245 0.0000000000
55623  26.747  -26.950  30.527 0.0000000000
55622  27.399  -26.997  29.957 0.0000000000
54478  26.969  -27.614  30.129 0.0000000000
53450  27.459  -28.254  30.097 0.0000000000
51337  25.637  -31.091  33.013 0.0000000000
123273  26.036  -31.383  33.819 0.0000000000
51325  26.447  -31.381  34.564 0.0000000000
51326  25.596  -31.413  34.415 0.0000000000
124913  21.187  -28.701  33.297 0.0000000000
67342  40.304  -15.948  17.653 0.0000000000
66273  41.340  -16.172  18.351 0.0000000000
66144  26.630  -16.796  27.504 0.0000000000
66143  27.015  -16.398  27.063 0.0000000000
65115  27.117  -16.724  26.129 0.0000000000
60809  27.331  -22.029  27.939 0.0000000000
60823  26.941  -21.529  27.662 0.0000000000
126589  27.553  -21.426  27.519 0.0000000000
62867  29.080  -19.478  26.682 0.0000000000
122548  29.916  -19.241  26.161 0.0000000000
62866  30.865  -19.076  26.092 0.0000000000
62865  31.870  -19.270  26.045 0.0000000000
74381  50.282  -8.274  8.492 0.0000000000
73461  50.135  -9.102  8.330 0.0000000000
121384  46.194  -10.898  10.212 0.0000000000
71433  47.367  -11.754  9.929 0.0000000000
53354  15.839  -27.709  37.629 0.0000000000
54399  15.609  -27.358  38.457 0.0000000000
54405  16.579  -27.349  37.430 0.0000000000
68394  42.508  -14.495  13.801 0.0000000000
68387  42.638  -14.926  14.689 0.0000000000
68377  42.458  -14.967  15.782 0.0000000000
57942  30.678  -24.320  27.780 0.0000000000
55649  32.648  -25.889  27.769 0.0000000000
56802  31.815  -25.594  27.075 0.0000000000
56801  33.048  -25.248  27.725 0.0000000000
57941  33.470  -24.759  28.046 0.0000000000
56788  33.385  -25.455  28.344 0.0000000000
72474  39.965  -10.248  15.097 0.0000000000
73435  40.479  -9.807  15.047 0.0000000000
72480  40.263  -10.292  14.462 0.0000000000
72487  40.677  -10.397  13.736 0.0000000000
72486  41.270  -10.484  13.142 0.0000000000
122551  41.637  -11.138  12.719 0.0000000000
70400  41.528  -12.115  12.998 0.0000000000
69362  42.335  -13.716  13.207 0.0000000000
69361  43.175  -14.188  13.276 0.0000000000
70354  35.753  -12.019  19.360 0.0000000000
69307  34.558  -13.833  18.865 0.0000000000
68327  34.574  -14.609  18.627 0.0000000000
65174  31.965  -17.275  21.685 0.0000000000
61866  32.889  -20.312  21.692 0.0000000000
62960  34.182  -20.175  20.891 0.0000000000
61848  34.912  -21.315  22.170 0.0000000000
61849  33.999  -21.226  22.071 0.0000000000
60856  33.679  -21.513  23.401 0.0000000000
60855  34.509  -21.587  23.521 0.0000000000
61820  34.371  -21.053  24.755 0.0000000000
71367  36.641  -11.494  18.869 0.0000000000
49061  12.821  -32.369  39.479 0.0000000000
49051  13.531  -33.090  40.095 0.0000000000
47856  12.353  -33.885  41.249 0.0000000000
47846  13.485  -33.988  42.475 0.0000000000
47842  12.983  -34.412  42.948 0.0000000000
46732  12.172  -34.706  42.613 0.0000000000
46733  11.110  -34.820  42.529 0.0000000000
46721  11.020  -35.310  43.353 0.0000000000
124738  10.402  -35.051  42.956 0.0000000000
46687  5.927  -35.165  46.346 0.0000000000
45642  6.380  -35.846  45.608 0.0000000000
45627  5.833  -36.032  46.354 0.0000000000
45611  5.528  -35.414  46.998 0.0000000000
44659  4.859  -36.459  48.106 0.0000000000
55595  24.808  -26.126  32.441 0.0000000000
116092  25.487  -25.897  32.725 0.0000000000
55594  26.038  -26.103  31.932 0.0000000000
54462  24.571  -27.471  30.938 0.0000000000
53434  24.077  -28.500  30.945 0.0000000000
116085  23.443  -29.174  31.349 0.0000000000
51296  20.505  -30.729  36.271 0.0000000000
52351  21.187  -30.195  36.281 0.0000000000
66126  26.550  -16.842  29.333 0.0000000000
65078  26.128  -17.657  28.866 0.0000000000
61766  30.472  -20.138  28.349 0.0000000000
61767  29.735  -19.945  28.187 0.0000000000
62832  31.084  -19.619  28.876 0.0000000000
63976  31.387  -18.620  29.711 0.0000000000
63995  30.746  -18.334  28.847 0.0000000000
125388  2.794  -42.294  50.199 0.0000000000
67284  33.956  -14.797  23.058 0.0000000000
66210  31.995  -15.921  22.527 0.0000000000
67286  31.504  -15.402  23.073 0.0000000000
66212  30.142  -16.453  22.980 0.0000000000
65152  29.783  -17.435  22.917 0.0000000000
50162  18.506  -32.266  38.056 0.0000000000
49065  17.810  -32.363  37.762 0.0000000000
50178  16.215  -31.921  37.661 0.0000000000
50164  15.764  -32.074  38.214 0.0000000000
49068  15.950  -32.322  38.720 0.0000000000
51255  15.020  -31.608  38.102 0.0000000000
52315  14.899  -29.002  37.489 0.0000000000
120249  14.434  -28.701  37.959 0.0000000000
51257  13.480  -30.270  38.462 0.0000000000
50166  13.681  -31.282  38.530 0.0000000000
50150  13.201  -31.847  38.942 0.0000000000
51214  11.019  -30.767  40.634 0.0000000000
57883  21.828  -24.696  33.416 0.0000000000
55553  19.398  -26.400  34.809 0.0000000000
55564  19.990  -26.262  34.057 0.0000000000
54439  19.647  -28.031  33.396 0.0000000000
54430  19.018  -27.548  33.922 0.0000000000
52372  17.597  -29.330  35.167 0.0000000000
52371  18.209  -29.141  34.601 0.0000000000
124856  18.738  -29.053  34.113 0.0000000000
51329  19.338  -30.349  34.514 0.0000000000
50187  18.158  -31.847  36.369 0.0000000000
50186  18.856  -31.793  36.431 0.0000000000
118569  19.101  -31.978  37.717 0.0000000000
61706  27.557  -20.775  32.655 0.0000000000
60768  26.628  -20.988  31.465 0.0000000000
60767  27.353  -21.457  31.864 0.0000000000
126203  27.621  -22.611  30.290 0.0000000000
59890  27.772  -22.684  29.345 0.0000000000
135988  28.856  -22.358  27.945 0.0000000000
124255  30.831  -23.220  27.343 0.0000000000
60820  31.685  -22.190  27.100 0.0000000000
59922  31.353  -22.849  27.081 0.0000000000
60821  30.765  -21.786  27.239 0.0000000000
134303  30.826  -20.931  27.700 0.0000000000
61780  31.737  -21.367  27.506 0.0000000000
60790  34.465  -21.668  29.287 0.0000000000
60791  33.777  -21.124  29.055 0.0000000000
74357  42.431  -8.635  14.584 0.0000000000
74368  45.904  -8.005  11.080 0.0000000000
75261  45.540  -8.002  11.790 0.0000000000
72504  44.657  -10.134  11.012 0.0000000000
72503  45.384  -10.742  10.628 0.0000000000
70420  43.614  -12.229  11.990 0.0000000000
70419  44.235  -12.303  11.742 0.0000000000
70428  45.671  -12.197  11.043 0.0000000000
70386  38.362  -12.394  15.403 0.0000000000
69344  39.031  -13.763  15.043 0.0000000000
69345  38.395  -13.235  15.429 0.0000000000
121714  37.819  -14.020  16.280 0.0000000000
67377  39.296  -15.266  16.682 0.0000000000
67365  38.327  -15.361  16.920 0.0000000000
137269  35.742  -13.909  17.785 0.0000000000
66258  39.199  -17.130  18.465 0.0000000000
65201  38.742  -17.708  18.949 0.0000000000
69294  34.559  -13.870  21.320 0.0000000000
68310  33.814  -14.460  21.225 0.0000000000
67316  32.883  -15.639  20.188 0.0000000000
134226  33.532  -15.555  19.433 0.0000000000
122719  34.131  -15.941  18.957 0.0000000000
64121  32.733  -18.166  20.687 0.0000000000
64131  34.715  -18.412  19.537 0.0000000000
64130  35.392  -18.257  19.280 0.0000000000
65205  34.928  -17.708  19.082 0.0000000000
64129  36.133  -18.448  19.310 0.0000000000
53446  30.890  -28.247  30.795 0.0000000000
54476  31.470  -27.774  30.262 0.0000000000
53397  32.358  -28.179  33.637 0.0000000000
53413  32.111  -28.056  32.857 0.0000000000
72471  39.265  -10.329  16.821 0.0000000000
71388  37.867  -12.030  15.955 0.0000000000
71387  38.458  -11.637  15.577 0.0000000000
135894  18.064  -32.224  39.123 0.0000000000
50133  18.749  -31.734  40.442 0.0000000000
124696  17.846  -32.019  39.903 0.0000000000
127052  12.669  -34.568  45.311 0.0000000000
51167  10.115  -30.410  42.246 0.0000000000
50077  9.092  -31.533  43.213 0.0000000000
51146  9.540  -30.821  43.730 0.0000000000
49035  9.372  -32.803  42.028 0.0000000000
140317  8.119  -34.262  43.361 0.0000000000
136352  8.732  -34.704  43.092 0.0000000000
45669  9.039  -35.546  43.518 0.0000000000
46697  6.987  -34.269  44.863 0.0000000000
44712  8.350  -36.435  44.582 0.0000000000
45653  9.008  -36.119  44.245 0.0000000000
42586  8.201  -38.790  48.292 0.0000000000
42587  7.572  -39.321  47.858 0.0000000000
42594  6.481  -38.928  47.069 0.0000000000
41550  6.382  -40.141  48.076 0.0000000000
41538  6.720  -40.427  48.781 0.0000000000
43630  3.872  -37.939  49.383 0.0000000000
43611  3.658  -37.179  50.299 0.0000000000
137718  2.792  -39.867  49.635 0.0000000000
56790  29.815  -25.796  27.928 0.0000000000
55636  27.849  -27.016  29.412 0.0000000000
54510  28.897  -27.124  28.411 0.0000000000
53465  28.730  -28.250  29.461 0.0000000000
52437  27.784  -28.858  30.729 0.0000000000
53432  28.634  -28.861  30.903 0.0000000000
52424  29.017  -29.216  31.689 0.0000000000
53452  25.686  -28.735  30.725 0.0000000000
52439  26.419  -29.148  30.838 0.0000000000
52427  26.404  -29.907  31.282 0.0000000000
51335  27.214  -30.755  33.209 0.0000000000
51345  27.146  -30.386  32.306 0.0000000000
51344  27.948  -30.240  32.667 0.0000000000
52400  28.752  -29.950  33.053 0.0000000000
51334  28.117  -30.553  33.516 0.0000000000
51323  28.106  -30.766  34.294 0.0000000000
55599  21.516  -26.526  32.195 0.0000000000
54450  21.316  -27.446  32.373 0.0000000000
52401  23.047  -29.862  33.244 0.0000000000
119894  22.122  -29.771  36.005 0.0000000000
131852  22.686  -29.764  35.992 0.0000000000
51271  24.325  -30.474  37.168 0.0000000000
51295  24.057  -30.344  36.452 0.0000000000
51314  24.520  -30.738  35.776 0.0000000000
128333  24.167  -30.715  34.990 0.0000000000
68380  39.407  -14.436  15.543 0.0000000000
68379  40.220  -14.715  15.535 0.0000000000
67262  28.583  -15.741  25.595 0.0000000000
137118  28.095  -16.820  24.659 0.0000000000
66195  28.790  -16.441  24.164 0.0000000000
121837  29.214  -18.271  23.248 0.0000000000
61737  25.875  -20.300  30.441 0.0000000000
62800  25.873  -19.327  30.636 0.0000000000
124284  25.694  -19.909  29.723 0.0000000000
61769  25.964  -20.577  27.946 0.0000000000
62847  25.759  -19.628  28.133 0.0000000000
134335  25.938  -19.082  27.617 0.0000000000
61783  27.817  -20.773  27.132 0.0000000000
62894  26.727  -19.190  26.082 0.0000000000
62893  27.390  -19.199  25.375 0.0000000000
64041  27.377  -18.385  24.951 0.0000000000
62910  28.131  -19.353  24.863 0.0000000000
61809  30.218  -19.980  24.686 0.0000000000
62909  28.812  -19.471  24.386 0.0000000000
61825  30.110  -20.090  24.161 0.0000000000
62924  30.199  -19.906  23.613 0.0000000000
61823  31.259  -20.578  24.192 0.0000000000
61806  33.212  -20.524  25.235 0.0000000000
139303  32.749  -27.241  31.116 0.0000000000
54474  32.818  -27.056  30.402 0.0000000000
120388  33.319  -26.881  31.011 0.0000000000
56746  35.151  -25.868  31.813 0.0000000000
56760  34.754  -25.783  30.903 0.0000000000
56745  35.362  -25.350  31.204 0.0000000000
57909  35.880  -24.644  31.203 0.0000000000
58909  36.325  -23.768  30.953 0.0000000000
58920  36.587  -22.979  30.774 0.0000000000
74385  51.461  -8.585  7.768 0.0000000000
74372  46.250  -8.559  10.391 0.0000000000
72513  47.559  -10.379  9.410 0.0000000000
71444  49.460  -11.781  8.786 0.0000000000
72520  49.690  -10.432  8.429 0.0000000000
120401  50.298  -9.954  8.098 0.0000000000
117982  41.747  -14.616  14.291 0.0000000000
68378  41.062  -14.929  15.813 0.0000000000
127685  30.419  -25.992  27.447 0.0000000000
56803  30.988  -25.438  27.131 0.0000000000
55664  31.088  -26.207  27.275 0.0000000000
71399  39.502  -11.496  14.492 0.0000000000
130320  5.978  -41.377  49.688 0.0000000000
70355  35.079  -12.742  19.292 0.0000000000
117352  35.250  -12.547  20.201 0.0000000000
70348  34.619  -13.070  19.929 0.0000000000
69305  34.226  -13.667  19.618 0.0000000000
65175  31.287  -17.617  22.194 0.0000000000
62963  31.897  -19.050  21.807 0.0000000000
61850  33.207  -21.002  22.136 0.0000000000
60868  32.844  -21.137  22.730 0.0000000000
60857  32.906  -21.270  23.330 0.0000000000
135422  11.632  -33.671  41.103 0.0000000000
47849  10.541  -34.099  41.832 0.0000000000
55612  24.350  -26.714  31.543 0.0000000000
54464  22.744  -27.304  31.454 0.0000000000
51274  20.630  -30.829  37.388 0.0000000000
51254  20.708  -30.845  38.418 0.0000000000
135841  26.347  -17.628  30.706 0.0000000000
62814  32.385  -19.391  29.707 0.0000000000
67275  31.087  -14.987  23.757 0.0000000000
118987  30.207  -15.271  24.083 0.0000000000
50177  17.609  -32.118  37.033 0.0000000000
50189  16.731  -31.693  37.046 0.0000000000
53356  13.846  -28.456  38.527 0.0000000000
52300  13.233  -29.241  38.651 0.0000000000
136737  12.852  -29.977  38.816 0.0000000000
51236  12.330  -30.305  39.278 0.0000000000
54416  17.432  -27.576  35.957 0.0000000000
53375  17.136  -28.501  35.777 0.0000000000
51318  17.618  -30.360  35.348 0.0000000000
135846  18.307  -30.979  35.271 0.0000000000
136211  28.273  -22.543  30.842 0.0000000000
126901  32.546  -24.156  27.074 0.0000000000
58961  32.036  -23.559  26.887 0.0000000000
58960  32.864  -23.429  27.244 0.0000000000
59920  33.130  -22.689  27.557 0.0000000000
60818  33.274  -21.986  27.981 0.0000000000
73438  42.009  -8.940  13.922 0.0000000000
74360  43.284  -8.507  13.343 0.0000000000
74369  44.990  -8.642  11.494 0.0000000000
73452  44.387  -9.274  11.359 0.0000000000
122271  44.092  -10.830  11.297 0.0000000000
70408  43.920  -12.976  12.174 0.0000000000
69373  44.508  -13.838  12.542 0.0000000000
69372  45.519  -14.290  12.780 0.0000000000
69329  37.443  -13.228  16.332 0.0000000000
68362  37.099  -13.839  16.777 0.0000000000
65215  38.240  -17.249  18.353 0.0000000000
64128  37.640  -18.429  19.346 0.0000000000
67305  33.704  -15.157  22.036 0.0000000000
68311  33.121  -15.265  21.144 0.0000000000
66243  32.902  -16.714  20.089 0.0000000000
62975  33.785  -19.414  20.490 0.0000000000
64119  34.221  -18.915  19.995 0.0000000000
64117  36.364  -19.109  19.836 0.0000000000
62972  36.641  -19.746  20.493 0.0000000000
53429  31.160  -28.361  31.724 0.0000000000
53398  31.672  -28.531  33.377 0.0000000000
129196  37.403  -11.055  18.857 0.0000000000
72459  37.862  -10.826  18.359 0.0000000000
71371  37.999  -11.167  16.882 0.0000000000
50134  16.936  -32.253  39.805 0.0000000000
135481  16.569  -32.252  40.439 0.0000000000
46710  11.948  -35.087  45.030 0.0000000000
45625  11.280  -35.740  46.328 0.0000000000
127603  10.891  -36.099  46.891 0.0000000000
50078  8.515  -32.102  43.674 0.0000000000
49024  8.316  -32.924  43.077 0.0000000000
47837  7.941  -33.422  43.539 0.0000000000
45641  7.075  -36.008  44.886 0.0000000000
132925  8.422  -36.857  45.131 0.0000000000
44682  9.000  -37.008  45.652 0.0000000000
124997  8.592  -37.973  46.945 0.0000000000
43660  7.910  -38.411  46.852 0.0000000000
42588  4.905  -39.413  48.015 0.0000000000
42574  2.387  -38.380  49.758 0.0000000000
53466  28.064  -28.097  29.581 0.0000000000
51354  25.552  -30.409  31.455 0.0000000000
51346  25.806  -30.807  32.168 0.0000000000
118805  26.447  -30.795  32.649 0.0000000000
51336  26.823  -31.173  33.929 0.0000000000
139834  20.781  -27.733  32.799 0.0000000000
53418  21.213  -28.180  32.778 0.0000000000
52328  23.048  -29.794  37.421 0.0000000000
126344  23.827  -30.167  37.847 0.0000000000
68340  40.241  -15.283  16.775 0.0000000000
67364  40.755  -15.495  17.383 0.0000000000
67241  28.107  -15.424  27.145 0.0000000000
118986  28.320  -15.584  26.348 0.0000000000
67263  27.897  -16.144  25.823 0.0000000000
66175  27.648  -16.766  25.281 0.0000000000
65139  27.677  -17.490  24.751 0.0000000000
59892  26.350  -21.901  29.148 0.0000000000
122822  26.003  -21.173  28.624 0.0000000000
60824  26.481  -21.111  27.711 0.0000000000
61785  26.502  -20.482  27.268 0.0000000000
64026  29.351  -19.383  27.685 0.0000000000
62892  28.722  -19.591  25.146 0.0000000000
61808  30.928  -20.268  24.735 0.0000000000
62889  31.355  -19.904  25.381 0.0000000000
55591  34.057  -26.737  32.261 0.0000000000
55607  33.718  -26.807  31.678 0.0000000000
55590  34.640  -26.403  32.442 0.0000000000
55589  35.193  -26.034  32.618 0.0000000000
56732  35.698  -25.532  32.363 0.0000000000
73469  51.046  -9.388  7.806 0.0000000000
72514  46.979  -10.146  9.725 0.0000000000
70451  49.915  -12.427  8.807 0.0000000000
71443  50.241  -11.864  8.285 0.0000000000
118968  16.065  -29.048  36.616 0.0000000000
53355  15.103  -28.129  37.811 0.0000000000
128828  17.377  -27.143  36.671 0.0000000000
134642  43.686  -14.529  13.570 0.0000000000
68385  44.556  -14.506  14.632 0.0000000000
68386  43.652  -14.762  14.666 0.0000000000
68356  43.221  -14.516  16.355 0.0000000000
58923  31.131  -23.223  29.613 0.0000000000
58933  30.564  -23.205  28.624 0.0000000000
58963  30.910  -23.914  27.458 0.0000000000
57957  31.485  -24.798  26.908 0.0000000000
126666  31.901  -24.261  26.844 0.0000000000
57955  32.898  -24.742  27.400 0.0000000000
73434  41.121  -9.329  15.104 0.0000000000
73443  41.570  -9.443  13.744 0.0000000000
73449  41.684  -9.825  13.116 0.0000000000
72495  42.475  -10.779  12.238 0.0000000000
70399  42.237  -12.825  12.804 0.0000000000
132562  7.455  -39.585  50.338 0.0000000000
70365  36.171  -12.675  17.648 0.0000000000
69315  35.624  -13.371  17.980 0.0000000000
69306  35.068  -13.300  18.632 0.0000000000
67347  35.278  -14.989  18.179 0.0000000000
66280  34.869  -16.249  18.574 0.0000000000
66233  32.292  -16.568  21.405 0.0000000000
124705  32.378  -18.618  21.245 0.0000000000
62976  32.994  -19.059  20.764 0.0000000000
61863  35.540  -20.893  21.599 0.0000000000
121838  35.848  -21.305  22.413 0.0000000000
60853  35.987  -21.436  23.261 0.0000000000
60866  34.275  -21.533  22.760 0.0000000000
60854  35.277  -21.497  23.783 0.0000000000
61835  35.960  -21.225  24.180 0.0000000000
52381  30.246  -29.710  34.710 0.0000000000
52380  30.981  -29.350  34.585 0.0000000000
52366  30.756  -29.585  35.365 0.0000000000
131346  14.332  -32.854  39.924 0.0000000000
47861  12.942  -33.625  40.673 0.0000000000
49042  14.066  -33.664  41.973 0.0000000000
46719  12.544  -34.724  43.387 0.0000000000
132592  10.891  -35.644  43.976 0.0000000000
46698  6.559  -34.236  45.641 0.0000000000
43675  6.712  -37.755  46.166 0.0000000000
44684  5.609  -36.784  46.565 0.0000000000
46674  5.457  -35.030  47.824 0.0000000000
44670  5.072  -36.633  47.218 0.0000000000
55610  25.967  -26.794  31.009 0.0000000000
116524  24.945  -29.118  30.877 0.0000000000
125007  24.969  -29.941  31.008 0.0000000000
51355  24.553  -30.371  31.498 0.0000000000
51348  24.122  -30.646  32.261 0.0000000000
52386  20.245  -30.025  34.468 0.0000000000
52385  21.216  -29.597  34.529 0.0000000000
52370  20.914  -30.130  35.412 0.0000000000
130640  21.540  -29.952  35.960 0.0000000000
52350  21.747  -29.937  36.688 0.0000000000
51273  21.307  -30.400  37.849 0.0000000000
52330  21.654  -30.089  37.404 0.0000000000
52329  22.224  -29.849  37.409 0.0000000000
65106  26.314  -17.461  27.497 0.0000000000
61782  29.158  -20.689  27.639 0.0000000000
123961  28.367  -21.041  27.407 0.0000000000
62834  29.826  -19.264  28.380 0.0000000000
64012  29.881  -18.800  27.975 0.0000000000
126588  30.565  -18.322  27.737 0.0000000000
74375  49.017  -8.480  8.996 0.0000000000
70426  47.124  -12.583  10.389 0.0000000000
39411  3.808  -42.388  50.241 0.0000000000
68307  34.853  -14.672  22.776 0.0000000000
67296  33.361  -15.215  22.505 0.0000000000
139052  32.708  -15.423  22.615 0.0000000000
66211  31.053  -16.182  22.734 0.0000000000
127087  18.466  -32.181  38.735 0.0000000000
49066  17.212  -32.368  38.347 0.0000000000
49057  16.532  -32.386  39.041 0.0000000000
52333  15.236  -29.868  37.266 0.0000000000
51277  15.034  -30.781  37.617 0.0000000000
50165  14.424  -31.815  38.484 0.0000000000
50136  11.987  -32.003  39.776 0.0000000000
50137  11.295  -31.634  40.304 0.0000000000
50122  10.382  -31.750  41.223 0.0000000000
56722  22.529  -25.415  32.402 0.0000000000
57897  21.975  -24.990  32.725 0.0000000000
56723  21.379  -25.190  32.978 0.0000000000
125717  21.051  -25.993  32.746 0.0000000000
56711  20.534  -25.586  34.177 0.0000000000
55579  20.716  -25.713  33.473 0.0000000000
55580  20.353  -26.536  33.250 0.0000000000
54438  20.238  -27.473  33.101 0.0000000000
53402  19.834  -28.860  33.486 0.0000000000
54422  18.696  -26.987  34.635 0.0000000000
52387  19.517  -29.527  33.942 0.0000000000
51297  19.479  -31.343  36.028 0.0000000000
50194  18.649  -31.475  35.783 0.0000000000
62785  26.633  -19.461  32.088 0.0000000000
60779  26.202  -21.039  30.722 0.0000000000
59863  27.524  -22.236  31.095 0.0000000000
59878  26.977  -22.293  30.493 0.0000000000
59879  26.419  -21.837  30.153 0.0000000000
59908  27.012  -22.464  28.708 0.0000000000
59924  28.269  -21.895  27.675 0.0000000000
59888  29.927  -22.735  28.616 0.0000000000
59906  29.635  -22.460  27.779 0.0000000000
59923  29.212  -22.046  27.521 0.0000000000
120979  31.422  -20.440  28.277 0.0000000000
60808  33.237  -21.280  28.400 0.0000000000
73456  45.751  -9.325  10.468 0.0000000000
72510  45.917  -10.135  10.254 0.0000000000
72494  43.353  -10.791  11.725 0.0000000000
71420  44.496  -11.619  11.329 0.0000000000
71419  45.195  -11.580  11.009 0.0000000000
70427  46.316  -12.352  10.766 0.0000000000
116582  39.100  -14.720  16.094 0.0000000000
67367  36.642  -15.157  17.498 0.0000000000
67366  37.394  -15.276  17.191 0.0000000000
66275  39.721  -16.483  18.022 0.0000000000
69297  34.206  -13.664  20.468 0.0000000000
67325  33.972  -15.095  19.017 0.0000000000
65206  33.604  -17.242  19.592 0.0000000000
64132  33.851  -18.118  19.736 0.0000000000
65218  35.268  -17.040  18.684 0.0000000000
64116  37.416  -19.169  19.967 0.0000000000
64115  38.364  -18.733  19.797 0.0000000000
54492  30.504  -27.818  28.769 0.0000000000
54491  31.342  -27.587  29.157 0.0000000000
135434  32.206  -27.472  30.762 0.0000000000
54459  32.340  -27.547  31.566 0.0000000000
54448  31.849  -27.929  32.073 0.0000000000
54447  32.583  -27.606  32.327 0.0000000000
54446  33.397  -27.210  32.518 0.0000000000
73436  40.065  -9.921  15.782 0.0000000000
72475  39.488  -10.543  15.507 0.0000000000
72472  38.773  -10.880  16.130 0.0000000000
71386  39.095  -11.200  15.198 0.0000000000
136858  17.924  -31.772  40.794 0.0000000000
51191  10.467  -30.771  41.350 0.0000000000
49045  9.876  -32.256  41.620 0.0000000000
47850  9.627  -33.756  42.037 0.0000000000
46735  9.176  -34.271  42.540 0.0000000000
47838  7.508  -34.101  44.021 0.0000000000
44680  10.269  -36.673  46.549 0.0000000000
44681  9.594  -37.020  46.252 0.0000000000
44668  10.577  -36.620  47.606 0.0000000000
42593  7.300  -38.954  47.211 0.0000000000
41537  7.375  -39.823  49.297 0.0000000000
40489  6.316  -40.969  49.249 0.0000000000
40490  5.577  -41.290  49.104 0.0000000000
137417  4.992  -41.596  49.305 0.0000000000
39420  4.324  -41.817  49.647 0.0000000000
44647  4.179  -36.835  49.846 0.0000000000
122157  3.813  -39.639  48.995 0.0000000000
42573  3.375  -37.917  49.967 0.0000000000
41539  3.951  -40.328  49.092 0.0000000000
54509  29.860  -27.513  28.230 0.0000000000
55634  29.074  -26.272  28.562 0.0000000000
136267  29.896  -28.086  28.881 0.0000000000
53447  30.005  -28.455  30.476 0.0000000000
53448  29.112  -28.585  30.240 0.0000000000
53416  29.826  -28.955  32.000 0.0000000000
52399  29.581  -29.685  33.387 0.0000000000
53451  26.481  -28.319  30.426 0.0000000000
138112  26.994  -30.017  31.704 0.0000000000
52413  28.492  -29.655  32.223 0.0000000000
52382  29.489  -30.195  34.780 0.0000000000
55598  22.396  -26.320  31.795 0.0000000000
53436  22.435  -27.965  31.674 0.0000000000
132701  21.775  -27.991  32.218 0.0000000000
139697  22.220  -28.484  32.217 0.0000000000
53417  22.759  -28.774  31.755 0.0000000000
52415  23.089  -29.611  32.093 0.0000000000
51339  23.714  -30.589  33.028 0.0000000000
52384  22.081  -29.393  34.607 0.0000000000
52383  22.824  -29.785  34.561 0.0000000000
52348  23.263  -29.875  36.419 0.0000000000
52367  23.048  -29.853  35.534 0.0000000000
51327  24.694  -31.115  34.256 0.0000000000
123235  25.955  -31.366  35.219 0.0000000000
68358  41.542  -15.024  16.763 0.0000000000
68339  40.984  -15.203  17.001 0.0000000000
67261  29.666  -14.770  25.737 0.0000000000
67276  29.434  -15.637  24.527 0.0000000000
67277  28.838  -15.872  24.936 0.0000000000
66213  29.426  -16.712  23.374 0.0000000000
65165  29.927  -18.369  22.939 0.0000000000
62786  26.266  -19.161  31.454 0.0000000000
63964  25.930  -18.371  30.261 0.0000000000
122403  25.682  -19.316  28.989 0.0000000000
63978  25.838  -18.402  29.325 0.0000000000
65096  26.107  -17.776  28.107 0.0000000000
64013  26.072  -18.323  27.522 0.0000000000
64027  26.293  -17.981  26.814 0.0000000000
61795  27.719  -20.123  26.529 0.0000000000
62869  26.607  -19.817  26.711 0.0000000000
138797  26.500  -18.482  26.271 0.0000000000
65116  26.630  -17.681  26.135 0.0000000000
130604  27.916  -18.284  24.330 0.0000000000
64057  28.273  -18.976  24.206 0.0000000000
64074  28.903  -19.075  23.746 0.0000000000
62923  30.957  -20.124  23.145 0.0000000000
61837  31.502  -20.635  23.513 0.0000000000
60846  33.130  -21.272  24.034 0.0000000000
61807  31.757  -20.552  24.715 0.0000000000
125841  32.673  -20.837  24.689 0.0000000000
61821  33.545  -20.997  24.722 0.0000000000
54490  32.079  -27.149  29.018 0.0000000000
55633  32.840  -26.776  29.411 0.0000000000
133978  33.541  -26.219  29.482 0.0000000000
55619  34.060  -26.431  30.878 0.0000000000
125162  33.742  -25.620  29.144 0.0000000000
56772  34.200  -25.172  29.425 0.0000000000
57929  34.402  -24.502  29.278 0.0000000000
57918  34.959  -24.234  29.864 0.0000000000
56731  36.224  -25.152  32.906 0.0000000000
57893  36.220  -24.857  32.071 0.0000000000
121122  35.686  -24.070  30.390 0.0000000000
58931  35.359  -23.330  29.826 0.0000000000
59873  35.936  -22.665  30.282 0.0000000000
74378  46.902  -8.896  9.847 0.0000000000
74376  48.248  -8.510  9.299 0.0000000000
124121  49.328  -9.180  8.711 0.0000000000
116854  47.778  -11.197  9.484 0.0000000000
72512  48.323  -10.660  9.086 0.0000000000
72521  48.949  -9.991  8.764 0.0000000000
72532  50.992  -10.316  7.697 0.0000000000
71458  51.045  -11.572  7.755 0.0000000000
140346  50.983  -10.894  7.680 0.0000000000
51315  23.736  -30.260  35.710 0.0000000000
51324  27.339  -31.129  34.623 0.0000000000
52313  22.553  -29.854  38.161 0.0000000000
52314  21.884  -30.005  38.074 0.0000000000
57882  22.589  -24.837  33.070 0.0000000000
57919  34.587  -24.991  29.926 0.0000000000
57956  32.217  -24.842  26.955 0.0000000000
61851  32.485  -20.700  22.382 0.0000000000
62815  31.555  -19.211  29.502 0.0000000000
63977  30.930  -18.516  29.342 0.0000000000
66196  28.265  -17.417  24.118 0.0000000000
125857  25.313  -31.339  33.725 0.0000000000
126139  29.750  -29.823  34.141 0.0000000000
136898  32.666  -21.465  27.854 0.0000000000
137765  34.671  -25.389  30.351 0.0000000000
138038  26.185  -21.175  28.096 0.0000000000
138499  23.506  -30.225  32.412 0.0000000000
139239  30.336  -18.849  26.576 0.0000000000
139851  29.311  -22.536  28.255 0.0000000000
