#!ascii label  , from subject sub-v2s3x28801_ses-1 vox2ras=TkReg
835
134228  20.513  -66.953  -20.607 0.6000000238
128091  15.346  -62.943  -17.950 0.6999999881
19674  16.896  -63.684  -16.710 0.6999999881
17066  19.601  -66.764  -16.390 0.8999999762
16275  20.157  -67.204  -17.037 0.8000000119
129173  20.515  -67.122  -18.971 0.8000000119
17127  20.552  -66.288  -20.235 0.6000000238
17138  20.442  -66.326  -21.276 0.6999999881
17152  20.213  -66.911  -22.120 0.6999999881
20521  15.230  -62.246  -18.350 0.6999999881
20522  14.542  -62.127  -18.782 0.6999999881
19687  16.183  -63.110  -17.357 0.6999999881
19673  17.872  -63.506  -16.548 0.6000000238
132624  18.408  -64.123  -16.368 0.6999999881
121601  18.424  -64.940  -16.122 0.6999999881
17934  19.400  -65.137  -16.360 0.8000000119
17933  20.153  -65.326  -16.826 0.8000000119
17081  20.172  -66.264  -16.902 0.8000000119
17100  20.541  -66.429  -18.374 0.8000000119
17113  20.576  -66.347  -19.319 0.6000000238
17996  20.443  -65.260  -21.779 0.6000000238
18008  19.869  -65.329  -22.744 0.6999999881
17154  18.753  -66.082  -23.676 0.6999999881
21425  15.074  -61.421  -18.616 0.5000000000
21438  13.790  -61.203  -19.497 0.6000000238
21414  16.330  -61.823  -17.828 0.4000000060
20511  16.686  -62.321  -17.443 0.6000000238
19686  17.200  -62.888  -16.921 0.5000000000
19672  18.936  -63.459  -16.471 0.6000000238
18829  19.170  -64.337  -16.394 0.8000000119
18840  20.384  -64.528  -17.062 0.6999999881
118749  20.850  -64.726  -18.531 0.6999999881
18868  20.833  -64.975  -19.260 0.6999999881
18896  20.482  -64.292  -21.850 0.5000000000
18910  20.150  -64.712  -22.443 0.6000000238
18911  19.506  -64.656  -23.100 0.6000000238
18009  19.083  -65.333  -23.444 0.6000000238
137801  18.423  -65.649  -24.729 0.5000000000
22354  14.472  -60.666  -19.052 0.5000000000
22355  13.634  -60.348  -19.627 0.6000000238
22372  12.591  -60.382  -20.644 0.6000000238
126641  19.311  -62.655  -16.600 0.5000000000
20508  20.628  -62.862  -17.236 0.6000000238
19684  21.133  -63.102  -17.851 0.6000000238
19712  21.137  -64.170  -19.270 0.6000000238
118481  21.081  -63.996  -20.353 0.5000000000
120488  20.811  -63.756  -21.226 0.5000000000
129989  19.964  -64.002  -22.611 0.6000000238
19755  19.172  -63.894  -23.350 0.6000000238
18922  18.188  -64.656  -24.132 0.5000000000
18941  18.326  -64.236  -25.003 0.5000000000
18036  19.292  -64.870  -25.467 0.5000000000
18037  18.497  -65.133  -25.040 0.5000000000
22371  12.945  -59.911  -20.217 0.5000000000
23297  11.530  -58.999  -21.373 0.5000000000
128266  15.753  -61.091  -18.363 0.5000000000
21413  17.084  -61.553  -17.516 0.4000000060
22323  18.032  -60.312  -17.447 0.3000000119
21411  18.730  -60.975  -17.040 0.4000000060
21410  19.774  -61.381  -16.888 0.3000000119
22322  19.732  -60.513  -17.126 0.3000000119
21398  19.774  -62.111  -16.729 0.5000000000
20507  21.132  -62.275  -17.617 0.5000000000
20520  21.430  -62.464  -18.318 0.5000000000
19711  21.342  -63.329  -19.739 0.5000000000
126928  20.834  -62.969  -21.401 0.5000000000
19740  20.464  -63.450  -22.037 0.6000000238
122666  19.757  -63.056  -22.793 0.6000000238
121594  18.259  -63.865  -23.948 0.5000000000
19774  18.109  -63.932  -24.541 0.5000000000
18940  18.860  -64.434  -25.358 0.5000000000
23281  12.658  -58.735  -20.345 0.5000000000
130108  14.048  -59.694  -19.306 0.5000000000
23250  15.752  -59.688  -18.476 0.5000000000
23235  16.588  -59.763  -18.125 0.4000000060
22324  17.026  -60.572  -17.755 0.5000000000
136595  18.900  -60.180  -17.250 0.3000000119
22321  20.649  -60.930  -17.325 0.3000000119
21422  21.450  -61.671  -18.014 0.4000000060
20547  21.396  -62.633  -20.155 0.5000000000
20565  20.928  -62.129  -21.430 0.4000000060
128299  18.853  -63.091  -23.584 0.5000000000
20590  18.129  -62.332  -24.509 0.5000000000
19765  18.083  -63.030  -24.706 0.5000000000
19783  20.383  -63.344  -25.632 0.5000000000
20609  20.185  -62.542  -25.661 0.4000000060
128576  18.865  -63.716  -25.419 0.5000000000
24212  12.178  -57.897  -20.649 0.5000000000
23264  13.460  -58.713  -19.641 0.5000000000
23251  15.163  -58.971  -18.659 0.5000000000
120712  16.243  -59.065  -18.397 0.4000000060
23234  17.423  -59.658  -17.756 0.4000000060
23233  18.487  -59.446  -17.509 0.3000000119
23231  20.511  -59.979  -17.391 0.3000000119
22336  21.667  -60.383  -18.388 0.4000000060
22370  21.737  -60.647  -20.020 0.4000000060
22386  21.504  -60.863  -20.714 0.4000000060
21454  21.542  -61.361  -20.265 0.4000000060
21469  21.298  -61.416  -21.049 0.4000000060
21470  20.780  -61.347  -21.735 0.5000000000
21485  19.632  -61.418  -22.927 0.5000000000
20581  19.987  -62.098  -22.572 0.6000000238
20621  18.282  -61.981  -25.313 0.4000000060
20611  18.821  -62.202  -25.524 0.5000000000
24195  12.675  -57.639  -20.003 0.4000000060
24181  15.659  -58.322  -18.574 0.4000000060
24182  14.582  -57.966  -18.833 0.4000000060
24179  17.250  -58.437  -18.174 0.4000000060
24162  18.499  -58.526  -17.646 0.4000000060
129106  20.365  -59.113  -17.440 0.4000000060
23248  21.666  -59.224  -18.116 0.4000000060
116252  21.496  -59.924  -17.955 0.4000000060
22353  21.861  -60.466  -19.134 0.4000000060
23295  21.621  -60.166  -20.815 0.4000000060
22387  21.195  -60.707  -21.393 0.5000000000
22402  19.986  -60.640  -22.687 0.5000000000
22403  19.361  -60.695  -23.327 0.6000000238
21496  18.352  -61.558  -24.234 0.5000000000
22423  17.877  -60.715  -24.995 0.4000000060
21508  17.889  -61.445  -24.980 0.4000000060
25119  12.537  -57.036  -19.691 0.4000000060
25099  16.148  -57.522  -18.543 0.4000000060
25101  13.791  -56.739  -19.158 0.4000000060
118464  17.161  -57.713  -18.377 0.4000000060
24160  20.990  -58.427  -17.594 0.4000000060
128660  21.942  -59.640  -18.698 0.4000000060
23280  22.025  -59.719  -19.866 0.4000000060
23296  21.068  -59.813  -21.762 0.4000000060
23308  20.360  -59.904  -22.470 0.5000000000
128337  19.700  -59.915  -23.064 0.4000000060
22412  18.636  -60.753  -23.929 0.6000000238
26071  13.083  -56.548  -19.270 0.4000000060
25100  14.997  -57.128  -18.696 0.4000000060
25077  18.561  -57.744  -17.805 0.4000000060
24161  20.058  -58.266  -17.468 0.4000000060
25074  21.421  -57.707  -17.861 0.4000000060
131484  22.039  -58.163  -18.459 0.5000000000
23247  22.023  -58.770  -18.541 0.4000000060
23279  22.241  -58.907  -19.287 0.3000000119
127715  22.232  -58.860  -20.123 0.3000000119
120443  21.816  -59.156  -21.033 0.4000000060
23309  20.066  -59.191  -22.829 0.4000000060
23310  19.349  -59.160  -23.443 0.4000000060
128957  18.985  -59.955  -23.678 0.5000000000
25081  12.807  -57.221  -18.434 0.4000000060
25098  17.942  -57.386  -18.232 0.4000000060
25076  19.497  -57.401  -17.680 0.4000000060
25075  20.653  -57.571  -17.600 0.3000000119
25096  21.875  -57.050  -18.272 0.3000000119
24193  22.316  -58.185  -18.950 0.3000000119
24211  22.195  -58.244  -20.665 0.3000000119
120410  21.121  -58.862  -21.959 0.3000000119
24237  19.818  -58.335  -23.177 0.4000000060
24238  18.818  -58.387  -23.766 0.4000000060
26055  14.327  -55.918  -18.716 0.3000000119
125856  15.575  -56.485  -18.611 0.3000000119
26052  17.981  -56.678  -18.413 0.3000000119
26051  19.282  -56.503  -18.023 0.3000000119
26030  20.294  -56.692  -17.734 0.3000000119
26049  21.556  -56.397  -18.115 0.3000000119
25117  22.431  -57.469  -19.319 0.4000000060
118497  22.513  -56.708  -19.766 0.4000000060
25130  22.409  -57.475  -20.239 0.3000000119
25131  22.058  -57.486  -21.150 0.3000000119
24224  20.949  -58.074  -22.247 0.3000000119
25149  20.045  -57.591  -23.076 0.4000000060
25160  18.175  -57.690  -24.134 0.4000000060
25161  17.526  -57.821  -24.751 0.4000000060
121085  22.370  -56.684  -18.880 0.4000000060
26088  22.171  -55.951  -21.221 0.4000000060
26081  22.356  -56.709  -20.708 0.4000000060
26089  21.719  -56.736  -21.578 0.3000000119
124737  19.965  -56.886  -23.176 0.4000000060
26102  19.207  -56.514  -23.623 0.4000000060
27024  18.425  -56.074  -23.951 0.4000000060
25150  19.220  -57.463  -23.585 0.4000000060
26112  18.294  -56.876  -24.003 0.4000000060
26100  21.328  -55.982  -22.139 0.5000000000
26101  19.919  -56.045  -23.309 0.4000000060
119846  19.220  -55.801  -23.662 0.4000000060
26121  17.360  -56.980  -24.907 0.3000000119
132443  18.042  -55.538  -24.157 0.3000000119
129364  20.544  -67.057  -19.864 0.6999999881
117241  19.577  -65.938  -16.398 0.8000000119
17984  20.623  -65.474  -20.673 0.6000000238
17961  20.669  -65.576  -18.694 0.6999999881
17974  20.669  -65.583  -19.710 0.6999999881
18027  18.258  -65.368  -24.399 0.6000000238
20510  17.443  -62.207  -17.110 0.4000000060
21399  18.994  -61.883  -16.713 0.4000000060
19670  20.234  -64.000  -16.821 0.6999999881
19698  21.036  -63.941  -18.224 0.6999999881
127928  20.868  -64.805  -20.051 0.6999999881
22338  15.357  -60.543  -18.581 0.5000000000
19697  21.346  -63.279  -18.739 0.5000000000
21408  21.095  -61.548  -17.552 0.4000000060
19741  20.471  -62.606  -22.103 0.6000000238
20589  18.560  -62.322  -23.860 0.5000000000
21486  18.985  -61.505  -23.588 0.6000000238
24177  21.619  -58.488  -18.017 0.3000000119
138464  20.633  -59.273  -22.332 0.4000000060
26057  13.358  -56.209  -18.982 0.4000000060
24223  21.598  -58.217  -21.531 0.3000000119
25139  21.353  -57.445  -21.919 0.3000000119
116471  20.567  -56.428  -22.697 0.3000000119
27025  17.595  -56.332  -24.493 0.3000000119
13037  16.852  -71.778  -16.437 0.6000000238
12234  16.456  -72.332  -16.764 0.6000000238
118056  15.597  -74.067  -19.214 0.6000000238
11533  16.528  -74.253  -20.137 0.6000000238
13851  13.441  -70.698  -17.092 0.5000000000
13831  16.332  -71.279  -16.384 0.6000000238
14701  17.183  -69.884  -15.976 0.6999999881
13830  17.456  -70.631  -16.182 0.6999999881
13038  15.457  -71.634  -16.503 0.6000000238
12232  18.298  -71.912  -16.886 0.6000000238
12253  17.896  -72.505  -17.687 0.6000000238
120661  18.068  -72.870  -18.657 0.6000000238
12298  17.564  -73.316  -19.102 0.6000000238
11517  17.313  -73.673  -19.698 0.6000000238
11532  17.458  -73.973  -20.393 0.6000000238
10842  17.095  -74.910  -21.803 0.6999999881
14704  15.219  -70.024  -16.788 0.6000000238
15478  16.561  -68.272  -15.836 0.6999999881
13850  14.453  -70.194  -17.067 0.5000000000
14702  16.407  -69.779  -16.235 0.6999999881
13829  18.743  -70.493  -16.462 0.6999999881
13035  18.409  -71.234  -16.565 0.6999999881
132926  18.620  -72.400  -18.208 0.5000000000
11516  18.015  -73.513  -20.083 0.6000000238
11531  18.312  -73.639  -20.699 0.6000000238
11547  17.759  -74.203  -21.168 0.6999999881
11561  19.040  -73.931  -22.433 0.6999999881
10859  17.786  -74.917  -22.717 0.6999999881
128101  18.919  -74.050  -24.010 0.6999999881
10901  22.722  -75.084  -27.632 0.4000000060
10894  20.507  -74.067  -26.754 0.5000000000
11588  18.993  -73.628  -26.606 0.6000000238
11590  17.946  -73.767  -26.054 0.6000000238
11576  18.260  -73.802  -25.446 0.6999999881
15513  14.223  -68.581  -18.861 0.5000000000
16277  14.501  -68.392  -17.811 0.5000000000
16265  15.255  -67.170  -16.612 0.6000000238
15512  14.522  -69.014  -18.506 0.5000000000
16263  16.487  -67.532  -15.830 0.6999999881
16276  15.052  -68.068  -17.004 0.5000000000
14720  15.341  -69.244  -16.873 0.6000000238
15477  17.366  -68.430  -15.612 0.6999999881
14689  17.688  -69.231  -15.725 0.6999999881
14688  18.466  -69.345  -15.959 0.6999999881
140311  19.245  -71.630  -17.647 0.6999999881
12297  18.270  -73.136  -19.481 0.6000000238
11530  19.221  -73.251  -21.008 0.6000000238
11545  19.571  -73.194  -22.065 0.6999999881
133891  19.223  -73.409  -23.859 0.6999999881
11575  18.739  -73.506  -24.652 0.6999999881
12342  18.075  -73.110  -25.910 0.6000000238
12341  18.396  -72.709  -25.505 0.6000000238
17963  12.287  -65.559  -18.631 0.5000000000
137441  12.829  -67.874  -19.617 0.4000000060
17082  14.096  -66.512  -17.271 0.5000000000
17101  12.697  -66.520  -18.347 0.5000000000
16278  13.951  -67.577  -17.810 0.5000000000
130752  14.455  -65.644  -17.027 0.6000000238
17071  14.763  -66.456  -16.816 0.6000000238
17068  17.057  -65.842  -15.811 0.6999999881
117020  16.036  -66.967  -16.082 0.6000000238
132166  17.107  -66.827  -15.635 0.6999999881
15476  18.275  -68.467  -15.664 0.6999999881
13849  19.553  -70.337  -17.192 0.6999999881
13066  20.034  -71.348  -18.589 0.6999999881
12277  19.716  -72.073  -19.071 0.6999999881
12314  19.597  -72.641  -20.474 0.6999999881
12322  19.885  -72.586  -21.340 0.6999999881
12326  20.058  -72.271  -22.303 0.8000000119
12332  19.478  -72.673  -23.652 0.6999999881
12361  20.051  -72.463  -26.492 0.5000000000
115475  18.510  -71.993  -26.231 0.6000000238
116015  18.687  -71.891  -25.071 0.6000000238
17975  11.626  -65.562  -19.305 0.4000000060
119534  13.371  -64.741  -17.994 0.6000000238
17950  13.744  -65.420  -17.501 0.6000000238
17949  14.343  -64.896  -17.286 0.6000000238
17937  15.670  -65.522  -16.478 0.6000000238
17058  18.230  -66.950  -15.577 0.6999999881
16251  18.466  -67.675  -15.652 0.6999999881
15485  19.555  -68.824  -16.685 0.6999999881
14719  19.756  -69.451  -17.178 0.6999999881
15511  20.341  -68.623  -18.263 0.8000000119
139255  19.928  -69.847  -17.648 0.8000000119
13865  20.411  -70.791  -19.174 0.6000000238
13094  20.416  -71.324  -20.996 0.6000000238
13917  19.729  -70.760  -23.472 0.8000000119
13116  19.751  -71.841  -23.390 0.6999999881
118936  21.633  -71.998  -26.249 0.5000000000
13143  19.202  -71.808  -26.456 0.6000000238
13124  18.486  -71.077  -25.584 0.6999999881
120256  20.620  -71.741  -26.308 0.6000000238
18870  12.265  -64.123  -19.567 0.5000000000
18882  11.693  -64.094  -20.345 0.4000000060
18897  10.871  -64.257  -21.403 0.4000000060
18855  13.570  -63.987  -18.419 0.5000000000
18856  12.751  -64.608  -18.616 0.5000000000
18843  14.699  -64.164  -17.489 0.6000000238
18842  15.329  -64.234  -17.048 0.6000000238
18831  16.680  -64.492  -16.456 0.6000000238
17920  18.013  -65.946  -15.699 0.6999999881
16261  19.510  -67.599  -16.392 0.8000000119
16274  20.225  -67.945  -17.705 0.8000000119
119797  20.438  -69.303  -18.723 0.6000000238
14746  20.474  -70.004  -20.669 0.6000000238
13908  20.329  -70.469  -21.974 0.6999999881
13909  20.095  -70.393  -22.737 0.6999999881
133070  18.617  -69.642  -24.863 0.6999999881
13144  18.735  -71.128  -26.276 0.6000000238
14805  18.911  -69.929  -26.162 0.6000000238
133677  19.473  -68.851  -25.723 0.6000000238
137659  20.438  -70.987  -26.137 0.6000000238
14795  19.591  -69.511  -25.922 0.6000000238
20549  13.197  -62.580  -19.659 0.5000000000
19713  12.729  -63.334  -19.663 0.5000000000
20551  11.926  -63.064  -20.988 0.5000000000
19743  10.553  -63.320  -21.688 0.5000000000
19699  14.677  -62.811  -18.439 0.5000000000
19701  13.460  -63.285  -19.045 0.5000000000
123382  15.365  -63.619  -17.476 0.6000000238
16293  20.435  -67.880  -18.625 0.6999999881
125086  20.495  -67.790  -20.471 0.6000000238
118302  20.456  -69.083  -20.856 0.6000000238
15558  20.323  -69.019  -21.825 0.6000000238
14769  19.664  -69.746  -23.336 0.6999999881
131657  19.920  -68.977  -22.743 0.6000000238
14777  18.980  -69.325  -24.226 0.6000000238
14796  18.938  -69.269  -25.811 0.6999999881
13133  21.444  -71.216  -25.893 0.5000000000
137740  21.432  -68.714  -25.381 0.4000000060
117256  13.202  -61.708  -19.943 0.5000000000
21456  12.505  -61.300  -20.745 0.5000000000
21472  10.729  -61.572  -21.759 0.5000000000
138206  9.389  -61.153  -21.531 0.5000000000
21474  8.575  -60.831  -21.123 0.5000000000
21442  6.962  -61.239  -19.956 0.5000000000
15559  19.597  -68.215  -23.119 0.6000000238
15560  18.922  -68.144  -23.854 0.4000000060
133649  18.578  -68.244  -25.071 0.5000000000
16368  19.278  -67.419  -25.432 0.4000000060
136977  20.926  -68.089  -25.486 0.4000000060
15593  19.902  -68.168  -25.627 0.5000000000
21471  11.551  -61.150  -21.538 0.5000000000
128566  10.513  -60.415  -21.784 0.5000000000
22392  8.595  -60.389  -20.816 0.5000000000
21441  7.526  -60.996  -20.064 0.5000000000
20537  7.007  -61.345  -19.835 0.5000000000
18873  7.276  -62.963  -19.170 0.4000000060
18859  7.028  -64.005  -18.742 0.5000000000
17966  6.410  -64.750  -18.443 0.4000000060
17088  6.577  -66.761  -18.121 0.4000000060
130310  5.409  -66.128  -18.080 0.4000000060
130005  18.962  -66.870  -23.666 0.6000000238
16359  18.541  -66.894  -24.553 0.4000000060
138536  19.938  -66.762  -25.497 0.4000000060
127455  20.366  -67.385  -25.530 0.4000000060
22389  11.111  -59.711  -21.698 0.5000000000
23284  9.711  -59.181  -21.167 0.4000000060
22358  8.910  -60.201  -20.568 0.4000000060
20536  8.033  -61.373  -19.717 0.5000000000
19703  8.548  -63.281  -19.230 0.4000000060
18872  8.340  -64.152  -18.907 0.5000000000
17964  9.218  -65.010  -18.474 0.4000000060
17952  9.098  -66.009  -18.117 0.5000000000
17965  8.272  -65.151  -18.579 0.5000000000
17086  8.593  -66.729  -17.714 0.3000000119
16280  7.397  -67.518  -17.589 0.3000000119
15500  7.057  -68.181  -17.278 0.3000000119
132296  18.675  -65.999  -24.992 0.4000000060
23299  10.299  -58.458  -21.146 0.5000000000
22357  9.796  -59.605  -20.448 0.5000000000
21439  9.589  -60.660  -19.799 0.4000000060
24226  10.773  -57.916  -21.116 0.4000000060
136969  10.232  -58.903  -20.610 0.4000000060
22342  10.383  -60.218  -19.559 0.4000000060
20524  10.827  -61.949  -18.571 0.4000000060
24196  11.240  -57.791  -20.415 0.4000000060
22356  10.680  -59.286  -19.839 0.4000000060
21427  10.589  -61.063  -19.044 0.4000000060
126384  11.374  -59.342  -19.039 0.4000000060
21426  11.346  -61.290  -18.363 0.4000000060
20515  11.061  -62.734  -18.154 0.4000000060
18845  11.226  -64.290  -17.314 0.4000000060
22341  11.183  -60.285  -18.845 0.4000000060
25104  12.043  -57.176  -19.911 0.3000000119
21417  11.963  -61.482  -17.752 0.4000000060
19689  11.984  -63.108  -17.172 0.4000000060
18834  11.591  -64.678  -16.654 0.4000000060
24184  11.867  -57.751  -19.548 0.4000000060
17938  11.263  -65.509  -16.469 0.4000000060
17922  11.672  -65.928  -15.549 0.4000000060
23252  12.431  -58.993  -18.122 0.3000000119
121846  12.544  -59.919  -17.764 0.4000000060
22326  12.492  -60.790  -17.591 0.4000000060
20513  12.055  -62.304  -17.437 0.4000000060
19676  12.456  -63.561  -16.507 0.4000000060
18833  12.255  -64.385  -16.219 0.4000000060
19663  12.919  -64.077  -15.736 0.3000000119
137019  20.480  -68.435  -20.667 0.6000000238
19688  14.747  -63.442  -18.000 0.5000000000
16335  19.833  -67.477  -22.747 0.6000000238
17183  19.226  -66.453  -25.301 0.4000000060
11506  16.245  -73.635  -18.842 0.6000000238
10858  18.553  -74.417  -22.798 0.6999999881
132122  19.750  -72.674  -22.908 0.6999999881
132067  21.187  -74.476  -26.936 0.5000000000
12360  21.247  -72.736  -26.474 0.5000000000
10896  18.832  -74.403  -26.674 0.5000000000
118712  19.802  -73.403  -26.617 0.4000000060
12363  18.375  -73.014  -26.268 0.6000000238
16294  13.369  -67.549  -18.423 0.5000000000
13866  20.191  -70.268  -18.261 0.6999999881
13134  18.400  -71.283  -26.011 0.6000000238
17069  16.298  -66.119  -16.063 0.6000000238
13095  20.102  -72.042  -19.900 0.6999999881
13108  20.198  -71.243  -22.468 0.8000000119
135002  19.287  -72.062  -24.220 0.6999999881
18871  11.551  -64.752  -19.805 0.4000000060
14737  20.494  -69.882  -19.274 0.6000000238
13888  20.460  -70.814  -20.508 0.6000000238
13918  19.112  -70.146  -24.280 0.6999999881
125534  19.095  -71.142  -24.497 0.6999999881
13141  22.521  -71.685  -26.246 0.5000000000
13926  18.578  -70.291  -25.173 0.6999999881
13948  18.983  -70.525  -26.323 0.6000000238
15533  20.489  -68.620  -20.038 0.6999999881
14758  20.395  -69.806  -21.464 0.6999999881
14768  20.187  -69.732  -22.347 0.6999999881
130980  18.778  -68.914  -25.447 0.6000000238
13947  19.770  -70.323  -26.166 0.6000000238
14794  21.503  -69.469  -25.465 0.6000000238
20550  12.442  -62.821  -20.377 0.5000000000
124932  11.344  -62.184  -21.590 0.5000000000
134434  10.091  -61.832  -21.706 0.4000000060
131864  20.133  -68.269  -22.273 0.6000000238
125529  18.795  -68.670  -24.245 0.6000000238
17104  5.933  -65.533  -18.282 0.3000000119
128722  18.561  -67.560  -24.865 0.5000000000
17182  20.754  -66.604  -25.489 0.4000000060
138639  8.693  -62.514  -19.395 0.5000000000
17102  8.102  -66.070  -18.345 0.4000000060
131155  6.608  -67.591  -17.681 0.4000000060
22340  11.932  -59.787  -18.334 0.4000000060
22327  11.863  -60.683  -18.103 0.4000000060
7076  29.384  -80.108  -22.062 0.3000000119
7640  29.057  -79.636  -21.318 0.3000000119
9514  20.099  -77.235  -24.591 0.4000000060
8230  21.997  -78.541  -25.001 0.4000000060
9499  22.478  -77.567  -23.173 0.4000000060
9479  22.688  -77.099  -22.433 0.4000000060
119483  19.374  -78.383  -26.061 0.4000000060
9502  18.592  -76.974  -23.546 0.4000000060
9516  18.324  -77.509  -24.489 0.4000000060
8828  17.227  -77.646  -24.349 0.5000000000
8816  17.024  -77.609  -22.704 0.5000000000
118501  16.178  -77.667  -23.218 0.5000000000
8244  21.945  -79.279  -26.898 0.4000000060
118817  21.055  -78.305  -25.333 0.5000000000
9515  19.378  -76.909  -24.158 0.5000000000
8802  15.567  -77.499  -21.885 0.5000000000
8239  22.196  -79.193  -26.073 0.5000000000
8854  21.408  -78.908  -25.833 0.5000000000
8228  23.010  -78.978  -25.972 0.5000000000
8842  22.923  -78.463  -24.344 0.4000000060
8826  23.007  -78.205  -23.623 0.4000000060
9478  23.503  -77.364  -22.319 0.4000000060
136184  24.015  -77.721  -22.835 0.4000000060
8799  25.128  -77.223  -21.874 0.3000000119
129997  26.636  -75.901  -20.033 0.4000000060
124534  21.471  -77.717  -27.620 0.4000000060
8870  18.584  -77.540  -27.036 0.4000000060
8867  21.892  -78.510  -27.596 0.4000000060
8861  20.345  -78.681  -27.045 0.4000000060
8869  19.671  -78.029  -27.231 0.4000000060
116389  17.983  -77.597  -26.629 0.4000000060
8863  17.090  -77.189  -26.504 0.5000000000
8846  16.648  -77.415  -25.092 0.5000000000
117354  22.782  -78.930  -27.825 0.4000000060
8245  21.045  -79.083  -26.982 0.4000000060
8843  20.183  -78.025  -25.354 0.4000000060
9526  16.735  -76.957  -26.137 0.5000000000
8847  16.085  -77.159  -24.425 0.5000000000
8831  15.367  -77.194  -23.134 0.5000000000
9484  15.292  -76.975  -23.078 0.6000000238
10154  15.803  -76.324  -22.725 0.6000000238
10155  15.098  -76.662  -22.328 0.6000000238
10881  18.462  -74.403  -24.599 0.6000000238
10172  17.434  -75.540  -23.585 0.6000000238
10138  15.352  -75.901  -21.922 0.5000000000
8825  23.574  -78.178  -23.875 0.4000000060
10832  16.773  -74.551  -20.886 0.5000000000
139060  24.877  -77.487  -22.515 0.4000000060
140414  25.692  -76.539  -21.197 0.4000000060
10198  19.094  -76.087  -27.089 0.4000000060
10199  18.388  -75.930  -26.841 0.5000000000
9528  17.241  -76.664  -26.588 0.5000000000
10190  17.491  -75.660  -26.227 0.5000000000
9518  16.090  -77.053  -24.595 0.5000000000
119052  17.478  -74.958  -25.997 0.5000000000
10173  16.763  -76.372  -24.298 0.6000000238
10888  17.858  -74.927  -25.433 0.6000000238
139526  17.413  -75.754  -24.282 0.6000000238
7087  28.860  -80.770  -22.586 0.3000000119
8199  30.540  -78.460  -21.687 0.3000000119
9457  28.798  -75.709  -21.648 0.3000000119
9531  23.332  -77.652  -28.216 0.4000000060
10195  22.471  -76.241  -27.723 0.4000000060
10196  21.205  -76.352  -27.454 0.4000000060
9534  19.254  -77.042  -27.251 0.4000000060
10903  20.529  -75.132  -27.061 0.4000000060
10200  17.806  -75.843  -26.577 0.5000000000
10904  18.974  -75.172  -26.866 0.4000000060
10906  17.822  -75.027  -26.370 0.5000000000
10153  16.838  -75.556  -22.686 0.6000000238
10843  15.998  -75.213  -21.400 0.5000000000
10197  19.987  -76.178  -27.265 0.4000000060
133173  18.449  -77.935  -26.207 0.4000000060
8803  15.022  -77.146  -22.121 0.5000000000
9458  27.767  -75.869  -21.617 0.3000000119
9533  20.348  -77.304  -27.442 0.4000000060
9535  17.662  -77.120  -26.945 0.5000000000
9525  17.064  -76.469  -26.155 0.5000000000
10186  17.330  -75.811  -25.830 0.6000000238
24236  20.501  -58.614  -22.548 0.3000000119
7639  29.854  -79.196  -21.501 0.3000000119
8229  22.762  -78.722  -25.256 0.5000000000
8240  21.218  -79.138  -26.494 0.4000000060
8241  20.337  -78.761  -26.610 0.4000000060
8242  23.465  -79.108  -26.754 0.5000000000
8243  22.850  -79.353  -26.831 0.5000000000
8248  21.747  -78.947  -27.292 0.4000000060
8790  15.005  -77.160  -21.384 0.5000000000
8800  24.327  -77.447  -22.245 0.4000000060
8813  23.980  -77.822  -23.342 0.4000000060
8814  23.367  -77.850  -23.060 0.4000000060
8817  15.479  -77.425  -22.767 0.5000000000
8827  22.279  -78.032  -23.969 0.4000000060
8829  16.374  -77.515  -24.063 0.5000000000
8830  15.771  -77.334  -23.569 0.5000000000
8844  19.222  -77.627  -25.089 0.5000000000
8845  17.505  -77.639  -25.110 0.5000000000
8848  15.708  -77.113  -23.723 0.5000000000
8855  20.517  -78.816  -26.045 0.5000000000
8856  17.404  -77.565  -25.933 0.4000000060
8857  16.728  -77.169  -25.902 0.5000000000
8858  16.451  -77.066  -25.340 0.5000000000
8862  19.256  -78.200  -26.680 0.4000000060
8868  20.850  -78.406  -27.407 0.4000000060
9466  14.823  -76.787  -22.003 0.6000000238
9485  15.073  -77.057  -22.626 0.5000000000
9500  20.456  -76.578  -23.729 0.4000000060
9503  15.803  -76.847  -23.715 0.6000000238
9517  16.714  -76.699  -25.497 0.5000000000
9532  22.605  -78.261  -27.917 0.4000000060
9536  17.778  -76.579  -26.883 0.5000000000
10137  16.170  -75.545  -22.096 0.6000000238
10171  17.935  -75.247  -24.398 0.6000000238
10182  17.405  -75.875  -24.960 0.6000000238
10841  18.189  -74.382  -22.038 0.6999999881
10874  18.398  -74.689  -23.615 0.6999999881
10895  19.612  -74.435  -26.787 0.5000000000
10897  17.721  -74.597  -26.097 0.5000000000
10905  18.288  -74.925  -26.595 0.5000000000
11505  16.954  -73.576  -19.130 0.6000000238
11518  16.376  -73.969  -19.482 0.6000000238
11546  18.704  -73.795  -21.518 0.6000000238
11568  19.450  -73.340  -23.046 0.6999999881
11580  17.806  -74.149  -25.961 0.6000000238
11589  18.474  -74.121  -26.508 0.6000000238
11597  18.017  -74.269  -26.301 0.5000000000
12233  17.374  -72.216  -16.806 0.6000000238
12278  18.880  -72.540  -18.899 0.6999999881
12296  19.228  -72.634  -19.672 0.6000000238
12313  20.236  -72.064  -20.753 0.6000000238
12315  18.781  -73.159  -20.216 0.6000000238
12333  19.022  -72.711  -24.492 0.6999999881
12351  18.196  -72.398  -26.052 0.6000000238
12362  19.042  -72.661  -26.516 0.6000000238
12370  18.103  -73.129  -26.063 0.6000000238
13036  17.674  -71.427  -16.438 0.6000000238
13047  19.640  -71.169  -17.790 0.6999999881
13048  19.054  -71.346  -17.052 0.6999999881
13065  20.209  -71.536  -19.292 0.6999999881
13067  19.352  -71.938  -18.222 0.5000000000
13083  20.405  -71.190  -19.856 0.6999999881
13100  20.306  -71.808  -21.569 0.8000000119
13107  20.385  -71.087  -21.633 0.6999999881
13142  19.611  -71.146  -26.357 0.6000000238
13828  19.146  -69.599  -16.481 0.6999999881
13832  15.835  -70.584  -16.463 0.6000000238
13833  14.958  -70.905  -16.653 0.5000000000
13834  14.018  -71.111  -16.766 0.5000000000
13876  20.488  -70.346  -19.932 0.6000000238
13899  20.438  -70.572  -21.197 0.6000000238
13937  20.623  -69.854  -25.775 0.6000000238
13938  18.511  -70.375  -25.825 0.6000000238
13949  18.617  -70.447  -26.091 0.6000000238
14690  16.848  -69.099  -15.825 0.6999999881
14703  15.775  -69.736  -16.522 0.6000000238
14718  20.161  -69.364  -17.914 0.8000000119
14721  14.819  -69.337  -17.484 0.6000000238
14770  19.331  -68.854  -23.577 0.6000000238
14785  18.606  -69.648  -25.444 0.6999999881
14797  18.703  -69.787  -25.870 0.6999999881
15486  18.990  -68.762  -16.124 0.6999999881
15497  20.010  -68.714  -17.407 0.8000000119
15498  15.392  -68.590  -16.771 0.5000000000
15499  14.939  -68.828  -17.478 0.5000000000
15522  20.499  -68.565  -19.128 0.6000000238
15547  20.420  -68.232  -21.316 0.6000000238
15573  18.585  -68.141  -24.564 0.6000000238
15585  18.734  -67.921  -25.229 0.5000000000
15594  19.029  -68.433  -25.562 0.6000000238
16252  17.762  -67.688  -15.523 0.6999999881
16253  17.061  -67.752  -15.606 0.6999999881
16262  18.992  -67.224  -15.877 0.6999999881
16264  15.802  -67.915  -16.321 0.6999999881
16279  8.248  -67.414  -17.355 0.3000000119
16281  5.608  -67.108  -17.802 0.4000000060
16295  12.641  -67.369  -18.925 0.4000000060
16301  12.385  -67.880  -20.326 0.4000000060
16323  20.267  -67.650  -21.929 0.6000000238
16336  19.238  -67.536  -23.483 0.6000000238
16347  18.633  -67.372  -24.179 0.4000000060
16369  18.693  -66.927  -25.000 0.5000000000
17067  18.926  -66.398  -15.899 0.6999999881
17070  15.495  -66.332  -16.449 0.6000000238
17083  13.376  -66.546  -17.771 0.5000000000
17087  7.719  -66.812  -17.979 0.4000000060
17089  4.444  -66.005  -17.862 0.4000000060
17103  7.108  -65.945  -18.369 0.4000000060
17105  4.612  -65.026  -18.097 0.3000000119
17139  20.113  -66.062  -22.363 0.6999999881
17153  19.628  -66.627  -23.044 0.6999999881
17163  18.336  -65.882  -24.082 0.5000000000
17175  18.467  -66.141  -24.527 0.5000000000
17935  17.377  -65.122  -16.033 0.6000000238
17936  16.478  -65.292  -16.225 0.6000000238
17947  20.481  -65.054  -17.414 0.8000000119
17948  14.984  -64.950  -16.875 0.6000000238
17962  12.984  -65.513  -18.045 0.5000000000
18017  18.354  -65.324  -23.911 0.6000000238
18817  11.977  -65.155  -15.912 0.4000000060
18828  19.913  -64.530  -16.625 0.8000000119
18830  17.607  -64.312  -16.359 0.6999999881
18832  15.816  -64.705  -16.622 0.6000000238
18841  15.989  -63.921  -16.893 0.6999999881
18844  13.968  -64.446  -17.730 0.6000000238
18853  20.695  -64.525  -17.743 0.6999999881
18854  14.231  -63.833  -18.021 0.5000000000
18869  12.959  -63.818  -19.034 0.5000000000
18881  20.754  -64.593  -21.001 0.6999999881
18912  18.563  -64.644  -23.704 0.6000000238
18930  18.211  -64.687  -24.622 0.5000000000
18939  19.723  -64.103  -25.614 0.5000000000
19671  19.741  -63.819  -16.578 0.6000000238
19677  11.790  -63.904  -16.914 0.4000000060
19685  20.636  -63.758  -17.362 0.6999999881
19690  11.307  -63.462  -17.613 0.4000000060
19700  14.131  -63.333  -18.487 0.5000000000
19715  7.559  -62.094  -19.470 0.5000000000
19725  21.164  -63.235  -20.663 0.5000000000
19726  12.072  -63.491  -20.363 0.4000000060
19727  11.457  -63.678  -21.104 0.4000000060
19742  11.011  -63.522  -21.645 0.5000000000
19784  19.630  -63.171  -25.664 0.5000000000
19785  18.218  -63.291  -25.050 0.5000000000
19786  17.971  -62.595  -24.975 0.5000000000
19792  18.224  -62.518  -25.218 0.5000000000
20498  20.087  -62.696  -16.750 0.6000000238
20499  18.242  -62.597  -16.689 0.5000000000
20509  18.028  -61.693  -17.022 0.4000000060
20512  15.902  -62.356  -17.871 0.6000000238
20514  11.481  -62.093  -17.967 0.4000000060
20523  14.001  -62.709  -18.964 0.5000000000
20533  21.505  -62.592  -19.238 0.5000000000
20534  13.864  -61.995  -19.312 0.6999999881
20538  6.662  -61.549  -19.858 0.5000000000
20548  21.188  -62.618  -20.890 0.4000000060
20552  7.334  -61.294  -20.253 0.5000000000
20553  6.739  -61.434  -19.934 0.5000000000
20564  21.351  -62.023  -20.598 0.5000000000
20566  12.044  -62.292  -21.117 0.5000000000
20567  11.448  -62.938  -21.464 0.5000000000
20568  10.813  -62.647  -21.741 0.4000000060
20570  8.135  -61.444  -20.911 0.5000000000
20580  20.506  -61.903  -22.082 0.6000000238
20582  19.319  -62.255  -23.237 0.6000000238
20601  17.883  -62.192  -24.929 0.5000000000
20612  17.888  -62.044  -25.045 0.4000000060
21409  20.509  -61.978  -17.109 0.5000000000
21412  17.767  -61.023  -17.363 0.4000000060
21416  12.606  -61.708  -17.236 0.4000000060
21423  16.343  -61.215  -18.012 0.5000000000
21424  15.777  -61.703  -18.213 0.4000000060
21436  21.602  -61.838  -18.839 0.5000000000
21437  14.369  -61.499  -19.050 0.6000000238
21440  8.392  -60.758  -20.135 0.5000000000
21443  6.820  -61.318  -19.971 0.5000000000
21455  13.144  -60.855  -20.128 0.6000000238
21457  7.851  -60.945  -20.337 0.5000000000
21473  9.913  -60.875  -21.729 0.5000000000
21484  20.275  -61.338  -22.372 0.5000000000
21497  17.937  -61.541  -24.814 0.5000000000
21517  18.691  -61.663  -25.490 0.4000000060
21525  18.150  -61.386  -25.205 0.4000000060
22320  21.344  -60.815  -17.818 0.4000000060
22337  16.149  -60.497  -18.246 0.5000000000
22339  14.862  -59.770  -18.796 0.5000000000
22359  8.298  -60.638  -20.452 0.5000000000
22373  9.283  -59.543  -20.981 0.4000000060
22374  8.810  -60.140  -20.827 0.4000000060
22388  12.003  -60.180  -21.270 0.6000000238
22390  10.259  -59.258  -21.527 0.5000000000
22391  9.112  -59.801  -21.070 0.4000000060
22401  20.609  -60.619  -22.076 0.5000000000
22413  18.145  -60.785  -24.600 0.4000000060
22433  17.947  -60.571  -25.015 0.4000000060
23230  21.162  -59.342  -17.679 0.4000000060
23232  19.601  -59.688  -17.314 0.3000000119
23249  16.965  -59.039  -18.127 0.4000000060
23253  11.812  -58.692  -18.813 0.4000000060
23263  14.303  -58.850  -19.046 0.5000000000
23265  11.294  -58.479  -19.737 0.4000000060
23266  10.622  -58.170  -20.768 0.4000000060
23282  12.275  -59.390  -20.899 0.5000000000
23283  10.005  -58.697  -21.042 0.5000000000
23298  10.790  -58.578  -21.450 0.5000000000
24163  17.698  -58.861  -17.811 0.4000000060
24178  17.824  -58.109  -17.964 0.4000000060
24180  16.602  -58.378  -18.399 0.4000000060
24183  12.330  -57.942  -18.656 0.4000000060
24194  13.638  -57.766  -19.404 0.4000000060
24210  22.374  -58.196  -19.746 0.3000000119
24213  11.358  -57.750  -20.840 0.4000000060
24214  10.993  -57.718  -20.982 0.4000000060
24215  10.539  -58.062  -21.057 0.4000000060
24225  11.174  -58.124  -21.273 0.4000000060
25095  22.213  -57.565  -18.658 0.4000000060
25097  18.624  -57.004  -18.103 0.3000000119
25102  13.006  -56.453  -18.881 0.4000000060
25103  12.527  -57.110  -19.398 0.4000000060
25118  13.057  -56.992  -19.589 0.4000000060
25120  12.286  -57.123  -20.016 0.4000000060
25121  11.802  -57.655  -20.542 0.5000000000
25132  11.997  -57.371  -20.360 0.5000000000
25140  20.618  -57.312  -22.568 0.4000000060
26029  21.197  -56.889  -17.784 0.3000000119
26056  13.704  -55.922  -19.008 0.3000000119
26058  12.866  -56.721  -19.401 0.4000000060
26080  22.542  -55.836  -20.212 0.4000000060
26090  21.137  -56.794  -22.230 0.3000000119
26113  17.693  -57.146  -24.479 0.4000000060
27036  17.191  -56.056  -24.950 0.3000000119
116020  18.043  -70.065  -15.980 0.6999999881
116713  19.646  -75.384  -27.007 0.4000000060
116827  28.420  -75.895  -20.828 0.3000000119
116850  18.840  -62.907  -25.490 0.5000000000
117759  20.502  -68.940  -25.633 0.4000000060
117885  21.092  -60.205  -17.609 0.3000000119
118058  21.684  -61.233  -19.415 0.4000000060
119263  12.043  -64.880  -19.120 0.5000000000
119347  21.540  -61.951  -19.744 0.4000000060
119372  17.007  -71.125  -16.300 0.6999999881
119582  16.182  -77.660  -22.419 0.5000000000
119605  17.231  -56.532  -25.021 0.3000000119
120150  18.304  -71.819  -25.829 0.6000000238
120780  18.341  -76.798  -27.103 0.5000000000
121499  18.557  -68.912  -24.926 0.6000000238
121771  18.286  -77.779  -25.569 0.4000000060
121793  20.507  -69.159  -19.463 0.6000000238
121892  20.455  -67.187  -18.021 0.8000000119
122260  20.429  -67.320  -21.270 0.6000000238
122304  20.224  -63.384  -16.805 0.6999999881
122371  19.178  -58.156  -17.567 0.4000000060
123291  16.663  -56.880  -18.526 0.3000000119
123549  10.022  -62.659  -21.664 0.4000000060
123834  18.087  -70.789  -16.271 0.6999999881
124165  16.545  -76.175  -23.379 0.6000000238
124578  10.802  -63.996  -17.818 0.4000000060
124754  21.631  -61.070  -18.563 0.4000000060
125098  16.697  -70.530  -16.260 0.6999999881
125501  9.668  -59.889  -21.498 0.5000000000
126178  19.074  -74.032  -23.298 0.6999999881
126578  20.484  -65.766  -17.638 0.6999999881
126720  20.492  -67.844  -19.537 0.6000000238
126921  19.395  -58.881  -17.456 0.4000000060
127155  21.851  -57.800  -18.250 0.5000000000
127179  19.834  -68.094  -16.898 0.8000000119
127352  19.531  -65.893  -23.119 0.6000000238
127362  20.498  -69.498  -20.055 0.6000000238
127508  11.767  -58.307  -21.023 0.5000000000
127509  7.458  -65.234  -18.522 0.5000000000
127564  16.153  -71.958  -16.446 0.6000000238
127644  14.572  -67.386  -17.183 0.5000000000
127727  16.007  -68.950  -16.282 0.6999999881
127977  11.571  -62.741  -17.649 0.4000000060
128156  18.975  -68.012  -15.914 0.6999999881
128893  18.482  -66.531  -24.098 0.5000000000
128894  19.266  -65.589  -25.361 0.4000000060
129542  18.258  -63.083  -24.167 0.5000000000
130631  20.390  -57.980  -22.716 0.3000000119
131076  20.597  -73.272  -26.571 0.4000000060
131638  20.410  -66.564  -17.553 0.8000000119
131698  18.903  -65.668  -16.031 0.6999999881
132016  17.434  -57.032  -18.438 0.3000000119
132139  18.807  -72.012  -17.567 0.5000000000
132844  13.360  -59.525  -19.794 0.5000000000
133105  13.616  -68.263  -19.350 0.5000000000
133415  9.096  -61.321  -19.688 0.4000000060
134017  9.134  -60.389  -21.328 0.5000000000
134033  19.866  -71.763  -26.429 0.6000000238
134814  12.673  -62.162  -20.370 0.5000000000
135379  20.776  -70.552  -25.886 0.6000000238
135591  18.319  -60.806  -25.289 0.4000000060
135984  19.704  -63.204  -16.602 0.6000000238
136915  17.047  -77.674  -23.519 0.5000000000
137328  22.190  -77.204  -27.748 0.4000000060
137941  15.740  -59.042  -18.521 0.5000000000
137964  12.215  -60.320  -17.927 0.4000000060
138048  20.968  -78.855  -27.143 0.4000000060
138119  20.663  -65.136  -17.990 0.6999999881
138250  18.595  -69.871  -16.216 0.6999999881
138978  15.026  -65.771  -16.697 0.6000000238
139097  18.168  -63.523  -24.333 0.5000000000
139126  18.137  -73.601  -26.212 0.6000000238
139524  20.373  -71.517  -20.393 0.6999999881
139852  19.460  -67.123  -23.254 0.6000000238
139853  19.375  -68.263  -16.371 0.8000000119
