#!ascii label  , from subject sub-v2s3x28816_ses-1 vox2ras=TkReg
2039
76124  -10.803  -92.035  -22.478 0.0000000000
78678  -15.698  -104.402  -29.379 0.0000000000
10451  -17.675  -58.575  -12.907 0.0000000000
3922  -19.318  -77.568  -14.723 0.0000000000
2432  -14.109  -87.580  -18.519 0.0000000000
73204  -21.705  -76.433  -17.858 0.0000000000
72969  -19.451  -83.041  -23.226 0.0000000000
79098  -9.895  -100.080  -28.737 0.0000000000
76060  -17.684  -88.904  -31.360 0.0000000000
80815  -19.213  -70.330  -10.936 0.0000000000
76803  -5.807  -82.862  -17.480 0.0000000000
64001  2.266  -94.157  -17.840 0.0000000000
1138  -6.739  -97.391  -13.707 0.0000000000
6223  -25.601  -65.688  -10.938 0.0000000000
64029  -13.526  -89.145  -20.634 0.0000000000
73425  -18.370  -85.414  -19.879 0.0000000000
73695  -16.873  -87.781  -24.330 0.0000000000
64832  -10.478  -104.553  -30.430 0.0000000000
73021  -16.512  -98.407  -32.982 0.0000000000
12266  -14.634  -54.567  -14.861 0.0000000000
11377  -18.386  -55.818  -14.249 0.0000000000
4434  -22.738  -75.440  -10.953 0.0000000000
6212  -23.334  -68.382  -9.044 0.0000000000
4695  -23.983  -74.560  -12.624 0.0000000000
74129  -21.739  -74.275  -19.026 0.0000000000
5606  -24.739  -71.034  -17.510 0.0000000000
10444  -17.317  -59.472  -10.964 0.0000000000
64485  -16.098  -84.709  -11.738 0.0000000000
3928  -20.196  -77.850  -16.165 0.0000000000
66422  -18.911  -83.004  -17.112 0.0000000000
64247  -21.843  -80.350  -20.220 0.0000000000
74882  -19.811  -77.585  -22.223 0.0000000000
76384  -10.247  -95.257  -26.649 0.0000000000
77676  -14.951  -89.963  -26.935 0.0000000000
76648  -14.257  -96.434  -30.365 0.0000000000
66883  -16.158  -93.120  -36.723 0.0000000000
4164  -19.239  -76.379  -11.436 0.0000000000
60050  -13.579  -81.113  -16.243 0.0000000000
75972  -10.049  -85.722  -17.174 0.0000000000
75971  -7.755  -90.616  -15.549 0.0000000000
75737  -3.473  -92.870  -21.953 0.0000000000
66765  -1.540  -100.846  -16.184 0.0000000000
68843  -5.866  -95.485  -19.145 0.0000000000
73937  -4.876  -100.117  -21.016 0.0000000000
76478  -3.887  -105.110  -23.548 0.0000000000
75  -10.748  -107.180  -23.436 0.0000000000
7492  -17.197  -64.916  -11.849 0.0000000000
7841  -19.092  -64.054  -9.436 0.0000000000
8269  -21.990  -60.988  -10.918 0.0000000000
5298  -23.699  -72.547  -14.778 0.0000000000
72510  -25.857  -65.225  -13.742 0.0000000000
9589  -21.118  -60.799  -13.967 0.0000000000
65503  -17.089  -85.469  -27.252 0.0000000000
73552  -17.346  -79.874  -24.796 0.0000000000
76749  -11.103  -90.141  -22.124 0.0000000000
73053  -15.550  -88.615  -21.370 0.0000000000
63925  -17.117  -89.546  -22.707 0.0000000000
75170  -12.382  -104.627  -29.880 0.0000000000
73167  -11.765  -102.869  -35.075 0.0000000000
59599  -15.550  -102.749  -33.822 0.0000000000
11372  -16.160  -56.230  -12.749 0.0000000000
11815  -16.990  -55.432  -13.224 0.0000000000
11816  -17.474  -55.266  -14.122 0.0000000000
11375  -18.080  -57.091  -14.165 0.0000000000
4171  -20.784  -76.758  -12.575 0.0000000000
4692  -23.652  -74.884  -11.508 0.0000000000
4187  -21.386  -76.790  -14.297 0.0000000000
65618  -22.095  -72.002  -18.914 0.0000000000
9554  -17.452  -59.901  -10.327 0.0000000000
2411  -14.446  -87.224  -15.473 0.0000000000
59916  -17.482  -84.601  -15.145 0.0000000000
78709  -16.843  -85.638  -17.268 0.0000000000
73678  -21.394  -86.360  -22.248 0.0000000000
76483  -21.854  -84.183  -19.002 0.0000000000
60030  -21.721  -82.540  -21.948 0.0000000000
75809  -22.102  -78.939  -21.916 0.0000000000
72993  -20.241  -79.900  -22.742 0.0000000000
77652  -8.888  -97.867  -28.955 0.0000000000
76710  -11.611  -94.712  -30.762 0.0000000000
72674  -12.032  -97.526  -31.445 0.0000000000
63926  -15.964  -95.486  -37.170 0.0000000000
64559  -16.992  -94.932  -34.871 0.0000000000
4427  -20.526  -75.493  -9.344 0.0000000000
67158  -12.814  -79.398  -15.949 0.0000000000
77200  -10.324  -82.116  -17.062 0.0000000000
65394  -11.536  -82.490  -18.436 0.0000000000
76209  -7.068  -85.299  -18.018 0.0000000000
75453  0.089  -90.764  -19.305 0.0000000000
59665  -2.865  -89.217  -15.298 0.0000000000
74760  -2.528  -93.035  -15.281 0.0000000000
72985  -5.346  -92.297  -17.559 0.0000000000
1531  -1.829  -94.642  -18.702 0.0000000000
72527  -3.892  -100.142  -14.890 0.0000000000
67686  -3.487  -99.514  -18.397 0.0000000000
1297  -6.126  -96.199  -16.698 0.0000000000
79447  -6.452  -97.470  -19.823 0.0000000000
1027  -7.173  -98.193  -17.132 0.0000000000
73843  -5.165  -105.198  -18.953 0.0000000000
59523  -7.374  -106.495  -23.304 0.0000000000
6859  -16.074  -67.813  -11.136 0.0000000000
6510  -17.822  -68.036  -11.876 0.0000000000
6219  -24.850  -67.369  -10.051 0.0000000000
7179  -20.279  -66.405  -9.994 0.0000000000
7180  -21.770  -65.848  -9.507 0.0000000000
8702  -18.691  -62.330  -9.428 0.0000000000
7189  -23.652  -65.202  -10.290 0.0000000000
64351  -20.706  -77.313  -17.296 0.0000000000
75091  -22.479  -75.782  -16.099 0.0000000000
76855  -23.140  -74.475  -16.440 0.0000000000
6882  -25.903  -67.021  -17.073 0.0000000000
6523  -24.707  -68.627  -15.805 0.0000000000
71508  -25.995  -64.182  -14.659 0.0000000000
8286  -22.354  -63.028  -14.207 0.0000000000
8733  -22.381  -62.084  -14.431 0.0000000000
10010  -19.109  -59.910  -15.083 0.0000000000
75759  -14.300  -89.979  -30.218 0.0000000000
73447  -12.601  -88.074  -27.446 0.0000000000
76511  -14.384  -85.763  -29.196 0.0000000000
2558  -13.147  -87.390  -20.233 0.0000000000
59817  -16.150  -86.475  -18.884 0.0000000000
2441  -15.774  -87.412  -20.675 0.0000000000
73426  -17.463  -86.460  -22.116 0.0000000000
64231  -19.535  -85.799  -23.861 0.0000000000
74249  -10.810  -102.125  -27.732 0.0000000000
76851  -13.779  -98.599  -28.745 0.0000000000
73394  -13.008  -100.391  -32.478 0.0000000000
76854  -13.077  -99.192  -37.237 0.0000000000
12767  -16.319  -53.985  -16.081 0.0000000000
75873  -2.431  -84.712  -16.000 0.0000000000
5580  -21.570  -71.913  -8.252 0.0000000000
6210  -20.605  -69.241  -9.951 0.0000000000
5284  -23.184  -72.023  -9.780 0.0000000000
5587  -24.151  -71.514  -11.438 0.0000000000
5930  -24.768  -70.589  -12.917 0.0000000000
75805  -22.658  -75.327  -18.816 0.0000000000
64507  -23.483  -72.994  -17.474 0.0000000000
74130  -22.571  -72.632  -18.259 0.0000000000
6241  -24.132  -69.401  -18.028 0.0000000000
59579  -18.290  -104.123  -28.867 0.0000000000
73182  -18.576  -102.805  -31.806 0.0000000000
10917  -16.229  -57.701  -11.405 0.0000000000
10447  -16.976  -59.426  -12.305 0.0000000000
64019  -17.751  -80.907  -10.018 0.0000000000
3923  -19.897  -77.666  -15.360 0.0000000000
3157  -19.395  -81.292  -14.098 0.0000000000
3316  -19.807  -80.617  -16.703 0.0000000000
60056  -20.253  -79.843  -18.054 0.0000000000
59891  -18.467  -84.514  -18.756 0.0000000000
73480  -20.932  -82.230  -18.721 0.0000000000
73082  -20.648  -78.099  -19.359 0.0000000000
75784  -21.027  -76.714  -20.154 0.0000000000
73005  -20.773  -76.061  -20.570 0.0000000000
76024  -11.460  -93.939  -24.182 0.0000000000
59743  -14.993  -93.540  -24.889 0.0000000000
75743  -12.840  -93.611  -26.948 0.0000000000
76853  -13.085  -92.847  -29.097 0.0000000000
76055  -15.956  -91.259  -31.068 0.0000000000
75537  -16.207  -97.102  -31.812 0.0000000000
76057  -17.495  -93.789  -32.940 0.0000000000
59703  -17.428  -90.368  -33.115 0.0000000000
5578  -19.379  -71.507  -9.534 0.0000000000
4975  -21.464  -73.761  -8.554 0.0000000000
4159  -21.111  -76.467  -11.018 0.0000000000
4177  -18.555  -76.802  -13.801 0.0000000000
71553  -16.296  -77.540  -13.156 0.0000000000
3927  -16.004  -77.635  -17.025 0.0000000000
73003  -15.963  -80.250  -14.544 0.0000000000
72883  -13.189  -83.195  -12.690 0.0000000000
79820  -12.341  -85.229  -15.440 0.0000000000
2651  -12.740  -84.826  -19.347 0.0000000000
72845  -5.329  -86.804  -14.821 0.0000000000
76431  -8.538  -88.795  -15.091 0.0000000000
59794  -11.706  -88.222  -18.033 0.0000000000
72999  -10.025  -90.414  -18.422 0.0000000000
63896  -8.427  -90.056  -21.761 0.0000000000
75995  -6.448  -91.135  -24.372 0.0000000000
81295  0.494  -98.500  -16.698 0.0000000000
74267  -0.078  -97.389  -22.064 0.0000000000
59631  -3.231  -96.197  -22.726 0.0000000000
76448  -8.571  -94.841  -21.765 0.0000000000
73751  -7.173  -96.704  -24.529 0.0000000000
73068  -5.825  -98.034  -25.165 0.0000000000
73467  -5.516  -100.141  -27.743 0.0000000000
59554  -6.739  -101.834  -18.500 0.0000000000
64129  -3.234  -103.176  -22.568 0.0000000000
65507  -8.392  -102.401  -24.973 0.0000000000
67315  -8.681  -104.766  -26.444 0.0000000000
59561  -10.020  -106.686  -27.157 0.0000000000
92  -12.341  -105.500  -26.941 0.0000000000
128  -13.478  -105.125  -23.376 0.0000000000
142  -15.620  -105.755  -26.186 0.0000000000
8692  -16.766  -61.912  -10.777 0.0000000000
6861  -18.521  -67.193  -11.817 0.0000000000
7840  -18.196  -64.245  -10.458 0.0000000000
78474  -17.088  -61.855  -10.523 0.0000000000
9161  -18.479  -60.943  -9.964 0.0000000000
9169  -19.686  -60.483  -10.424 0.0000000000
9576  -19.720  -60.092  -11.703 0.0000000000
4445  -22.869  -76.144  -14.620 0.0000000000
4986  -23.831  -73.469  -14.152 0.0000000000
5596  -24.855  -70.582  -14.094 0.0000000000
5602  -23.668  -72.071  -16.406 0.0000000000
6234  -24.573  -69.265  -15.091 0.0000000000
6518  -25.753  -65.618  -12.307 0.0000000000
7510  -23.831  -63.209  -11.713 0.0000000000
8718  -21.534  -61.083  -12.167 0.0000000000
10452  -18.014  -59.670  -13.170 0.0000000000
10929  -18.553  -57.797  -14.730 0.0000000000
63982  -14.144  -88.528  -25.828 0.0000000000
59637  -16.363  -86.277  -25.735 0.0000000000
76551  -19.154  -84.889  -24.994 0.0000000000
59760  -19.095  -84.482  -28.209 0.0000000000
59728  -17.979  -83.314  -26.313 0.0000000000
75333  -17.649  -81.640  -23.848 0.0000000000
65325  -19.639  -78.765  -23.938 0.0000000000
75639  -10.968  -90.593  -22.510 0.0000000000
76706  -14.422  -90.712  -21.300 0.0000000000
72801  -12.643  -92.192  -22.393 0.0000000000
74406  -13.561  -104.496  -29.499 0.0000000000
74953  -14.639  -103.504  -32.071 0.0000000000
64958  -15.570  -103.688  -30.837 0.0000000000
10923  -17.079  -57.908  -12.652 0.0000000000
10925  -17.018  -56.686  -12.945 0.0000000000
11374  -17.525  -56.292  -13.690 0.0000000000
10926  -17.280  -57.524  -13.517 0.0000000000
4185  -19.726  -76.948  -14.308 0.0000000000
4180  -21.516  -76.697  -13.316 0.0000000000
9991  -16.890  -59.685  -10.129 0.0000000000
2418  -14.342  -87.453  -16.635 0.0000000000
64656  -16.188  -86.044  -15.955 0.0000000000
65701  -15.694  -86.631  -17.388 0.0000000000
59995  -22.464  -85.137  -22.148 0.0000000000
68344  -22.055  -83.795  -21.850 0.0000000000
76152  -20.339  -82.773  -22.546 0.0000000000
72777  -20.068  -80.729  -22.234 0.0000000000
72968  -19.657  -81.524  -22.465 0.0000000000
75840  -9.333  -99.026  -29.257 0.0000000000
72763  -9.385  -98.156  -30.357 0.0000000000
75542  -10.762  -99.391  -29.837 0.0000000000
72724  -6.920  -82.113  -15.721 0.0000000000
73632  -9.804  -81.331  -15.962 0.0000000000
76797  -8.213  -83.172  -17.181 0.0000000000
76210  -8.248  -83.801  -17.900 0.0000000000
76214  -5.510  -83.574  -18.294 0.0000000000
76372  0.347  -92.274  -17.963 0.0000000000
73483  -1.126  -91.361  -18.644 0.0000000000
66638  -0.378  -92.842  -18.137 0.0000000000
64146  -2.432  -93.190  -16.921 0.0000000000
64428  0.876  -94.551  -17.993 0.0000000000
1002  -4.727  -98.616  -13.927 0.0000000000
872  -4.374  -99.239  -15.906 0.0000000000
1149  -5.660  -96.852  -15.056 0.0000000000
70315  -7.435  -96.036  -16.964 0.0000000000
1287  -7.339  -96.595  -15.260 0.0000000000
6215  -17.145  -68.953  -11.497 0.0000000000
6509  -16.730  -68.021  -11.562 0.0000000000
6216  -18.288  -68.928  -11.488 0.0000000000
6224  -25.619  -67.072  -11.063 0.0000000000
69328  -22.154  -65.654  -9.450 0.0000000000
6868  -23.687  -64.943  -9.788 0.0000000000
7506  -22.633  -65.291  -9.284 0.0000000000
6867  -23.668  -65.235  -10.293 0.0000000000
63942  -20.991  -76.856  -17.762 0.0000000000
60204  -22.239  -76.178  -16.974 0.0000000000
74665  -22.846  -75.334  -16.916 0.0000000000
71778  -25.759  -65.169  -15.569 0.0000000000
7518  -24.843  -63.585  -15.598 0.0000000000
7866  -24.266  -63.348  -15.781 0.0000000000
74022  -16.428  -89.299  -31.053 0.0000000000
77151  -13.240  -89.172  -29.990 0.0000000000
75860  -13.979  -87.212  -32.061 0.0000000000
59711  -13.922  -88.258  -20.440 0.0000000000
2440  -14.751  -87.851  -20.288 0.0000000000
77519  -14.902  -88.432  -20.663 0.0000000000
73501  -17.243  -88.127  -23.270 0.0000000000
74163  -16.659  -87.452  -22.317 0.0000000000
59611  -17.463  -87.364  -23.051 0.0000000000
75940  -18.938  -86.593  -22.450 0.0000000000
73611  -18.176  -86.778  -23.173 0.0000000000
74679  -10.939  -102.706  -29.627 0.0000000000
73166  -12.181  -101.821  -30.269 0.0000000000
64776  -11.742  -103.659  -31.923 0.0000000000
76459  -13.834  -101.781  -36.450 0.0000000000
72675  -12.239  -100.044  -36.974 0.0000000000
75540  -14.038  -100.622  -37.823 0.0000000000
72977  -14.731  -98.773  -38.957 0.0000000000
12264  -15.255  -54.666  -14.090 0.0000000000
79957  -17.732  -55.379  -14.718 0.0000000000
12268  -16.079  -54.484  -15.450 0.0000000000
12269  -17.082  -54.960  -15.203 0.0000000000
12270  -18.032  -55.415  -15.335 0.0000000000
4686  -22.624  -74.094  -9.777 0.0000000000
5283  -22.376  -72.016  -8.728 0.0000000000
4979  -23.179  -73.649  -10.359 0.0000000000
4983  -23.804  -73.772  -11.871 0.0000000000
5291  -23.939  -72.592  -11.984 0.0000000000
5591  -24.630  -70.586  -11.849 0.0000000000
5294  -24.217  -72.356  -12.974 0.0000000000
63898  -22.605  -74.314  -18.358 0.0000000000
78282  -21.804  -73.367  -18.605 0.0000000000
67375  -23.353  -70.868  -18.665 0.0000000000
10911  -16.529  -58.762  -10.875 0.0000000000
10918  -16.355  -58.638  -12.009 0.0000000000
10002  -18.155  -59.776  -11.220 0.0000000000
63884  -17.148  -83.067  -10.351 0.0000000000
59950  -18.659  -82.142  -11.948 0.0000000000
59976  -17.834  -82.947  -11.896 0.0000000000
64306  -18.429  -83.537  -16.484 0.0000000000
3164  -19.158  -82.022  -15.984 0.0000000000
3019  -19.300  -82.228  -16.771 0.0000000000
3318  -19.933  -80.544  -17.781 0.0000000000
3167  -19.677  -81.545  -17.424 0.0000000000
59798  -16.776  -86.129  -19.665 0.0000000000
64833  -17.683  -85.129  -18.660 0.0000000000
81471  -18.178  -84.968  -19.318 0.0000000000
65834  -23.669  -82.257  -20.571 0.0000000000
64041  -21.842  -83.437  -18.676 0.0000000000
60078  -22.959  -81.128  -19.949 0.0000000000
73723  -21.553  -80.692  -19.404 0.0000000000
60133  -21.544  -79.518  -20.260 0.0000000000
72835  -20.835  -77.354  -19.729 0.0000000000
70571  -22.079  -79.008  -20.883 0.0000000000
67111  -20.925  -78.391  -22.044 0.0000000000
75806  -20.600  -77.590  -21.339 0.0000000000
74883  -19.927  -76.090  -21.236 0.0000000000
59701  -20.051  -75.261  -20.925 0.0000000000
73375  -19.219  -76.101  -21.890 0.0000000000
73261  -10.418  -94.822  -25.582 0.0000000000
72805  -12.775  -93.557  -25.380 0.0000000000
76389  -11.315  -94.541  -26.094 0.0000000000
72676  -13.573  -96.128  -28.477 0.0000000000
75611  -12.728  -93.931  -28.304 0.0000000000
76668  -13.918  -95.519  -30.568 0.0000000000
76052  -13.571  -91.939  -30.819 0.0000000000
76088  -14.222  -94.915  -33.377 0.0000000000
76703  -15.601  -99.013  -31.052 0.0000000000
63748  -15.627  -97.886  -30.065 0.0000000000
72626  -16.459  -97.575  -32.514 0.0000000000
75945  -17.080  -94.450  -35.297 0.0000000000
72956  -16.958  -94.290  -33.451 0.0000000000
72886  -15.894  -94.302  -33.887 0.0000000000
75944  -16.349  -91.798  -32.884 0.0000000000
59704  -16.130  -92.048  -35.447 0.0000000000
67270  -17.837  -89.741  -34.849 0.0000000000
5576  -17.742  -71.469  -10.407 0.0000000000
5577  -18.335  -71.894  -9.837 0.0000000000
5281  -20.922  -72.314  -8.162 0.0000000000
5275  -20.282  -72.874  -7.848 0.0000000000
4431  -19.949  -76.138  -9.889 0.0000000000
4432  -20.874  -76.141  -10.100 0.0000000000
4158  -20.155  -76.507  -10.717 0.0000000000
4170  -19.551  -76.607  -12.631 0.0000000000
4169  -18.586  -76.598  -13.041 0.0000000000
65378  -12.900  -80.473  -16.743 0.0000000000
3696  -14.139  -78.399  -17.168 0.0000000000
68116  -13.961  -80.182  -17.005 0.0000000000
69248  -15.696  -79.110  -16.808 0.0000000000
60128  -14.486  -80.628  -16.042 0.0000000000
73659  -14.802  -81.733  -13.302 0.0000000000
76135  -13.290  -82.441  -14.382 0.0000000000
64963  -11.167  -83.610  -18.311 0.0000000000
67094  -12.424  -83.981  -16.098 0.0000000000
59884  -12.224  -83.000  -18.975 0.0000000000
2640  -12.990  -85.632  -17.513 0.0000000000
59839  -11.432  -84.628  -18.904 0.0000000000
75949  -2.327  -85.895  -17.857 0.0000000000
75870  -3.313  -85.953  -15.381 0.0000000000
73075  -2.710  -87.066  -16.426 0.0000000000
75874  -5.029  -91.030  -13.756 0.0000000000
72842  -6.512  -89.318  -13.739 0.0000000000
73319  -8.627  -90.223  -14.944 0.0000000000
72906  -9.891  -88.341  -16.213 0.0000000000
72988  -9.246  -89.928  -17.160 0.0000000000
72700  -11.500  -89.324  -18.191 0.0000000000
72742  -8.677  -90.106  -17.270 0.0000000000
76845  -5.079  -92.009  -19.355 0.0000000000
75736  -6.249  -90.941  -20.098 0.0000000000
75994  -5.624  -90.819  -21.511 0.0000000000
75708  -7.197  -90.397  -22.587 0.0000000000
76827  -5.357  -91.370  -22.700 0.0000000000
709  0.399  -99.836  -15.399 0.0000000000
713  0.184  -99.890  -16.609 0.0000000000
59612  1.035  -97.953  -19.705 0.0000000000
723  -0.453  -99.998  -18.318 0.0000000000
65936  -4.419  -97.849  -18.709 0.0000000000
59583  -2.723  -98.083  -21.305 0.0000000000
75469  -4.557  -95.864  -21.354 0.0000000000
73039  -6.181  -94.814  -20.804 0.0000000000
76557  -7.067  -95.961  -21.143 0.0000000000
76447  -8.370  -95.322  -23.505 0.0000000000
73244  -6.888  -96.353  -22.159 0.0000000000
59528  -5.317  -98.715  -20.781 0.0000000000
73468  -5.260  -98.026  -23.210 0.0000000000
73646  -4.745  -98.532  -23.296 0.0000000000
76517  -5.480  -98.966  -25.894 0.0000000000
79391  -3.664  -100.521  -25.026 0.0000000000
76444  -2.631  -105.224  -20.655 0.0000000000
64175  -4.443  -104.111  -20.565 0.0000000000
73436  -4.220  -103.824  -22.520 0.0000000000
73957  -6.024  -103.236  -24.078 0.0000000000
75045  -7.718  -103.660  -23.399 0.0000000000
59544  -9.032  -103.347  -24.552 0.0000000000
74361  -7.001  -104.866  -24.617 0.0000000000
67872  -9.056  -107.164  -22.962 0.0000000000
81464  -8.631  -106.746  -25.108 0.0000000000
65758  -10.146  -107.285  -24.721 0.0000000000
80106  -11.114  -107.008  -26.715 0.0000000000
67478  -11.484  -106.931  -25.190 0.0000000000
84  -14.766  -104.830  -24.589 0.0000000000
7487  -16.313  -64.853  -11.276 0.0000000000
7839  -17.080  -63.875  -11.051 0.0000000000
8247  -17.140  -63.221  -9.899 0.0000000000
6211  -22.017  -68.210  -9.024 0.0000000000
6512  -19.951  -68.083  -10.960 0.0000000000
6506  -20.746  -68.046  -9.837 0.0000000000
7495  -19.597  -65.860  -10.123 0.0000000000
7494  -18.916  -65.678  -10.981 0.0000000000
68868  -18.973  -64.877  -10.260 0.0000000000
8256  -17.815  -63.554  -9.799 0.0000000000
72348  -18.395  -63.503  -9.437 0.0000000000
8701  -18.282  -62.302  -9.012 0.0000000000
7829  -18.403  -63.535  -9.498 0.0000000000
8712  -19.888  -61.579  -10.070 0.0000000000
9162  -19.232  -61.633  -9.483 0.0000000000
8711  -20.118  -61.645  -10.632 0.0000000000
9178  -21.021  -60.033  -11.478 0.0000000000
3699  -20.334  -78.441  -15.745 0.0000000000
4192  -20.566  -77.134  -15.540 0.0000000000
4193  -21.357  -76.750  -15.348 0.0000000000
4988  -23.540  -73.546  -15.085 0.0000000000
4701  -23.498  -74.198  -14.529 0.0000000000
5593  -24.497  -71.571  -13.470 0.0000000000
5595  -24.185  -71.627  -14.445 0.0000000000
75107  -24.149  -71.792  -17.279 0.0000000000
74526  -23.891  -72.467  -17.137 0.0000000000
5937  -25.123  -70.445  -16.716 0.0000000000
6525  -25.694  -66.677  -15.007 0.0000000000
6233  -24.934  -68.117  -14.745 0.0000000000
6232  -25.797  -66.996  -14.269 0.0000000000
6230  -25.341  -67.672  -13.930 0.0000000000
6519  -25.806  -65.982  -13.422 0.0000000000
7194  -25.086  -63.916  -11.338 0.0000000000
7195  -25.663  -64.153  -12.838 0.0000000000
9183  -21.881  -61.279  -13.573 0.0000000000
8726  -22.048  -61.781  -13.204 0.0000000000
9182  -21.178  -60.648  -12.886 0.0000000000
9585  -20.206  -60.106  -13.055 0.0000000000
10008  -18.641  -60.490  -13.975 0.0000000000
10455  -18.782  -59.067  -14.278 0.0000000000
10458  -19.164  -58.511  -15.228 0.0000000000
75771  -15.309  -90.656  -26.105 0.0000000000
72851  -15.874  -90.472  -25.344 0.0000000000
59601  -14.047  -90.151  -26.614 0.0000000000
75338  -13.756  -86.358  -27.121 0.0000000000
72679  -14.441  -86.708  -26.030 0.0000000000
80320  -16.733  -85.827  -26.292 0.0000000000
59651  -17.975  -85.547  -25.649 0.0000000000
73444  -18.688  -85.062  -25.708 0.0000000000
59729  -17.849  -82.303  -26.679 0.0000000000
76266  -17.315  -81.650  -25.746 0.0000000000
75776  -17.354  -82.423  -24.679 0.0000000000
72992  -17.175  -81.071  -24.770 0.0000000000
76265  -17.555  -80.585  -23.998 0.0000000000
78012  -17.841  -79.721  -23.997 0.0000000000
63894  -12.921  -90.292  -20.968 0.0000000000
73808  -14.570  -89.010  -20.765 0.0000000000
64327  -15.215  -89.667  -21.055 0.0000000000
75517  -16.225  -88.888  -21.652 0.0000000000
76502  -17.231  -88.748  -23.179 0.0000000000
73282  -10.415  -104.386  -31.419 0.0000000000
74590  -10.299  -104.024  -32.987 0.0000000000
59590  -12.531  -103.860  -32.655 0.0000000000
74557  -13.684  -103.223  -34.587 0.0000000000
78675  -15.506  -102.303  -35.487 0.0000000000
11805  -15.278  -55.637  -12.251 0.0000000000
11814  -15.941  -55.005  -13.127 0.0000000000
12267  -15.421  -54.602  -14.936 0.0000000000
12265  -16.336  -54.816  -14.322 0.0000000000
4436  -22.066  -76.185  -11.526 0.0000000000
4690  -23.094  -74.557  -10.567 0.0000000000
78081  -22.501  -76.185  -12.299 0.0000000000
4440  -23.164  -75.918  -12.766 0.0000000000
4442  -23.218  -76.092  -13.720 0.0000000000
74173  -21.052  -73.464  -19.334 0.0000000000
80280  -21.685  -72.667  -18.766 0.0000000000
74257  -21.429  -72.452  -19.257 0.0000000000
10439  -16.970  -59.276  -10.262 0.0000000000
9992  -17.432  -59.556  -10.147 0.0000000000
2520  -14.737  -86.430  -13.455 0.0000000000
65768  -17.363  -84.331  -13.990 0.0000000000
77541  -16.146  -85.959  -15.066 0.0000000000
59889  -17.464  -84.853  -16.128 0.0000000000
65594  -17.918  -84.302  -16.813 0.0000000000
76242  -20.232  -86.591  -20.205 0.0000000000
63870  -20.225  -86.129  -19.908 0.0000000000
73246  -21.562  -83.846  -20.427 0.0000000000
74949  -23.256  -83.382  -21.254 0.0000000000
66784  -23.284  -81.027  -21.444 0.0000000000
75183  -21.806  -79.816  -21.135 0.0000000000
65264  -21.599  -80.397  -21.916 0.0000000000
79093  -21.517  -79.656  -22.244 0.0000000000
76418  -21.095  -79.054  -22.917 0.0000000000
77428  -9.438  -96.677  -28.424 0.0000000000
59739  -10.264  -96.079  -27.787 0.0000000000
76695  -9.662  -96.439  -29.558 0.0000000000
72671  -11.442  -95.949  -31.783 0.0000000000
76713  -14.048  -96.237  -29.655 0.0000000000
63890  -15.717  -97.213  -36.069 0.0000000000
76667  -16.568  -96.807  -34.122 0.0000000000
74411  -16.659  -95.187  -35.382 0.0000000000
66939  -18.903  -94.178  -35.820 0.0000000000
59686  -18.380  -94.108  -35.990 0.0000000000
4968  -20.487  -73.788  -8.022 0.0000000000
4157  -19.362  -76.225  -10.540 0.0000000000
79615  -13.206  -78.989  -14.246 0.0000000000
72722  -11.147  -80.509  -15.292 0.0000000000
64312  -11.316  -80.949  -16.614 0.0000000000
74160  -12.392  -81.505  -17.688 0.0000000000
64695  -12.727  -82.204  -16.628 0.0000000000
67661  -11.224  -81.997  -18.017 0.0000000000
75792  -9.562  -83.930  -17.693 0.0000000000
75872  -8.169  -85.399  -17.601 0.0000000000
76066  -2.643  -88.377  -17.230 0.0000000000
64361  -2.057  -90.677  -17.863 0.0000000000
64303  -2.622  -91.694  -15.256 0.0000000000
77008  -4.650  -92.460  -13.878 0.0000000000
76097  -6.043  -91.791  -16.950 0.0000000000
75042  -3.606  -93.314  -15.573 0.0000000000
72743  -3.591  -93.320  -16.965 0.0000000000
74001  -2.514  -94.203  -19.377 0.0000000000
556  -3.089  -101.634  -15.925 0.0000000000
720  -2.261  -100.765  -17.631 0.0000000000
877  -3.812  -99.910  -16.569 0.0000000000
80464  -4.719  -98.115  -17.396 0.0000000000
1164  -5.857  -95.831  -18.107 0.0000000000
59571  -6.801  -95.272  -19.056 0.0000000000
59565  -7.033  -95.209  -18.164 0.0000000000
80432  -7.141  -96.985  -18.245 0.0000000000
75988  -6.137  -99.497  -18.909 0.0000000000
74544  -3.821  -106.342  -19.433 0.0000000000
74543  -4.271  -106.822  -21.932 0.0000000000
66539  -5.995  -106.538  -23.640 0.0000000000
68679  -7.092  -106.331  -21.352 0.0000000000
35  -10.613  -107.240  -20.837 0.0000000000
6860  -16.671  -66.937  -11.617 0.0000000000
7169  -16.537  -65.901  -11.526 0.0000000000
7177  -17.354  -66.031  -12.052 0.0000000000
6218  -23.739  -67.280  -8.888 0.0000000000
6853  -20.725  -67.231  -10.072 0.0000000000
6864  -21.825  -66.106  -9.034 0.0000000000
7842  -19.878  -64.766  -9.429 0.0000000000
77236  -19.757  -63.319  -8.743 0.0000000000
7843  -21.006  -65.173  -9.081 0.0000000000
7853  -21.761  -63.450  -8.828 0.0000000000
7858  -23.270  -61.992  -10.761 0.0000000000
3929  -20.438  -77.681  -16.708 0.0000000000
73850  -21.831  -76.456  -16.199 0.0000000000
79213  -22.742  -75.033  -15.981 0.0000000000
76852  -23.358  -73.651  -16.031 0.0000000000
6526  -25.200  -68.075  -17.007 0.0000000000
6238  -24.686  -69.289  -16.880 0.0000000000
6237  -25.026  -67.348  -15.909 0.0000000000
6878  -25.800  -65.662  -14.795 0.0000000000
79543  -23.568  -63.710  -13.162 0.0000000000
7862  -23.669  -63.885  -14.420 0.0000000000
9588  -19.670  -60.920  -14.582 0.0000000000
9185  -22.142  -61.555  -14.913 0.0000000000
9593  -20.861  -60.713  -15.110 0.0000000000
76260  -15.796  -89.939  -27.731 0.0000000000
73111  -14.877  -89.993  -27.354 0.0000000000
76243  -13.547  -88.634  -27.828 0.0000000000
64443  -12.978  -86.640  -28.346 0.0000000000
73710  -15.208  -85.716  -27.873 0.0000000000
2437  -13.923  -87.496  -19.799 0.0000000000
2433  -14.748  -87.494  -18.290 0.0000000000
2438  -14.647  -87.648  -19.228 0.0000000000
2559  -15.985  -86.870  -19.790 0.0000000000
73529  -16.626  -86.433  -20.739 0.0000000000
64524  -15.837  -87.684  -21.642 0.0000000000
75188  -16.385  -86.914  -21.567 0.0000000000
75381  -17.376  -86.015  -21.240 0.0000000000
73097  -19.967  -86.754  -21.956 0.0000000000
73622  -21.426  -85.174  -23.494 0.0000000000
64213  -10.162  -101.037  -28.039 0.0000000000
76644  -12.177  -99.323  -28.849 0.0000000000
76458  -12.899  -100.082  -28.955 0.0000000000
63743  -13.154  -100.600  -30.638 0.0000000000
75598  -14.870  -99.548  -32.466 0.0000000000
74461  -10.749  -101.204  -34.071 0.0000000000
76702  -13.251  -99.454  -34.632 0.0000000000
64012  -14.398  -98.863  -35.401 0.0000000000
76087  -14.744  -97.270  -38.477 0.0000000000
74221  -16.145  -95.286  -39.020 0.0000000000
75685  -3.613  -83.685  -17.484 0.0000000000
5908  -20.172  -70.831  -9.408 0.0000000000
68769  -19.849  -69.963  -10.727 0.0000000000
5903  -21.140  -70.526  -8.918 0.0000000000
79277  -22.661  -70.373  -8.397 0.0000000000
5910  -23.686  -69.993  -9.085 0.0000000000
4982  -23.453  -73.989  -11.076 0.0000000000
5585  -23.836  -71.355  -10.449 0.0000000000
6220  -24.436  -69.839  -10.327 0.0000000000
5922  -24.693  -69.704  -11.110 0.0000000000
5921  -24.855  -68.572  -11.239 0.0000000000
5925  -25.176  -68.384  -12.403 0.0000000000
63820  -22.142  -76.143  -18.611 0.0000000000
77209  -22.966  -75.131  -17.895 0.0000000000
74246  -22.870  -73.616  -17.867 0.0000000000
65186  -24.119  -71.305  -18.167 0.0000000000
73918  -22.967  -71.635  -18.497 0.0000000000
5940  -24.020  -70.419  -18.285 0.0000000000
79767  -24.560  -70.793  -18.043 0.0000000000
6529  -24.823  -68.536  -17.637 0.0000000000
73909  -18.150  -87.833  -32.656 0.0000000000
63836  -15.615  -87.032  -33.350 0.0000000000
76147  -16.548  -104.422  -29.065 0.0000000000
65452  -16.567  -103.573  -30.524 0.0000000000
10922  -16.583  -57.209  -12.222 0.0000000000
3480  -18.579  -79.615  -12.677 0.0000000000
3693  -19.109  -78.140  -14.380 0.0000000000
3486  -19.181  -79.613  -13.054 0.0000000000
3312  -19.606  -80.161  -13.736 0.0000000000
72418  -19.883  -79.893  -14.864 0.0000000000
64169  -18.316  -82.953  -14.444 0.0000000000
3161  -19.383  -81.430  -15.381 0.0000000000
70285  -20.000  -79.825  -15.946 0.0000000000
78236  -20.269  -79.655  -16.976 0.0000000000
66332  -20.718  -79.112  -17.690 0.0000000000
73849  -20.631  -77.494  -18.260 0.0000000000
66305  -16.381  -86.117  -17.905 0.0000000000
79238  -17.930  -84.578  -17.848 0.0000000000
66246  -18.697  -83.973  -18.301 0.0000000000
64269  -20.841  -83.912  -18.404 0.0000000000
72940  -19.501  -83.703  -18.439 0.0000000000
73247  -19.915  -82.088  -18.291 0.0000000000
67871  -20.591  -80.581  -18.713 0.0000000000
60057  -20.483  -79.725  -18.965 0.0000000000
63902  -21.126  -76.780  -18.411 0.0000000000
74666  -21.492  -76.561  -19.243 0.0000000000
63801  -22.164  -75.921  -19.323 0.0000000000
76137  -21.678  -76.015  -20.007 0.0000000000
59700  -21.506  -78.372  -20.982 0.0000000000
73505  -20.927  -75.249  -20.205 0.0000000000
64571  -20.982  -74.327  -19.805 0.0000000000
76388  -11.606  -93.469  -23.537 0.0000000000
63781  -12.398  -93.241  -23.227 0.0000000000
75744  -12.512  -92.736  -24.460 0.0000000000
73302  -13.689  -93.083  -25.844 0.0000000000
76647  -13.877  -91.917  -26.814 0.0000000000
76719  -11.769  -94.401  -28.540 0.0000000000
76821  -13.590  -92.992  -28.120 0.0000000000
76188  -13.367  -90.704  -27.683 0.0000000000
73010  -12.833  -90.206  -29.537 0.0000000000
72766  -15.938  -90.128  -30.539 0.0000000000
76192  -17.412  -89.625  -30.906 0.0000000000
75747  -13.530  -98.176  -28.367 0.0000000000
76712  -15.277  -97.289  -29.405 0.0000000000
75536  -15.850  -96.707  -31.338 0.0000000000
72978  -16.892  -96.061  -33.419 0.0000000000
59650  -16.722  -95.689  -33.225 0.0000000000
72852  -15.891  -95.374  -33.028 0.0000000000
74223  -16.885  -92.655  -32.870 0.0000000000
63845  -17.033  -91.261  -32.241 0.0000000000
72960  -17.953  -89.422  -31.596 0.0000000000
66712  -17.613  -102.831  -32.188 0.0000000000
6208  -17.701  -69.890  -11.310 0.0000000000
5914  -17.087  -70.787  -10.887 0.0000000000
5916  -19.449  -70.708  -10.304 0.0000000000
5579  -20.666  -71.472  -8.771 0.0000000000
5282  -21.925  -72.866  -8.318 0.0000000000
4685  -21.932  -74.492  -9.259 0.0000000000
4684  -21.044  -74.668  -8.822 0.0000000000
4428  -21.480  -75.355  -9.627 0.0000000000
4433  -21.809  -75.824  -10.517 0.0000000000
4166  -21.225  -76.591  -11.827 0.0000000000
4178  -19.207  -76.717  -13.707 0.0000000000
3916  -18.605  -77.301  -14.621 0.0000000000
4156  -18.568  -76.212  -10.664 0.0000000000
4168  -17.786  -76.633  -12.383 0.0000000000
3913  -14.524  -78.103  -15.084 0.0000000000
3914  -15.414  -77.765  -15.037 0.0000000000
3909  -17.539  -77.244  -13.992 0.0000000000
79258  -17.525  -77.508  -15.057 0.0000000000
67831  -16.899  -78.257  -15.928 0.0000000000
75939  -16.899  -79.657  -14.200 0.0000000000
76287  -16.203  -81.065  -12.006 0.0000000000
73211  -15.922  -82.510  -10.518 0.0000000000
60010  -13.658  -84.901  -10.372 0.0000000000
76531  -12.683  -83.133  -14.127 0.0000000000
64924  -12.358  -84.145  -13.300 0.0000000000
60029  -12.763  -86.850  -12.691 0.0000000000
67086  -13.061  -87.370  -14.085 0.0000000000
60075  -13.342  -86.801  -16.446 0.0000000000
2542  -13.461  -86.844  -17.701 0.0000000000
76212  -4.072  -84.807  -18.009 0.0000000000
75683  -5.772  -85.787  -16.610 0.0000000000
79321  -6.420  -86.533  -15.580 0.0000000000
75876  -4.240  -87.833  -13.776 0.0000000000
75802  -6.687  -87.865  -14.576 0.0000000000
76098  -9.173  -87.304  -15.996 0.0000000000
75788  -10.339  -87.231  -16.576 0.0000000000
2554  -12.138  -85.964  -19.554 0.0000000000
2555  -12.742  -86.413  -19.967 0.0000000000
76062  -12.778  -87.531  -20.115 0.0000000000
74327  -12.527  -88.892  -20.039 0.0000000000
59766  -12.084  -89.942  -19.688 0.0000000000
76844  -7.579  -90.513  -18.711 0.0000000000
76116  -9.293  -90.420  -19.983 0.0000000000
72761  -10.611  -90.173  -20.710 0.0000000000
76113  -9.936  -89.863  -22.030 0.0000000000
73262  -9.465  -90.267  -22.786 0.0000000000
72944  -9.325  -91.934  -22.613 0.0000000000
1296  0.984  -96.132  -17.013 0.0000000000
59630  0.246  -97.193  -18.520 0.0000000000
59638  -1.104  -96.243  -19.108 0.0000000000
77944  -1.409  -95.605  -21.843 0.0000000000
75435  -1.721  -99.141  -19.895 0.0000000000
65353  -1.128  -97.976  -22.592 0.0000000000
75996  -3.360  -93.707  -23.051 0.0000000000
75997  -5.218  -93.398  -22.849 0.0000000000
76848  -8.417  -94.535  -22.298 0.0000000000
73263  -9.990  -94.093  -22.204 0.0000000000
76449  -9.377  -94.639  -23.093 0.0000000000
64117  -8.971  -95.144  -24.314 0.0000000000
64296  -7.881  -96.354  -25.493 0.0000000000
76239  -6.446  -97.170  -21.106 0.0000000000
64553  -6.553  -97.521  -24.906 0.0000000000
75751  -7.947  -96.966  -26.249 0.0000000000
59578  -6.803  -98.152  -27.401 0.0000000000
63853  -7.406  -99.105  -27.750 0.0000000000
73677  -8.275  -100.148  -27.832 0.0000000000
878  -7.132  -99.518  -16.592 0.0000000000
64575  -6.326  -100.387  -18.198 0.0000000000
73434  -5.256  -100.813  -20.167 0.0000000000
73842  -6.096  -103.375  -19.452 0.0000000000
63859  -4.979  -101.863  -20.524 0.0000000000
73435  -3.058  -101.934  -22.551 0.0000000000
64929  -3.676  -102.003  -25.978 0.0000000000
66832  -6.989  -101.744  -26.053 0.0000000000
76518  -9.133  -100.891  -27.610 0.0000000000
64573  -9.500  -102.270  -26.596 0.0000000000
74250  -9.869  -103.244  -26.797 0.0000000000
75214  -8.046  -103.853  -29.145 0.0000000000
75099  -7.557  -105.840  -24.827 0.0000000000
59550  -8.198  -105.037  -27.057 0.0000000000
73974  -8.379  -104.553  -29.204 0.0000000000
74813  -10.610  -105.542  -29.509 0.0000000000
74407  -12.210  -105.122  -28.574 0.0000000000
59559  -13.981  -104.017  -27.097 0.0000000000
63  -11.555  -106.579  -21.541 0.0000000000
71  -12.111  -105.611  -23.482 0.0000000000
82  -12.142  -105.658  -24.854 0.0000000000
137  -14.305  -104.124  -25.831 0.0000000000
146  -15.805  -105.257  -27.845 0.0000000000
66682  -17.255  -105.105  -27.578 0.0000000000
6217  -19.197  -68.796  -11.261 0.0000000000
6511  -18.952  -68.082  -11.598 0.0000000000
7188  -18.224  -66.257  -11.966 0.0000000000
6862  -19.841  -67.193  -10.977 0.0000000000
7493  -18.101  -65.290  -11.696 0.0000000000
8700  -17.501  -62.788  -9.250 0.0000000000
9564  -16.674  -61.328  -11.229 0.0000000000
71436  -17.922  -60.225  -10.428 0.0000000000
9999  -18.136  -59.532  -10.167 0.0000000000
69038  -18.472  -62.972  -9.651 0.0000000000
9575  -18.923  -60.080  -10.693 0.0000000000
10448  -17.573  -59.984  -12.379 0.0000000000
4186  -20.503  -76.995  -14.762 0.0000000000
4181  -22.354  -76.522  -13.957 0.0000000000
4697  -23.770  -75.340  -13.309 0.0000000000
4194  -22.350  -76.246  -15.387 0.0000000000
4700  -23.280  -75.104  -14.407 0.0000000000
4698  -23.810  -74.373  -13.699 0.0000000000
5929  -25.018  -69.566  -13.296 0.0000000000
73007  -23.507  -73.788  -17.024 0.0000000000
74131  -23.691  -72.997  -16.650 0.0000000000
5598  -23.750  -71.609  -15.476 0.0000000000
6239  -25.051  -69.814  -15.934 0.0000000000
5599  -24.551  -70.684  -15.768 0.0000000000
70275  -24.422  -70.908  -14.960 0.0000000000
5933  -24.925  -69.549  -14.276 0.0000000000
5928  -25.104  -68.357  -13.500 0.0000000000
78598  -25.746  -65.971  -12.112 0.0000000000
6872  -25.473  -64.941  -11.162 0.0000000000
7511  -24.544  -64.110  -10.500 0.0000000000
7861  -23.043  -63.053  -12.965 0.0000000000
8274  -22.382  -62.079  -12.416 0.0000000000
8719  -21.531  -61.238  -11.612 0.0000000000
10007  -19.051  -59.985  -12.733 0.0000000000
10927  -18.014  -58.283  -13.822 0.0000000000
11378  -18.192  -56.544  -15.377 0.0000000000
73576  -15.467  -92.818  -23.420 0.0000000000
74164  -16.563  -89.087  -24.369 0.0000000000
73150  -15.365  -87.973  -25.187 0.0000000000
76258  -13.368  -89.150  -26.280 0.0000000000
76241  -14.684  -87.511  -25.566 0.0000000000
72938  -16.939  -86.636  -24.855 0.0000000000
73623  -18.141  -85.951  -24.815 0.0000000000
64394  -20.055  -85.156  -24.149 0.0000000000
64136  -19.490  -84.052  -23.649 0.0000000000
72961  -15.750  -85.213  -29.985 0.0000000000
75863  -16.409  -85.293  -28.618 0.0000000000
74599  -18.105  -84.828  -27.085 0.0000000000
79600  -19.163  -83.605  -27.651 0.0000000000
77070  -18.449  -83.421  -27.163 0.0000000000
76108  -18.444  -84.733  -26.274 0.0000000000
76070  -18.378  -84.445  -25.525 0.0000000000
63883  -18.140  -83.798  -24.400 0.0000000000
73500  -18.736  -82.060  -23.173 0.0000000000
63895  -18.345  -81.084  -23.304 0.0000000000
76264  -18.857  -79.736  -23.483 0.0000000000
59702  -19.951  -78.367  -23.021 0.0000000000
64102  -18.982  -77.563  -23.073 0.0000000000
75234  -18.973  -76.695  -22.428 0.0000000000
73873  -11.143  -91.552  -22.509 0.0000000000
76752  -11.522  -91.464  -22.462 0.0000000000
73320  -12.072  -92.083  -22.556 0.0000000000
66990  -14.830  -104.510  -29.237 0.0000000000
74875  -15.130  -104.243  -30.207 0.0000000000
3917  -19.378  -77.319  -14.667 0.0000000000
9553  -16.433  -60.569  -10.971 0.0000000000
2427  -14.244  -87.591  -17.586 0.0000000000
2419  -14.951  -87.264  -17.419 0.0000000000
73445  -21.206  -84.016  -22.976 0.0000000000
81242  -10.367  -99.613  -29.060 0.0000000000
73634  -5.225  -82.689  -16.651 0.0000000000
75674  -6.879  -82.716  -16.873 0.0000000000
76794  -7.915  -82.501  -16.301 0.0000000000
75686  -6.524  -83.352  -18.119 0.0000000000
77508  0.845  -92.894  -18.070 0.0000000000
73996  1.293  -93.660  -18.050 0.0000000000
64040  0.142  -93.710  -18.230 0.0000000000
1003  -5.471  -97.994  -13.792 0.0000000000
1010  -5.283  -97.782  -14.543 0.0000000000
1143  -6.058  -97.184  -14.209 0.0000000000
1286  -6.544  -96.428  -15.004 0.0000000000
1144  -7.026  -96.964  -14.410 0.0000000000
6209  -18.990  -69.743  -11.225 0.0000000000
71503  -25.392  -65.151  -10.947 0.0000000000
7200  -25.741  -63.912  -16.156 0.0000000000
76512  -13.551  -89.286  -31.687 0.0000000000
63881  -15.265  -88.748  -32.852 0.0000000000
73575  -12.826  -89.375  -20.441 0.0000000000
75941  -17.377  -87.068  -24.090 0.0000000000
75213  -9.961  -103.031  -29.793 0.0000000000
74588  -11.741  -102.274  -29.878 0.0000000000
74792  -10.213  -103.487  -31.215 0.0000000000
75544  -14.932  -101.763  -36.407 0.0000000000
73586  -14.646  -101.401  -37.198 0.0000000000
73626  -15.555  -101.121  -37.460 0.0000000000
76082  -15.358  -100.024  -38.786 0.0000000000
4976  -22.745  -73.064  -9.425 0.0000000000
70426  -24.023  -73.409  -13.028 0.0000000000
73209  -16.137  -84.042  -10.321 0.0000000000
59975  -17.026  -83.951  -12.092 0.0000000000
3023  -19.396  -82.483  -17.713 0.0000000000
74944  -17.466  -85.794  -20.320 0.0000000000
74685  -17.521  -85.501  -19.438 0.0000000000
64969  -19.821  -76.832  -21.627 0.0000000000
73198  -9.420  -95.409  -26.035 0.0000000000
75734  -13.840  -95.818  -29.653 0.0000000000
75550  -13.428  -95.626  -29.762 0.0000000000
76622  -13.800  -95.675  -30.656 0.0000000000
76779  -13.423  -95.663  -32.051 0.0000000000
72774  -14.963  -95.772  -32.092 0.0000000000
75608  -16.217  -98.859  -32.322 0.0000000000
76721  -15.851  -98.310  -31.293 0.0000000000
79742  -16.816  -94.047  -36.100 0.0000000000
72767  -16.569  -94.679  -34.384 0.0000000000
66981  -15.800  -94.015  -35.391 0.0000000000
72887  -16.881  -92.592  -34.220 0.0000000000
59734  -16.239  -90.456  -35.210 0.0000000000
5280  -19.885  -72.235  -8.816 0.0000000000
4974  -19.405  -72.847  -8.583 0.0000000000
70424  -18.647  -76.458  -12.204 0.0000000000
66804  -13.336  -80.497  -16.773 0.0000000000
65214  -13.618  -79.803  -17.027 0.0000000000
63967  -14.122  -81.637  -14.899 0.0000000000
79734  -13.275  -81.865  -15.435 0.0000000000
60099  -12.456  -83.058  -18.354 0.0000000000
74686  -11.444  -84.021  -18.691 0.0000000000
67789  -11.808  -83.516  -19.085 0.0000000000
59655  -10.991  -85.601  -17.732 0.0000000000
76063  -0.921  -86.645  -19.083 0.0000000000
72965  -2.308  -87.333  -18.375 0.0000000000
77796  -6.288  -91.048  -14.381 0.0000000000
77292  -6.085  -90.328  -13.767 0.0000000000
72789  -7.323  -90.467  -14.337 0.0000000000
75789  -8.818  -89.539  -16.145 0.0000000000
63893  -8.045  -90.243  -16.761 0.0000000000
75993  -4.197  -92.389  -20.507 0.0000000000
76826  -5.654  -91.328  -19.999 0.0000000000
72998  -4.869  -91.583  -21.590 0.0000000000
76117  -3.968  -92.191  -22.760 0.0000000000
74885  -1.439  -102.864  -15.908 0.0000000000
60732  -1.510  -101.259  -15.523 0.0000000000
710  -0.552  -100.440  -15.577 0.0000000000
714  -0.725  -100.365  -16.522 0.0000000000
881  0.056  -99.638  -17.997 0.0000000000
718  -0.506  -100.195  -17.416 0.0000000000
59575  -4.445  -97.004  -19.762 0.0000000000
59576  -5.145  -95.863  -20.024 0.0000000000
66720  -5.807  -95.157  -20.353 0.0000000000
59577  -7.166  -94.809  -19.979 0.0000000000
66258  -7.070  -95.997  -21.079 0.0000000000
67067  -7.105  -94.748  -19.621 0.0000000000
67968  -4.761  -99.189  -21.763 0.0000000000
65096  -4.823  -98.592  -22.473 0.0000000000
74017  -4.151  -99.552  -23.353 0.0000000000
64240  -4.512  -99.462  -24.685 0.0000000000
73510  -2.491  -104.542  -22.135 0.0000000000
76488  -5.562  -104.197  -23.457 0.0000000000
73453  -6.448  -103.659  -23.424 0.0000000000
65104  -6.185  -104.411  -24.595 0.0000000000
66724  -9.845  -107.294  -23.360 0.0000000000
68455  -9.680  -107.312  -24.144 0.0000000000
59529  -10.323  -107.304  -23.999 0.0000000000
59532  -10.759  -107.131  -25.378 0.0000000000
81  -11.125  -107.117  -24.392 0.0000000000
80  -16.377  -105.696  -23.418 0.0000000000
7828  -16.287  -63.996  -10.333 0.0000000000
8257  -18.415  -63.732  -9.708 0.0000000000
3924  -20.306  -77.498  -15.913 0.0000000000
70496  -20.839  -77.065  -16.337 0.0000000000
6522  -25.799  -66.132  -14.244 0.0000000000
77663  -14.557  -90.157  -26.397 0.0000000000
76186  -14.685  -89.892  -25.971 0.0000000000
73448  -15.931  -85.794  -26.921 0.0000000000
75339  -17.828  -85.319  -26.457 0.0000000000
59733  -17.357  -80.357  -26.013 0.0000000000
63724  -11.705  -90.333  -21.337 0.0000000000
76642  -15.943  -90.407  -21.674 0.0000000000
65553  -11.149  -104.625  -30.479 0.0000000000
64902  -11.390  -104.445  -31.165 0.0000000000
69004  -11.663  -104.216  -31.873 0.0000000000
67794  -15.060  -103.251  -32.954 0.0000000000
64752  -13.184  -103.569  -33.739 0.0000000000
74004  -14.867  -102.515  -35.211 0.0000000000
65637  -16.364  -102.439  -34.289 0.0000000000
4172  -21.771  -76.507  -12.414 0.0000000000
4173  -22.468  -76.388  -13.057 0.0000000000
81130  -21.176  -72.929  -19.007 0.0000000000
9988  -16.911  -59.475  -10.010 0.0000000000
2526  -14.708  -86.773  -14.477 0.0000000000
66319  -15.559  -86.169  -14.251 0.0000000000
59915  -15.471  -86.554  -15.302 0.0000000000
64874  -16.236  -86.112  -16.915 0.0000000000
74743  -16.869  -85.525  -16.462 0.0000000000
59862  -17.399  -85.069  -17.077 0.0000000000
76536  -21.556  -86.218  -21.038 0.0000000000
81250  -23.014  -82.137  -21.638 0.0000000000
60103  -21.310  -81.364  -22.000 0.0000000000
75748  -8.713  -97.209  -28.344 0.0000000000
75752  -9.008  -97.198  -29.693 0.0000000000
76701  -10.485  -96.987  -32.041 0.0000000000
76696  -12.759  -96.723  -30.944 0.0000000000
76717  -13.752  -96.465  -30.245 0.0000000000
76086  -16.273  -96.094  -35.489 0.0000000000
76467  -16.504  -94.949  -37.147 0.0000000000
59676  -18.779  -94.355  -35.951 0.0000000000
76399  -10.334  -80.734  -15.326 0.0000000000
76796  -9.382  -82.092  -16.402 0.0000000000
73106  -10.609  -81.330  -16.501 0.0000000000
73779  -10.980  -81.507  -17.276 0.0000000000
68666  -11.993  -81.056  -17.347 0.0000000000
59666  -11.677  -81.406  -17.687 0.0000000000
75719  -7.812  -84.480  -18.150 0.0000000000
72844  -8.693  -84.531  -17.880 0.0000000000
76095  -9.493  -84.811  -17.662 0.0000000000
76065  -0.912  -90.026  -19.105 0.0000000000
76501  -2.037  -92.177  -16.719 0.0000000000
64885  -3.619  -91.588  -14.003 0.0000000000
73788  -3.384  -93.132  -14.025 0.0000000000
59654  -4.876  -92.872  -15.427 0.0000000000
63991  -2.225  -93.664  -17.977 0.0000000000
75710  -2.989  -93.479  -17.465 0.0000000000
76842  -2.972  -93.770  -18.820 0.0000000000
864  -3.749  -100.059  -14.048 0.0000000000
706  -3.375  -100.905  -14.603 0.0000000000
65322  -3.362  -103.171  -15.368 0.0000000000
711  -3.516  -100.948  -15.489 0.0000000000
715  -3.512  -100.940  -16.350 0.0000000000
871  -3.848  -100.079  -15.719 0.0000000000
71886  -4.881  -98.205  -16.008 0.0000000000
1020  -4.456  -98.831  -16.894 0.0000000000
1156  -5.228  -97.468  -16.919 0.0000000000
1025  -5.079  -97.251  -17.880 0.0000000000
1161  -6.023  -95.913  -17.488 0.0000000000
1300  -6.892  -95.440  -17.347 0.0000000000
1157  -7.548  -96.946  -16.588 0.0000000000
1162  -7.375  -96.672  -17.566 0.0000000000
1026  -6.677  -98.169  -18.216 0.0000000000
73939  -6.158  -98.569  -19.184 0.0000000000
64754  -4.640  -106.789  -20.621 0.0000000000
65582  -5.785  -106.785  -21.242 0.0000000000
7176  -15.937  -66.757  -10.931 0.0000000000
6866  -17.527  -67.053  -11.937 0.0000000000
6513  -24.278  -65.922  -9.280 0.0000000000
7496  -20.707  -65.868  -9.400 0.0000000000
7505  -23.583  -63.687  -9.240 0.0000000000
76221  -21.360  -76.709  -17.077 0.0000000000
6881  -25.338  -66.253  -15.796 0.0000000000
7515  -24.685  -63.895  -14.327 0.0000000000
7865  -23.305  -63.103  -15.646 0.0000000000
66505  -13.862  -89.457  -28.487 0.0000000000
76259  -15.087  -89.596  -28.274 0.0000000000
59662  -14.640  -89.178  -29.151 0.0000000000
73547  -12.855  -87.399  -30.158 0.0000000000
74023  -12.899  -88.624  -28.757 0.0000000000
69522  -15.313  -87.513  -19.766 0.0000000000
74613  -16.832  -86.645  -22.156 0.0000000000
64790  -16.827  -86.234  -21.679 0.0000000000
72939  -18.719  -86.571  -21.343 0.0000000000
63747  -19.102  -86.354  -23.229 0.0000000000
76244  -20.090  -86.311  -22.885 0.0000000000
76524  -20.773  -85.744  -23.415 0.0000000000
73587  -11.258  -101.596  -28.290 0.0000000000
73393  -11.787  -100.871  -28.682 0.0000000000
73175  -12.773  -100.825  -29.799 0.0000000000
75541  -13.668  -100.350  -31.251 0.0000000000
76700  -14.583  -99.694  -31.367 0.0000000000
75750  -13.703  -99.876  -32.797 0.0000000000
74589  -11.485  -102.791  -33.897 0.0000000000
63996  -10.637  -101.931  -33.348 0.0000000000
63812  -10.639  -101.207  -35.745 0.0000000000
64212  -13.673  -100.443  -36.664 0.0000000000
72681  -13.657  -99.232  -35.202 0.0000000000
76665  -15.389  -98.196  -35.574 0.0000000000
76084  -13.757  -98.105  -37.811 0.0000000000
73025  -15.714  -98.040  -39.806 0.0000000000
76156  -15.205  -96.251  -39.069 0.0000000000
74410  -17.161  -95.196  -39.207 0.0000000000
5570  -21.889  -71.001  -8.295 0.0000000000
5571  -22.918  -71.069  -8.882 0.0000000000
6198  -23.046  -69.828  -8.537 0.0000000000
5581  -23.515  -71.121  -9.674 0.0000000000
5288  -23.659  -72.293  -10.858 0.0000000000
5918  -24.026  -70.437  -9.884 0.0000000000
5588  -24.401  -70.578  -10.849 0.0000000000
5926  -24.892  -69.591  -12.179 0.0000000000
75382  -23.489  -72.120  -17.758 0.0000000000
64645  -17.369  -104.590  -28.474 0.0000000000
76150  -17.395  -104.117  -29.159 0.0000000000
73016  -17.832  -103.653  -29.649 0.0000000000
11369  -15.962  -56.571  -11.645 0.0000000000
73212  -18.398  -80.256  -11.324 0.0000000000
66667  -19.325  -81.185  -12.470 0.0000000000
80366  -19.507  -80.778  -13.234 0.0000000000
72596  -19.676  -80.722  -14.784 0.0000000000
67099  -17.851  -83.758  -14.806 0.0000000000
3165  -19.503  -81.440  -16.340 0.0000000000
3314  -19.740  -80.693  -15.689 0.0000000000
3494  -20.711  -78.638  -16.627 0.0000000000
60102  -20.622  -78.635  -18.531 0.0000000000
2550  -15.534  -86.885  -18.154 0.0000000000
73442  -21.017  -84.853  -19.384 0.0000000000
76552  -19.966  -82.967  -18.597 0.0000000000
67542  -20.315  -81.360  -18.418 0.0000000000
60011  -21.806  -81.322  -18.950 0.0000000000
66461  -21.171  -79.043  -19.502 0.0000000000
64016  -20.830  -77.201  -18.985 0.0000000000
75855  -20.915  -78.087  -20.160 0.0000000000
72795  -20.531  -76.810  -20.904 0.0000000000
73565  -20.307  -74.397  -20.657 0.0000000000
77206  -10.763  -94.254  -23.804 0.0000000000
72760  -12.349  -93.427  -24.039 0.0000000000
76840  -12.182  -94.023  -26.009 0.0000000000
64069  -13.413  -93.031  -26.394 0.0000000000
75551  -14.118  -92.354  -26.328 0.0000000000
76765  -13.552  -93.023  -26.967 0.0000000000
76698  -10.596  -95.765  -28.799 0.0000000000
76705  -11.118  -95.002  -28.399 0.0000000000
75636  -11.424  -94.793  -29.443 0.0000000000
80397  -12.382  -93.895  -29.423 0.0000000000
76820  -12.782  -93.598  -28.619 0.0000000000
76092  -13.208  -92.879  -28.840 0.0000000000
72979  -13.073  -91.876  -28.082 0.0000000000
73052  -12.913  -92.003  -28.720 0.0000000000
81175  -12.629  -90.742  -28.601 0.0000000000
78583  -14.451  -91.776  -31.589 0.0000000000
72989  -14.012  -90.228  -30.527 0.0000000000
75943  -17.091  -90.699  -31.096 0.0000000000
63721  -13.000  -99.014  -28.758 0.0000000000
73874  -15.790  -97.503  -30.726 0.0000000000
73303  -15.720  -97.151  -30.511 0.0000000000
76757  -15.928  -97.039  -31.081 0.0000000000
73054  -16.741  -95.405  -34.197 0.0000000000
76234  -16.688  -94.927  -33.584 0.0000000000
73178  -17.180  -94.372  -33.048 0.0000000000
75772  -16.505  -95.611  -32.834 0.0000000000
76233  -17.313  -93.747  -32.585 0.0000000000
72957  -16.217  -94.327  -33.822 0.0000000000
63786  -17.629  -93.221  -32.660 0.0000000000
73546  -16.961  -91.080  -32.854 0.0000000000
73548  -17.659  -90.301  -32.196 0.0000000000
72839  -18.263  -89.359  -32.606 0.0000000000
59574  -17.880  -103.230  -31.271 0.0000000000
77087  -17.073  -103.188  -31.709 0.0000000000
6214  -16.154  -68.921  -11.239 0.0000000000
5584  -18.647  -71.313  -10.314 0.0000000000
5915  -18.416  -70.728  -10.965 0.0000000000
4969  -21.113  -73.072  -7.853 0.0000000000
79685  -22.217  -73.688  -9.006 0.0000000000
4184  -18.897  -76.952  -14.351 0.0000000000
3900  -16.891  -76.915  -11.957 0.0000000000
4162  -17.421  -76.606  -11.509 0.0000000000
4163  -18.180  -76.396  -11.486 0.0000000000
3905  -17.066  -77.168  -13.015 0.0000000000
65429  -12.940  -79.101  -14.994 0.0000000000
68825  -14.162  -78.371  -14.361 0.0000000000
3691  -13.350  -78.805  -15.696 0.0000000000
3926  -14.886  -77.824  -17.236 0.0000000000
3919  -15.141  -77.605  -16.256 0.0000000000
77845  -15.971  -77.506  -16.079 0.0000000000
3908  -16.780  -77.503  -14.016 0.0000000000
3915  -16.397  -77.623  -15.090 0.0000000000
3920  -16.597  -77.603  -16.161 0.0000000000
76136  -16.374  -79.262  -15.641 0.0000000000
78018  -17.322  -78.909  -15.038 0.0000000000
73130  -16.542  -80.468  -13.126 0.0000000000
76133  -15.671  -81.099  -13.380 0.0000000000
78014  -14.019  -82.348  -13.463 0.0000000000
63843  -15.350  -81.534  -11.397 0.0000000000
73857  -14.291  -82.506  -11.370 0.0000000000
76342  -14.716  -83.805  -10.499 0.0000000000
73210  -13.422  -83.609  -10.764 0.0000000000
64234  -12.621  -82.076  -17.661 0.0000000000
64558  -12.660  -82.527  -15.386 0.0000000000
74220  -12.461  -82.900  -16.436 0.0000000000
65521  -12.082  -84.916  -14.308 0.0000000000
74494  -12.207  -85.650  -12.576 0.0000000000
79992  -12.444  -86.339  -14.169 0.0000000000
70798  -12.911  -84.585  -18.746 0.0000000000
2645  -13.154  -85.797  -18.798 0.0000000000
72843  -3.472  -84.295  -17.260 0.0000000000
75684  -2.749  -85.147  -15.830 0.0000000000
75720  -3.800  -86.772  -14.720 0.0000000000
72748  -4.494  -85.606  -16.072 0.0000000000
76807  -6.754  -85.945  -16.851 0.0000000000
76213  -2.883  -87.831  -14.873 0.0000000000
76857  -3.498  -88.885  -13.961 0.0000000000
75790  -7.748  -89.224  -14.322 0.0000000000
72846  -5.593  -88.187  -13.868 0.0000000000
77165  -7.818  -88.024  -14.816 0.0000000000
63795  -8.398  -87.418  -15.652 0.0000000000
76428  -9.709  -87.632  -16.109 0.0000000000
59815  -11.327  -88.240  -17.375 0.0000000000
69106  -11.708  -87.336  -18.099 0.0000000000
78764  -11.926  -86.761  -19.033 0.0000000000
68313  -12.996  -85.854  -19.831 0.0000000000
74328  -12.359  -86.917  -19.686 0.0000000000
2556  -13.176  -86.771  -20.068 0.0000000000
75089  -11.973  -88.407  -18.519 0.0000000000
75640  -10.941  -90.260  -18.238 0.0000000000
59667  -12.013  -89.257  -18.785 0.0000000000
76837  -11.402  -90.156  -19.275 0.0000000000
63778  -6.807  -91.046  -17.584 0.0000000000
76847  -6.212  -91.180  -18.766 0.0000000000
76846  -7.306  -90.270  -20.958 0.0000000000
72918  -7.685  -90.480  -19.621 0.0000000000
75998  -8.131  -90.278  -20.582 0.0000000000
76023  -9.545  -90.042  -21.134 0.0000000000
72701  -10.979  -89.996  -21.465 0.0000000000
76118  -8.038  -90.417  -23.026 0.0000000000
72997  -7.580  -90.693  -24.132 0.0000000000
76114  -8.601  -90.655  -23.463 0.0000000000
76386  -8.279  -91.562  -23.343 0.0000000000
876  0.585  -99.122  -16.025 0.0000000000
69226  0.589  -98.024  -16.023 0.0000000000
1147  0.636  -96.701  -16.161 0.0000000000
1155  0.464  -97.501  -16.835 0.0000000000
77005  0.531  -96.322  -17.657 0.0000000000
1160  0.301  -97.157  -17.683 0.0000000000
59602  1.053  -98.059  -20.985 0.0000000000
79189  0.662  -97.448  -19.669 0.0000000000
66081  -0.122  -96.997  -20.222 0.0000000000
74623  -0.833  -96.384  -21.279 0.0000000000
726  -2.951  -100.418  -17.959 0.0000000000
725  -2.005  -100.289  -18.400 0.0000000000
888  -2.567  -99.665  -18.959 0.0000000000
73651  -2.298  -97.153  -22.871 0.0000000000
80470  -2.214  -96.122  -23.264 0.0000000000
75470  -1.854  -95.325  -23.021 0.0000000000
73896  -3.683  -94.712  -23.007 0.0000000000
63862  -3.723  -93.008  -23.677 0.0000000000
63917  -4.382  -94.168  -22.841 0.0000000000
66159  -8.323  -94.846  -21.180 0.0000000000
76000  -8.136  -94.764  -21.242 0.0000000000
59740  -8.398  -94.921  -21.662 0.0000000000
76025  -9.178  -93.269  -22.086 0.0000000000
76390  -9.089  -94.431  -21.857 0.0000000000
73174  -8.692  -94.938  -22.531 0.0000000000
73682  -7.474  -95.887  -23.604 0.0000000000
64105  -7.949  -95.737  -24.571 0.0000000000
76317  -8.654  -95.549  -25.356 0.0000000000
65835  -6.962  -96.464  -19.816 0.0000000000
76061  -7.048  -96.403  -20.085 0.0000000000
59538  -6.560  -97.081  -20.684 0.0000000000
73649  -5.325  -98.093  -24.287 0.0000000000
74096  -6.014  -97.551  -24.028 0.0000000000
75543  -7.287  -97.257  -25.696 0.0000000000
74209  -6.498  -97.839  -26.255 0.0000000000
75596  -7.357  -97.539  -26.865 0.0000000000
76484  -4.881  -99.918  -26.357 0.0000000000
76519  -6.132  -99.312  -27.518 0.0000000000
76043  -6.879  -100.240  -28.257 0.0000000000
1017  -8.046  -98.184  -15.238 0.0000000000
74581  -6.535  -101.218  -17.731 0.0000000000
74786  -6.633  -100.408  -17.263 0.0000000000
76504  -6.206  -101.086  -18.519 0.0000000000
72914  -5.908  -100.535  -19.162 0.0000000000
73508  -5.874  -101.391  -19.330 0.0000000000
59525  -6.465  -105.138  -18.457 0.0000000000
65280  -6.950  -103.732  -18.359 0.0000000000
73363  -6.138  -104.499  -19.399 0.0000000000
72913  -3.246  -103.741  -21.826 0.0000000000
74253  -4.774  -102.953  -20.461 0.0000000000
77456  -4.036  -102.673  -21.387 0.0000000000
73938  -3.781  -102.099  -21.661 0.0000000000
76489  -2.681  -103.035  -23.615 0.0000000000
59542  -7.139  -102.406  -24.495 0.0000000000
59546  -6.969  -101.015  -27.180 0.0000000000
74311  -8.096  -101.750  -25.952 0.0000000000
78813  -9.120  -101.393  -26.958 0.0000000000
65609  -8.976  -102.253  -25.793 0.0000000000
59543  -9.087  -104.383  -25.209 0.0000000000
75132  -9.624  -102.895  -26.031 0.0000000000
66293  -9.398  -103.989  -26.380 0.0000000000
74524  -9.631  -103.219  -27.952 0.0000000000
59549  -8.368  -104.533  -27.389 0.0000000000
73656  -6.221  -106.236  -24.519 0.0000000000
73655  -7.621  -106.260  -24.438 0.0000000000
68038  -9.098  -106.363  -26.156 0.0000000000
68878  -8.617  -106.131  -25.606 0.0000000000
77103  -8.670  -105.396  -27.346 0.0000000000
69202  -8.556  -105.141  -28.238 0.0000000000
75083  -9.490  -105.605  -28.725 0.0000000000
65431  -9.699  -104.985  -29.468 0.0000000000
74814  -10.313  -106.378  -28.061 0.0000000000
59540  -11.608  -106.638  -27.082 0.0000000000
65327  -11.834  -106.320  -27.821 0.0000000000
59560  -12.430  -105.436  -27.758 0.0000000000
75048  -13.256  -104.279  -27.607 0.0000000000
141  -13.407  -104.079  -26.641 0.0000000000
79804  -11.874  -105.913  -22.509 0.0000000000
71162  -12.385  -105.397  -24.332 0.0000000000
71679  -13.362  -105.025  -24.123 0.0000000000
138  -15.570  -105.693  -25.500 0.0000000000
90  -15.040  -104.815  -25.240 0.0000000000
81136  -15.339  -105.335  -25.884 0.0000000000
72191  -15.271  -105.168  -26.391 0.0000000000
145  -15.793  -105.594  -26.989 0.0000000000
181  -16.361  -105.361  -27.538 0.0000000000
143  -16.168  -105.678  -26.394 0.0000000000
77239  -18.087  -104.971  -26.323 0.0000000000
8243  -16.925  -62.641  -9.532 0.0000000000
9153  -16.105  -61.381  -11.025 0.0000000000
6505  -19.868  -69.005  -10.717 0.0000000000
7178  -19.174  -66.472  -11.133 0.0000000000
8244  -18.519  -62.985  -9.616 0.0000000000
10003  -18.782  -59.984  -11.841 0.0000000000
3694  -19.795  -78.278  -15.034 0.0000000000
4191  -20.021  -77.321  -15.109 0.0000000000
4188  -22.138  -76.521  -14.720 0.0000000000
65060  -22.790  -75.428  -15.307 0.0000000000
5296  -24.164  -72.541  -13.820 0.0000000000
72796  -23.195  -74.506  -17.455 0.0000000000
5300  -23.514  -72.722  -15.725 0.0000000000
5935  -24.994  -70.169  -15.059 0.0000000000
5932  -24.816  -68.599  -14.355 0.0000000000
6229  -25.794  -66.717  -13.205 0.0000000000
80418  -25.544  -67.446  -13.354 0.0000000000
10932  -18.995  -57.451  -15.512 0.0000000000
76289  -14.185  -94.273  -23.723 0.0000000000
73051  -15.282  -89.503  -25.276 0.0000000000
64267  -15.102  -88.743  -25.255 0.0000000000
73096  -13.264  -89.354  -26.898 0.0000000000
76014  -15.231  -86.919  -25.557 0.0000000000
73098  -15.979  -87.278  -24.982 0.0000000000
79217  -19.078  -85.299  -24.842 0.0000000000
81411  -19.033  -84.475  -24.201 0.0000000000
72840  -15.472  -85.464  -31.812 0.0000000000
64383  -16.813  -84.684  -30.660 0.0000000000
73910  -17.337  -84.745  -29.214 0.0000000000
67903  -17.945  -84.738  -28.002 0.0000000000
65492  -18.306  -84.227  -26.789 0.0000000000
72778  -18.025  -84.050  -26.070 0.0000000000
75184  -18.177  -82.804  -23.717 0.0000000000
79731  -19.097  -79.242  -23.705 0.0000000000
73300  -19.886  -79.248  -23.521 0.0000000000
76349  -19.111  -78.556  -24.250 0.0000000000
72753  -11.915  -90.977  -22.036 0.0000000000
64208  -13.238  -91.352  -21.803 0.0000000000
81137  -14.234  -91.760  -21.678 0.0000000000
73230  -15.222  -91.797  -21.860 0.0000000000
59564  -12.692  -104.474  -30.623 0.0000000000
65023  -13.673  -104.342  -30.755 0.0000000000
77988  -14.445  -103.967  -31.236 0.0000000000
59598  -16.148  -103.350  -31.612 0.0000000000
4179  -20.332  -76.879  -13.677 0.0000000000
59888  -15.347  -86.810  -16.438 0.0000000000
76543  -10.520  -98.354  -31.546 0.0000000000
59661  -17.254  -94.636  -37.550 0.0000000000
76802  -8.849  -81.257  -15.465 0.0000000000
75673  -8.329  -81.821  -15.949 0.0000000000
75634  -8.732  -82.628  -16.884 0.0000000000
76748  -9.537  -82.885  -17.416 0.0000000000
72725  -7.593  -83.363  -17.792 0.0000000000
75869  -7.064  -84.192  -18.430 0.0000000000
73076  -6.016  -84.545  -18.523 0.0000000000
81173  0.513  -91.757  -17.813 0.0000000000
59652  -0.157  -91.729  -18.460 0.0000000000
73767  -1.322  -92.449  -17.741 0.0000000000
75043  -2.295  -92.923  -16.543 0.0000000000
59653  -1.744  -93.072  -17.579 0.0000000000
65367  -1.118  -93.799  -17.932 0.0000000000
64356  -0.684  -94.625  -18.052 0.0000000000
865  -4.266  -99.394  -14.428 0.0000000000
80703  -4.250  -99.509  -15.193 0.0000000000
1009  -4.655  -98.609  -15.031 0.0000000000
1016  -5.154  -97.687  -15.302 0.0000000000
1148  -5.474  -97.101  -15.965 0.0000000000
1298  -7.076  -95.786  -16.687 0.0000000000
1293  -6.979  -96.211  -15.817 0.0000000000
1299  -7.392  -96.326  -16.189 0.0000000000
7867  -24.605  -63.480  -15.347 0.0000000000
8297  -22.684  -62.857  -15.775 0.0000000000
73564  -14.209  -89.891  -30.646 0.0000000000
77838  -14.200  -85.904  -30.605 0.0000000000
72995  -13.065  -88.326  -20.450 0.0000000000
74165  -15.300  -87.995  -20.980 0.0000000000
73694  -16.489  -88.273  -22.300 0.0000000000
74522  -11.178  -102.294  -28.460 0.0000000000
59600  -11.752  -101.767  -28.802 0.0000000000
72821  -11.470  -101.627  -31.820 0.0000000000
73165  -13.094  -101.793  -36.106 0.0000000000
74566  -12.342  -102.390  -35.813 0.0000000000
72980  -14.047  -99.589  -38.359 0.0000000000
12273  -16.807  -54.583  -16.067 0.0000000000
5287  -23.305  -72.891  -10.298 0.0000000000
4694  -23.638  -75.358  -12.389 0.0000000000
4980  -23.601  -73.224  -11.059 0.0000000000
5590  -24.394  -71.560  -12.457 0.0000000000
73765  -23.023  -69.939  -18.677 0.0000000000
76969  -24.406  -68.319  -18.339 0.0000000000
10906  -16.712  -58.556  -9.757 0.0000000000
77305  -17.118  -81.936  -10.041 0.0000000000
74091  -18.183  -82.168  -10.258 0.0000000000
67635  -18.293  -82.788  -13.161 0.0000000000
74453  -17.889  -84.026  -15.847 0.0000000000
64780  -18.356  -83.217  -15.521 0.0000000000
74601  -18.803  -82.700  -16.189 0.0000000000
67243  -16.925  -85.758  -18.751 0.0000000000
64448  -23.019  -83.281  -19.893 0.0000000000
74081  -22.647  -82.373  -19.315 0.0000000000
65232  -20.907  -79.986  -19.845 0.0000000000
76146  -21.545  -78.731  -20.177 0.0000000000
76383  -10.611  -94.516  -24.614 0.0000000000
76115  -11.235  -94.338  -25.074 0.0000000000
75732  -12.571  -93.840  -26.503 0.0000000000
76720  -11.591  -95.038  -29.944 0.0000000000
75612  -11.927  -94.296  -28.874 0.0000000000
76716  -13.168  -94.892  -28.498 0.0000000000
76761  -12.941  -94.748  -28.990 0.0000000000
76781  -12.819  -94.182  -30.148 0.0000000000
75890  -13.016  -92.155  -29.665 0.0000000000
63825  -12.851  -93.972  -31.386 0.0000000000
63899  -13.946  -93.047  -32.572 0.0000000000
63880  -15.533  -92.570  -32.349 0.0000000000
75409  -14.959  -98.640  -30.101 0.0000000000
76704  -14.425  -98.386  -29.083 0.0000000000
74204  -16.022  -97.808  -31.854 0.0000000000
75845  -17.037  -94.510  -35.984 0.0000000000
76056  -16.791  -94.925  -34.504 0.0000000000
75757  -17.500  -93.872  -33.334 0.0000000000
75844  -17.096  -92.878  -32.834 0.0000000000
79730  -16.280  -91.145  -33.835 0.0000000000
67479  -16.871  -90.304  -34.050 0.0000000000
4165  -20.338  -76.655  -11.680 0.0000000000
3904  -16.277  -77.403  -12.340 0.0000000000
60024  -12.625  -80.027  -16.452 0.0000000000
3488  -13.522  -78.878  -16.634 0.0000000000
3702  -13.847  -79.033  -17.316 0.0000000000
3703  -14.611  -78.475  -17.432 0.0000000000
3497  -15.110  -78.704  -17.459 0.0000000000
3498  -15.800  -78.172  -17.247 0.0000000000
60074  -14.810  -79.698  -16.965 0.0000000000
65552  -15.437  -80.063  -15.871 0.0000000000
75938  -15.091  -80.925  -14.761 0.0000000000
60077  -12.648  -84.611  -16.993 0.0000000000
65298  -12.649  -86.094  -15.876 0.0000000000
2639  -12.711  -84.186  -18.167 0.0000000000
2883  -12.313  -83.375  -19.189 0.0000000000
2751  -12.056  -84.257  -19.496 0.0000000000
76808  -2.886  -84.734  -17.026 0.0000000000
76834  -3.136  -86.126  -16.059 0.0000000000
76806  -2.719  -86.743  -15.014 0.0000000000
74761  -3.754  -90.091  -14.078 0.0000000000
75803  -4.955  -89.420  -13.604 0.0000000000
75970  -9.268  -88.349  -15.660 0.0000000000
76427  -9.283  -89.013  -16.179 0.0000000000
2198  -9.994  -89.082  -16.965 0.0000000000
65551  -11.492  -88.967  -18.159 0.0000000000
76753  -11.014  -90.047  -17.915 0.0000000000
76843  -9.784  -90.321  -17.760 0.0000000000
75992  -9.234  -90.410  -17.902 0.0000000000
76122  -6.601  -90.492  -21.034 0.0000000000
72758  -5.960  -90.987  -22.993 0.0000000000
76841  -5.820  -91.567  -24.227 0.0000000000
880  0.402  -99.154  -17.151 0.0000000000
1163  0.403  -97.765  -18.544 0.0000000000
68640  0.209  -98.947  -18.121 0.0000000000
885  0.288  -99.129  -19.142 0.0000000000
68887  0.866  -99.244  -20.929 0.0000000000
889  -3.801  -98.755  -18.687 0.0000000000
65860  -2.595  -98.836  -19.909 0.0000000000
65885  -3.604  -98.382  -19.546 0.0000000000
75471  -3.725  -96.763  -21.326 0.0000000000
59639  -4.254  -95.424  -22.315 0.0000000000
63856  -5.108  -95.027  -21.804 0.0000000000
77388  -5.830  -95.109  -20.652 0.0000000000
72904  -6.536  -94.889  -20.564 0.0000000000
59738  -8.121  -95.252  -21.680 0.0000000000
73382  -8.034  -95.395  -22.442 0.0000000000
66359  -7.346  -95.911  -22.520 0.0000000000
73795  -7.117  -96.131  -22.076 0.0000000000
59710  -6.913  -96.467  -23.324 0.0000000000
81329  -5.660  -98.096  -20.613 0.0000000000
66900  -5.778  -97.661  -21.449 0.0000000000
64807  -5.327  -98.260  -21.530 0.0000000000
64152  -4.935  -98.708  -24.509 0.0000000000
73449  -4.309  -100.883  -26.376 0.0000000000
67348  -7.130  -102.478  -17.762 0.0000000000
80616  -4.459  -104.846  -19.692 0.0000000000
77540  -2.869  -104.899  -22.971 0.0000000000
75046  -3.913  -104.211  -23.997 0.0000000000
73956  -4.782  -104.627  -23.522 0.0000000000
76490  -7.569  -103.101  -23.455 0.0000000000
59537  -8.359  -103.044  -23.753 0.0000000000
67729  -8.446  -104.222  -23.988 0.0000000000
67907  -8.353  -105.081  -25.036 0.0000000000
67  -8.373  -106.675  -22.441 0.0000000000
59526  -8.132  -106.704  -23.654 0.0000000000
59527  -9.002  -107.233  -23.889 0.0000000000
66728  -9.203  -107.171  -24.832 0.0000000000
59548  -9.610  -106.856  -26.319 0.0000000000
59534  -10.478  -107.079  -26.393 0.0000000000
59539  -11.462  -106.917  -26.062 0.0000000000
59545  -12.081  -105.734  -26.159 0.0000000000
85  -15.568  -105.606  -24.809 0.0000000000
6201  -22.561  -69.246  -8.991 0.0000000000
8264  -21.268  -61.816  -9.305 0.0000000000
74995  -23.143  -74.478  -15.374 0.0000000000
5603  -24.276  -71.279  -16.482 0.0000000000
81635  -25.112  -67.561  -15.113 0.0000000000
6875  -25.754  -65.085  -12.460 0.0000000000
7514  -24.323  -64.002  -12.770 0.0000000000
72635  -15.628  -91.524  -25.595 0.0000000000
76649  -15.615  -92.566  -25.161 0.0000000000
73696  -14.317  -89.478  -25.917 0.0000000000
64140  -13.225  -87.470  -26.459 0.0000000000
73769  -14.886  -86.301  -26.442 0.0000000000
59732  -17.589  -81.256  -26.617 0.0000000000
73495  -17.553  -82.573  -25.758 0.0000000000
76417  -18.487  -79.157  -23.963 0.0000000000
59768  -12.103  -90.049  -20.496 0.0000000000
64138  -14.158  -89.788  -20.786 0.0000000000
75889  -15.846  -88.807  -22.526 0.0000000000
74678  -10.298  -104.125  -32.095 0.0000000000
78078  -14.074  -102.749  -35.210 0.0000000000
74462  -16.281  -101.516  -36.324 0.0000000000
12259  -14.886  -54.885  -13.135 0.0000000000
4437  -22.934  -75.671  -11.895 0.0000000000
78074  -15.396  -85.658  -12.592 0.0000000000
67749  -16.582  -84.887  -13.291 0.0000000000
59948  -16.338  -85.561  -14.239 0.0000000000
68442  -16.945  -84.948  -14.496 0.0000000000
65457  -16.856  -85.379  -15.384 0.0000000000
2881  -18.493  -83.800  -17.423 0.0000000000
76013  -18.462  -86.004  -20.483 0.0000000000
73666  -22.640  -80.417  -20.865 0.0000000000
76450  -9.428  -96.350  -27.130 0.0000000000
75600  -10.987  -95.419  -29.927 0.0000000000
75607  -9.553  -97.134  -31.098 0.0000000000
75605  -10.031  -96.062  -31.094 0.0000000000
72680  -12.434  -95.535  -31.040 0.0000000000
76822  -14.486  -96.614  -30.370 0.0000000000
79903  -16.563  -97.841  -34.437 0.0000000000
76666  -16.798  -97.781  -33.410 0.0000000000
77904  -16.763  -95.884  -34.326 0.0000000000
67818  -17.941  -94.387  -36.392 0.0000000000
75760  -17.608  -94.543  -35.549 0.0000000000
59705  -17.271  -93.571  -36.912 0.0000000000
59706  -17.129  -92.499  -37.902 0.0000000000
73107  -12.239  -79.407  -15.151 0.0000000000
74619  -12.174  -79.935  -15.826 0.0000000000
63957  -11.656  -80.346  -15.681 0.0000000000
65065  -12.161  -80.649  -16.629 0.0000000000
60008  -12.570  -81.101  -17.261 0.0000000000
60025  -12.914  -81.113  -16.799 0.0000000000
76982  -13.018  -81.778  -16.326 0.0000000000
73631  -12.741  -81.655  -17.200 0.0000000000
64523  -12.132  -81.884  -18.306 0.0000000000
75687  -8.822  -83.461  -17.652 0.0000000000
76430  -10.462  -83.022  -18.084 0.0000000000
73318  -10.278  -84.430  -17.898 0.0000000000
72788  -9.130  -85.559  -17.307 0.0000000000
73074  -1.246  -87.987  -18.871 0.0000000000
80569  -2.146  -88.198  -18.443 0.0000000000
75950  -1.897  -89.124  -18.533 0.0000000000
73766  -2.606  -89.863  -16.733 0.0000000000
80644  -2.899  -90.505  -14.776 0.0000000000
75793  -5.876  -92.029  -14.770 0.0000000000
72987  -6.940  -91.304  -15.713 0.0000000000
73160  -2.807  -93.288  -16.139 0.0000000000
76542  -4.487  -93.072  -17.546 0.0000000000
76120  -3.672  -93.400  -18.988 0.0000000000
76825  -2.898  -93.781  -21.071 0.0000000000
75135  -2.377  -102.911  -16.409 0.0000000000
60733  -2.090  -101.839  -16.083 0.0000000000
66743  -2.383  -101.291  -16.822 0.0000000000
563  -2.896  -101.071  -17.337 0.0000000000
721  -3.382  -100.741  -17.149 0.0000000000
882  -3.730  -99.734  -17.504 0.0000000000
67574  -4.264  -98.655  -17.921 0.0000000000
69174  -5.302  -96.467  -18.643 0.0000000000
59569  -6.315  -95.358  -18.548 0.0000000000
66694  -7.316  -95.854  -18.958 0.0000000000
1301  -7.358  -95.577  -17.546 0.0000000000
69239  -7.448  -95.916  -18.264 0.0000000000
65949  -6.715  -97.384  -18.946 0.0000000000
59557  -5.902  -98.303  -19.909 0.0000000000
64396  -5.616  -99.094  -19.899 0.0000000000
76477  -5.552  -99.938  -19.986 0.0000000000
74549  -3.903  -105.881  -18.735 0.0000000000
64348  -3.289  -105.704  -19.492 0.0000000000
64747  -3.166  -106.285  -20.714 0.0000000000
59520  -4.533  -106.594  -23.227 0.0000000000
75047  -5.093  -105.937  -24.714 0.0000000000
66553  -5.622  -106.743  -22.447 0.0000000000
59521  -7.173  -106.414  -22.412 0.0000000000
25  -7.726  -106.642  -19.673 0.0000000000
32  -8.124  -106.550  -20.531 0.0000000000
62  -9.381  -106.885  -21.945 0.0000000000
38  -10.162  -106.914  -21.718 0.0000000000
39  -10.768  -106.951  -21.689 0.0000000000
78880  -15.879  -65.717  -10.973 0.0000000000
6507  -22.029  -67.079  -9.055 0.0000000000
6863  -20.938  -66.513  -9.717 0.0000000000
6242  -24.754  -70.246  -17.640 0.0000000000
71852  -23.271  -63.425  -14.471 0.0000000000
66722  -15.640  -90.063  -27.743 0.0000000000
73149  -15.513  -89.911  -27.383 0.0000000000
2557  -15.388  -87.235  -18.999 0.0000000000
75842  -11.264  -100.018  -28.855 0.0000000000
75756  -12.368  -99.954  -28.836 0.0000000000
76273  -12.272  -100.963  -29.226 0.0000000000
75843  -13.373  -99.718  -29.335 0.0000000000
63745  -14.103  -99.385  -30.061 0.0000000000
77837  -15.878  -99.174  -31.900 0.0000000000
73585  -15.687  -99.050  -33.565 0.0000000000
76272  -11.712  -100.952  -32.415 0.0000000000
75841  -11.967  -100.366  -35.639 0.0000000000
76457  -11.924  -100.158  -34.245 0.0000000000
77156  -12.974  -99.641  -34.044 0.0000000000
72905  -15.973  -98.692  -33.857 0.0000000000
78496  -15.518  -96.317  -37.195 0.0000000000
59675  -17.569  -94.722  -38.415 0.0000000000
12764  -15.171  -54.315  -15.298 0.0000000000
63771  -4.456  -83.335  -17.771 0.0000000000
76211  -3.052  -84.063  -16.586 0.0000000000
75718  -2.007  -84.120  -16.103 0.0000000000
76208  -1.436  -84.702  -16.649 0.0000000000
73162  0.363  -90.284  -18.333 0.0000000000
77555  0.835  -91.376  -17.286 0.0000000000
77017  2.902  -93.830  -17.014 0.0000000000
5917  -20.478  -70.180  -9.886 0.0000000000
5909  -21.415  -69.595  -9.219 0.0000000000
5904  -22.153  -70.038  -8.407 0.0000000000
6202  -23.571  -69.321  -9.257 0.0000000000
5911  -24.109  -69.672  -9.725 0.0000000000
78967  -24.378  -68.798  -9.973 0.0000000000
80214  -21.617  -76.474  -18.503 0.0000000000
75854  -22.536  -75.851  -17.819 0.0000000000
6883  -25.459  -67.705  -18.033 0.0000000000
63823  -16.884  -88.248  -33.207 0.0000000000
75154  -17.333  -86.937  -33.386 0.0000000000
65839  -15.806  -104.734  -28.614 0.0000000000
59567  -16.111  -104.070  -29.931 0.0000000000
72768  -16.957  -103.787  -29.736 0.0000000000
59573  -17.397  -103.478  -30.393 0.0000000000
3485  -18.959  -78.794  -13.684 0.0000000000
3689  -19.680  -78.983  -14.135 0.0000000000
59994  -19.067  -80.504  -11.693 0.0000000000
3309  -19.347  -80.355  -12.666 0.0000000000
3490  -20.350  -79.083  -15.157 0.0000000000
3493  -20.707  -79.185  -15.982 0.0000000000
59949  -17.811  -83.493  -13.526 0.0000000000
64793  -18.761  -82.131  -13.608 0.0000000000
74244  -18.843  -82.257  -15.103 0.0000000000
64753  -20.368  -78.055  -17.555 0.0000000000
59890  -17.240  -85.423  -17.909 0.0000000000
3022  -19.027  -83.273  -18.078 0.0000000000
78776  -19.162  -84.983  -19.318 0.0000000000
73424  -19.719  -84.403  -18.656 0.0000000000
73006  -21.854  -75.209  -19.602 0.0000000000
72798  -20.779  -77.525  -20.511 0.0000000000
76473  -20.833  -72.925  -19.606 0.0000000000
72996  -11.221  -93.224  -22.719 0.0000000000
76750  -12.086  -92.629  -22.846 0.0000000000
75731  -12.163  -92.980  -23.423 0.0000000000
74552  -13.447  -93.949  -24.185 0.0000000000
78319  -12.945  -93.480  -24.616 0.0000000000
72759  -13.176  -93.517  -24.867 0.0000000000
76650  -14.541  -92.692  -25.793 0.0000000000
75539  -14.839  -92.098  -26.026 0.0000000000
78049  -14.778  -91.433  -26.465 0.0000000000
63731  -14.224  -90.423  -26.939 0.0000000000
65680  -10.865  -95.060  -27.425 0.0000000000
59742  -11.849  -94.456  -27.180 0.0000000000
73872  -12.433  -94.089  -27.632 0.0000000000
76715  -12.128  -94.066  -28.953 0.0000000000
1941  -12.921  -93.563  -27.910 0.0000000000
73304  -13.345  -93.254  -27.432 0.0000000000
76764  -13.460  -92.462  -27.558 0.0000000000
76085  -14.221  -91.202  -27.178 0.0000000000
75892  -14.733  -90.219  -27.440 0.0000000000
72853  -13.734  -89.378  -27.979 0.0000000000
77025  -14.234  -89.617  -28.914 0.0000000000
76053  -14.430  -89.751  -29.752 0.0000000000
73057  -15.832  -89.716  -30.663 0.0000000000
75749  -12.500  -98.508  -29.086 0.0000000000
76699  -13.460  -97.687  -28.765 0.0000000000
76697  -14.773  -97.705  -29.177 0.0000000000
75606  -14.347  -97.292  -29.125 0.0000000000
75610  -14.843  -96.735  -29.755 0.0000000000
63857  -15.107  -96.778  -30.076 0.0000000000
63725  -15.201  -96.563  -30.844 0.0000000000
75570  -16.570  -96.845  -32.826 0.0000000000
76091  -16.802  -95.542  -33.399 0.0000000000
76780  -16.770  -96.057  -32.776 0.0000000000
75769  -16.364  -96.512  -32.152 0.0000000000
75899  -16.608  -95.983  -32.406 0.0000000000
72651  -16.060  -96.240  -31.778 0.0000000000
76664  -15.449  -96.021  -31.675 0.0000000000
76100  -15.196  -93.477  -33.389 0.0000000000
75758  -16.395  -91.578  -32.696 0.0000000000
63813  -17.537  -92.333  -32.372 0.0000000000
63927  -17.568  -90.191  -31.472 0.0000000000
75861  -18.245  -88.735  -32.162 0.0000000000
76871  -18.821  -89.156  -33.309 0.0000000000
66067  -16.511  -103.033  -32.473 0.0000000000
68521  -17.495  -102.376  -33.820 0.0000000000
59620  -17.037  -102.557  -33.152 0.0000000000
64434  -17.012  -102.017  -35.005 0.0000000000
78276  -16.094  -68.385  -11.186 0.0000000000
4689  -22.414  -75.074  -10.016 0.0000000000
3921  -18.234  -77.614  -14.827 0.0000000000
3688  -14.734  -78.214  -13.983 0.0000000000
3907  -15.751  -77.794  -13.842 0.0000000000
68608  -14.073  -78.165  -16.203 0.0000000000
4176  -17.941  -76.836  -13.444 0.0000000000
3910  -18.224  -77.049  -14.342 0.0000000000
3697  -16.221  -77.750  -16.851 0.0000000000
3698  -16.975  -77.742  -15.878 0.0000000000
3692  -18.105  -78.192  -14.987 0.0000000000
3489  -18.009  -79.160  -13.824 0.0000000000
76134  -17.642  -79.988  -12.714 0.0000000000
74828  -16.236  -80.998  -10.201 0.0000000000
76341  -15.089  -84.979  -10.572 0.0000000000
74827  -12.328  -83.604  -14.886 0.0000000000
74829  -12.629  -84.593  -11.366 0.0000000000
66405  -12.693  -86.076  -10.990 0.0000000000
66073  -14.118  -85.836  -11.176 0.0000000000
68197  -13.843  -86.422  -12.225 0.0000000000
68447  -13.751  -86.977  -13.541 0.0000000000
2404  -13.878  -87.264  -14.514 0.0000000000
65434  -13.062  -87.047  -15.163 0.0000000000
66575  -13.700  -87.445  -15.921 0.0000000000
2417  -13.783  -87.424  -16.977 0.0000000000
2426  -13.837  -87.434  -17.856 0.0000000000
75875  -3.934  -84.106  -18.253 0.0000000000
75717  -4.742  -84.316  -18.654 0.0000000000
75868  -5.090  -85.284  -18.092 0.0000000000
78837  -3.648  -84.998  -16.280 0.0000000000
76835  -6.111  -85.472  -17.926 0.0000000000
63824  -7.727  -86.114  -16.715 0.0000000000
75791  -8.713  -86.369  -16.576 0.0000000000
75871  -7.304  -86.965  -15.655 0.0000000000
72986  -9.587  -86.654  -16.491 0.0000000000
2649  -11.866  -84.918  -19.416 0.0000000000
81395  -10.282  -87.819  -16.345 0.0000000000
59816  -11.363  -86.987  -17.545 0.0000000000
2650  -12.363  -85.146  -19.581 0.0000000000
2549  -13.581  -86.969  -18.976 0.0000000000
64618  -12.452  -88.048  -19.287 0.0000000000
76096  -7.375  -90.765  -16.769 0.0000000000
73989  -7.478  -90.658  -17.885 0.0000000000
75738  -8.842  -90.363  -19.028 0.0000000000
75999  -6.920  -90.688  -19.110 0.0000000000
76385  -10.374  -90.310  -19.565 0.0000000000
76429  -11.488  -90.135  -20.313 0.0000000000
75741  -10.364  -89.968  -22.488 0.0000000000
76382  -8.913  -90.211  -22.459 0.0000000000
63784  -10.276  -90.673  -22.726 0.0000000000
76022  -9.681  -91.079  -22.891 0.0000000000
76387  -10.455  -92.578  -22.170 0.0000000000
78286  2.877  -94.852  -17.441 0.0000000000
73460  2.346  -95.461  -17.135 0.0000000000
64188  1.951  -95.012  -17.649 0.0000000000
78768  1.009  -95.404  -17.841 0.0000000000
67208  -0.316  -95.680  -17.987 0.0000000000
78901  -1.334  -95.384  -18.476 0.0000000000
65820  -0.273  -96.760  -18.666 0.0000000000
1416  -1.572  -95.511  -19.819 0.0000000000
73652  -2.016  -94.691  -21.283 0.0000000000
724  -1.135  -100.057  -18.524 0.0000000000
887  -1.251  -99.570  -19.224 0.0000000000
74721  0.052  -98.634  -21.890 0.0000000000
65043  -1.378  -98.842  -21.354 0.0000000000
64242  -1.180  -96.519  -22.881 0.0000000000
77042  -2.637  -94.411  -22.969 0.0000000000
76828  -4.216  -92.377  -23.746 0.0000000000
75709  -4.740  -91.927  -23.229 0.0000000000
75739  -6.919  -92.903  -22.967 0.0000000000
73038  -7.074  -94.304  -20.870 0.0000000000
72919  -6.872  -94.027  -21.396 0.0000000000
76125  -7.693  -92.254  -23.144 0.0000000000
76112  -10.079  -93.210  -21.993 0.0000000000
75740  -10.712  -93.698  -22.424 0.0000000000
76381  -10.436  -94.283  -23.066 0.0000000000
64047  -9.963  -94.606  -24.017 0.0000000000
76338  -9.672  -95.007  -25.012 0.0000000000
59572  -7.603  -95.475  -19.681 0.0000000000
64491  -6.547  -96.899  -21.831 0.0000000000
64039  -6.533  -97.142  -23.815 0.0000000000
80254  -6.097  -97.371  -22.215 0.0000000000
73381  -8.586  -96.216  -26.238 0.0000000000
75604  -8.386  -97.128  -27.073 0.0000000000
78962  -7.820  -97.751  -27.940 0.0000000000
74853  -6.097  -98.526  -26.649 0.0000000000
78158  -7.457  -98.238  -27.861 0.0000000000
75597  -8.320  -98.475  -28.233 0.0000000000
64110  -8.714  -99.550  -28.334 0.0000000000
1021  -7.590  -98.194  -16.121 0.0000000000
883  -6.647  -99.410  -17.708 0.0000000000
75208  -6.808  -102.717  -18.711 0.0000000000
73509  -6.055  -102.330  -19.441 0.0000000000
73627  -4.348  -101.159  -21.333 0.0000000000
59536  -4.083  -100.446  -22.303 0.0000000000
73958  -3.004  -101.568  -24.144 0.0000000000
74630  -4.903  -102.871  -25.723 0.0000000000
74839  -5.204  -102.059  -26.510 0.0000000000
73645  -5.307  -101.275  -27.617 0.0000000000
73588  -8.199  -100.773  -27.229 0.0000000000
80277  -9.206  -100.331  -28.160 0.0000000000
74523  -9.951  -101.787  -27.275 0.0000000000
73324  -10.331  -102.634  -27.223 0.0000000000
64730  -10.518  -102.812  -28.201 0.0000000000
74677  -8.976  -103.333  -29.833 0.0000000000
65174  -6.044  -105.582  -25.406 0.0000000000
59531  -7.637  -105.375  -24.792 0.0000000000
67669  -8.444  -105.181  -25.903 0.0000000000
73549  -8.174  -106.229  -24.902 0.0000000000
59552  -8.432  -105.429  -26.031 0.0000000000
66072  -8.018  -104.550  -28.225 0.0000000000
65289  -8.662  -103.995  -30.147 0.0000000000
73450  -9.230  -103.729  -30.935 0.0000000000
75212  -9.765  -104.555  -30.335 0.0000000000
59562  -10.851  -104.826  -29.957 0.0000000000
65250  -11.919  -104.824  -29.395 0.0000000000
77776  -11.143  -106.691  -28.131 0.0000000000
74313  -11.441  -106.098  -28.713 0.0000000000
64662  -12.985  -104.585  -28.737 0.0000000000
65148  -14.161  -104.202  -28.063 0.0000000000
36  -10.915  -107.250  -20.905 0.0000000000
37  -11.113  -106.874  -21.631 0.0000000000
119  -12.220  -105.692  -21.825 0.0000000000
70  -11.496  -106.523  -22.594 0.0000000000
81615  -11.539  -106.607  -23.373 0.0000000000
77  -11.764  -106.440  -24.146 0.0000000000
88  -12.501  -104.922  -25.424 0.0000000000
83  -13.146  -104.598  -24.787 0.0000000000
89  -13.493  -104.154  -25.327 0.0000000000
91  -12.708  -104.059  -26.011 0.0000000000
59558  -14.351  -104.018  -26.529 0.0000000000
68118  -15.099  -104.813  -27.213 0.0000000000
59563  -15.254  -104.733  -28.165 0.0000000000
74375  -16.523  -104.972  -28.204 0.0000000000
180  -17.417  -105.191  -26.633 0.0000000000
59580  -18.164  -104.929  -27.074 0.0000000000
65996  -18.217  -104.694  -27.964 0.0000000000
9552  -15.748  -60.961  -11.089 0.0000000000
6226  -25.731  -67.089  -12.477 0.0000000000
6871  -25.273  -64.717  -11.022 0.0000000000
73221  -12.357  -92.733  -22.702 0.0000000000
73301  -14.012  -92.962  -22.094 0.0000000000
75538  -16.237  -90.809  -22.681 0.0000000000
72625  -16.508  -91.629  -24.497 0.0000000000
76090  -16.650  -90.176  -24.178 0.0000000000
76187  -16.478  -88.412  -24.397 0.0000000000
73693  -13.698  -90.152  -26.626 0.0000000000
63954  -13.936  -87.563  -25.934 0.0000000000
76015  -18.317  -86.459  -23.993 0.0000000000
59699  -17.138  -85.320  -27.758 0.0000000000
65973  -19.865  -84.055  -27.872 0.0000000000
74961  -18.537  -82.601  -27.635 0.0000000000
65422  -18.987  -84.283  -27.471 0.0000000000
76069  -17.740  -83.402  -25.430 0.0000000000
72800  -19.026  -80.529  -22.857 0.0000000000
80777  -18.262  -80.330  -23.580 0.0000000000
64068  -17.873  -79.038  -24.570 0.0000000000
73374  -19.528  -78.016  -23.780 0.0000000000
79937  -19.616  -78.102  -23.466 0.0000000000
60  -8.042  -106.454  -21.530 0.0000000000
68  -10.432  -107.082  -22.575 0.0000000000
69  -11.084  -106.915  -22.712 0.0000000000
76  -11.362  -106.986  -23.614 0.0000000000
87  -11.867  -106.161  -25.428 0.0000000000
123  -12.576  -105.377  -22.769 0.0000000000
144  -16.776  -105.420  -26.077 0.0000000000
179  -16.630  -105.468  -26.904 0.0000000000
549  -3.188  -101.956  -15.299 0.0000000000
560  -3.034  -101.360  -16.680 0.0000000000
719  -1.444  -100.694  -17.119 0.0000000000
729  -0.541  -99.699  -18.948 0.0000000000
886  0.017  -99.504  -19.129 0.0000000000
1024  0.329  -98.241  -17.653 0.0000000000
1029  0.456  -98.441  -18.903 0.0000000000
1150  -7.796  -97.103  -15.628 0.0000000000
1292  -6.345  -96.401  -15.874 0.0000000000
2068  -8.985  -94.336  -19.140 0.0000000000
2410  -13.605  -87.373  -15.014 0.0000000000
2548  -11.596  -86.057  -18.510 0.0000000000
2749  -12.598  -84.072  -19.169 0.0000000000
2752  -12.340  -84.098  -19.395 0.0000000000
2882  -12.345  -83.204  -19.142 0.0000000000
2884  -12.158  -83.586  -19.352 0.0000000000
3024  -12.402  -83.315  -19.069 0.0000000000
3481  -18.898  -80.123  -12.187 0.0000000000
3492  -16.242  -78.463  -16.602 0.0000000000
3704  -15.480  -78.013  -17.405 0.0000000000
5572  -23.508  -70.583  -9.230 0.0000000000
5905  -23.223  -70.304  -8.674 0.0000000000
59519  -7.019  -106.381  -20.388 0.0000000000
59530  -9.836  -107.168  -25.572 0.0000000000
59533  -8.412  -106.810  -24.458 0.0000000000
59535  -5.898  -97.727  -20.716 0.0000000000
59541  -5.763  -97.588  -22.112 0.0000000000
59547  -9.336  -103.098  -25.370 0.0000000000
59551  -8.478  -103.899  -27.834 0.0000000000
59553  -9.307  -106.161  -26.850 0.0000000000
59555  -10.788  -106.927  -27.312 0.0000000000
59556  -9.094  -106.874  -25.642 0.0000000000
59566  -7.263  -96.102  -19.770 0.0000000000
59568  -6.440  -94.916  -19.681 0.0000000000
59570  -7.231  -95.944  -19.726 0.0000000000
59582  -3.284  -99.158  -19.109 0.0000000000
59591  0.046  -99.606  -19.924 0.0000000000
59609  -17.033  -103.408  -30.979 0.0000000000
59663  2.183  -93.126  -17.728 0.0000000000
59709  -11.099  -88.987  -17.530 0.0000000000
59741  -8.246  -95.508  -19.860 0.0000000000
59765  -11.337  -88.700  -17.702 0.0000000000
59795  -12.069  -87.600  -18.760 0.0000000000
59861  -11.856  -83.952  -19.375 0.0000000000
59992  -12.417  -83.510  -18.902 0.0000000000
60051  -14.264  -79.260  -17.376 0.0000000000
63713  -12.658  -94.881  -30.334 0.0000000000
63720  -15.110  -96.352  -31.144 0.0000000000
63756  -15.897  -97.246  -31.188 0.0000000000
63759  -11.831  -92.329  -22.710 0.0000000000
63775  -13.049  -93.497  -22.958 0.0000000000
63829  -8.254  -95.283  -19.604 0.0000000000
63872  -13.139  -93.472  -25.500 0.0000000000
63906  -13.402  -95.362  -28.942 0.0000000000
63918  -10.135  -89.541  -16.451 0.0000000000
63936  -6.296  -97.194  -23.041 0.0000000000
63953  -8.511  -95.002  -19.319 0.0000000000
63960  -10.094  -89.723  -16.412 0.0000000000
63989  -10.993  -87.756  -16.813 0.0000000000
64088  -6.587  -95.193  -20.578 0.0000000000
64153  -8.731  -94.779  -19.231 0.0000000000
64272  -6.789  -105.956  -24.951 0.0000000000
64322  -6.787  -94.851  -20.329 0.0000000000
64368  -12.656  -93.830  -27.833 0.0000000000
64407  -3.530  -103.206  -25.068 0.0000000000
64510  0.519  -91.106  -18.339 0.0000000000
64548  -6.966  -106.347  -24.119 0.0000000000
64636  -18.988  -81.067  -10.767 0.0000000000
64913  -10.494  -106.122  -28.966 0.0000000000
64941  -5.652  -97.799  -24.160 0.0000000000
64964  -11.108  -89.047  -17.591 0.0000000000
65009  -11.159  -89.065  -17.683 0.0000000000
65216  -2.408  -103.518  -15.692 0.0000000000
66340  -12.304  -83.234  -19.157 0.0000000000
66506  -11.351  -105.487  -29.243 0.0000000000
66779  -8.191  -105.586  -25.270 0.0000000000
66889  -11.012  -87.443  -16.915 0.0000000000
66947  -6.988  -95.681  -19.988 0.0000000000
67540  1.199  -98.834  -20.213 0.0000000000
68003  -5.860  -97.533  -23.032 0.0000000000
68073  -8.724  -105.637  -26.447 0.0000000000
68109  -12.178  -83.268  -19.229 0.0000000000
68153  -13.242  -79.632  -16.750 0.0000000000
68166  -9.456  -105.931  -27.744 0.0000000000
68613  -2.575  -101.842  -15.997 0.0000000000
69133  0.442  -96.228  -17.842 0.0000000000
69249  -11.287  -107.223  -20.661 0.0000000000
69482  -1.311  -100.394  -17.912 0.0000000000
70045  0.891  -99.517  -20.043 0.0000000000
72639  -13.238  -92.189  -27.850 0.0000000000
72640  -13.271  -92.953  -28.868 0.0000000000
72695  -7.658  -82.958  -16.661 0.0000000000
72698  -12.733  -95.656  -30.126 0.0000000000
72704  -12.233  -94.045  -29.045 0.0000000000
72733  -13.151  -93.256  -26.591 0.0000000000
72754  -13.132  -94.616  -28.367 0.0000000000
72858  -8.593  -94.957  -19.435 0.0000000000
72884  -17.108  -80.473  -11.262 0.0000000000
72899  -10.924  -100.741  -28.514 0.0000000000
72962  -7.380  -96.078  -20.187 0.0000000000
72963  -7.564  -95.728  -20.033 0.0000000000
72964  -8.625  -94.852  -19.151 0.0000000000
72990  -10.677  -89.481  -17.193 0.0000000000
73040  -11.028  -89.277  -17.378 0.0000000000
73041  -9.765  -90.030  -16.759 0.0000000000
73056  -10.761  -89.310  -16.985 0.0000000000
73069  -6.973  -96.298  -21.403 0.0000000000
73090  -8.204  -95.340  -19.647 0.0000000000
73095  -8.000  -95.814  -20.021 0.0000000000
73113  -10.917  -89.182  -17.609 0.0000000000
73131  -7.911  -95.384  -19.931 0.0000000000
73223  -8.054  -96.312  -20.113 0.0000000000
73224  -8.741  -94.592  -19.091 0.0000000000
73321  -10.584  -87.913  -16.502 0.0000000000
73392  -6.501  -98.755  -27.353 0.0000000000
73506  1.353  -95.686  -17.530 0.0000000000
73844  -3.216  -105.950  -22.081 0.0000000000
73928  -2.922  -95.380  -23.391 0.0000000000
74097  -6.407  -97.075  -22.206 0.0000000000
74098  -7.257  -96.070  -20.560 0.0000000000
74208  -6.604  -96.772  -22.838 0.0000000000
74222  -17.216  -94.610  -36.197 0.0000000000
74251  -8.566  -101.508  -26.483 0.0000000000
74293  -5.284  -98.070  -22.351 0.0000000000
74657  -3.101  -102.858  -16.074 0.0000000000
74671  -6.311  -97.248  -21.580 0.0000000000
74680  -10.040  -104.449  -31.081 0.0000000000
74835  -10.450  -103.285  -33.909 0.0000000000
74852  -6.580  -96.799  -22.175 0.0000000000
74880  -10.137  -90.155  -16.896 0.0000000000
74967  -7.304  -96.081  -20.304 0.0000000000
74968  -6.295  -97.212  -22.123 0.0000000000
75056  -13.679  -78.578  -14.857 0.0000000000
75142  -0.437  -99.306  -20.797 0.0000000000
75516  -13.717  -91.812  -27.152 0.0000000000
75549  -13.218  -93.302  -27.014 0.0000000000
75571  -14.431  -96.177  -31.312 0.0000000000
75599  -14.080  -97.887  -28.424 0.0000000000
75609  -11.617  -94.578  -29.552 0.0000000000
75637  -12.115  -92.568  -22.733 0.0000000000
75638  -12.661  -92.653  -24.686 0.0000000000
75641  -12.947  -93.533  -27.190 0.0000000000
75646  -13.668  -92.343  -26.848 0.0000000000
75647  -13.539  -93.110  -27.747 0.0000000000
75699  -13.930  -96.069  -29.586 0.0000000000
75700  -12.740  -93.521  -28.263 0.0000000000
75704  -13.097  -93.421  -27.303 0.0000000000
75733  -13.043  -93.519  -27.765 0.0000000000
75735  -13.607  -92.756  -27.177 0.0000000000
75742  -11.674  -93.034  -23.204 0.0000000000
75745  -12.191  -93.826  -24.960 0.0000000000
75746  -11.372  -89.777  -18.088 0.0000000000
75768  -12.600  -93.529  -29.903 0.0000000000
75770  -13.747  -96.141  -31.412 0.0000000000
75862  -18.205  -89.765  -33.617 0.0000000000
75891  -16.471  -95.152  -33.620 0.0000000000
75898  -13.264  -95.070  -30.580 0.0000000000
75918  -8.852  -94.841  -19.392 0.0000000000
75919  -8.098  -95.451  -19.901 0.0000000000
75920  -6.646  -96.883  -20.865 0.0000000000
75967  -8.186  -95.319  -19.669 0.0000000000
75968  -7.527  -95.855  -20.219 0.0000000000
76054  -16.372  -93.431  -32.470 0.0000000000
76089  -16.128  -95.781  -32.192 0.0000000000
76099  -9.784  -89.836  -17.177 0.0000000000
76101  -10.950  -89.258  -18.002 0.0000000000
76102  -11.030  -89.078  -17.500 0.0000000000
76119  -11.190  -93.969  -23.181 0.0000000000
76121  -5.104  -91.849  -24.029 0.0000000000
76123  -8.257  -90.443  -18.163 0.0000000000
76126  -10.437  -90.256  -17.819 0.0000000000
76171  -7.323  -95.756  -21.297 0.0000000000
76172  -7.962  -94.811  -20.751 0.0000000000
76173  -7.689  -94.987  -20.928 0.0000000000
76174  -11.036  -89.173  -17.458 0.0000000000
76175  -10.291  -89.669  -16.700 0.0000000000
76190  -10.943  -89.346  -17.308 0.0000000000
76191  -11.046  -89.171  -16.822 0.0000000000
76240  -8.094  -95.284  -19.910 0.0000000000
76253  -11.771  -79.699  -15.195 0.0000000000
76391  -10.273  -89.617  -16.543 0.0000000000
76419  -13.427  -93.125  -26.899 0.0000000000
76420  -12.970  -93.483  -28.960 0.0000000000
76421  -14.071  -93.443  -25.521 0.0000000000
76422  -15.535  -96.812  -30.673 0.0000000000
76621  -16.317  -98.322  -34.099 0.0000000000
76643  -14.985  -100.581  -38.236 0.0000000000
76711  -15.349  -99.333  -33.081 0.0000000000
76714  -12.635  -94.804  -28.816 0.0000000000
76718  -15.626  -97.212  -29.913 0.0000000000
76722  -11.991  -94.140  -28.863 0.0000000000
76742  -6.174  -82.550  -16.480 0.0000000000
76743  -7.386  -81.701  -15.458 0.0000000000
76751  -12.248  -93.069  -23.423 0.0000000000
76758  -13.978  -92.689  -26.069 0.0000000000
76759  -12.396  -94.470  -29.593 0.0000000000
76760  -13.415  -95.215  -28.995 0.0000000000
76762  -13.182  -93.253  -28.497 0.0000000000
76763  -13.761  -92.644  -26.532 0.0000000000
76838  -10.743  -88.629  -18.225 0.0000000000
76849  -12.866  -93.341  -25.938 0.0000000000
76850  -11.469  -92.539  -22.699 0.0000000000
77364  -7.105  -96.020  -21.054 0.0000000000
77469  -11.707  -106.600  -24.783 0.0000000000
78233  -11.126  -89.115  -16.994 0.0000000000
78275  -15.866  -77.848  -17.219 0.0000000000
78668  -6.629  -96.958  -20.683 0.0000000000
78759  -16.669  -95.158  -33.939 0.0000000000
78984  -6.290  -97.265  -20.741 0.0000000000
79571  -10.290  -102.661  -32.847 0.0000000000
79708  -6.977  -101.805  -17.816 0.0000000000
79795  -16.292  -77.637  -16.522 0.0000000000
79962  -5.681  -91.633  -18.602 0.0000000000
80024  -8.057  -104.922  -27.787 0.0000000000
80882  -9.778  -107.100  -22.519 0.0000000000
81414  -5.169  -99.398  -20.698 0.0000000000
81603  -14.832  -90.738  -26.625 0.0000000000
