#!ascii label  , from subject sub-v2s3x28845_ses-1 vox2ras=TkReg
887
51775  -20.911  -32.018  75.170 0.0000000000
59339  -36.738  -26.140  65.173 0.0000000000
65089  -34.724  -20.034  60.648 0.0000000000
57207  -35.328  -27.409  67.679 0.0000000000
74565  -42.226  -11.398  50.369 0.0000000000
66102  -39.219  -19.214  53.020 0.0000000000
61580  -37.808  -23.491  68.418 0.0000000000
56269  -38.206  -28.388  66.476 0.0000000000
78509  -47.395  -7.240  52.524 0.0000000000
79431  -50.609  -6.386  47.694 0.0000000000
79461  -53.680  -6.325  43.789 0.0000000000
68099  -39.474  -17.493  60.604 0.0000000000
131624  -36.314  -18.701  55.953 0.0000000000
67095  -41.422  -18.210  56.908 0.0000000000
69122  -44.694  -16.670  54.351 0.0000000000
58246  -29.315  -25.932  67.337 0.0000000000
51717  -18.790  -32.590  80.029 0.0000000000
61645  -34.726  -23.289  63.308 0.0000000000
68045  -37.480  -17.514  64.512 0.0000000000
57243  -32.623  -26.975  64.625 0.0000000000
54235  -35.184  -30.491  65.396 0.0000000000
78604  -50.784  -7.405  40.001 0.0000000000
83554  -53.369  -1.953  41.045 0.0000000000
69164  -41.559  -16.432  51.206 0.0000000000
74524  -46.130  -11.420  54.045 0.0000000000
52996  -21.914  -30.857  72.088 0.0000000000
48449  -14.715  -35.284  78.335 0.0000000000
79405  -48.975  -6.279  50.149 0.0000000000
68128  -40.613  -17.605  58.240 0.0000000000
146546  -27.545  -27.043  66.363 0.0000000000
51746  -20.284  -32.469  77.246 0.0000000000
59374  -35.021  -25.539  62.511 0.0000000000
60394  -35.554  -24.602  64.383 0.0000000000
57220  -34.341  -27.029  66.732 0.0000000000
56290  -34.343  -28.935  64.738 0.0000000000
56266  -35.310  -28.386  66.437 0.0000000000
58280  -37.950  -27.352  65.915 0.0000000000
55337  -37.380  -29.159  64.873 0.0000000000
57266  -37.377  -28.031  63.866 0.0000000000
148033  -34.455  -26.271  69.085 0.0000000000
59307  -32.598  -25.759  67.175 0.0000000000
77626  -47.334  -8.556  44.561 0.0000000000
76701  -51.032  -8.738  41.713 0.0000000000
81510  -53.658  -4.601  42.729 0.0000000000
127669  -37.881  -18.314  54.644 0.0000000000
67189  -40.860  -18.433  52.250 0.0000000000
71139  -45.696  -14.207  54.154 0.0000000000
56233  -25.182  -27.907  69.379 0.0000000000
56213  -23.701  -28.615  71.216 0.0000000000
55250  -22.860  -29.010  72.478 0.0000000000
54165  -22.419  -30.477  70.679 0.0000000000
48467  -16.612  -35.872  76.638 0.0000000000
132085  -37.252  -24.795  66.780 0.0000000000
61607  -36.505  -23.245  66.352 0.0000000000
63956  -37.468  -21.622  68.482 0.0000000000
56223  -37.138  -28.061  69.727 0.0000000000
139780  -36.720  -28.662  67.356 0.0000000000
57210  -38.331  -27.718  68.251 0.0000000000
138311  -38.313  -26.131  67.849 0.0000000000
147460  -44.917  -8.807  51.533 0.0000000000
78531  -46.435  -7.243  49.494 0.0000000000
128164  -48.140  -6.936  47.105 0.0000000000
78560  -49.598  -7.436  45.285 0.0000000000
77640  -51.556  -8.149  43.057 0.0000000000
78563  -52.381  -7.044  45.610 0.0000000000
67050  -36.513  -18.285  60.300 0.0000000000
128967  -35.563  -18.929  58.068 0.0000000000
68138  -37.813  -17.590  58.160 0.0000000000
68156  -38.663  -17.567  56.387 0.0000000000
67133  -40.671  -18.345  55.342 0.0000000000
67179  -42.259  -18.272  54.090 0.0000000000
67136  -43.416  -18.431  55.699 0.0000000000
58228  -28.495  -26.235  68.801 0.0000000000
57204  -25.757  -27.831  67.963 0.0000000000
85323  -51.632  -0.740  37.184 0.0000000000
51705  -16.444  -32.190  81.140 0.0000000000
61675  -34.326  -23.742  61.736 0.0000000000
64027  -34.594  -21.326  62.281 0.0000000000
63996  -36.181  -21.824  65.932 0.0000000000
65993  -35.761  -19.836  64.176 0.0000000000
66009  -36.039  -18.912  62.698 0.0000000000
68075  -38.696  -17.462  62.526 0.0000000000
55321  -36.560  -29.430  65.962 0.0000000000
59296  -31.597  -25.492  68.573 0.0000000000
58263  -31.428  -25.860  65.963 0.0000000000
79471  -52.035  -6.579  42.425 0.0000000000
81515  -50.507  -4.756  41.086 0.0000000000
84460  -50.698  -2.119  38.936 0.0000000000
86152  -53.750  0.251  39.270 0.0000000000
50685  -20.330  -33.491  73.477 0.0000000000
50656  -19.365  -33.882  75.413 0.0000000000
71169  -41.618  -14.565  50.745 0.0000000000
68225  -42.889  -16.920  53.114 0.0000000000
71149  -44.071  -13.832  52.928 0.0000000000
74540  -44.349  -11.569  52.811 0.0000000000
77550  -46.681  -8.640  53.502 0.0000000000
52969  -21.372  -31.420  73.984 0.0000000000
148149  -18.118  -34.218  77.202 0.0000000000
152880  -16.540  -33.840  78.977 0.0000000000
50605  -14.508  -33.224  79.249 0.0000000000
51758  -20.399  -32.573  76.297 0.0000000000
58291  -36.487  -26.439  64.434 0.0000000000
59355  -35.499  -25.357  63.888 0.0000000000
59338  -36.092  -25.487  64.673 0.0000000000
58250  -34.616  -26.839  67.539 0.0000000000
57232  -34.857  -27.738  66.462 0.0000000000
56255  -35.434  -27.943  66.979 0.0000000000
58279  -37.402  -26.666  65.575 0.0000000000
57258  -37.586  -27.671  64.694 0.0000000000
58292  -37.197  -26.937  64.866 0.0000000000
57265  -36.598  -27.476  63.105 0.0000000000
132063  -35.802  -27.169  69.687 0.0000000000
58204  -35.375  -26.771  70.178 0.0000000000
58231  -34.686  -26.569  68.372 0.0000000000
127950  -34.093  -26.334  67.866 0.0000000000
76689  -50.471  -9.023  42.256 0.0000000000
64038  -34.267  -21.817  60.605 0.0000000000
65100  -34.484  -20.611  59.480 0.0000000000
67155  -38.714  -18.505  54.207 0.0000000000
66101  -38.156  -19.716  53.120 0.0000000000
133012  -40.513  -18.866  52.589 0.0000000000
55280  -24.092  -28.965  69.464 0.0000000000
56221  -24.582  -28.241  69.969 0.0000000000
55279  -23.498  -29.454  69.821 0.0000000000
55270  -23.292  -29.247  70.731 0.0000000000
54177  -22.595  -30.800  69.738 0.0000000000
60358  -37.743  -24.159  67.946 0.0000000000
61596  -37.369  -23.299  67.675 0.0000000000
61579  -37.555  -22.905  68.201 0.0000000000
56225  -38.258  -27.430  69.908 0.0000000000
56246  -38.153  -27.923  69.052 0.0000000000
57193  -38.421  -27.255  69.090 0.0000000000
60346  -38.163  -24.232  68.675 0.0000000000
127314  -38.508  -25.887  68.613 0.0000000000
59308  -38.147  -25.116  68.129 0.0000000000
59320  -37.643  -25.578  66.945 0.0000000000
77573  -46.073  -8.028  51.918 0.0000000000
77581  -45.404  -8.000  50.542 0.0000000000
78522  -47.186  -6.953  50.792 0.0000000000
127705  -49.942  -6.137  49.164 0.0000000000
79420  -48.830  -6.492  48.537 0.0000000000
79430  -49.668  -6.546  47.412 0.0000000000
78548  -48.584  -7.139  46.389 0.0000000000
78550  -50.143  -7.116  46.001 0.0000000000
133602  -50.860  -7.225  45.582 0.0000000000
127137  -51.814  -6.619  46.796 0.0000000000
68098  -38.451  -17.544  60.297 0.0000000000
67068  -37.059  -17.919  59.440 0.0000000000
68115  -38.556  -17.533  59.458 0.0000000000
68141  -40.985  -17.856  57.531 0.0000000000
128196  -40.158  -17.617  57.504 0.0000000000
68158  -40.590  -17.917  56.802 0.0000000000
67110  -40.171  -18.044  56.019 0.0000000000
67111  -41.076  -18.294  56.117 0.0000000000
67134  -41.575  -18.493  55.406 0.0000000000
67113  -42.864  -18.532  56.334 0.0000000000
59284  -29.802  -25.659  69.011 0.0000000000
131769  -29.738  -25.712  69.987 0.0000000000
58229  -29.189  -25.877  68.420 0.0000000000
132225  -27.022  -27.288  66.867 0.0000000000
86161  -52.705  0.380  36.915 0.0000000000
148538  -53.650  1.183  35.828 0.0000000000
51716  -17.931  -32.758  80.405 0.0000000000
60409  -34.767  -24.091  63.262 0.0000000000
59373  -34.621  -25.055  61.841 0.0000000000
61657  -34.504  -23.889  62.580 0.0000000000
141813  -34.386  -23.115  62.357 0.0000000000
64018  -34.669  -21.831  62.999 0.0000000000
65026  -36.776  -21.355  67.310 0.0000000000
62862  -36.111  -22.612  65.798 0.0000000000
65043  -36.502  -20.654  66.690 0.0000000000
68035  -36.851  -17.873  65.146 0.0000000000
65988  -36.281  -19.328  65.337 0.0000000000
67014  -36.468  -18.473  64.038 0.0000000000
66000  -35.623  -19.694  63.262 0.0000000000
67025  -36.517  -18.377  63.248 0.0000000000
146668  -36.938  -17.928  62.250 0.0000000000
68059  -37.959  -17.517  63.203 0.0000000000
138710  -35.024  -29.494  65.516 0.0000000000
55295  -37.527  -28.803  67.004 0.0000000000
55306  -36.748  -29.038  66.602 0.0000000000
134543  -37.389  -29.079  66.262 0.0000000000
54252  -36.628  -30.044  64.749 0.0000000000
127991  -32.650  -25.494  70.328 0.0000000000
58264  -32.705  -26.105  66.429 0.0000000000
59319  -31.984  -25.719  66.611 0.0000000000
58276  -31.913  -26.302  65.281 0.0000000000
58289  -30.641  -26.922  64.287 0.0000000000
78582  -52.650  -7.208  43.586 0.0000000000
78581  -52.137  -7.618  43.015 0.0000000000
79472  -52.540  -6.981  42.909 0.0000000000
82557  -53.787  -3.060  41.953 0.0000000000
81517  -52.098  -4.310  41.945 0.0000000000
83544  -52.027  -2.975  41.204 0.0000000000
82561  -50.429  -3.638  40.336 0.0000000000
83553  -52.446  -1.730  40.446 0.0000000000
85315  -52.376  -0.613  39.095 0.0000000000
85308  -53.998  -0.825  40.415 0.0000000000
66062  -35.729  -18.954  56.917 0.0000000000
65113  -35.083  -20.311  57.489 0.0000000000
70173  -41.270  -15.680  49.784 0.0000000000
71157  -42.053  -15.096  51.481 0.0000000000
137271  -43.615  -17.676  54.465 0.0000000000
128401  -42.575  -17.652  53.558 0.0000000000
69137  -44.345  -16.243  53.724 0.0000000000
146899  -45.919  -12.878  54.138 0.0000000000
71137  -44.666  -14.424  53.419 0.0000000000
73403  -45.031  -12.953  53.475 0.0000000000
73411  -43.687  -12.870  52.552 0.0000000000
74523  -44.946  -11.186  53.240 0.0000000000
149205  -45.586  -9.930  53.341 0.0000000000
75585  -46.262  -10.730  54.039 0.0000000000
54135  -22.212  -30.202  72.491 0.0000000000
54122  -22.180  -30.021  73.419 0.0000000000
54107  -21.884  -30.230  74.320 0.0000000000
130735  -21.512  -31.358  73.191 0.0000000000
51825  -21.013  -32.584  72.561 0.0000000000
51837  -21.287  -32.355  71.911 0.0000000000
48478  -18.217  -35.281  75.318 0.0000000000
49565  -18.891  -34.097  75.898 0.0000000000
48469  -17.963  -34.947  76.010 0.0000000000
48458  -15.370  -35.717  77.718 0.0000000000
49546  -16.505  -34.755  77.727 0.0000000000
133400  -15.224  -34.240  78.855 0.0000000000
49526  -15.670  -33.670  79.337 0.0000000000
49534  -14.484  -34.510  78.806 0.0000000000
58219  -38.831  -25.960  69.954 0.0000000000
79390  -48.574  -6.381  52.349 0.0000000000
79394  -47.925  -6.653  51.145 0.0000000000
79397  -49.936  -5.635  51.528 0.0000000000
68117  -40.268  -17.491  59.041 0.0000000000
58261  -29.019  -26.281  66.353 0.0000000000
146921  -28.560  -26.328  67.004 0.0000000000
52899  -20.430  -31.479  78.585 0.0000000000
51729  -19.695  -32.566  78.571 0.0000000000
58301  -35.515  -26.005  63.223 0.0000000000
60410  -35.109  -24.660  63.609 0.0000000000
61646  -35.155  -23.899  63.948 0.0000000000
128188  -39.430  -17.100  63.955 0.0000000000
58278  -33.434  -27.110  65.365 0.0000000000
57257  -33.360  -27.602  64.566 0.0000000000
56279  -34.022  -27.923  65.060 0.0000000000
56280  -34.799  -28.390  65.732 0.0000000000
55319  -35.593  -29.691  65.774 0.0000000000
57233  -38.317  -27.952  66.149 0.0000000000
55322  -37.863  -28.898  65.815 0.0000000000
57245  -38.075  -27.994  65.368 0.0000000000
56304  -37.544  -28.615  64.316 0.0000000000
129083  -37.072  -28.793  63.230 0.0000000000
59277  -34.151  -25.892  70.258 0.0000000000
127321  -33.176  -25.633  68.682 0.0000000000
58216  -33.924  -26.069  68.534 0.0000000000
58248  -33.204  -26.129  66.937 0.0000000000
77619  -46.330  -8.299  45.585 0.0000000000
78605  -51.203  -8.061  40.649 0.0000000000
80483  -54.821  -5.380  43.676 0.0000000000
80492  -53.494  -5.444  43.021 0.0000000000
67130  -37.157  -18.225  55.340 0.0000000000
67201  -40.558  -18.740  51.159 0.0000000000
68240  -41.597  -17.438  52.184 0.0000000000
69124  -45.966  -15.829  54.949 0.0000000000
144701  -45.457  -15.724  54.410 0.0000000000
71132  -46.276  -14.397  54.676 0.0000000000
147512  -25.728  -27.549  69.737 0.0000000000
57170  -25.399  -27.488  70.921 0.0000000000
146966  -24.116  -27.883  72.334 0.0000000000
56206  -23.564  -28.448  72.159 0.0000000000
55259  -22.562  -29.631  72.019 0.0000000000
134475  -21.973  -31.037  71.146 0.0000000000
51856  -21.455  -32.562  71.065 0.0000000000
53012  -21.826  -31.935  70.479 0.0000000000
147706  -36.750  -24.852  66.081 0.0000000000
60368  -36.424  -24.004  66.006 0.0000000000
60369  -36.805  -24.046  66.623 0.0000000000
62845  -36.941  -22.741  67.181 0.0000000000
57209  -36.386  -27.827  68.848 0.0000000000
56256  -35.996  -28.157  67.572 0.0000000000
56244  -36.692  -28.300  68.242 0.0000000000
131659  -38.141  -28.146  68.157 0.0000000000
56258  -38.256  -28.141  67.360 0.0000000000
58233  -38.620  -26.425  69.163 0.0000000000
140049  -38.432  -26.867  68.277 0.0000000000
148481  -38.372  -27.912  66.813 0.0000000000
58267  -38.241  -27.212  66.760 0.0000000000
58266  -37.636  -26.359  66.378 0.0000000000
57173  -36.897  -27.792  70.358 0.0000000000
76605  -43.763  -9.689  51.137 0.0000000000
150026  -42.958  -9.782  49.878 0.0000000000
76625  -44.079  -9.025  50.687 0.0000000000
77590  -45.092  -7.932  49.574 0.0000000000
153646  -45.457  -7.639  48.372 0.0000000000
79415  -47.748  -6.667  49.464 0.0000000000
78536  -46.871  -7.193  48.168 0.0000000000
77609  -46.241  -7.828  46.508 0.0000000000
130588  -47.963  -7.461  45.840 0.0000000000
77621  -48.451  -7.893  44.724 0.0000000000
77628  -49.638  -8.142  44.047 0.0000000000
77639  -50.655  -8.535  42.967 0.0000000000
77629  -50.781  -8.039  43.841 0.0000000000
133266  -52.111  -7.356  44.891 0.0000000000
78573  -53.236  -6.895  44.806 0.0000000000
148908  -53.309  -6.491  46.954 0.0000000000
146457  -54.453  -6.297  45.014 0.0000000000
66025  -35.790  -18.838  60.812 0.0000000000
66038  -35.184  -19.365  59.460 0.0000000000
67067  -36.233  -18.432  59.452 0.0000000000
67080  -36.374  -18.293  58.620 0.0000000000
67093  -36.959  -17.884  57.275 0.0000000000
68127  -39.619  -17.489  58.280 0.0000000000
68139  -38.720  -17.478  57.810 0.0000000000
68170  -37.825  -17.692  55.984 0.0000000000
68171  -38.491  -17.703  55.665 0.0000000000
67131  -38.770  -17.952  54.984 0.0000000000
67157  -40.238  -18.428  54.566 0.0000000000
67177  -40.733  -18.619  53.902 0.0000000000
67158  -41.137  -18.507  54.659 0.0000000000
67159  -42.575  -18.391  54.672 0.0000000000
67161  -43.902  -18.001  55.203 0.0000000000
68173  -44.618  -17.641  55.501 0.0000000000
69108  -45.720  -16.670  55.339 0.0000000000
58212  -27.943  -26.480  69.955 0.0000000000
58259  -27.759  -26.652  67.194 0.0000000000
57206  -27.137  -26.855  68.763 0.0000000000
139642  -26.605  -27.162  69.126 0.0000000000
56243  -25.213  -28.166  68.539 0.0000000000
139174  -34.281  -22.283  61.205 0.0000000000
65084  -34.576  -20.883  61.691 0.0000000000
61619  -36.037  -23.464  65.564 0.0000000000
62871  -35.658  -22.829  65.034 0.0000000000
135028  -35.382  -22.192  64.444 0.0000000000
153273  -35.957  -20.657  65.409 0.0000000000
64019  -35.145  -21.549  63.797 0.0000000000
64028  -34.941  -20.972  63.072 0.0000000000
66008  -35.410  -19.698  62.255 0.0000000000
66017  -35.286  -19.497  61.235 0.0000000000
131484  -36.424  -18.367  61.261 0.0000000000
68083  -37.867  -17.631  61.148 0.0000000000
142156  -38.767  -17.525  61.038 0.0000000000
68076  -39.586  -17.406  62.707 0.0000000000
68086  -40.125  -17.480  62.021 0.0000000000
56267  -35.980  -28.754  66.818 0.0000000000
55305  -36.100  -29.386  66.192 0.0000000000
55320  -35.868  -30.001  65.630 0.0000000000
54238  -37.051  -29.393  65.589 0.0000000000
54237  -36.112  -30.284  65.262 0.0000000000
151223  -31.217  -25.498  70.097 0.0000000000
59295  -30.577  -25.551  68.738 0.0000000000
59297  -32.513  -25.557  68.069 0.0000000000
59305  -30.896  -25.541  67.801 0.0000000000
58247  -30.265  -25.670  67.095 0.0000000000
58288  -29.985  -26.676  64.687 0.0000000000
149739  -51.136  -8.509  42.428 0.0000000000
78598  -51.477  -7.815  41.580 0.0000000000
78597  -50.874  -7.265  40.892 0.0000000000
80491  -52.039  -5.713  42.392 0.0000000000
80498  -51.209  -5.916  41.821 0.0000000000
79483  -50.483  -6.670  40.379 0.0000000000
142421  -49.870  -4.953  39.868 0.0000000000
81533  -50.006  -4.618  38.968 0.0000000000
82576  -50.354  -3.563  37.592 0.0000000000
84466  -51.190  -1.281  37.792 0.0000000000
85321  -52.414  -0.236  38.305 0.0000000000
51793  -20.591  -32.616  74.750 0.0000000000
150078  -20.247  -33.098  75.089 0.0000000000
49575  -19.850  -33.879  74.121 0.0000000000
65105  -34.728  -20.538  58.199 0.0000000000
72254  -41.877  -13.051  50.886 0.0000000000
127471  -41.170  -18.535  53.156 0.0000000000
68224  -42.157  -17.354  52.757 0.0000000000
69150  -42.494  -16.531  52.433 0.0000000000
70140  -44.648  -15.355  53.577 0.0000000000
70149  -43.301  -15.254  52.638 0.0000000000
70148  -42.567  -15.682  52.129 0.0000000000
71158  -42.813  -13.939  52.073 0.0000000000
72239  -42.927  -13.138  52.041 0.0000000000
133006  -43.223  -11.396  51.813 0.0000000000
76591  -44.606  -9.844  52.339 0.0000000000
77561  -45.662  -8.730  52.407 0.0000000000
77563  -46.933  -7.863  53.061 0.0000000000
138576  -21.396  -30.664  75.981 0.0000000000
54094  -21.557  -30.598  75.153 0.0000000000
52954  -21.279  -31.395  74.798 0.0000000000
51809  -20.650  -32.693  73.944 0.0000000000
50701  -20.645  -33.378  72.522 0.0000000000
50645  -19.958  -33.113  76.668 0.0000000000
129783  -19.466  -33.420  76.998 0.0000000000
128534  -18.722  -33.400  78.236 0.0000000000
48460  -16.980  -35.089  76.993 0.0000000000
49548  -17.967  -33.834  78.048 0.0000000000
50619  -18.234  -33.397  78.944 0.0000000000
50618  -16.622  -33.377  79.630 0.0000000000
50596  -15.471  -32.574  80.149 0.0000000000
135533  -13.649  -34.840  78.330 0.0000000000
49523  -13.944  -33.600  78.752 0.0000000000
146528  -21.129  -31.373  75.724 0.0000000000
149941  -20.765  -32.071  75.872 0.0000000000
152505  -35.013  -26.940  67.985 0.0000000000
57221  -34.911  -27.389  67.073 0.0000000000
58232  -35.357  -27.061  68.415 0.0000000000
58218  -35.207  -26.712  69.216 0.0000000000
142666  -34.485  -20.519  60.152 0.0000000000
143899  -34.315  -21.209  59.982 0.0000000000
67175  -38.709  -19.001  53.475 0.0000000000
149799  -38.719  -19.423  53.046 0.0000000000
66103  -39.931  -19.134  52.909 0.0000000000
55286  -23.729  -29.675  68.944 0.0000000000
62810  -37.865  -22.896  68.812 0.0000000000
57176  -38.577  -26.786  69.859 0.0000000000
57175  -38.429  -26.978  70.631 0.0000000000
78508  -46.716  -7.618  52.238 0.0000000000
78512  -46.574  -7.461  51.369 0.0000000000
78513  -47.280  -7.078  51.665 0.0000000000
79422  -50.609  -6.145  48.606 0.0000000000
79421  -49.731  -6.366  48.329 0.0000000000
78549  -49.461  -6.832  46.619 0.0000000000
79438  -50.334  -6.652  46.830 0.0000000000
78551  -51.104  -6.855  46.279 0.0000000000
148156  -51.081  -6.555  47.023 0.0000000000
141775  -39.169  -17.493  59.883 0.0000000000
68142  -41.650  -18.107  57.566 0.0000000000
67112  -41.969  -18.490  56.214 0.0000000000
58230  -29.993  -25.640  68.079 0.0000000000
86962  -54.095  1.477  37.339 0.0000000000
86165  -53.202  0.836  36.315 0.0000000000
86966  -53.840  1.374  36.520 0.0000000000
51718  -19.464  -32.328  79.516 0.0000000000
51708  -19.256  -32.110  80.484 0.0000000000
51707  -18.444  -32.314  80.942 0.0000000000
153523  -34.570  -22.571  62.901 0.0000000000
62880  -34.920  -22.401  63.667 0.0000000000
63982  -36.507  -21.573  66.628 0.0000000000
152250  -36.790  -20.737  67.446 0.0000000000
67006  -36.789  -17.954  64.437 0.0000000000
67015  -37.064  -17.784  63.716 0.0000000000
67026  -37.075  -17.838  62.852 0.0000000000
153508  -37.725  -17.498  63.864 0.0000000000
57255  -32.038  -27.518  63.788 0.0000000000
57256  -32.929  -27.876  63.842 0.0000000000
56268  -38.040  -28.544  66.943 0.0000000000
55307  -37.947  -28.779  66.415 0.0000000000
58277  -32.743  -26.488  65.668 0.0000000000
127466  -32.176  -26.051  65.980 0.0000000000
58290  -31.554  -26.737  64.428 0.0000000000
78583  -53.221  -6.860  44.039 0.0000000000
79460  -53.082  -6.608  43.386 0.0000000000
83546  -54.014  -2.515  41.588 0.0000000000
83545  -53.078  -2.796  41.542 0.0000000000
137898  -52.513  -2.335  40.974 0.0000000000
84455  -53.225  -1.211  40.402 0.0000000000
136033  -53.920  -1.427  40.809 0.0000000000
67108  -36.416  -18.323  56.804 0.0000000000
66076  -35.793  -19.482  56.098 0.0000000000
144600  -41.343  -17.263  51.481 0.0000000000
130129  -41.064  -17.110  50.543 0.0000000000
70162  -41.962  -15.800  51.506 0.0000000000
68207  -44.029  -17.019  54.012 0.0000000000
73405  -46.023  -12.207  54.082 0.0000000000
73404  -45.500  -12.565  53.731 0.0000000000
74522  -44.841  -12.172  53.300 0.0000000000
130075  -45.545  -11.728  53.646 0.0000000000
75584  -45.656  -10.756  53.602 0.0000000000
52981  -21.848  -30.732  72.912 0.0000000000
52980  -21.647  -31.282  72.508 0.0000000000
133656  -21.373  -31.885  72.567 0.0000000000
48450  -15.484  -34.932  78.168 0.0000000000
135080  -40.836  -17.504  59.772 0.0000000000
58274  -28.689  -26.812  65.504 0.0000000000
52915  -20.580  -31.632  77.658 0.0000000000
51730  -20.158  -32.155  78.151 0.0000000000
51745  -19.918  -32.710  77.850 0.0000000000
143937  -35.870  -26.742  62.702 0.0000000000
61632  -35.605  -23.718  64.750 0.0000000000
58265  -33.504  -26.626  66.305 0.0000000000
57231  -34.176  -27.428  65.943 0.0000000000
55304  -35.519  -29.038  66.097 0.0000000000
56281  -38.168  -28.456  65.834 0.0000000000
142715  -37.758  -28.187  64.730 0.0000000000
58217  -34.624  -26.298  69.836 0.0000000000
59287  -33.828  -25.819  69.444 0.0000000000
58249  -33.859  -26.436  67.174 0.0000000000
130346  -46.973  -8.201  45.152 0.0000000000
67154  -37.064  -18.881  54.537 0.0000000000
145958  -40.418  -18.958  51.860 0.0000000000
145041  -41.112  -17.927  51.806 0.0000000000
71124  -46.757  -14.646  55.281 0.0000000000
70130  -46.281  -15.083  54.935 0.0000000000
73396  -47.020  -12.471  54.871 0.0000000000
130218  -25.948  -27.332  70.414 0.0000000000
56222  -25.263  -27.691  70.167 0.0000000000
135580  -24.322  -28.206  70.846 0.0000000000
147561  -24.836  -27.826  70.628 0.0000000000
57169  -24.780  -27.720  71.290 0.0000000000
55269  -22.718  -29.749  71.136 0.0000000000
54152  -22.283  -30.316  71.615 0.0000000000
148937  -22.191  -31.184  70.279 0.0000000000
62826  -37.228  -22.526  67.740 0.0000000000
63971  -37.144  -21.849  67.831 0.0000000000
56234  -36.963  -28.190  69.092 0.0000000000
56245  -37.643  -28.369  68.502 0.0000000000
56257  -37.931  -28.447  67.609 0.0000000000
58234  -38.639  -25.659  69.300 0.0000000000
58251  -38.319  -26.841  67.498 0.0000000000
57222  -38.363  -27.517  67.493 0.0000000000
59321  -38.057  -26.310  67.144 0.0000000000
133069  -37.263  -25.476  66.409 0.0000000000
56224  -37.772  -27.853  70.037 0.0000000000
57192  -36.447  -27.706  69.608 0.0000000000
76606  -44.466  -9.255  51.518 0.0000000000
76624  -43.478  -9.509  50.427 0.0000000000
77571  -44.757  -8.582  51.029 0.0000000000
78520  -45.806  -7.584  49.812 0.0000000000
77595  -44.895  -7.927  48.619 0.0000000000
78530  -45.718  -7.505  48.971 0.0000000000
142984  -48.568  -6.375  50.778 0.0000000000
79404  -48.004  -6.575  50.234 0.0000000000
78542  -48.233  -6.717  47.885 0.0000000000
78537  -47.991  -6.661  48.758 0.0000000000
78541  -47.444  -7.139  47.472 0.0000000000
78540  -46.591  -7.443  47.401 0.0000000000
78546  -47.023  -7.444  46.784 0.0000000000
78558  -47.111  -7.646  45.899 0.0000000000
78547  -47.715  -7.289  46.595 0.0000000000
78559  -48.672  -7.508  45.381 0.0000000000
78569  -49.166  -7.757  44.660 0.0000000000
78570  -50.077  -7.668  44.632 0.0000000000
78562  -51.592  -7.180  45.549 0.0000000000
127508  -51.109  -7.509  44.800 0.0000000000
78572  -52.666  -7.221  44.376 0.0000000000
78564  -52.727  -7.124  45.066 0.0000000000
79449  -53.786  -6.629  45.303 0.0000000000
67049  -35.718  -18.815  59.891 0.0000000000
68125  -37.860  -17.630  59.026 0.0000000000
67081  -37.215  -17.822  58.673 0.0000000000
67094  -36.987  -17.886  58.024 0.0000000000
147378  -37.411  -17.712  57.662 0.0000000000
68116  -39.379  -17.487  59.203 0.0000000000
68140  -39.418  -17.509  57.489 0.0000000000
130836  -38.873  -17.482  57.104 0.0000000000
68155  -37.890  -17.559  57.091 0.0000000000
67132  -39.758  -18.160  55.224 0.0000000000
67156  -39.416  -18.327  54.537 0.0000000000
67135  -42.519  -18.528  55.412 0.0000000000
67160  -43.192  -18.308  54.910 0.0000000000
67137  -44.917  -17.872  56.271 0.0000000000
68174  -45.362  -17.340  55.774 0.0000000000
69109  -46.368  -16.275  55.704 0.0000000000
58214  -29.120  -25.918  69.335 0.0000000000
58213  -28.502  -26.254  69.640 0.0000000000
58200  -28.549  -26.271  70.472 0.0000000000
58227  -27.827  -26.514  69.200 0.0000000000
58260  -28.186  -26.650  66.293 0.0000000000
57218  -26.384  -27.570  67.397 0.0000000000
57219  -27.072  -27.012  67.818 0.0000000000
57205  -26.457  -27.333  68.331 0.0000000000
57188  -25.877  -27.573  68.949 0.0000000000
51704  -15.761  -32.015  80.760 0.0000000000
61691  -34.342  -23.617  60.872 0.0000000000
131783  -34.393  -22.239  62.091 0.0000000000
64031  -34.397  -21.574  61.450 0.0000000000
62861  -35.745  -22.006  65.226 0.0000000000
65069  -35.964  -19.989  65.017 0.0000000000
143873  -35.712  -20.623  64.755 0.0000000000
64006  -35.528  -21.370  64.575 0.0000000000
65075  -35.421  -20.604  63.814 0.0000000000
66018  -35.857  -18.914  61.743 0.0000000000
67035  -36.449  -18.389  62.041 0.0000000000
68074  -37.734  -17.628  62.182 0.0000000000
67036  -37.046  -17.895  61.629 0.0000000000
68084  -38.618  -17.516  61.728 0.0000000000
68060  -39.009  -17.309  63.304 0.0000000000
68061  -39.958  -17.253  63.449 0.0000000000
135439  -40.095  -17.489  61.217 0.0000000000
56289  -33.621  -28.406  64.171 0.0000000000
55335  -33.674  -29.422  63.980 0.0000000000
130581  -31.008  -25.516  69.447 0.0000000000
129234  -32.446  -25.499  68.890 0.0000000000
59306  -31.794  -25.558  67.499 0.0000000000
59318  -31.150  -25.619  66.831 0.0000000000
58262  -30.494  -25.795  66.130 0.0000000000
148004  -30.800  -26.224  65.110 0.0000000000
78591  -51.942  -7.401  42.377 0.0000000000
79478  -51.398  -6.984  41.740 0.0000000000
81509  -52.647  -5.009  42.549 0.0000000000
81516  -51.220  -4.478  41.542 0.0000000000
80499  -51.667  -5.080  41.997 0.0000000000
143828  -50.946  -5.140  41.547 0.0000000000
80497  -50.439  -5.528  41.091 0.0000000000
80505  -50.116  -5.819  40.226 0.0000000000
151445  -50.100  -5.109  40.525 0.0000000000
82565  -50.303  -3.403  39.659 0.0000000000
81526  -50.040  -4.146  39.667 0.0000000000
82570  -50.148  -3.623  38.887 0.0000000000
137006  -50.194  -4.028  38.126 0.0000000000
83559  -50.410  -2.783  38.498 0.0000000000
83562  -50.387  -2.812  37.604 0.0000000000
137967  -51.119  -1.505  38.650 0.0000000000
85316  -53.272  -0.489  39.712 0.0000000000
85322  -53.012  -0.008  38.934 0.0000000000
145510  -53.429  0.501  38.558 0.0000000000
86159  -54.127  0.896  38.787 0.0000000000
50670  -20.258  -33.246  74.405 0.0000000000
142042  -35.223  -19.347  58.739 0.0000000000
66037  -34.724  -19.980  58.945 0.0000000000
66043  -35.042  -19.725  58.148 0.0000000000
132598  -41.431  -14.022  50.122 0.0000000000
71170  -41.734  -13.744  50.817 0.0000000000
67178  -41.543  -18.481  53.997 0.0000000000
67191  -41.900  -18.069  53.381 0.0000000000
69151  -43.155  -16.122  52.789 0.0000000000
69138  -45.233  -15.388  54.022 0.0000000000
71138  -45.231  -14.768  53.837 0.0000000000
70150  -44.009  -14.840  53.034 0.0000000000
71148  -43.388  -14.385  52.562 0.0000000000
71147  -42.728  -14.768  52.097 0.0000000000
153002  -44.215  -12.308  52.842 0.0000000000
132606  -43.701  -11.904  52.433 0.0000000000
73425  -43.035  -12.278  51.981 0.0000000000
74539  -43.875  -11.067  52.301 0.0000000000
75594  -44.113  -10.395  52.160 0.0000000000
143030  -44.475  -10.715  52.672 0.0000000000
76592  -45.295  -9.489  52.778 0.0000000000
76593  -46.012  -9.204  53.253 0.0000000000
77562  -46.312  -8.318  52.753 0.0000000000
54106  -21.549  -30.869  74.388 0.0000000000
51794  -21.030  -32.044  74.359 0.0000000000
51810  -21.134  -32.115  73.426 0.0000000000
51824  -20.738  -32.821  73.200 0.0000000000
50657  -20.000  -33.256  75.756 0.0000000000
49557  -18.458  -34.290  76.484 0.0000000000
150511  -18.989  -33.790  76.531 0.0000000000
50630  -18.753  -33.691  77.322 0.0000000000
50631  -19.440  -33.142  77.909 0.0000000000
48468  -17.360  -35.416  76.306 0.0000000000
49536  -17.005  -34.172  78.312 0.0000000000
49537  -17.356  -33.659  78.957 0.0000000000
50607  -17.578  -33.229  79.703 0.0000000000
50606  -15.087  -33.163  79.725 0.0000000000
50595  -14.957  -32.728  79.680 0.0000000000
51703  -15.251  -32.159  79.938 0.0000000000
49533  -13.886  -34.356  78.777 0.0000000000
59356  -35.911  -26.020  63.994 0.0000000000
57244  -37.673  -27.360  65.281 0.0000000000
58303  -36.938  -27.255  64.110 0.0000000000
58302  -36.238  -26.674  63.598 0.0000000000
57172  -36.111  -27.324  70.370 0.0000000000
76676  -47.874  -8.864  44.018 0.0000000000
66090  -37.843  -19.069  53.897 0.0000000000
66120  -40.020  -19.328  52.111 0.0000000000
56232  -24.653  -28.518  69.019 0.0000000000
55271  -23.886  -28.755  70.342 0.0000000000
54166  -22.905  -29.954  70.203 0.0000000000
128390  -37.270  -24.075  67.259 0.0000000000
62809  -37.519  -22.337  68.356 0.0000000000
56235  -37.583  -28.187  69.322 0.0000000000
59288  -38.443  -25.004  68.997 0.0000000000
146325  -37.982  -25.611  67.498 0.0000000000
60357  -37.668  -24.875  67.431 0.0000000000
77572  -45.381  -8.397  51.533 0.0000000000
77582  -45.945  -7.824  51.160 0.0000000000
78521  -46.352  -7.410  50.441 0.0000000000
79417  -49.360  -6.238  49.561 0.0000000000
79416  -48.606  -6.456  49.401 0.0000000000
130158  -49.309  -6.330  49.023 0.0000000000
79429  -49.055  -6.533  47.864 0.0000000000
78543  -48.838  -6.722  47.205 0.0000000000
130027  -49.288  -7.209  45.942 0.0000000000
78561  -50.346  -7.396  45.256 0.0000000000
78552  -51.921  -6.879  46.134 0.0000000000
68097  -37.447  -17.766  60.281 0.0000000000
68114  -37.866  -17.622  59.691 0.0000000000
68157  -39.610  -17.632  56.726 0.0000000000
68172  -39.256  -17.747  55.810 0.0000000000
85327  -52.062  -0.270  36.649 0.0000000000
85326  -51.535  -0.845  36.414 0.0000000000
86164  -52.446  0.163  35.920 0.0000000000
86168  -53.163  0.675  35.468 0.0000000000
51706  -17.416  -32.322  81.192 0.0000000000
60418  -34.720  -24.710  62.738 0.0000000000
62844  -36.545  -22.414  66.573 0.0000000000
135679  -36.218  -21.063  65.970 0.0000000000
67000  -36.567  -18.568  65.649 0.0000000000
67005  -36.473  -18.535  64.841 0.0000000000
65994  -36.167  -19.212  64.495 0.0000000000
66001  -36.088  -19.088  63.643 0.0000000000
153725  -36.561  -18.290  62.618 0.0000000000
68062  -40.884  -17.293  63.603 0.0000000000
55336  -34.369  -30.090  64.701 0.0000000000
131794  -37.352  -28.578  67.759 0.0000000000
59285  -31.955  -25.471  69.621 0.0000000000
138133  -31.216  -27.296  63.933 0.0000000000
78571  -51.936  -7.634  43.922 0.0000000000
82547  -53.019  -4.074  42.288 0.0000000000
82556  -52.532  -3.542  41.750 0.0000000000
82555  -51.569  -3.721  41.437 0.0000000000
82554  -50.712  -3.974  41.060 0.0000000000
81521  -50.190  -4.429  40.430 0.0000000000
82562  -51.091  -3.212  40.844 0.0000000000
83552  -51.598  -2.390  40.464 0.0000000000
83557  -50.956  -2.182  39.690 0.0000000000
152291  -51.165  -1.698  39.269 0.0000000000
84462  -52.401  -1.102  39.802 0.0000000000
85317  -54.222  -0.154  39.948 0.0000000000
151172  -19.927  -34.228  73.388 0.0000000000
66052  -35.325  -19.556  57.451 0.0000000000
65122  -35.424  -20.040  56.686 0.0000000000
69171  -41.197  -16.317  50.185 0.0000000000
70161  -41.507  -15.523  50.678 0.0000000000
130118  -42.191  -14.262  51.472 0.0000000000
68188  -42.922  -17.984  54.240 0.0000000000
68206  -43.288  -17.321  53.772 0.0000000000
69136  -43.597  -16.561  53.422 0.0000000000
72216  -46.212  -13.515  54.441 0.0000000000
137329  -45.206  -14.097  53.715 0.0000000000
72224  -45.500  -13.413  53.853 0.0000000000
72223  -44.819  -13.619  53.422 0.0000000000
73412  -44.448  -12.968  53.092 0.0000000000
76582  -46.136  -10.051  53.767 0.0000000000
76583  -46.634  -9.440  53.945 0.0000000000
55249  -22.482  -29.585  72.768 0.0000000000
54121  -21.706  -30.756  73.702 0.0000000000
50702  -21.023  -33.162  71.599 0.0000000000
48479  -18.807  -34.643  75.097 0.0000000000
49564  -18.463  -34.634  75.760 0.0000000000
48459  -16.161  -35.443  77.346 0.0000000000
49535  -16.049  -34.301  78.538 0.0000000000
49525  -14.752  -33.787  79.260 0.0000000000
49524  -14.214  -33.927  79.125 0.0000000000
60340  -38.480  -24.211  69.449 0.0000000000
79389  -47.940  -6.718  51.993 0.0000000000
79395  -48.584  -6.343  51.490 0.0000000000
79406  -49.331  -5.986  50.916 0.0000000000
127879  -51.233  -6.192  48.156 0.0000000000
79432  -51.550  -6.377  47.539 0.0000000000
68100  -40.458  -17.495  60.574 0.0000000000
135438  -39.933  -17.485  59.845 0.0000000000
130210  -41.160  -17.583  58.963 0.0000000000
68129  -41.432  -17.822  58.192 0.0000000000
67096  -42.302  -18.374  57.132 0.0000000000
143537  -29.734  -25.906  66.477 0.0000000000
51719  -19.991  -31.962  79.048 0.0000000000
50609  -19.041  -32.944  79.001 0.0000000000
148602  -35.371  -26.170  62.343 0.0000000000
60419  -35.142  -25.271  63.227 0.0000000000
62881  -35.256  -23.048  64.209 0.0000000000
130067  -38.442  -17.256  64.024 0.0000000000
55308  -38.092  -28.661  66.102 0.0000000000
56291  -37.899  -28.538  65.195 0.0000000000
57274  -36.909  -28.218  62.989 0.0000000000
59276  -33.486  -25.600  70.247 0.0000000000
59298  -33.359  -25.893  67.749 0.0000000000
77608  -45.572  -8.477  45.960 0.0000000000
137613  -53.442  -6.070  43.287 0.0000000000
80482  -54.038  -5.748  43.505 0.0000000000
80493  -54.293  -5.069  43.164 0.0000000000
84456  -54.630  -1.260  40.941 0.0000000000
67129  -36.548  -18.934  55.117 0.0000000000
69123  -45.336  -16.332  54.666 0.0000000000
70129  -45.738  -15.060  54.415 0.0000000000
73395  -46.425  -12.693  54.475 0.0000000000
74512  -46.601  -11.932  54.451 0.0000000000
138004  -46.697  -11.115  54.432 0.0000000000
55260  -23.071  -29.083  71.626 0.0000000000
52995  -21.605  -31.683  71.689 0.0000000000
47388  -14.601  -36.028  78.196 0.0000000000
59329  -36.530  -25.365  65.429 0.0000000000
151012  -36.743  -22.909  66.801 0.0000000000
61608  -36.948  -23.354  66.997 0.0000000000
63983  -36.826  -22.076  67.228 0.0000000000
63957  -37.920  -22.192  69.152 0.0000000000
57208  -35.919  -27.672  68.297 0.0000000000
59330  -37.040  -25.819  65.860 0.0000000000
57191  -35.859  -27.327  69.009 0.0000000000
74553  -42.773  -10.904  51.033 0.0000000000
75617  -42.556  -10.562  50.134 0.0000000000
75618  -43.134  -10.123  50.712 0.0000000000
77580  -44.535  -8.462  50.148 0.0000000000
77589  -44.314  -8.400  49.206 0.0000000000
78532  -47.115  -6.905  49.904 0.0000000000
131411  -47.133  -6.921  48.977 0.0000000000
142985  -46.450  -7.241  48.767 0.0000000000
78535  -46.006  -7.439  48.106 0.0000000000
77601  -45.867  -7.703  47.287 0.0000000000
77620  -47.769  -7.848  45.101 0.0000000000
131645  -48.028  -8.283  44.501 0.0000000000
77627  -48.675  -8.349  44.146 0.0000000000
77638  -49.176  -8.743  43.536 0.0000000000
138601  -49.989  -8.490  43.436 0.0000000000
79439  -52.690  -6.719  46.397 0.0000000000
79448  -53.105  -6.884  45.583 0.0000000000
79452  -53.811  -6.493  44.492 0.0000000000
79462  -54.473  -6.002  44.165 0.0000000000
66024  -35.204  -19.399  60.312 0.0000000000
66023  -34.704  -19.941  59.827 0.0000000000
67079  -35.669  -18.825  59.037 0.0000000000
134578  -36.270  -18.352  57.622 0.0000000000
68126  -38.653  -17.510  58.674 0.0000000000
67109  -37.012  -17.924  56.370 0.0000000000
140246  -37.987  -17.857  55.264 0.0000000000
67176  -39.671  -18.684  53.724 0.0000000000
153330  -40.446  -18.787  53.257 0.0000000000
127923  -41.948  -18.509  54.713 0.0000000000
68189  -44.331  -17.361  54.739 0.0000000000
67114  -43.714  -18.486  56.493 0.0000000000
129497  -44.207  -18.251  55.963 0.0000000000
68190  -45.041  -17.027  55.037 0.0000000000
70118  -46.590  -15.449  55.480 0.0000000000
58245  -28.519  -26.262  67.863 0.0000000000
58244  -27.788  -26.568  68.279 0.0000000000
57190  -27.160  -26.784  69.737 0.0000000000
57189  -26.351  -27.238  69.764 0.0000000000
56253  -25.184  -28.619  67.650 0.0000000000
86970  -54.332  1.581  35.769 0.0000000000
86969  -53.786  1.106  35.100 0.0000000000
138313  -34.258  -22.966  61.450 0.0000000000
62932  -34.294  -22.772  60.512 0.0000000000
65088  -34.431  -20.871  60.863 0.0000000000
65085  -34.822  -20.228  61.503 0.0000000000
60395  -36.114  -24.490  65.278 0.0000000000
63995  -35.842  -21.264  65.348 0.0000000000
135812  -35.280  -20.263  62.951 0.0000000000
65079  -34.914  -20.515  62.323 0.0000000000
143632  -37.030  -17.931  60.925 0.0000000000
68077  -40.487  -17.426  62.871 0.0000000000
132981  -39.289  -17.470  62.077 0.0000000000
68085  -39.402  -17.489  61.439 0.0000000000
58215  -30.527  -25.559  70.116 0.0000000000
152248  -30.303  -25.577  69.466 0.0000000000
59286  -32.942  -25.511  69.521 0.0000000000
58275  -29.670  -26.290  65.531 0.0000000000
77652  -51.591  -8.095  42.245 0.0000000000
77659  -51.171  -8.397  41.213 0.0000000000
136032  -52.825  -6.095  42.847 0.0000000000
79477  -50.571  -6.384  41.064 0.0000000000
79488  -50.438  -6.511  39.751 0.0000000000
150805  -50.219  -5.990  39.622 0.0000000000
80510  -50.082  -5.458  39.428 0.0000000000
80517  -50.395  -5.347  38.617 0.0000000000
84470  -50.642  -1.988  37.265 0.0000000000
84467  -51.715  -0.879  38.493 0.0000000000
85320  -51.797  -0.639  37.856 0.0000000000
85324  -52.246  -0.177  37.468 0.0000000000
86158  -52.961  0.446  37.863 0.0000000000
136935  -53.723  1.057  38.009 0.0000000000
86957  -54.554  1.541  38.169 0.0000000000
51774  -20.493  -32.616  75.498 0.0000000000
50669  -19.832  -33.600  74.915 0.0000000000
49574  -19.395  -34.268  74.613 0.0000000000
49584  -19.515  -34.635  73.775 0.0000000000
142818  -34.529  -20.751  58.822 0.0000000000
73444  -41.884  -12.315  50.497 0.0000000000
67190  -41.509  -17.950  52.647 0.0000000000
68241  -41.866  -16.845  52.026 0.0000000000
69165  -42.135  -16.247  51.869 0.0000000000
133309  -44.999  -15.978  54.062 0.0000000000
70139  -43.840  -15.727  53.198 0.0000000000
72230  -43.380  -13.638  52.456 0.0000000000
72238  -42.327  -13.463  51.480 0.0000000000
73424  -42.392  -12.654  51.383 0.0000000000
74552  -42.516  -11.786  51.227 0.0000000000
137198  -43.554  -10.486  51.601 0.0000000000
75600  -44.094  -9.926  51.778 0.0000000000
75595  -45.036  -10.280  53.062 0.0000000000
76607  -45.060  -9.097  52.034 0.0000000000
75570  -46.704  -10.275  54.298 0.0000000000
50644  -19.430  -33.593  76.190 0.0000000000
50632  -19.862  -33.019  77.351 0.0000000000
49556  -17.752  -34.712  76.723 0.0000000000
49547  -17.425  -34.459  77.480 0.0000000000
50608  -18.394  -33.022  79.657 0.0000000000
50598  -16.798  -32.777  80.468 0.0000000000
132969  -15.864  -33.014  80.081 0.0000000000
50597  -15.994  -32.491  80.600 0.0000000000
48448  -13.966  -35.248  78.624 0.0000000000
65061  -36.223  -20.229  65.791 0.0000000000
83551  -50.718  -2.870  40.107 0.0000000000
83556  -50.475  -2.805  39.299 0.0000000000
84454  -51.667  -1.671  39.825 0.0000000000
84461  -51.692  -1.198  39.203 0.0000000000
84465  -50.636  -2.037  38.135 0.0000000000
86153  -54.543  0.542  39.525 0.0000000000
86162  -53.404  0.992  37.180 0.0000000000
86167  -52.587  0.091  34.957 0.0000000000
130906  -47.508  -6.890  48.256 0.0000000000
132129  -23.221  -28.528  72.954 0.0000000000
137367  -53.281  -3.424  42.001 0.0000000000
151987  -52.951  0.211  38.432 0.0000000000
152637  -50.282  -3.371  38.133 0.0000000000
