#!ascii label  , from subject sub-v2s3x28845_ses-1 vox2ras=TkReg
1717
27977  -35.953  -58.273  -0.617 0.5000000000
28964  -36.141  -57.368  -0.564 0.4000000060
29912  -36.159  -56.380  -0.546 0.6000000238
30818  -34.330  -55.562  -0.985 0.6000000238
29911  -34.950  -56.900  -0.836 0.5000000000
31682  -34.142  -55.054  -1.375 0.6000000238
30820  -36.689  -55.673  -0.445 0.6999999881
29913  -37.173  -56.137  -0.326 0.6999999881
30819  -35.457  -55.429  -0.622 0.6999999881
145305  -34.895  -56.131  -0.776 0.6999999881
147721  -34.042  -54.386  -1.118 0.6999999881
32508  -34.397  -53.394  -1.516 0.5000000000
32507  -33.847  -53.814  -1.053 0.6999999881
30833  -34.137  -55.477  -1.733 0.5000000000
26981  -34.002  -59.375  5.503 0.5000000000
31676  -36.676  -54.938  -0.427 0.6999999881
31675  -35.522  -54.456  -0.539 0.6999999881
31674  -34.407  -54.838  -0.868 0.6999999881
32498  -35.552  -53.598  -0.371 0.6999999881
32497  -34.351  -53.976  -0.718 0.6999999881
148715  -34.410  -53.239  -0.553 0.6999999881
33349  -34.304  -52.784  -1.334 0.6000000238
135871  -39.259  -54.926  3.029 0.6999999881
31651  -38.819  -54.525  2.322 0.6999999881
30804  -37.412  -55.492  -0.148 0.6999999881
31665  -37.521  -54.640  0.111 0.6999999881
27908  -33.716  -58.798  4.878 0.6000000238
26120  -32.970  -60.007  4.853 0.4000000060
32499  -36.716  -54.069  -0.286 0.6999999881
32496  -33.735  -53.352  -0.973 0.6999999881
137024  -33.987  -52.325  -0.957 0.6999999881
34183  -34.187  -51.593  -0.556 0.6999999881
128770  -35.063  -52.266  -1.474 0.6000000238
31628  -39.440  -54.148  4.142 0.6999999881
31639  -39.341  -54.317  3.481 0.6999999881
31657  -38.459  -54.035  1.706 0.6999999881
31652  -39.141  -54.090  2.902 0.6999999881
32460  -39.340  -53.552  3.533 0.6999999881
28898  -35.228  -57.175  6.048 0.6000000238
32488  -37.508  -53.734  0.397 0.6999999881
32489  -38.101  -53.483  1.141 0.6999999881
148190  -38.755  -53.845  2.348 0.6999999881
32471  -39.000  -53.327  2.738 0.6999999881
151198  -32.836  -58.620  4.073 0.5000000000
152712  -33.234  -58.941  4.476 0.5000000000
33344  -35.229  -52.804  -0.128 0.6999999881
33315  -38.828  -52.524  2.526 0.6999999881
26991  -32.756  -59.471  4.310 0.4000000060
33343  -34.134  -52.596  -0.554 0.6999999881
32487  -36.610  -53.088  0.129 0.6999999881
151371  -38.115  -52.769  1.306 0.6999999881
33325  -38.402  -52.279  1.785 0.6999999881
26131  -31.454  -60.315  3.411 0.4000000060
33334  -35.982  -52.288  0.370 0.6999999881
33324  -37.743  -52.071  1.072 0.6999999881
34166  -38.239  -51.476  1.667 0.6999999881
152136  -33.715  -52.792  -0.902 0.6999999881
33332  -34.156  -51.928  -0.301 0.6999999881
35010  -36.453  -50.867  0.712 0.6999999881
34165  -37.510  -51.169  1.118 0.6999999881
35027  -34.509  -50.895  -0.807 0.6999999881
139044  -35.813  -50.310  0.620 0.6999999881
35028  -35.786  -50.967  -1.103 0.6000000238
141205  -34.343  -50.163  -0.757 0.6999999881
35026  -34.071  -50.611  -0.327 0.6999999881
37968  -37.320  -47.741  -1.612 0.5000000000
36976  -37.196  -48.698  -1.216 0.5000000000
36965  -38.989  -49.014  -0.642 0.4000000060
36977  -38.540  -48.484  -0.867 0.5000000000
33304  -39.420  -52.846  3.933 0.6999999881
30735  -34.499  -55.703  5.428 0.6000000238
32479  -37.578  -52.904  0.733 0.6999999881
27921  -33.886  -58.159  4.798 0.5000000000
34157  -38.712  -51.721  2.338 0.6999999881
34172  -34.363  -51.470  0.149 0.6999999881
34173  -35.525  -51.582  0.467 0.6999999881
34171  -34.082  -51.325  -0.264 0.6999999881
135928  -34.805  -50.224  0.410 0.6999999881
37982  -36.034  -46.894  -2.248 0.6999999881
35947  -35.311  -50.191  -1.024 0.6999999881
36975  -36.352  -48.217  -1.578 0.6999999881
146519  -35.359  -48.580  -1.517 0.6999999881
143264  -36.454  -47.451  -1.908 0.6999999881
129918  -38.253  -54.026  7.697 0.6999999881
32400  -39.168  -53.200  7.252 0.6999999881
139805  -39.334  -52.565  7.067 0.8000000119
33263  -39.490  -52.261  6.569 0.8000000119
130298  -37.307  -54.097  7.710 0.6000000238
32398  -37.698  -53.292  7.866 0.6000000238
32399  -38.538  -53.239  7.645 0.6000000238
33277  -39.590  -52.369  5.803 0.8000000119
31580  -36.292  -54.191  7.391 0.6000000238
32396  -35.716  -53.430  7.074 0.6000000238
34147  -39.409  -52.112  3.833 0.6999999881
30736  -35.261  -55.661  6.227 0.6000000238
31579  -35.495  -54.229  6.694 0.6000000238
29857  -34.283  -56.413  5.100 0.6000000238
31610  -34.678  -54.973  5.709 0.6000000238
34158  -39.162  -51.898  3.034 0.6999999881
28910  -33.614  -57.470  4.518 0.5000000000
29856  -33.644  -56.455  4.583 0.6000000238
34977  -39.433  -51.159  3.648 0.6999999881
35007  -33.931  -50.605  -0.096 0.6999999881
34999  -37.358  -50.462  1.075 0.6999999881
36974  -34.389  -48.369  -1.414 0.8000000119
35946  -34.618  -49.353  -1.173 0.6999999881
35008  -34.102  -50.811  0.127 0.6999999881
35931  -36.732  -50.032  0.818 0.6999999881
37981  -34.904  -46.884  -2.205 0.8000000119
35017  -33.970  -50.029  -0.296 0.6999999881
35928  -33.977  -49.487  -0.142 0.6999999881
38872  -37.811  -47.093  -1.836 0.5000000000
37970  -39.365  -47.337  -1.219 0.5000000000
38874  -39.572  -46.478  -1.589 0.5000000000
37971  -40.224  -47.796  -0.919 0.4000000060
33245  -38.083  -52.444  8.038 0.6000000238
33246  -38.896  -52.509  7.553 0.6999999881
33247  -39.309  -51.822  7.178 0.8000000119
32397  -36.668  -53.350  7.631 0.6000000238
34116  -39.580  -51.571  6.205 0.8000000119
127557  -39.646  -51.089  5.376 0.8000000119
34963  -39.657  -50.708  4.548 0.8000000119
149629  -34.311  -54.407  5.487 0.6000000238
28923  -33.015  -56.886  4.159 0.6000000238
30750  -33.966  -55.800  4.902 0.6000000238
31627  -34.006  -54.992  5.093 0.6000000238
142101  -39.367  -50.382  3.132 0.6999999881
27933  -32.306  -58.168  3.653 0.5000000000
34989  -38.856  -50.278  2.348 0.6999999881
35909  -39.325  -49.742  2.799 0.6999999881
27932  -31.622  -58.606  3.297 0.5000000000
28922  -32.287  -57.163  3.657 0.5000000000
35920  -38.453  -49.784  1.760 0.6999999881
35000  -38.159  -50.564  1.608 0.6999999881
37966  -34.226  -47.469  -1.645 0.8000000119
134443  -33.859  -48.945  -1.020 0.8000000119
137656  -34.007  -50.180  0.066 0.6999999881
35929  -34.585  -49.485  0.291 0.6999999881
35930  -35.863  -49.526  0.598 0.6999999881
141373  -33.926  -49.304  -0.641 0.6999999881
37969  -38.381  -47.698  -1.315 0.5000000000
33244  -37.060  -52.519  7.921 0.6999999881
34080  -37.892  -51.554  8.221 0.6999999881
151080  -37.521  -52.067  8.107 0.6999999881
34082  -39.071  -51.071  7.615 0.8000000119
34099  -39.471  -50.953  6.927 0.8000000119
33243  -35.991  -52.538  7.419 0.6999999881
148765  -38.543  -51.118  8.050 0.8000000119
34927  -39.602  -50.175  6.581 0.8000000119
32418  -34.952  -53.544  6.298 0.6000000238
35878  -39.811  -49.903  4.464 0.6999999881
29855  -33.047  -56.121  4.282 0.6000000238
30749  -33.411  -55.466  4.545 0.6000000238
127344  -39.502  -49.131  2.916 0.8000000119
35892  -39.647  -49.610  3.557 0.6999999881
29868  -32.523  -56.263  3.876 0.6000000238
36926  -39.467  -48.459  2.593 0.8000000119
27945  -30.977  -58.150  2.814 0.4000000060
35919  -37.682  -49.718  1.235 0.6999999881
35908  -39.000  -49.263  2.219 0.6999999881
128553  -29.400  -59.724  1.582 0.4000000060
36939  -37.611  -48.753  0.982 0.6999999881
143504  -38.363  -49.046  1.533 0.6999999881
36973  -33.750  -48.065  -1.186 0.8000000119
36951  -33.863  -48.775  -0.492 0.8000000119
147365  -36.950  -49.346  0.801 0.6999999881
36953  -35.389  -48.674  0.409 0.6999999881
38886  -35.675  -46.198  -2.495 0.8000000119
38887  -36.514  -46.292  -2.462 0.6999999881
37983  -37.045  -46.853  -2.183 0.5000000000
38873  -38.585  -46.824  -1.677 0.5000000000
38875  -40.574  -46.584  -1.463 0.4000000060
128310  -37.226  -50.903  8.208 0.6000000238
34908  -38.102  -50.703  8.317 0.6999999881
34910  -39.295  -50.283  7.461 0.8000000119
35820  -39.514  -49.478  7.156 0.8000000119
33262  -35.154  -52.710  6.555 0.6999999881
35858  -40.058  -49.311  5.149 0.8000000119
33276  -34.467  -52.901  5.841 0.6000000238
35839  -39.837  -49.401  6.158 0.8000000119
32434  -33.826  -53.217  5.294 0.6000000238
36897  -40.230  -48.557  4.712 0.8000000119
36896  -39.988  -49.194  4.282 0.8000000119
30748  -32.719  -55.500  4.136 0.6000000238
141021  -32.953  -54.876  4.341 0.6000000238
36913  -39.935  -48.547  3.600 0.8000000119
36940  -38.278  -48.382  1.300 0.8000000119
36941  -38.918  -48.301  1.814 0.8000000119
134921  -31.530  -56.958  3.262 0.5000000000
38850  -37.390  -46.586  0.413 0.8000000119
37928  -37.931  -48.039  0.946 0.6999999881
28934  -30.322  -57.689  2.313 0.4000000060
140844  -34.542  -46.125  -2.338 0.8000000119
36963  -33.589  -47.758  -1.040 0.8000000119
37954  -33.661  -47.541  -0.825 0.8000000119
37941  -34.902  -47.958  0.104 0.8000000119
36954  -36.592  -48.669  0.629 0.6999999881
39731  -35.376  -45.438  -2.652 0.8000000119
37940  -34.060  -48.124  -0.376 0.8000000119
37955  -34.347  -47.342  -0.423 0.8000000119
133273  -35.978  -44.759  -3.030 0.8000000119
39706  -33.449  -46.067  -1.306 0.8000000119
39733  -37.925  -45.662  -2.375 0.6000000238
146454  -37.231  -45.344  -2.659 0.6000000238
38889  -38.670  -46.044  -1.999 0.5000000000
132945  -36.324  -50.976  7.697 0.6000000238
34909  -38.808  -50.446  8.029 0.6999999881
134392  -35.343  -51.875  6.785 0.6000000238
35819  -39.049  -49.536  7.994 0.6999999881
36855  -39.740  -48.707  6.740 0.6999999881
33261  -34.608  -52.041  6.144 0.6000000238
34079  -35.509  -51.050  7.031 0.6000000238
34906  -35.763  -50.227  7.389 0.6000000238
33275  -33.902  -52.188  5.457 0.6000000238
36876  -40.114  -48.521  5.772 0.8000000119
32448  -33.336  -53.660  4.774 0.6000000238
31638  -32.330  -54.724  3.931 0.5000000000
37890  -40.322  -47.848  4.229 0.8000000119
30762  -31.378  -55.561  3.289 0.3000000119
37919  -39.577  -47.069  2.360 0.8000000119
37906  -39.866  -47.677  3.020 0.8000000119
37929  -38.461  -47.725  1.288 0.8000000119
37930  -39.096  -47.401  1.745 0.8000000119
39697  -36.914  -45.898  -0.094 0.8000000119
38871  -33.578  -46.384  -1.555 0.8000000119
38848  -35.416  -47.109  -0.107 0.8000000119
142909  -37.058  -47.282  0.474 0.8000000119
37943  -37.260  -47.973  0.658 0.6999999881
38861  -34.627  -46.487  -0.517 0.8000000119
39707  -33.856  -45.868  -0.833 0.8000000119
39732  -36.429  -45.514  -2.727 0.6999999881
40623  -38.663  -44.432  -2.288 0.6000000238
39736  -40.685  -45.326  -2.189 0.3000000119
35802  -36.911  -49.668  8.263 0.6000000238
35803  -37.597  -49.426  8.409 0.6999999881
36838  -38.951  -48.687  8.109 0.6999999881
37845  -39.596  -48.021  7.154 0.6999999881
149422  -30.610  -50.766  3.378 0.5000000000
34098  -34.821  -51.216  6.398 0.6000000238
36856  -39.913  -48.086  6.473 0.6999999881
32447  -32.723  -53.260  4.451 0.5000000000
34115  -34.283  -51.336  5.804 0.6000000238
140684  -40.364  -47.075  5.609 0.6999999881
31636  -30.826  -53.926  3.192 0.3000000119
37872  -40.349  -47.799  5.170 0.8000000119
38816  -40.386  -46.418  3.759 0.8000000119
37907  -40.283  -47.267  3.701 0.8000000119
38837  -38.641  -46.906  1.227 0.8999999762
39687  -39.403  -45.666  1.792 0.8999999762
38828  -39.727  -46.235  2.415 0.8000000119
38829  -40.219  -45.955  3.063 0.8000000119
29879  -30.966  -56.321  2.911 0.4000000060
141186  -37.734  -45.898  0.363 0.8999999762
38851  -38.226  -46.367  0.721 0.8999999762
38838  -39.268  -46.553  1.746 0.8999999762
39730  -34.232  -45.380  -2.316 0.8000000119
38885  -33.590  -45.989  -2.019 0.8000000119
37942  -36.157  -47.764  0.397 0.8000000119
40620  -35.023  -44.713  -2.698 0.8000000119
145051  -36.242  -44.144  -3.116 0.6999999881
41544  -37.733  -44.111  -2.529 0.6000000238
41546  -39.513  -43.854  -2.136 0.6000000238
39735  -39.796  -45.226  -2.165 0.6000000238
35818  -36.200  -49.389  7.755 0.6000000238
149647  -36.883  -49.126  8.290 0.6000000238
36825  -38.437  -48.074  8.365 0.6999999881
34926  -35.015  -50.275  6.552 0.6000000238
37831  -39.147  -47.874  7.902 0.6999999881
134569  -39.521  -47.235  7.345 0.8000000119
33289  -32.622  -52.344  4.527 0.6000000238
34133  -33.183  -51.808  4.989 0.5000000000
34945  -34.110  -50.627  5.652 0.6000000238
37855  -39.880  -47.482  6.679 0.6999999881
131096  -40.423  -45.698  5.529 0.8000000119
32458  -31.473  -53.398  3.599 0.4000000060
38782  -40.440  -46.415  5.307 0.6999999881
31637  -31.617  -54.264  3.570 0.4000000060
38801  -40.455  -46.981  4.626 0.8000000119
39686  -38.973  -45.122  1.215 0.8000000119
39680  -40.263  -45.265  3.112 0.8000000119
39710  -36.930  -45.098  -0.382 0.8999999762
40587  -38.484  -44.677  0.640 0.8000000119
39679  -39.858  -45.405  2.507 0.8000000119
39698  -37.703  -45.120  0.122 0.8000000119
39719  -33.622  -45.388  -1.376 0.8000000119
148666  -34.411  -44.643  -1.168 0.8000000119
38849  -36.463  -46.814  0.168 0.6999999881
40619  -33.896  -44.648  -2.228 0.8000000119
38862  -35.796  -46.234  -0.338 0.8000000119
39708  -34.925  -45.659  -0.635 0.8000000119
41559  -36.010  -43.517  -3.271 0.8000000119
40618  -33.403  -44.469  -1.877 0.8000000119
140193  -37.683  -43.260  -2.396 0.6999999881
41545  -38.553  -43.647  -2.122 0.6999999881
43606  -39.601  -41.458  -1.567 0.6000000238
42570  -40.043  -42.090  -1.772 0.6000000238
42587  -40.602  -42.633  -2.491 0.6000000238
35838  -35.422  -49.391  6.964 0.6000000238
37830  -38.111  -47.181  8.498 0.8000000119
147560  -38.737  -47.311  8.250 0.6999999881
35891  -31.258  -49.525  3.666 0.5000000000
34944  -33.908  -49.914  5.507 0.5000000000
38767  -39.882  -46.769  6.791 0.8000000119
142188  -40.167  -47.089  6.264 0.6999999881
34961  -32.475  -50.363  4.572 0.5000000000
148999  -33.620  -50.532  5.355 0.5000000000
38759  -39.512  -46.321  7.455 0.8000000119
39626  -40.200  -45.415  6.399 0.8000000119
34131  -31.813  -51.002  4.212 0.5000000000
38768  -40.261  -46.375  6.128 0.8000000119
39634  -40.491  -45.084  4.978 0.8000000119
140161  -40.505  -43.813  4.714 0.8000000119
39652  -40.480  -45.903  4.561 0.8000000119
137203  -40.413  -44.694  3.605 0.8000000119
137241  -40.487  -45.152  4.233 0.8000000119
40578  -39.518  -44.655  1.895 0.8000000119
40569  -40.106  -44.627  2.756 0.8000000119
41529  -33.364  -43.928  -1.834 0.8000000119
40597  -36.379  -44.513  -0.725 0.8000000119
40596  -35.259  -44.157  -1.176 0.8999999762
41558  -35.259  -43.407  -3.091 0.8000000119
41542  -33.465  -43.925  -2.116 0.8000000119
41543  -36.769  -43.634  -2.890 0.6999999881
42583  -36.255  -42.869  -3.170 0.6999999881
42569  -39.226  -42.327  -1.600 0.6999999881
42584  -36.929  -42.710  -2.721 0.6999999881
42585  -37.731  -42.422  -2.197 0.6999999881
43620  -37.922  -41.606  -1.932 0.6999999881
43605  -38.782  -41.517  -1.558 0.6999999881
38758  -36.389  -46.969  7.996 0.8000000119
37844  -36.822  -47.760  8.277 0.6000000238
37829  -37.221  -47.058  8.431 0.6000000238
38813  -30.856  -45.064  2.508 0.6000000238
37905  -31.773  -46.975  3.575 0.5000000000
36854  -35.156  -48.592  6.602 0.6000000238
37854  -35.420  -47.786  6.850 0.6000000238
38746  -39.138  -46.178  8.062 0.8000000119
38797  -29.878  -45.578  3.599 0.6000000238
39678  -29.973  -44.669  2.565 0.6000000238
38814  -31.756  -45.855  3.329 0.6000000238
37889  -33.357  -47.289  4.761 0.5000000000
35856  -33.671  -49.116  5.337 0.5000000000
39632  -32.295  -45.309  5.465 0.5000000000
38798  -30.773  -45.756  4.425 0.5000000000
40555  -29.962  -43.819  3.118 0.6000000238
130941  -31.624  -44.340  3.114 0.6000000238
140421  -32.430  -48.801  4.435 0.5000000000
36874  -33.491  -48.226  5.119 0.5000000000
40523  -39.975  -44.704  6.989 0.8000000119
40524  -40.301  -44.508  6.242 0.8000000119
39631  -31.596  -44.071  4.393 0.5000000000
35877  -33.228  -49.910  5.067 0.5000000000
39622  -33.457  -45.930  6.738 0.4000000060
40531  -40.466  -44.286  5.363 0.6999999881
40568  -39.831  -43.806  2.384 0.8000000119
137775  -40.483  -43.842  3.988 0.6999999881
41504  -37.839  -43.443  -0.160 0.8000000119
138024  -38.572  -43.962  0.642 0.8000000119
131430  -40.323  -43.832  3.167 0.8000000119
41496  -39.354  -43.693  1.639 0.8000000119
135696  -39.229  -43.027  1.507 0.8000000119
42597  -33.699  -42.562  -2.548 0.8999999762
141337  -33.224  -43.670  -1.921 0.8999999762
41530  -34.140  -44.042  -1.479 0.8000000119
41518  -37.234  -43.884  -0.530 0.8000000119
41531  -35.043  -43.204  -1.399 0.8000000119
42599  -35.661  -42.809  -3.273 0.8000000119
43618  -36.390  -42.074  -2.972 0.6999999881
135955  -36.103  -46.165  7.772 0.8000000119
38744  -37.697  -46.386  8.539 0.8000000119
39604  -38.131  -45.645  8.630 0.8000000119
40558  -32.187  -43.729  3.492 0.6000000238
37853  -34.951  -47.058  6.314 0.6000000238
145813  -35.651  -46.831  7.195 0.6000000238
38745  -38.615  -46.467  8.369 0.8000000119
40506  -39.160  -44.873  8.360 0.8000000119
39649  -30.780  -44.322  3.754 0.5000000000
39665  -30.594  -44.023  2.819 0.6000000238
132501  -33.234  -45.561  4.329 0.6000000238
39616  -39.360  -45.559  7.911 0.8000000119
40514  -39.580  -44.827  7.733 0.8000000119
41446  -40.106  -43.800  6.839 0.6999999881
41463  -31.489  -43.622  3.527 0.5000000000
132609  -34.266  -46.037  5.268 0.6000000238
139280  -34.874  -47.939  6.348 0.6000000238
39621  -33.079  -45.262  6.116 0.4000000060
40528  -32.066  -43.420  4.525 0.4000000060
40542  -31.738  -43.278  3.887 0.4000000060
41465  -32.718  -42.670  4.257 0.4000000060
143253  -40.376  -43.806  6.030 0.6999999881
40529  -32.535  -43.346  5.326 0.4000000060
42483  -32.599  -42.204  4.683 0.4000000060
40530  -34.330  -43.706  4.988 0.4000000060
43511  -32.940  -41.277  5.143 0.4000000060
42477  -34.377  -42.078  5.738 0.5000000000
41478  -40.408  -43.091  3.669 0.6999999881
42475  -32.715  -41.597  5.607 0.3000000119
43505  -33.918  -41.234  5.985 0.5000000000
41452  -34.264  -42.817  5.078 0.5000000000
41505  -38.344  -43.402  0.359 0.8000000119
41495  -38.876  -43.375  0.996 0.8000000119
41487  -39.574  -43.037  2.090 0.8000000119
42507  -40.291  -42.353  3.506 0.8000000119
42517  -39.701  -42.299  2.455 0.8000000119
42582  -32.835  -42.386  -2.025 0.8000000119
150232  -33.046  -42.887  -1.900 1.0000000000
42554  -35.561  -42.064  -1.333 0.8000000119
41517  -36.288  -43.610  -1.028 0.8000000119
42539  -37.993  -42.799  0.018 0.8000000119
42540  -38.513  -42.699  0.612 0.8000000119
42566  -32.751  -42.196  -1.956 1.0000000000
143618  -37.543  -42.299  -0.259 0.8000000119
42598  -34.800  -42.672  -3.069 0.8000000119
140459  -33.839  -42.353  -1.535 0.8000000119
42555  -36.742  -42.182  -0.736 0.8000000119
43631  -35.274  -42.034  -3.302 0.8999999762
44576  -36.587  -41.165  -2.805 0.6999999881
43619  -37.141  -41.823  -2.498 0.6999999881
44578  -38.305  -40.781  -1.750 0.6999999881
44568  -39.163  -40.748  -1.531 0.6999999881
44569  -39.933  -40.713  -1.596 0.6999999881
43621  -40.808  -41.205  -2.285 0.6000000238
45387  -40.307  -40.065  -1.778 0.6999999881
140107  -38.778  -40.118  -1.692 0.6999999881
44590  -41.557  -40.334  -3.537 0.6000000238
44579  -40.888  -40.414  -2.278 0.6000000238
39603  -37.233  -45.619  8.535 0.8000000119
39650  -32.602  -44.701  3.681 0.5000000000
39614  -35.440  -45.348  6.782 0.8000000119
40513  -36.144  -44.653  8.101 0.8000000119
39602  -36.462  -45.518  8.179 0.8000000119
40505  -38.467  -44.898  8.714 0.8000000119
40557  -31.345  -43.637  3.175 0.5000000000
39651  -33.132  -44.466  4.099 0.6000000238
40521  -34.608  -44.528  5.488 0.5000000000
38757  -35.647  -45.981  7.185 0.8000000119
136910  -39.409  -44.108  8.233 0.6999999881
41464  -32.329  -42.938  4.231 0.4000000060
41466  -33.640  -43.176  4.469 0.5000000000
40512  -35.588  -44.602  7.205 0.6999999881
38766  -34.706  -46.131  5.841 0.6999999881
134873  -39.768  -44.154  7.490 0.6999999881
41439  -40.111  -42.981  7.014 0.6999999881
149143  -32.641  -41.701  5.004 0.3000000119
41447  -40.336  -43.105  6.275 0.6999999881
42479  -40.459  -42.467  5.739 0.6999999881
138525  -40.496  -41.806  5.284 0.6999999881
43498  -34.259  -40.993  6.754 0.5000000000
137072  -40.459  -41.790  4.517 0.6999999881
44471  -33.066  -40.897  5.600 0.4000000060
42527  -39.318  -42.408  1.781 0.8000000119
135063  -40.372  -41.860  3.924 0.6999999881
43573  -38.614  -42.057  0.896 0.8000000119
43572  -38.078  -41.950  0.328 0.8000000119
44526  -38.321  -40.262  1.489 0.6999999881
43604  -34.532  -41.337  -1.435 0.8000000119
43630  -34.272  -41.869  -2.990 0.8999999762
43616  -32.636  -41.507  -2.036 0.8999999762
43601  -32.651  -41.604  -1.967 0.8000000119
150826  -32.777  -40.938  -1.780 0.8000000119
44552  -34.993  -40.355  -1.281 0.8000000119
153850  -35.440  -40.781  -3.353 0.8999999762
151227  -34.249  -40.506  -3.254 0.8000000119
138745  -35.817  -41.440  -3.287 0.8999999762
45395  -36.932  -40.234  -2.652 0.8000000119
42600  -41.286  -42.579  -3.398 0.4000000060
44577  -37.448  -40.918  -2.301 0.8000000119
140040  -37.921  -39.937  -2.154 0.6999999881
45386  -39.548  -40.008  -1.633 0.6999999881
45418  -42.023  -39.298  -4.635 0.5000000000
40503  -36.947  -44.245  8.759 0.6999999881
40504  -37.614  -44.936  8.751 0.8000000119
41429  -36.169  -43.764  8.323 0.6999999881
41431  -38.279  -43.399  9.213 0.6999999881
42484  -33.126  -41.703  4.755 0.4000000060
42462  -35.779  -42.375  8.376 0.6000000238
41430  -37.442  -43.487  9.209 0.6999999881
41438  -39.782  -43.315  7.790 0.6999999881
42472  -39.988  -42.410  7.518 0.6999999881
43501  -40.157  -41.611  7.328 0.6999999881
42473  -40.311  -42.256  6.647 0.6999999881
43487  -35.366  -41.561  8.261 0.5000000000
140876  -40.471  -41.819  5.987 0.6999999881
43486  -34.611  -40.934  7.710 0.4000000060
43518  -40.460  -41.088  4.906 0.6999999881
45246  -33.881  -39.609  8.878 0.3000000119
44446  -34.161  -40.295  8.140 0.3000000119
44447  -35.048  -40.785  8.640 0.5000000000
44538  -38.417  -41.197  1.029 0.6999999881
43543  -39.783  -41.608  2.848 0.6999999881
44482  -40.315  -40.296  4.586 0.6999999881
44423  -34.699  -40.181  8.992 0.4000000060
44527  -38.942  -40.847  1.922 0.6999999881
43529  -40.141  -41.669  3.451 0.6999999881
136430  -39.475  -40.940  2.659 0.6999999881
147855  -37.964  -40.451  0.900 0.6999999881
145855  -33.627  -40.684  -1.540 0.8000000119
43585  -35.599  -41.088  -1.199 0.8000000119
43586  -36.419  -41.327  -0.739 0.8000000119
44554  -36.968  -40.669  -0.172 0.8000000119
44553  -36.102  -40.439  -0.711 0.8000000119
44575  -32.671  -40.509  -2.150 0.8000000119
45407  -34.880  -40.076  -3.445 0.8000000119
44587  -33.690  -39.969  -3.187 0.8000000119
43629  -33.508  -40.905  -2.762 0.8999999762
44589  -36.014  -40.422  -3.207 0.8999999762
45409  -36.511  -39.529  -3.080 0.8000000119
45396  -37.989  -39.007  -2.533 0.8000000119
45399  -40.821  -39.465  -2.311 0.6999999881
45400  -41.387  -39.497  -3.110 0.6000000238
46324  -38.741  -38.446  -2.521 0.6999999881
147058  -39.517  -38.657  -2.215 0.6999999881
46340  -38.539  -37.623  -3.116 0.6999999881
129024  -37.973  -44.223  9.126 0.6999999881
43469  -36.522  -41.417  9.325 0.6000000238
42454  -36.952  -42.053  9.350 0.6000000238
41424  -37.722  -42.570  9.366 0.6999999881
43489  -38.894  -41.490  9.131 0.6999999881
42465  -39.037  -42.269  8.960 0.6999999881
42466  -39.605  -42.454  8.270 0.6999999881
42471  -35.276  -42.124  7.505 0.5000000000
137658  -36.187  -43.031  8.611 0.6000000238
131858  -39.332  -40.914  8.807 0.6999999881
43490  -39.490  -41.663  8.509 0.6999999881
43500  -39.857  -41.830  7.930 0.6999999881
43488  -36.078  -41.872  8.986 0.6000000238
44445  -33.054  -39.825  7.283 0.3000000119
43468  -35.824  -41.150  9.136 0.5000000000
43470  -37.223  -41.272  9.453 0.6000000238
43506  -40.383  -41.369  6.532 0.6999999881
45247  -34.976  -39.534  9.422 0.4000000060
44424  -35.582  -40.300  9.304 0.5000000000
151728  -36.202  -40.023  9.523 0.6000000238
44473  -40.462  -40.564  6.279 0.6999999881
45310  -40.079  -39.462  4.371 0.6999999881
44478  -40.466  -40.413  5.425 0.6999999881
44492  -39.917  -40.164  3.755 0.6999999881
46179  -34.462  -38.779  9.516 0.3000000119
44511  -39.177  -40.216  2.612 0.6999999881
44537  -37.396  -40.139  0.503 0.8000000119
44525  -37.807  -39.734  1.108 0.6999999881
45336  -38.611  -39.072  2.297 0.6999999881
131225  -33.953  -39.936  -1.519 0.8000000119
44536  -36.689  -39.757  -0.107 0.8000000119
45406  -33.201  -39.295  -3.140 0.8000000119
45382  -32.659  -40.254  -2.031 0.8000000119
44567  -32.806  -40.277  -1.849 0.8000000119
134751  -34.958  -39.647  -1.252 0.8000000119
133179  -34.857  -39.019  -3.697 0.8000000119
47295  -33.194  -37.227  -3.719 0.8000000119
47287  -34.042  -38.161  -2.383 0.8000000119
47288  -34.949  -37.764  -2.084 0.8000000119
150411  -34.056  -36.240  -3.235 0.8000000119
46342  -41.498  -38.718  -3.609 0.6000000238
46341  -40.927  -38.006  -2.968 0.6999999881
46323  -37.955  -38.288  -2.894 0.8000000119
132159  -39.529  -37.967  -2.617 0.6000000238
48361  -38.769  -36.711  -3.699 0.6999999881
47298  -40.237  -37.739  -2.820 0.6000000238
42455  -37.693  -41.818  9.419 0.6000000238
44425  -36.501  -40.635  9.455 0.6000000238
44448  -39.617  -40.172  8.520 0.6999999881
44461  -39.914  -41.012  8.032 0.6999999881
44426  -37.458  -40.424  9.529 0.6000000238
44449  -40.101  -40.077  7.720 0.6999999881
44462  -40.263  -40.758  7.137 0.6999999881
46180  -35.410  -38.647  9.698 0.4000000060
45248  -35.894  -39.446  9.622 0.4000000060
45250  -37.794  -39.457  9.634 0.5000000000
135976  -40.377  -39.910  6.843 0.6999999881
45249  -36.785  -39.584  9.684 0.5000000000
46182  -37.256  -38.511  9.846 0.5000000000
128317  -40.496  -39.756  5.976 0.6999999881
46181  -36.315  -38.592  9.815 0.4000000060
44510  -38.659  -39.890  2.147 0.6999999881
45303  -40.367  -39.616  5.142 0.6999999881
47128  -34.916  -37.834  9.666 0.3000000119
47150  -35.323  -37.126  9.607 0.3000000119
45321  -39.631  -39.235  3.683 0.6999999881
46272  -39.113  -38.894  2.996 0.6999999881
47233  -39.640  -37.927  3.834 0.6999999881
135151  -35.778  -39.704  -0.785 0.8000000119
134631  -38.347  -38.642  1.679 0.6999999881
45351  -38.242  -39.429  1.673 0.6999999881
48276  -39.579  -37.192  3.257 0.6999999881
47243  -39.273  -37.519  2.594 0.6999999881
45383  -32.926  -39.703  -2.200 0.8000000119
45385  -34.309  -39.291  -1.596 0.8000000119
45350  -37.795  -39.048  1.193 0.6999999881
47261  -39.110  -37.308  1.903 0.6999999881
45394  -33.030  -39.626  -2.439 0.8000000119
45384  -33.280  -39.629  -1.863 0.8000000119
45377  -35.450  -39.064  -1.091 0.8000000119
45378  -36.321  -39.155  -0.429 0.8000000119
46301  -36.937  -38.528  -0.247 0.8000000119
47274  -38.459  -37.564  0.616 0.8000000119
144661  -39.468  -36.448  1.521 0.6999999881
153074  -33.454  -38.673  -3.603 0.8000000119
46315  -34.654  -38.594  -1.738 0.8000000119
47279  -36.609  -38.011  -1.051 0.8000000119
47281  -38.230  -37.236  -0.213 0.8000000119
139764  -33.877  -39.222  -3.602 0.8000000119
46336  -33.739  -38.265  -4.030 0.8000000119
47297  -33.912  -37.248  -2.955 0.8000000119
47289  -36.011  -37.433  -1.718 0.8000000119
48330  -37.865  -36.818  -1.005 0.8000000119
132355  -36.020  -38.824  -3.499 0.8000000119
48368  -33.194  -36.460  -4.079 0.8000000119
48338  -35.093  -36.648  -2.498 0.8000000119
48339  -36.364  -36.518  -2.046 0.8000000119
48340  -37.342  -36.153  -1.667 0.8000000119
46337  -35.109  -38.071  -3.912 0.8000000119
48350  -34.385  -35.386  -2.989 0.8000000119
46338  -36.443  -38.017  -3.622 0.8000000119
46351  -41.766  -38.270  -4.504 0.5000000000
47309  -35.753  -37.301  -3.867 0.8000000119
47310  -36.799  -37.205  -3.721 0.8000000119
47314  -41.279  -37.661  -3.738 0.6000000238
152125  -41.028  -36.938  -4.011 0.6000000238
48362  -39.727  -36.748  -3.701 0.6000000238
47313  -40.497  -37.220  -3.443 0.6000000238
44427  -38.330  -40.259  9.417 0.6999999881
148832  -38.775  -40.828  9.228 0.6999999881
45273  -39.344  -39.422  9.014 0.6999999881
45274  -39.839  -39.357  8.255 0.6999999881
45283  -40.232  -39.244  7.433 0.6999999881
46183  -38.191  -38.443  9.674 0.5000000000
46205  -39.533  -38.592  8.771 0.6999999881
47130  -36.691  -37.667  9.848 0.4000000060
47131  -37.563  -37.547  9.776 0.5000000000
45294  -40.393  -39.084  6.544 0.6999999881
46236  -40.396  -38.963  5.674 0.6999999881
48206  -35.394  -36.478  9.324 0.3000000119
48207  -36.301  -36.259  9.287 0.3000000119
48188  -37.794  -37.097  9.630 0.5000000000
46227  -40.408  -38.188  6.254 0.6999999881
151205  -40.336  -38.306  5.384 0.6999999881
47149  -34.502  -36.974  9.414 0.3000000119
47217  -40.093  -37.936  4.686 0.6999999881
48224  -35.576  -35.714  8.474 0.3000000119
48277  -39.970  -36.567  3.642 0.6999999881
135327  -37.452  -38.776  0.528 0.8000000119
128687  -38.615  -37.835  1.456 0.6999999881
46285  -38.108  -38.334  0.951 0.6999999881
145364  -38.991  -37.063  1.066 0.6999999881
49364  -39.878  -35.976  2.142 0.6999999881
47296  -33.339  -38.043  -2.946 0.8000000119
46316  -35.708  -38.285  -1.393 0.8000000119
47273  -37.772  -38.038  0.184 0.6999999881
48324  -39.285  -36.344  0.680 0.8000000119
131976  -33.115  -38.887  -2.782 0.8000000119
49404  -39.136  -36.166  0.041 0.8000000119
46335  -33.206  -37.917  -3.807 0.8000000119
47290  -37.031  -37.159  -1.417 0.8000000119
49424  -38.560  -35.485  -0.952 0.8000000119
47320  -33.318  -37.257  -4.173 0.8000000119
47308  -34.122  -37.594  -4.260 0.8000000119
148183  -33.380  -36.446  -3.772 0.8000000119
48351  -35.537  -35.624  -2.464 0.8000000119
49435  -35.913  -34.791  -2.353 0.8000000119
50502  -38.263  -34.597  -1.222 0.8000000119
48358  -34.929  -36.607  -4.160 0.8000000119
47321  -34.198  -36.942  -4.351 0.8000000119
48349  -33.759  -35.495  -3.722 0.8000000119
49433  -33.959  -34.342  -3.218 0.8000000119
50501  -37.359  -34.368  -1.680 0.8000000119
47311  -37.789  -37.032  -3.619 0.8000000119
45251  -38.663  -39.418  9.397 0.6000000238
47129  -35.788  -37.762  9.771 0.3000000119
46184  -38.975  -38.632  9.361 0.6000000238
47132  -38.302  -37.521  9.595 0.5000000000
147979  -39.361  -37.197  8.824 0.6999999881
47153  -39.723  -37.801  8.527 0.6999999881
128969  -40.404  -37.727  7.075 0.6999999881
48189  -38.289  -36.910  9.433 0.6000000238
47169  -39.865  -37.009  8.295 0.6999999881
47154  -40.240  -37.748  7.844 0.6999999881
137418  -37.107  -36.127  9.233 0.3000000119
137557  -39.796  -36.206  7.842 0.6999999881
139590  -34.879  -35.573  8.002 0.3000000119
49293  -37.027  -34.946  8.143 0.3000000119
47181  -40.430  -37.119  6.538 0.6999999881
131967  -40.424  -36.681  5.719 0.6999999881
142184  -34.668  -34.355  6.171 0.3000000119
50394  -35.402  -34.208  6.407 0.3000000119
50368  -35.710  -34.568  7.124 0.3000000119
50396  -37.052  -33.842  7.082 0.3000000119
50412  -35.073  -33.894  5.783 0.3000000119
48288  -39.902  -36.296  2.951 0.6999999881
49405  -39.469  -35.679  0.363 0.8000000119
49414  -39.139  -35.601  -0.323 0.8000000119
140712  -38.989  -34.783  -0.631 0.8000000119
48370  -34.064  -35.937  -4.339 0.8000000119
48357  -33.375  -35.988  -4.078 0.8000000119
49442  -33.895  -35.207  -4.090 0.8000000119
49441  -33.834  -35.019  -3.946 0.8000000119
50511  -34.550  -33.666  -3.123 0.8000000119
50512  -35.155  -33.628  -2.611 0.8000000119
50500  -36.285  -33.994  -2.127 0.8000000119
48359  -36.002  -36.499  -3.829 0.8000000119
50510  -34.382  -34.163  -3.524 0.8000000119
48360  -37.052  -36.459  -3.817 0.8000000119
142038  -37.882  -36.392  -3.899 0.6999999881
47133  -38.846  -37.085  9.240 0.6000000238
48210  -39.305  -36.585  8.619 0.6000000238
47170  -40.271  -37.013  7.520 0.6999999881
48226  -37.529  -35.641  8.722 0.4000000060
49268  -39.210  -35.867  8.324 0.6000000238
49297  -40.205  -35.669  7.152 0.6999999881
48227  -40.314  -36.384  7.186 0.6999999881
50372  -39.192  -34.671  7.506 0.4000000060
48238  -40.434  -36.191  6.489 0.6999999881
128531  -40.474  -35.883  5.888 0.6999999881
127423  -40.255  -37.005  4.901 0.6999999881
51500  -36.618  -33.415  6.421 0.3000000119
51481  -39.028  -34.034  7.212 0.4000000060
50398  -40.250  -34.623  6.367 0.6000000238
50421  -40.523  -34.446  4.920 0.6999999881
48267  -40.252  -36.369  4.300 0.6999999881
49355  -40.313  -35.723  3.572 0.6999999881
50430  -40.514  -34.769  3.938 0.6999999881
49365  -40.259  -35.463  2.669 0.6999999881
50437  -40.457  -34.654  2.529 0.6999999881
48323  -38.801  -36.787  0.249 0.8000000119
48331  -38.593  -36.331  -0.532 0.8000000119
49415  -39.564  -34.952  0.015 0.8000000119
49422  -37.020  -35.103  -2.033 0.8000000119
51591  -39.111  -33.378  -0.288 0.8000000119
49434  -34.718  -34.450  -2.778 0.8000000119
148669  -36.933  -32.689  -1.495 0.8000000119
141705  -34.872  -35.718  -4.085 0.8000000119
131913  -34.095  -34.546  -3.774 0.8000000119
52777  -34.995  -32.869  -2.990 0.8000000119
51618  -34.928  -32.990  -2.898 0.8000000119
135275  -35.005  -33.067  -3.163 0.8000000119
131362  -39.366  -36.243  -4.328 0.6000000238
48372  -38.412  -35.958  -4.349 0.6000000238
48371  -37.437  -35.859  -3.984 0.6999999881
49463  -38.596  -35.356  -4.744 0.6999999881
48209  -38.641  -36.455  8.901 0.6000000238
50370  -37.532  -34.423  7.661 0.3000000119
50397  -39.673  -34.464  6.908 0.5000000000
51502  -38.664  -33.419  6.716 0.3000000119
51503  -39.465  -33.695  6.530 0.5000000000
49330  -40.486  -35.097  5.610 0.6999999881
51521  -36.253  -32.924  5.809 0.3000000119
52635  -37.263  -32.722  6.227 0.3000000119
152407  -40.207  -33.569  5.686 0.4000000060
52675  -35.582  -32.592  5.360 0.3000000119
51536  -40.556  -33.851  4.326 0.6000000238
51549  -40.543  -33.847  2.457 0.6000000238
151923  -40.578  -33.559  3.037 0.6000000238
50473  -40.323  -34.343  1.264 0.8000000119
50453  -40.458  -34.346  1.935 0.6999999881
133803  -40.582  -33.042  2.731 0.6000000238
138954  -39.940  -35.151  0.885 0.8000000119
148313  -40.482  -33.722  1.727 0.6999999881
151282  -40.547  -33.401  2.145 0.6999999881
50489  -39.372  -34.105  -0.199 0.8000000119
50472  -39.921  -34.255  0.482 0.8000000119
52723  -39.788  -32.546  0.597 0.6999999881
52724  -40.277  -32.648  1.173 0.6999999881
51562  -40.494  -32.944  1.773 0.6999999881
50488  -38.570  -33.736  -0.747 0.8000000119
51574  -39.641  -33.414  0.242 0.8000000119
52708  -40.047  -32.108  1.076 0.6999999881
51590  -37.666  -32.587  -1.006 0.8000000119
139615  -38.532  -32.865  -0.499 0.8000000119
52722  -38.957  -31.772  0.180 0.6999999881
138018  -39.569  -31.657  0.756 0.6999999881
49443  -35.072  -34.993  -4.056 0.8000000119
51604  -35.653  -32.924  -2.375 0.8000000119
52741  -38.132  -31.886  -0.464 0.8000000119
145514  -35.428  -33.514  -3.440 0.8000000119
52762  -36.188  -32.344  -1.963 0.8000000119
138291  -35.731  -34.378  -3.682 0.8000000119
52779  -36.271  -32.228  -2.392 0.8000000119
137183  -36.180  -35.556  -3.798 0.8000000119
135003  -36.984  -34.969  -3.768 0.8000000119
49464  -39.190  -35.579  -5.089 0.6000000238
49453  -37.889  -35.306  -4.245 0.6999999881
50538  -38.332  -34.637  -4.416 0.6999999881
51504  -40.070  -33.936  6.241 0.5000000000
50413  -40.373  -34.174  5.706 0.5000000000
51501  -37.613  -33.316  6.677 0.3000000119
52637  -39.190  -32.973  6.186 0.4000000060
51523  -40.438  -33.648  5.142 0.6000000238
52656  -37.936  -32.123  5.807 0.3000000119
147754  -40.493  -33.196  4.639 0.6000000238
53805  -36.714  -31.574  5.507 0.3000000119
52657  -38.858  -32.278  5.794 0.3000000119
53827  -35.245  -31.833  5.101 0.3000000119
54946  -36.372  -30.932  5.395 0.3000000119
53807  -38.626  -31.434  5.469 0.3000000119
52688  -40.521  -32.148  3.597 0.6000000238
129539  -35.031  -31.133  4.873 0.3000000119
52697  -40.512  -32.158  2.467 0.6999999881
52709  -40.318  -32.130  1.626 0.6999999881
53913  -37.216  -31.556  -1.409 0.8000000119
53887  -38.305  -31.105  -0.183 0.6999999881
55031  -38.632  -30.504  0.056 0.6999999881
53886  -37.642  -31.188  -0.805 0.6999999881
53934  -36.942  -31.651  -1.878 0.8000000119
53914  -37.527  -31.268  -1.432 0.6999999881
51629  -35.957  -32.988  -3.313 0.8000000119
52788  -36.774  -32.471  -2.944 0.6999999881
53935  -38.149  -31.344  -2.102 0.6000000238
49482  -39.532  -35.102  -7.457 0.6000000238
50525  -37.629  -34.386  -3.861 0.6999999881
51630  -37.322  -33.398  -3.513 0.6999999881
50544  -38.775  -34.803  -5.228 0.6999999881
49474  -38.981  -35.200  -5.513 0.6999999881
55125  -40.275  -31.072  -6.608 0.5000000000
152024  -39.900  -31.575  -7.148 0.5000000000
52677  -40.418  -32.512  4.489 0.6000000238
139742  -40.300  -31.793  4.368 0.6000000238
53850  -40.446  -31.310  3.095 0.6000000238
53861  -40.276  -31.359  2.108 0.6999999881
55013  -40.177  -30.670  2.664 0.6999999881
53860  -39.911  -31.467  1.351 0.6999999881
54999  -33.523  -30.608  3.367 0.3000000119
53871  -38.969  -31.016  0.420 0.6999999881
153504  -39.455  -30.986  0.967 0.6999999881
52780  -37.122  -31.868  -2.388 0.6999999881
55044  -38.154  -30.695  -0.631 0.6999999881
56016  -38.709  -30.197  -0.356 0.6000000238
55043  -37.543  -30.992  -1.062 0.6999999881
50524  -36.580  -33.919  -3.631 0.6999999881
52789  -38.123  -32.196  -2.822 0.6999999881
53947  -38.875  -31.759  -2.936 0.6000000238
130328  -38.158  -32.952  -3.391 0.6999999881
49475  -39.346  -35.181  -6.333 0.6000000238
51634  -38.865  -33.952  -4.721 0.6999999881
50545  -39.159  -34.092  -5.769 0.6999999881
52802  -39.568  -33.086  -6.356 0.6000000238
53829  -39.937  -31.231  4.522 0.5000000000
54976  -39.983  -30.519  4.139 0.5000000000
53840  -40.342  -31.213  3.947 0.6000000238
55002  -40.175  -30.529  3.535 0.6000000238
55012  -39.826  -29.835  2.787 0.6000000238
55011  -33.177  -30.181  2.696 0.3000000119
55000  -34.189  -30.071  3.766 0.3000000119
55025  -39.633  -30.416  1.656 0.6999999881
55032  -39.129  -30.358  0.713 0.6000000238
132385  -39.264  -29.737  1.067 0.6000000238
53936  -39.336  -31.085  -2.792 0.6000000238
55067  -38.106  -30.765  -1.280 0.6000000238
52790  -38.955  -32.401  -3.479 0.6999999881
53948  -39.564  -31.646  -3.613 0.6000000238
51635  -39.555  -33.070  -5.088 0.6999999881
50550  -39.058  -34.887  -6.220 0.6000000238
51651  -38.965  -34.287  -7.875 0.5000000000
51646  -39.227  -34.166  -6.842 0.6000000238
51650  -38.635  -33.507  -8.556 0.5000000000
51645  -39.077  -33.506  -7.618 0.5000000000
52808  -39.531  -32.446  -7.327 0.5000000000
52807  -38.530  -32.708  -8.372 0.5000000000
53973  -39.227  -31.637  -7.961 0.5000000000
55132  -39.272  -30.773  -8.142 0.5000000000
151157  -39.535  -29.891  4.285 0.4000000060
55952  -39.267  -28.871  4.381 0.4000000060
56850  -37.307  -28.406  4.960 0.4000000060
55976  -34.101  -29.143  3.177 0.3000000119
56877  -34.808  -28.519  3.733 0.3000000119
133579  -36.146  -28.354  4.761 0.3000000119
56005  -39.570  -29.241  1.945 0.6000000238
56912  -34.153  -27.953  2.241 0.3000000119
127259  -39.493  -29.117  0.917 0.6000000238
56028  -39.234  -29.682  -0.561 0.5000000000
56017  -39.084  -29.813  0.260 0.6000000238
135764  -39.180  -30.479  -1.888 0.6000000238
56043  -39.528  -29.704  -1.393 0.6000000238
55088  -39.897  -30.260  -2.868 0.6000000238
52795  -39.611  -32.323  -4.302 0.6999999881
55106  -39.999  -30.794  -3.543 0.6000000238
151653  -39.891  -32.363  -4.931 0.6999999881
53965  -40.046  -31.948  -6.446 0.5000000000
142623  -39.645  -30.161  -7.892 0.5000000000
55951  -38.855  -28.668  4.562 0.4000000060
55001  -39.684  -29.569  3.868 0.4000000060
57837  -39.644  -26.732  4.486 0.4000000060
130394  -39.672  -28.860  3.167 0.4000000060
56898  -34.449  -28.271  2.888 0.3000000119
57852  -35.115  -27.679  3.517 0.3000000119
56878  -35.582  -27.921  4.309 0.4000000060
57874  -35.403  -26.944  3.152 0.3000000119
57854  -37.244  -26.419  4.361 0.4000000060
56923  -39.639  -29.075  -0.014 0.5000000000
56029  -39.889  -29.087  -0.916 0.5000000000
56061  -39.962  -29.713  -2.253 0.6000000238
57937  -40.828  -27.829  -0.889 0.5000000000
55089  -40.409  -30.000  -3.623 0.6000000238
56062  -40.427  -29.521  -3.023 0.6000000238
53955  -40.406  -31.061  -4.796 0.6000000238
55107  -40.450  -30.438  -4.302 0.6000000238
53960  -40.364  -31.302  -5.617 0.5000000000
53959  -40.024  -32.267  -5.545 0.5000000000
145814  -40.324  -30.304  -6.874 0.5000000000
56114  -39.360  -29.392  -8.078 0.5000000000
56113  -38.358  -29.299  -8.388 0.5000000000
56880  -39.314  -28.248  4.171 0.4000000060
56899  -39.539  -27.825  3.584 0.4000000060
57838  -39.691  -26.970  4.982 0.4000000060
127891  -39.763  -28.423  2.586 0.4000000060
58947  -34.931  -26.783  2.166 0.3000000119
56924  -40.107  -28.272  0.661 0.4000000060
56913  -39.821  -28.429  1.705 0.5000000000
58960  -34.615  -26.593  1.203 0.3000000119
56938  -40.301  -28.420  -0.430 0.4000000060
138401  -40.470  -28.502  -1.288 0.5000000000
145622  -40.434  -29.139  -2.458 0.5000000000
144154  -40.912  -27.991  -1.565 0.5000000000
152004  -40.589  -29.794  -4.142 0.6000000238
56983  -40.991  -28.291  -3.542 0.5000000000
56967  -40.741  -28.767  -3.010 0.5000000000
55120  -40.491  -30.435  -6.006 0.5000000000
55115  -40.549  -30.465  -5.148 0.6000000238
56092  -40.666  -29.640  -4.758 0.6000000238
147932  -40.755  -29.115  -3.899 0.6000000238
141041  -40.671  -29.122  -5.517 0.6000000238
56115  -40.143  -29.621  -7.342 0.5000000000
56097  -40.600  -29.846  -5.526 0.5000000000
60092  -34.403  -25.385  -0.953 0.3000000119
60093  -35.017  -25.032  -0.394 0.4000000060
153518  -35.525  -24.760  0.073 0.4000000060
130625  -40.808  -28.699  -4.828 0.5000000000
60104  -34.329  -24.929  -1.518 0.4000000060
56999  -40.693  -28.313  -5.557 0.5000000000
59038  -41.282  -26.485  -4.081 0.5000000000
59023  -41.456  -26.430  -3.158 0.5000000000
57994  -40.467  -27.890  -6.200 0.5000000000
57975  -41.074  -27.247  -4.547 0.5000000000
57018  -40.349  -28.958  -6.872 0.5000000000
57006  -40.225  -28.248  -6.871 0.6000000238
57015  -37.996  -28.463  -8.334 0.5000000000
57016  -39.038  -28.540  -8.086 0.6000000238
58006  -39.578  -27.914  -7.464 0.5000000000
58005  -38.683  -27.678  -7.917 0.6000000238
58004  -37.672  -27.591  -8.188 0.4000000060
61200  -35.389  -24.388  -0.461 0.4000000060
61177  -36.624  -24.089  0.992 0.4000000060
141641  -40.865  -27.863  -5.018 0.5000000000
59064  -40.392  -27.102  -6.063 0.5000000000
57993  -40.013  -27.422  -6.783 0.5000000000
59063  -39.732  -26.460  -6.550 0.5000000000
59053  -40.370  -26.238  -5.686 0.5000000000
59073  -37.674  -25.986  -7.653 0.4000000060
57992  -39.261  -27.032  -7.304 0.5000000000
59074  -38.295  -26.710  -7.685 0.5000000000
62532  -35.793  -23.693  -0.252 0.4000000060
62547  -34.670  -23.443  -1.648 0.4000000060
57985  -40.737  -27.081  -5.321 0.5000000000
60117  -41.409  -25.636  -3.590 0.4000000060
59062  -38.899  -26.212  -7.061 0.4000000060
59061  -38.296  -25.924  -7.322 0.5000000000
60154  -37.957  -25.278  -7.260 0.3000000119
61246  -40.548  -25.096  -4.833 0.4000000060
60156  -39.197  -25.764  -6.586 0.4000000060
60155  -38.608  -25.478  -6.862 0.5000000000
61263  -37.595  -24.510  -7.260 0.4000000060
61264  -38.376  -24.587  -6.687 0.4000000060
61245  -39.631  -24.887  -5.739 0.4000000060
62598  -36.652  -23.467  -7.587 0.4000000060
131224  -39.120  -25.072  -6.350 0.4000000060
62600  -37.867  -23.769  -6.842 0.4000000060
63746  -39.350  -22.674  -5.316 0.4000000060
62599  -37.395  -22.984  -7.130 0.4000000060
63759  -36.706  -22.521  -7.478 0.4000000060
63758  -36.168  -22.091  -7.699 0.4000000060
62582  -39.201  -23.481  -5.631 0.4000000060
62581  -38.569  -23.648  -6.250 0.3000000119
144659  -38.126  -22.952  -6.471 0.4000000060
146999  -39.470  -21.990  -5.088 0.4000000060
63761  -38.354  -22.270  -6.158 0.3000000119
63760  -37.774  -22.212  -6.659 0.4000000060
151473  -37.239  -22.153  -7.170 0.4000000060
64821  -36.764  -21.575  -7.418 0.4000000060
139317  -38.734  -22.821  -5.879 0.3000000119
64823  -38.205  -21.474  -6.257 0.4000000060
64822  -37.493  -21.502  -6.888 0.5000000000
63745  -38.846  -21.928  -5.609 0.4000000060
64809  -38.722  -21.007  -5.676 0.4000000060
33291  -39.532  -52.452  4.756 0.6999999881
28911  -34.116  -57.025  4.839 0.6000000238
34081  -38.665  -51.764  7.842 0.6999999881
144572  -39.601  -50.357  3.846 0.8000000119
34946  -39.782  -50.195  5.486 0.8000000119
146026  -36.044  -51.713  7.503 0.6000000238
34888  -37.476  -50.157  8.351 0.6000000238
34889  -38.329  -49.912  8.355 0.6999999881
152254  -40.158  -47.842  3.620 0.8000000119
33302  -31.305  -52.490  3.628 0.4000000060
38884  -33.467  -45.821  -1.716 0.8000000119
145924  -37.612  -47.730  8.462 0.6000000238
36893  -31.693  -48.694  3.900 0.5000000000
142544  -40.419  -44.997  5.717 0.8000000119
39625  -39.749  -45.491  7.224 0.8000000119
40519  -32.447  -44.287  5.321 0.4000000060
135954  -35.263  -46.128  6.525 0.6000000238
40543  -32.880  -43.447  3.956 0.5000000000
40522  -35.136  -44.549  6.321 0.6000000238
41432  -39.115  -43.215  8.771 0.6999999881
129604  -37.701  -40.993  0.412 0.6999999881
44428  -39.076  -40.187  9.152 0.6999999881
147782  -36.557  -35.688  -2.178 0.8000000119
46206  -40.096  -38.540  8.056 0.6999999881
49388  -40.265  -35.108  1.810 0.6999999881
49314  -40.110  -35.024  6.948 0.6000000238
150524  -40.450  -34.962  3.165 0.6999999881
136665  -40.558  -34.123  3.294 0.6000000238
49267  -38.419  -35.770  8.612 0.6000000238
51522  -39.813  -33.294  5.896 0.5000000000
56864  -39.507  -27.306  4.710 0.4000000060
59052  -39.728  -25.622  -6.093 0.4000000060
134246  -34.233  -56.352  -1.424 0.5000000000
30817  -34.140  -55.598  -1.476 0.5000000000
28952  -37.751  -57.656  0.199 0.6999999881
27883  -35.167  -58.530  6.224 0.5000000000
34184  -34.746  -51.610  -1.141 0.6999999881
33316  -39.236  -52.719  3.247 0.6999999881
33335  -37.030  -52.386  0.553 0.6999999881
34174  -36.792  -51.707  0.662 0.6999999881
138312  -36.119  -49.271  -1.230 0.6999999881
146910  -37.904  -48.336  -1.146 0.5000000000
38888  -37.858  -46.414  -2.134 0.5000000000
31611  -35.206  -54.839  6.294 0.6000000238
137259  -38.603  -51.032  2.160 0.6999999881
37967  -35.378  -47.683  -1.830 0.6999999881
138795  -35.900  -55.087  7.041 0.6000000238
34134  -39.566  -51.549  4.569 0.8000000119
34990  -39.068  -51.093  2.755 0.6999999881
31609  -33.822  -54.090  5.167 0.6000000238
31626  -33.420  -54.538  4.677 0.6000000238
37980  -33.935  -46.674  -1.882 0.8000000119
153263  -36.499  -52.115  7.711 0.6999999881
29867  -31.806  -56.307  3.469 0.5000000000
132175  -39.401  -47.786  2.271 0.8000000119
33290  -33.279  -52.745  4.887 0.6000000238
37944  -37.890  -47.285  0.753 0.8000000119
40621  -36.870  -44.647  -2.856 0.6999999881
39734  -38.813  -45.244  -2.252 0.6000000238
36839  -39.339  -48.733  7.591 0.6999999881
34114  -33.698  -51.239  5.397 0.6000000238
39709  -36.089  -45.389  -0.549 0.8999999762
40595  -34.134  -45.188  -0.958 0.8000000119
41548  -40.994  -44.071  -2.784 0.4000000060
33301  -30.420  -52.154  3.201 0.3000000119
33303  -32.031  -52.879  4.095 0.5000000000
32459  -32.177  -53.781  4.012 0.5000000000
32457  -30.646  -53.046  3.221 0.4000000060
39699  -38.385  -45.528  0.687 0.8999999762
40638  -34.600  -44.021  -2.672 0.8000000119
36837  -36.447  -48.515  8.008 0.6000000238
36824  -37.468  -48.542  8.418 0.6000000238
37832  -39.134  -46.907  7.943 0.8000000119
34925  -34.406  -50.013  5.950 0.5000000000
33288  -31.886  -51.943  4.174 0.4000000060
34132  -32.537  -51.401  4.579 0.5000000000
40577  -38.993  -44.243  1.154 0.8000000119
41532  -38.474  -42.876  -1.848 0.6999999881
43607  -40.282  -41.347  -1.779 0.6000000238
43633  -41.023  -41.866  -2.869 0.4000000060
36836  -35.713  -48.563  7.340 0.6000000238
132180  -30.928  -48.560  3.350 0.5000000000
34960  -31.753  -50.204  4.166 0.5000000000
35857  -34.262  -49.235  5.747 0.5000000000
152549  -32.681  -49.532  4.652 0.5000000000
37843  -36.018  -47.730  7.641 0.6000000238
37904  -30.960  -46.260  2.871 0.5000000000
37888  -32.532  -46.925  4.162 0.6000000238
36894  -32.094  -47.884  4.075 0.5000000000
38799  -32.559  -45.683  3.829 0.6000000238
36912  -31.166  -47.626  3.329 0.5000000000
36853  -34.569  -48.541  6.076 0.5000000000
153626  -30.225  -44.807  3.491 0.6000000238
39648  -29.595  -44.704  3.027 0.6000000238
36895  -32.860  -48.042  4.597 0.5000000000
37870  -33.927  -47.494  5.318 0.6000000238
38780  -33.791  -46.450  4.934 0.6000000238
134923  -33.090  -48.961  4.869 0.5000000000
37871  -34.482  -47.719  5.830 0.5000000000
41453  -40.476  -43.304  5.353 0.6999999881
42493  -40.458  -42.449  4.148 0.6999999881
42556  -37.186  -43.014  -0.608 0.8000000119
137376  -33.656  -43.331  -1.634 0.8999999762
39633  -33.876  -45.365  4.722 0.6000000238
38800  -33.156  -46.430  4.437 0.6000000238
38781  -34.385  -46.836  5.568 0.6000000238
39623  -34.435  -45.315  5.304 0.6000000238
42492  -33.386  -42.328  4.578 0.4000000060
41444  -34.702  -43.737  5.777 0.5000000000
137099  -34.704  -42.997  6.045 0.5000000000
42485  -40.503  -42.494  4.903 0.6999999881
44472  -33.456  -40.737  6.211 0.4000000060
42470  -34.657  -41.750  6.683 0.5000000000
42478  -35.020  -42.603  6.731 0.5000000000
43560  -39.392  -41.650  2.163 0.6999999881
146041  -32.868  -41.984  -1.827 0.8000000119
45398  -39.958  -39.262  -1.859 0.6999999881
138588  -36.697  -43.505  8.872 0.6999999881
41437  -35.733  -43.969  7.652 0.6000000238
43513  -40.493  -41.178  5.730 0.6999999881
43530  -40.297  -41.103  4.045 0.6999999881
44460  -33.677  -40.471  6.959 0.4000000060
145863  -37.279  -39.475  -2.679 0.8000000119
42464  -36.897  -42.872  9.219 0.6000000238
42463  -36.325  -42.462  8.967 0.6000000238
41445  -35.295  -43.651  6.736 0.6000000238
146686  -39.569  -40.400  3.114 0.6999999881
45408  -35.713  -39.568  -3.400 0.8999999762
45410  -37.118  -38.711  -3.122 0.8000000119
46325  -40.339  -38.493  -2.405 0.6000000238
47312  -39.568  -37.286  -3.196 0.6000000238
46339  -37.470  -37.821  -3.374 0.8000000119
42456  -38.327  -42.000  9.323 0.6999999881
45337  -39.394  -39.733  3.150 0.6999999881
45365  -37.357  -39.412  0.573 0.8000000119
46271  -38.848  -38.182  2.328 0.6999999881
46248  -40.223  -38.825  4.893 0.6999999881
46260  -39.488  -38.548  3.563 0.6999999881
137871  -39.292  -38.045  3.104 0.6999999881
47234  -39.921  -37.182  4.114 0.6999999881
48287  -39.508  -36.794  2.404 0.6999999881
47280  -37.427  -37.664  -0.624 0.8000000119
46217  -40.345  -38.439  7.208 0.6999999881
47151  -36.090  -36.941  9.662 0.3000000119
47152  -37.114  -36.878  9.688 0.5000000000
47194  -40.363  -37.565  5.552 0.6999999881
48208  -37.877  -36.422  9.373 0.5000000000
48250  -40.420  -36.108  5.134 0.6999999881
50395  -36.165  -34.046  6.691 0.3000000119
49295  -38.881  -35.192  7.992 0.6000000238
49296  -39.580  -35.280  7.533 0.6000000238
50371  -38.490  -34.532  7.666 0.4000000060
49345  -40.460  -35.440  4.548 0.6999999881
52742  -39.097  -32.659  -0.075 0.8000000119
52740  -37.366  -31.711  -1.006 0.8000000119
52778  -35.659  -32.606  -2.607 0.8000000119
51480  -38.098  -33.837  7.286 0.3000000119
49294  -38.023  -34.992  8.254 0.5000000000
52654  -36.298  -32.250  5.547 0.3000000119
52655  -36.982  -32.183  5.712 0.3000000119
52659  -40.246  -32.925  5.271 0.5000000000
51542  -40.588  -33.176  3.775 0.6000000238
51575  -40.295  -33.420  0.968 0.8000000119
54945  -35.648  -31.020  5.232 0.3000000119
153109  -36.694  -30.311  5.434 0.3000000119
50526  -38.288  -33.795  -3.911 0.6999999881
55045  -38.753  -30.209  -1.005 0.6000000238
52794  -38.990  -33.125  -4.118 0.6999999881
50551  -39.220  -34.800  -7.189 0.5000000000
54975  -39.506  -30.566  4.607 0.4000000060
150604  -39.867  -31.758  -4.201 0.6000000238
53949  -40.141  -31.266  -4.184 0.6000000238
149550  -38.248  -31.920  -8.529 0.4000000060
129518  -39.149  -29.743  4.677 0.4000000060
142086  -37.123  -27.735  4.659 0.4000000060
57873  -34.686  -27.493  2.588 0.3000000119
56044  -40.195  -29.126  -1.739 0.5000000000
57853  -36.065  -27.117  4.062 0.4000000060
57875  -36.568  -26.415  3.719 0.4000000060
57887  -39.978  -27.587  2.595 0.4000000060
57923  -40.710  -27.603  -0.010 0.4000000060
56952  -40.713  -28.479  -2.174 0.5000000000
57007  -40.528  -28.675  -6.214 0.6000000238
61176  -35.921  -24.215  0.249 0.4000000060
61244  -39.108  -24.281  -6.025 0.4000000060
133220  -39.664  -24.147  -5.350 0.4000000060
65755  -37.229  -20.792  -7.129 0.4000000060
134815  -39.547  -60.032  4.120 0.5000000000
27014  -39.056  -59.589  2.240 0.5000000000
137983  -38.960  -60.835  6.476 0.4000000060
26110  -39.460  -60.290  5.462 0.5000000000
131275  -39.420  -60.911  5.231 0.5000000000
27003  -39.502  -59.514  3.516 0.6000000238
27015  -39.412  -59.040  2.827 0.6000000238
26097  -39.226  -60.135  6.264 0.5000000000
153358  -38.842  -59.715  6.773 0.5000000000
26982  -39.475  -59.533  5.714 0.5000000000
27922  -39.563  -58.558  4.516 0.5000000000
26965  -38.726  -59.075  6.983 0.5000000000
28924  -39.474  -57.670  3.513 0.6000000238
28937  -39.409  -57.071  3.067 0.6000000238
27947  -39.361  -57.974  2.745 0.6000000238
28936  -39.160  -57.064  2.225 0.6000000238
29892  -38.676  -56.590  1.504 0.6000000238
29880  -39.043  -56.162  2.184 0.6000000238
28944  -38.706  -57.429  1.436 0.6000000238
28953  -38.228  -56.987  0.598 0.6000000238
29902  -38.320  -56.173  0.881 0.6000000238
27886  -39.138  -58.482  6.626 0.5000000000
28899  -39.553  -58.075  5.239 0.5000000000
139337  -39.485  -57.023  3.890 0.6000000238
143287  -38.027  -58.943  7.389 0.5000000000
27865  -38.571  -58.312  7.160 0.5000000000
29869  -39.421  -56.343  3.409 0.6000000238
26948  -36.393  -59.195  7.295 0.5000000000
134664  -37.804  -58.158  7.418 0.5000000000
29881  -39.309  -56.479  2.743 0.6000000238
30793  -38.593  -55.751  1.528 0.6000000238
29901  -37.804  -56.185  0.208 0.6000000238
127632  -39.524  -57.324  5.670 0.5000000000
132282  -39.541  -57.168  4.832 0.5000000000
28860  -38.398  -57.549  7.307 0.5000000000
29824  -39.330  -56.923  6.427 0.5000000000
28882  -39.421  -57.870  6.197 0.5000000000
29841  -39.528  -56.532  5.487 0.5000000000
27863  -37.022  -57.950  7.400 0.5000000000
28859  -37.627  -57.421  7.459 0.5000000000
30779  -39.295  -55.797  2.863 0.6000000238
143956  -35.885  -58.495  6.874 0.5000000000
28880  -36.257  -57.709  7.019 0.5000000000
30778  -38.922  -55.337  2.265 0.6000000238
30805  -38.100  -55.353  0.685 0.6000000238
29802  -38.833  -56.876  7.099 0.5000000000
30751  -39.504  -55.551  5.252 0.5000000000
31612  -39.468  -54.771  4.696 0.6000000238
138963  -38.584  -56.154  7.321 0.5000000000
29858  -39.489  -56.207  4.378 0.6000000238
144517  -39.462  -55.384  4.337 0.6000000238
27910  -34.890  -57.823  5.730 0.5000000000
140180  -38.502  -54.891  1.575 0.6000000238
31666  -38.098  -54.349  0.913 0.6000000238
30708  -38.922  -55.434  7.203 0.5000000000
29803  -39.131  -56.139  6.916 0.5000000000
30737  -39.500  -55.327  6.132 0.5000000000
139979  -39.521  -54.698  5.754 0.6000000238
29800  -36.980  -56.341  7.475 0.5000000000
29823  -36.264  -56.755  7.038 0.5000000000
153726  -36.450  -56.199  7.238 0.6000000238
31582  -39.195  -54.692  7.050 0.6000000238
31597  -39.433  -54.422  6.502 0.5000000000
132721  -39.532  -53.869  6.055 0.5000000000
132582  -39.483  -54.008  5.041 0.6000000238
30706  -37.431  -55.559  7.593 0.6000000238
30707  -38.280  -55.474  7.525 0.6000000238
32449  -39.469  -53.369  4.437 0.6000000238
29840  -34.913  -56.430  5.747 0.5000000000
30721  -35.986  -56.001  6.950 0.5000000000
30705  -36.593  -55.682  7.368 0.6000000238
134042  -34.257  -57.688  5.053 0.4000000060
31581  -37.866  -54.801  7.699 0.6000000238
134861  -38.940  -53.963  7.380 0.6000000238
135045  -39.339  -53.874  6.900 0.5000000000
32436  -39.545  -53.175  5.428 0.6000000238
32419  -39.476  -53.036  6.480 0.6999999881
42586  -39.837  -42.947  -1.886 0.5000000000
152583  -38.689  -38.079  9.503 0.5000000000
49387  -39.832  -35.711  1.474 0.6000000238
48383  -40.096  -36.025  -4.866 0.5000000000
65756  -37.685  -20.229  -6.702 0.4000000060
65772  -37.102  -19.947  -7.321 0.3000000119
132092  -37.207  -19.046  -7.327 0.3000000119
67792  -37.291  -18.175  -7.350 0.3000000119
24270  -38.102  -62.037  7.403 0.4000000060
24296  -39.261  -61.630  5.427 0.5000000000
26121  -39.498  -60.507  4.714 0.5000000000
26096  -38.644  -60.351  6.899 0.4000000060
27946  -39.132  -58.638  2.073 0.6000000238
136875  -39.084  -57.850  1.966 0.6000000238
27956  -38.725  -58.262  1.435 0.5000000000
27965  -38.316  -57.928  0.755 0.5000000000
25197  -37.637  -61.272  7.578 0.4000000060
26949  -37.367  -59.651  7.473 0.5000000000
26947  -35.865  -59.903  7.322 0.5000000000
149551  -36.588  -59.974  7.483 0.5000000000
26964  -35.520  -59.216  6.811 0.3000000119
26963  -34.749  -59.261  6.181 0.4000000060
26980  -33.371  -59.467  4.893 0.4000000060
41547  -40.375  -43.572  -2.421 0.4000000060
48373  -40.332  -36.582  -4.151 0.5000000000
48384  -40.720  -35.978  -5.340 0.5000000000
49465  -39.981  -35.641  -5.750 0.5000000000
52676  -40.026  -31.984  5.022 0.4000000060
66720  -37.669  -19.418  -6.754 0.3000000119
69729  -38.098  -16.839  -6.649 0.3000000119
25198  -38.467  -61.235  7.037 0.4000000060
30764  -39.416  -55.577  3.632 0.6000000238
27884  -35.524  -57.838  6.420 0.5000000000
29822  -35.558  -56.552  6.456 0.6000000238
48374  -41.046  -36.473  -4.694 0.5000000000
144640  -39.355  -59.813  2.877 0.6000000238
25216  -38.997  -61.526  6.280 0.4000000060
142268  -39.556  -59.771  4.902 0.5000000000
26992  -39.569  -59.250  4.301 0.6000000238
27887  -39.492  -58.708  5.951 0.5000000000
26080  -37.961  -60.451  7.431 0.5000000000
129502  -39.455  -55.991  6.232 0.5000000000
144016  -37.506  -56.799  7.493 0.5000000000
29801  -37.859  -56.193  7.562 0.5000000000
26079  -37.097  -60.541  7.601 0.4000000060
138706  -38.350  -58.659  0.879 0.4000000060
35890  -30.290  -49.007  2.930 0.4000000060
34976  -31.225  -50.510  3.718 0.4000000060
34146  -31.105  -51.467  3.621 0.4000000060
37918  -29.246  -46.518  1.973 0.4000000060
36911  -30.047  -47.771  2.531 0.4000000060
36892  -30.315  -48.375  4.716 0.4000000060
134529  -29.316  -46.260  3.516 0.4000000060
38827  -28.913  -45.758  2.053 0.4000000060
38812  -30.076  -45.826  2.151 0.4000000060
36850  -31.978  -49.089  5.909 0.3000000119
36871  -30.984  -48.453  5.241 0.3000000119
36873  -32.282  -47.993  5.998 0.4000000060
39647  -29.116  -44.854  2.844 0.4000000060
147413  -31.972  -48.562  5.826 0.4000000060
37867  -30.725  -47.702  4.885 0.5000000000
37869  -31.919  -47.183  5.637 0.4000000060
38779  -32.180  -46.327  5.629 0.4000000060
38764  -32.859  -46.184  6.215 0.4000000060
52658  -39.616  -32.563  5.573 0.3000000119
53808  -39.365  -31.890  5.398 0.3000000119
56994  -41.011  -28.115  -4.252 0.4000000060
55938  -38.530  -29.669  5.085 0.3000000119
55937  -37.991  -28.715  5.013 0.3000000119
57960  -41.247  -27.404  -3.614 0.4000000060
56862  -37.788  -27.486  4.596 0.3000000119
56879  -36.571  -27.375  4.401 0.3000000119
57945  -41.192  -27.697  -2.129 0.4000000060
57946  -41.376  -27.169  -2.685 0.3000000119
59037  -40.877  -26.420  -4.898 0.4000000060
60140  -40.172  -25.389  -5.464 0.3000000119
56863  -38.768  -27.575  4.359 0.3000000119
57835  -37.480  -26.764  4.424 0.3000000119
57836  -38.659  -26.704  4.538 0.3000000119
57856  -39.666  -26.525  5.091 0.3000000119
57876  -39.558  -26.825  3.696 0.3000000119
57855  -38.073  -26.243  4.855 0.3000000119
58933  -39.885  -26.194  4.697 0.3000000119
150481  -40.219  -27.743  1.603 0.3000000119
153569  -37.214  -25.831  4.613 0.3000000119
145397  -36.568  -25.937  3.161 0.3000000119
57900  -40.563  -27.301  1.006 0.3000000119
60046  -35.990  -25.668  2.281 0.3000000119
57924  -41.224  -27.049  -0.608 0.3000000119
59009  -41.474  -26.380  -1.335 0.3000000119
61199  -34.803  -24.648  -1.038 0.3000000119
57938  -41.253  -27.337  -1.402 0.3000000119
62531  -35.192  -23.833  -1.055 0.3000000119
61214  -34.518  -24.277  -1.608 0.3000000119
60128  -41.031  -25.704  -4.460 0.3000000119
58931  -37.898  -25.568  4.533 0.3000000119
58932  -38.903  -25.918  4.605 0.3000000119
58952  -39.826  -25.656  3.930 0.3000000119
57888  -40.398  -26.969  2.072 0.3000000119
58930  -37.276  -25.630  4.301 0.3000000119
58951  -38.535  -25.326  4.142 0.3000000119
60035  -39.349  -25.421  4.161 0.3000000119
60050  -39.883  -25.530  2.685 0.3000000119
58953  -40.265  -26.044  2.550 0.3000000119
58962  -40.706  -26.397  1.544 0.3000000119
60047  -38.115  -24.835  3.589 0.3000000119
60048  -38.881  -25.255  3.558 0.3000000119
60055  -35.598  -25.450  1.255 0.3000000119
60056  -36.433  -25.106  1.885 0.3000000119
58949  -37.102  -25.437  3.021 0.3000000119
57901  -41.097  -26.648  0.407 0.3000000119
58997  -41.379  -26.319  -0.409 0.3000000119
60070  -35.968  -24.756  0.878 0.3000000119
60105  -41.527  -25.500  -1.432 0.3000000119
135168  -35.669  -22.943  -0.622 0.3000000119
59016  -41.503  -26.382  -2.286 0.3000000119
128954  -41.536  -25.652  -2.697 0.3000000119
61234  -41.102  -24.774  -4.039 0.3000000119
152824  -40.071  -24.744  -5.222 0.3000000119
60049  -39.474  -25.458  3.467 0.3000000119
60058  -40.590  -25.638  1.949 0.3000000119
60057  -37.430  -24.773  2.477 0.3000000119
61166  -36.768  -24.533  1.617 0.3000000119
61167  -37.668  -24.150  1.817 0.3000000119
60071  -41.379  -25.793  0.236 0.3000000119
61178  -41.441  -24.944  0.103 0.3000000119
62509  -36.452  -23.584  0.440 0.3000000119
62533  -36.350  -23.026  0.066 0.3000000119
61201  -41.503  -24.748  -1.046 0.3000000119
130724  -41.538  -24.981  -2.095 0.3000000119
147273  -35.713  -22.117  -0.607 0.3000000119
63695  -36.295  -22.299  -0.141 0.3000000119
61227  -41.496  -24.860  -3.079 0.3000000119
61226  -41.273  -24.047  -3.347 0.3000000119
61233  -40.331  -24.176  -4.658 0.3000000119
141543  -40.408  -24.995  2.020 0.3000000119
61168  -38.770  -24.078  2.235 0.3000000119
61169  -39.532  -24.194  2.154 0.3000000119
61170  -40.207  -24.324  1.840 0.3000000119
60059  -40.897  -25.241  1.531 0.3000000119
58963  -41.118  -25.823  1.179 0.3000000119
62502  -39.978  -23.522  1.573 0.3000000119
138948  -41.318  -25.215  0.921 0.3000000119
127504  -37.279  -23.467  1.126 0.3000000119
62500  -38.222  -23.462  1.608 0.3000000119
147292  -36.979  -23.023  0.641 0.3000000119
64739  -36.896  -21.626  0.278 0.3000000119
65662  -37.669  -21.093  0.399 0.3000000119
62534  -41.485  -23.792  -1.106 0.3000000119
144647  -41.515  -24.226  -1.777 0.3000000119
64738  -36.171  -21.416  -0.369 0.3000000119
62549  -41.508  -23.409  -1.984 0.3000000119
61219  -41.471  -24.152  -2.542 0.3000000119
62565  -40.981  -23.222  -3.538 0.3000000119
133413  -40.868  -23.895  -3.975 0.3000000119
62573  -39.792  -23.377  -4.958 0.3000000119
62501  -39.150  -23.514  1.788 0.3000000119
62503  -40.682  -23.841  1.291 0.3000000119
130657  -41.235  -24.241  0.770 0.3000000119
144544  -37.918  -22.643  1.109 0.3000000119
63659  -39.444  -22.927  1.398 0.3000000119
150456  -41.322  -24.771  0.826 0.3000000119
130250  -38.673  -21.920  0.898 0.3000000119
140218  -41.382  -23.131  -0.344 0.3000000119
66653  -36.048  -19.907  -0.595 0.3000000119
63673  -37.777  -21.810  0.620 0.3000000119
64713  -38.506  -21.249  0.585 0.3000000119
65675  -35.720  -20.747  -0.757 0.3000000119
130121  -36.862  -20.863  0.124 0.3000000119
65677  -37.696  -20.399  0.236 0.3000000119
153478  -38.332  -20.683  0.414 0.3000000119
62558  -41.360  -23.391  -2.857 0.3000000119
62574  -40.423  -23.298  -4.285 0.3000000119
63737  -39.970  -22.503  -4.605 0.3000000119
62510  -40.496  -23.114  1.020 0.3000000119
62511  -41.092  -23.476  0.587 0.3000000119
63675  -39.575  -22.233  0.957 0.3000000119
63676  -40.301  -22.428  0.738 0.3000000119
63677  -40.899  -22.735  0.397 0.3000000119
151742  -41.133  -22.424  -0.202 0.3000000119
66633  -36.907  -20.115  -0.088 0.3000000119
64714  -39.361  -21.403  0.608 0.3000000119
63714  -41.474  -22.559  -1.693 0.3000000119
66634  -37.881  -19.655  0.080 0.3000000119
65663  -39.075  -20.637  0.482 0.3000000119
128966  -41.400  -21.999  -2.082 0.3000000119
151393  -41.234  -22.902  -3.079 0.3000000119
63730  -40.971  -22.369  -3.314 0.3000000119
64803  -40.427  -21.943  -3.989 0.3000000119
65743  -39.180  -20.587  -5.316 0.3000000119
65736  -39.715  -20.648  -4.693 0.3000000119
64802  -39.851  -21.578  -4.605 0.3000000119
64716  -40.673  -22.058  0.169 0.3000000119
66654  -36.945  -19.309  -0.250 0.3000000119
64715  -40.092  -21.676  0.495 0.3000000119
64740  -40.530  -21.337  -0.119 0.3000000119
64741  -41.071  -21.854  -0.500 0.3000000119
67689  -38.039  -18.711  0.132 0.3000000119
65678  -38.577  -20.069  0.303 0.3000000119
65664  -39.859  -20.755  0.210 0.3000000119
64766  -41.331  -21.749  -1.352 0.3000000119
64787  -41.310  -21.299  -2.041 0.3000000119
64797  -41.210  -21.777  -2.675 0.3000000119
134980  -40.744  -20.128  -2.554 0.3000000119
65714  -41.022  -20.972  -2.663 0.3000000119
142728  -40.265  -19.425  -3.897 0.3000000119
65729  -40.615  -20.649  -3.348 0.3000000119
133475  -40.320  -21.090  -4.031 0.3000000119
134893  -39.868  -19.877  -4.494 0.3000000119
65737  -40.279  -20.268  -4.018 0.3000000119
129758  -36.075  -18.984  -0.731 0.3000000119
149425  -36.927  -18.499  -0.347 0.3000000119
66636  -39.350  -19.199  -0.030 0.3000000119
65680  -40.508  -20.550  -0.564 0.3000000119
65699  -41.064  -20.897  -1.364 0.3000000119
67691  -39.730  -18.446  0.749 0.3000000119
65698  -40.680  -20.083  -1.425 0.3000000119
67717  -40.558  -18.645  -2.541 0.3000000119
66670  -40.648  -19.326  -1.948 0.3000000119
146916  -41.113  -20.639  -2.027 0.3000000119
67734  -40.393  -18.599  -3.425 0.3000000119
141133  -40.572  -19.339  -2.980 0.3000000119
133647  -39.349  -19.817  -5.149 0.3000000119
67746  -40.072  -18.767  -4.125 0.3000000119
65757  -38.255  -20.585  -6.200 0.3000000119
65742  -38.726  -20.180  -5.691 0.3000000119
150068  -37.750  -20.901  -6.625 0.3000000119
150317  -36.895  -17.691  -0.360 0.3000000119
67688  -37.632  -17.979  0.170 0.3000000119
67690  -39.150  -18.432  0.309 0.3000000119
130334  -39.639  -17.885  0.595 0.3000000119
135342  -40.145  -17.750  0.573 0.3000000119
66655  -40.397  -19.223  -1.008 0.3000000119
67705  -40.478  -18.552  -1.512 0.3000000119
66702  -39.737  -19.213  -4.589 0.3000000119
134213  -38.737  -19.316  -5.687 0.3000000119
66721  -38.239  -19.772  -6.214 0.3000000119
132005  -38.457  -17.900  0.306 0.3000000119
28965  -37.308  -56.945  -0.244 0.4000000060
36872  -31.478  -48.824  5.588 0.3000000119
150593  -29.359  -45.304  2.313 0.4000000060
37903  -30.296  -46.771  2.541 0.4000000060
37887  -30.281  -46.667  4.385 0.4000000060
38778  -31.556  -45.394  4.848 0.4000000060
138744  -31.533  -46.382  5.196 0.4000000060
57959  -41.097  -28.003  -2.879 0.4000000060
62548  -35.172  -23.083  -1.260 0.3000000119
57877  -39.885  -26.558  2.984 0.3000000119
35855  -30.825  -49.225  5.254 0.4000000060
35875  -29.904  -49.110  4.561 0.4000000060
37885  -28.268  -46.843  3.566 0.4000000060
138513  -28.416  -45.775  2.581 0.4000000060
36851  -32.496  -48.828  6.322 0.3000000119
136438  -31.510  -47.987  5.503 0.4000000060
60094  -41.482  -25.628  -0.668 0.3000000119
58950  -37.886  -25.524  3.869 0.3000000119
61158  -38.422  -24.715  2.747 0.3000000119
63694  -35.326  -22.362  -1.157 0.3000000119
63713  -34.778  -22.596  -1.618 0.3000000119
61160  -39.706  -24.919  2.501 0.3000000119
61159  -39.153  -24.816  2.785 0.3000000119
127674  -41.445  -24.061  -0.167 0.3000000119
63696  -36.996  -22.408  0.474 0.3000000119
61171  -40.913  -24.621  1.396 0.3000000119
63660  -40.012  -22.813  1.212 0.3000000119
63658  -38.718  -22.993  1.488 0.3000000119
127692  -41.516  -23.065  -1.203 0.3000000119
63674  -38.880  -22.458  1.312 0.3000000119
65681  -40.956  -21.250  -0.757 0.3000000119
64796  -40.767  -21.467  -3.342 0.3000000119
66635  -38.754  -19.290  0.225 0.3000000119
66615  -39.283  -19.954  0.230 0.3000000119
65679  -39.829  -19.935  -0.239 0.3000000119
66637  -40.294  -19.802  -0.680 0.3000000119
67760  -39.301  -18.867  -5.190 0.3000000119
67692  -40.167  -18.340  -0.375 0.3000000119
68683  -40.396  -17.345  0.236 0.3000000119
40625  -40.290  -44.518  -2.396 0.4000000060
27013  -30.965  -59.054  2.784 0.3000000119
27001  -31.568  -59.494  3.320 0.3000000119
27944  -30.295  -58.572  2.244 0.3000000119
27002  -32.262  -59.063  3.697 0.3000000119
137905  -32.954  -48.111  6.569 0.3000000119
37851  -32.692  -47.180  6.285 0.3000000119
37852  -33.342  -47.556  6.835 0.3000000119
36909  -27.679  -47.898  2.608 0.3000000119
36891  -29.275  -48.125  3.997 0.3000000119
38811  -28.252  -46.443  2.865 0.3000000119
37886  -29.757  -47.381  4.238 0.3000000119
136274  -29.007  -47.339  1.738 0.3000000119
37917  -28.551  -46.601  1.829 0.3000000119
36910  -28.135  -47.803  3.189 0.3000000119
39720  -40.203  -45.875  -1.813 0.3000000119
25217  -39.331  -60.895  5.898 0.4000000060
26078  -36.255  -60.620  7.629 0.4000000060
26119  -32.428  -60.276  4.473 0.4000000060
26132  -32.103  -59.903  3.834 0.4000000060
26139  -30.962  -59.931  2.789 0.3000000119
26950  -38.295  -59.703  7.249 0.5000000000
26966  -39.230  -59.274  6.415 0.5000000000
27864  -37.184  -58.733  7.410 0.5000000000
27885  -36.531  -58.430  7.238 0.5000000000
27909  -34.378  -58.521  5.429 0.5000000000
27911  -39.564  -58.992  5.113 0.5000000000
27934  -32.926  -57.774  4.061 0.5000000000
27935  -39.527  -58.565  3.666 0.6000000238
28858  -36.911  -57.176  7.373 0.5000000000
28879  -35.756  -57.220  6.610 0.5000000000
28881  -39.008  -57.669  6.852 0.5000000000
28897  -34.622  -57.102  5.418 0.5000000000
28912  -39.542  -57.844  4.280 0.6000000238
28921  -31.614  -57.720  3.293 0.5000000000
28935  -30.952  -57.266  2.818 0.4000000060
30722  -39.298  -55.429  6.741 0.5000000000
30763  -32.118  -55.553  3.675 0.5000000000
31596  -34.797  -54.285  6.002 0.6000000238
31625  -32.828  -54.145  4.384 0.6000000238
32435  -34.357  -53.731  5.630 0.6000000238
32480  -38.520  -53.173  1.934 0.6999999881
32518  -34.352  -54.044  -1.610 0.5000000000
33333  -34.729  -52.121  0.131 0.6999999881
33342  -34.077  -52.271  -0.721 0.6999999881
33348  -33.769  -52.991  -0.954 0.6999999881
33357  -35.387  -52.945  -1.807 0.5000000000
34907  -36.593  -50.224  7.982 0.6000000238
34962  -33.117  -50.884  5.013 0.5000000000
35009  -35.055  -50.908  0.465 0.6999999881
35804  -38.408  -49.055  8.347 0.6999999881
35837  -34.758  -49.338  6.333 0.6000000238
35876  -32.043  -49.537  4.299 0.5000000000
35945  -34.068  -49.729  -0.628 0.6999999881
36875  -34.098  -48.401  5.537 0.5000000000
36952  -34.341  -48.754  0.076 0.8000000119
36964  -33.711  -48.538  -0.909 0.6999999881
36978  -39.334  -48.242  -0.809 0.4000000060
37856  -40.194  -47.688  6.009 0.6999999881
37868  -31.176  -47.010  5.041 0.4000000060
37901  -28.011  -47.021  2.205 0.3000000119
37902  -27.872  -46.876  2.631 0.3000000119
37965  -33.685  -47.185  -1.344 0.8000000119
38743  -36.824  -46.299  8.336 0.8000000119
38765  -33.502  -46.767  6.936 0.3000000119
38796  -29.088  -45.310  2.958 0.4000000060
38815  -40.066  -46.773  3.046 0.8000000119
38826  -28.564  -46.071  2.164 0.4000000060
38859  -33.551  -46.920  -1.165 0.8000000119
38860  -33.724  -46.687  -0.833 0.8000000119
38890  -39.389  -45.741  -1.951 0.5000000000
39605  -38.889  -45.614  8.375 0.8000000119
39615  -35.845  -45.385  7.586 0.8000000119
39624  -34.928  -45.352  6.043 0.6000000238
39664  -29.753  -44.529  2.864 0.6000000238
39666  -40.413  -45.572  3.697 0.8000000119
39676  -29.111  -45.459  2.402 0.4000000060
39677  -29.576  -44.821  2.679 0.6000000238
39718  -33.474  -45.484  -1.649 0.8000000119
39729  -33.531  -45.266  -1.859 0.8000000119
40541  -30.944  -43.730  3.379 0.5000000000
40544  -33.922  -44.283  4.615 0.4000000060
40545  -40.498  -44.488  4.455 0.8000000119
40556  -30.616  -43.857  3.062 0.6000000238
40567  -30.015  -44.279  2.919 0.6000000238
40586  -38.016  -44.142  0.054 0.8000000119
40598  -37.303  -44.550  -0.343 0.8000000119
40608  -33.500  -44.753  -1.861 0.8000000119
40609  -33.773  -44.735  -1.519 0.8000000119
40622  -37.873  -44.924  -2.559 0.6000000238
40624  -39.435  -44.667  -2.247 0.6000000238
40639  -35.626  -44.092  -3.084 0.8000000119
41428  -35.589  -43.092  7.749 0.6000000238
41443  -32.563  -42.335  5.292 0.3000000119
41451  -32.158  -42.996  4.416 0.4000000060
41477  -32.063  -43.251  3.691 0.4000000060
41488  -40.081  -42.939  2.869 0.8000000119
41528  -33.001  -42.778  -1.911 0.8999999762
41557  -34.180  -43.300  -2.604 0.8000000119
42490  -32.666  -42.264  4.603 0.4000000060
42491  -33.060  -41.805  4.549 0.4000000060
42506  -40.049  -42.163  3.016 0.8000000119
42526  -38.920  -42.578  1.202 0.8000000119
42567  -36.234  -42.825  -1.151 0.8000000119
42568  -38.415  -42.171  -1.728 0.6999999881
43471  -38.104  -41.164  9.412 0.6999999881
43499  -34.850  -41.493  7.394 0.5000000000
43512  -33.497  -41.472  5.293 0.5000000000
43517  -32.775  -41.727  4.847 0.4000000060
43587  -37.319  -41.568  -0.217 0.8000000119
43602  -32.699  -41.379  -1.858 0.8000000119
43603  -33.259  -41.445  -1.614 0.8000000119
43617  -33.279  -41.869  -2.450 0.8000000119
43622  -41.328  -40.985  -3.030 0.6000000238
43632  -35.918  -42.272  -3.291 0.6999999881
44491  -39.855  -40.977  3.331 0.6999999881
44566  -32.596  -40.932  -1.950 0.8000000119
44570  -40.465  -40.730  -1.846 0.6000000238
44580  -41.264  -40.126  -2.806 0.6000000238
44586  -33.077  -39.982  -2.662 0.8000000119
44588  -34.824  -41.100  -3.346 0.8000000119
45309  -39.832  -38.657  4.188 0.6999999881
45364  -36.887  -39.117  0.127 0.8000000119
45397  -38.927  -39.286  -1.958 0.6999999881
46204  -39.139  -37.779  9.281 0.6000000238
46308  -36.227  -38.648  -0.806 0.8000000119
46314  -33.506  -38.968  -2.269 0.8000000119
46322  -33.221  -37.972  -3.527 0.8000000119
46326  -41.082  -38.758  -2.751 0.6999999881
47307  -33.094  -37.063  -4.014 0.8000000119
48341  -38.137  -36.080  -1.218 0.8000000119
48369  -33.346  -36.505  -4.212 0.8000000119
49315  -40.356  -35.355  6.456 0.6999999881
49423  -37.857  -35.336  -1.500 0.8000000119
49452  -33.468  -35.859  -4.105 0.8000000119
51605  -36.590  -33.244  -1.748 0.8000000119
51606  -37.638  -33.596  -1.347 0.8000000119
51617  -34.705  -33.410  -3.124 0.8000000119
52763  -36.841  -31.955  -1.522 0.8000000119
52787  -35.554  -32.618  -2.928 0.8000000119
53912  -36.364  -31.956  -1.951 0.8000000119
53954  -40.141  -31.787  -4.789 0.5000000000
55133  -39.902  -30.818  -7.450 0.5000000000
56104  -40.500  -29.565  -6.314 0.5000000000
57017  -39.847  -28.751  -7.503 0.5000000000
60069  -35.314  -25.291  0.326 0.3000000119
60127  -40.601  -25.766  -5.089 0.4000000060
62597  -35.961  -22.893  -7.827 0.4000000060
63697  -41.395  -22.462  -0.888 0.3000000119
63725  -41.369  -22.632  -2.554 0.3000000119
63738  -40.558  -22.665  -3.948 0.3000000119
64810  -39.313  -21.287  -5.199 0.4000000060
65676  -36.341  -20.628  -0.375 0.3000000119
127207  -33.192  -38.681  -3.217 0.8000000119
129020  -39.601  -51.796  5.334 0.8000000119
129107  -36.932  -51.707  8.016 0.6999999881
129300  -41.545  -25.765  -1.967 0.3000000119
130457  -38.194  -56.835  7.450 0.5000000000
131114  -39.413  -54.926  6.487 0.5000000000
131670  -39.853  -19.149  -0.378 0.3000000119
131997  -36.892  -54.905  7.567 0.6000000238
132174  -38.767  -44.132  8.822 0.6999999881
134482  -38.849  -46.012  1.223 0.8999999762
135420  -40.501  -43.161  4.453 0.6999999881
138859  -40.561  -41.839  -2.186 0.6000000238
139087  -39.610  -35.866  0.982 0.6999999881
139330  -39.624  -50.783  6.133 0.8000000119
140560  -37.180  -46.020  -2.482 0.5000000000
140658  -39.906  -46.078  6.799 0.8000000119
141307  -35.185  -44.911  -0.823 0.8999999762
141438  -38.637  -54.728  7.447 0.6000000238
141596  -39.415  -54.853  3.865 0.6000000238
142434  -31.719  -54.975  3.528 0.4000000060
142764  -33.121  -43.143  -2.053 0.8000000119
142834  -38.515  -42.700  9.212 0.6999999881
143068  -40.509  -19.966  -3.377 0.3000000119
143078  -38.945  -41.804  1.483 0.8000000119
143447  -33.664  -48.194  -0.796 0.8000000119
144724  -34.167  -55.090  -1.190 0.6999999881
145818  -33.098  -36.668  -3.958 0.8000000119
146242  -36.848  -44.990  8.495 0.8000000119
146590  -33.380  -58.296  4.434 0.5000000000
146981  -34.645  -33.893  -3.420 0.8000000119
147718  -34.169  -54.667  -1.448 0.5000000000
147748  -38.970  -39.541  2.653 0.6999999881
149686  -40.643  -27.645  -5.626 0.5000000000
149899  -41.429  -26.997  -1.948 0.4000000060
150269  -33.754  -42.025  4.974 0.4000000060
151239  -39.175  -43.140  -1.773 0.6999999881
152047  -34.844  -37.314  -4.140 0.8000000119
152555  -33.198  -36.748  -4.148 0.8000000119
152956  -40.078  -30.233  -7.409 0.5000000000
153356  -40.149  -47.100  -1.235 0.4000000060
153390  -34.489  -50.697  6.083 0.6000000238
