#!ascii label  , from subject sub-v2s3x28845_ses-1 vox2ras=TkReg
986
102069  39.932  11.001  21.773 0.0000000000
105538  49.884  17.091  25.048 0.0000000000
101279  44.561  10.925  32.753 0.0000000000
101353  35.097  9.779  22.909 0.0000000000
128692  37.086  10.784  27.846 0.0000000000
104174  45.605  14.609  19.039 0.0000000000
107688  43.980  19.591  25.931 0.0000000000
127978  44.413  21.867  20.252 0.0000000000
99915  47.678  9.364  38.660 0.0000000000
97711  43.955  5.430  33.261 0.0000000000
102080  46.874  11.506  21.701 0.0000000000
102011  43.539  11.469  27.500 0.0000000000
101990  49.312  11.749  28.640 0.0000000000
137163  45.823  12.813  34.110 0.0000000000
111292  45.688  24.610  14.137 0.0000000000
106981  49.278  18.261  18.952 0.0000000000
99961  39.339  8.453  31.892 0.0000000000
101359  37.214  9.972  21.435 0.0000000000
101337  36.349  10.218  24.922 0.0000000000
102045  38.536  11.359  25.292 0.0000000000
102117  42.366  10.895  18.937 0.0000000000
102793  39.184  11.287  20.532 0.0000000000
108506  40.913  20.793  22.713 0.0000000000
98417  47.508  7.360  38.098 0.0000000000
98437  50.202  7.308  36.512 0.0000000000
142454  48.632  4.320  35.492 0.0000000000
110048  47.455  22.739  10.922 0.0000000000
103471  48.969  12.890  22.602 0.0000000000
134729  48.256  11.631  24.988 0.0000000000
103435  49.969  12.805  26.023 0.0000000000
104077  42.330  14.725  30.609 0.0000000000
104075  44.725  14.186  30.957 0.0000000000
103370  43.233  13.086  33.167 0.0000000000
145676  43.185  11.634  35.886 0.0000000000
107725  47.071  19.307  22.879 0.0000000000
108535  47.672  20.511  20.222 0.0000000000
105558  47.587  17.125  21.975 0.0000000000
104165  47.685  14.283  19.895 0.0000000000
101290  44.347  10.653  29.988 0.0000000000
101293  41.457  10.407  30.233 0.0000000000
100639  42.137  9.774  32.460 0.0000000000
100678  34.360  9.392  27.457 0.0000000000
99980  35.420  8.301  29.924 0.0000000000
106994  48.343  17.163  17.537 0.0000000000
136412  45.162  17.239  19.672 0.0000000000
106938  47.042  18.857  25.365 0.0000000000
104124  47.027  14.513  25.701 0.0000000000
111895  39.975  25.203  17.915 0.0000000000
111269  41.746  24.173  16.880 0.0000000000
107728  44.438  19.652  22.695 0.0000000000
100630  44.550  9.792  35.768 0.0000000000
99949  43.255  8.861  34.637 0.0000000000
98440  45.611  7.208  35.187 0.0000000000
97708  47.933  5.774  33.129 0.0000000000
102789  43.615  11.736  21.212 0.0000000000
102740  42.236  12.513  25.153 0.0000000000
102738  45.188  12.185  24.949 0.0000000000
102009  46.057  11.305  27.996 0.0000000000
149908  47.400  11.476  31.565 0.0000000000
129180  48.079  13.010  28.534 0.0000000000
102695  48.233  12.595  32.636 0.0000000000
101952  46.802  12.120  34.274 0.0000000000
127417  45.869  11.322  36.432 0.0000000000
100591  45.376  9.605  38.840 0.0000000000
112600  46.945  26.936  11.859 0.0000000000
110025  47.506  22.474  12.639 0.0000000000
132111  47.576  21.482  16.866 0.0000000000
152805  49.885  19.411  16.911 0.0000000000
104876  48.676  14.804  17.742 0.0000000000
102809  46.146  11.691  17.873 0.0000000000
102014  39.953  11.539  27.562 0.0000000000
101296  37.868  9.786  30.421 0.0000000000
99207  36.891  7.158  31.112 0.0000000000
98467  41.566  6.223  33.275 0.0000000000
102083  38.458  10.218  21.547 0.0000000000
101344  37.835  10.311  23.269 0.0000000000
102058  39.266  11.451  23.865 0.0000000000
102094  40.910  10.709  20.065 0.0000000000
141172  40.836  10.960  19.550 0.0000000000
152743  39.037  10.473  20.612 0.0000000000
102097  38.277  10.409  20.915 0.0000000000
98427  46.452  6.458  37.054 0.0000000000
97674  48.618  6.303  36.877 0.0000000000
96915  46.632  4.465  35.588 0.0000000000
129711  34.549  6.267  28.582 0.0000000000
104848  49.821  15.458  24.249 0.0000000000
130502  50.370  12.873  24.347 0.0000000000
104121  50.467  14.997  25.184 0.0000000000
104061  41.778  14.186  31.995 0.0000000000
103401  43.028  14.033  31.987 0.0000000000
106955  47.738  18.495  23.867 0.0000000000
106254  47.599  17.847  22.921 0.0000000000
105547  48.739  16.976  23.957 0.0000000000
104857  47.818  14.942  22.216 0.0000000000
101963  44.714  10.874  31.729 0.0000000000
101284  42.985  10.372  31.607 0.0000000000
101281  42.909  10.140  32.883 0.0000000000
102062  34.315  10.445  23.926 0.0000000000
138793  34.387  9.548  23.691 0.0000000000
101328  36.384  10.447  26.187 0.0000000000
101329  35.599  10.128  26.486 0.0000000000
101323  35.639  10.167  27.582 0.0000000000
100664  34.918  9.046  29.120 0.0000000000
100669  35.912  9.968  29.024 0.0000000000
105575  47.277  16.200  18.505 0.0000000000
106275  46.657  17.515  18.719 0.0000000000
105577  45.069  16.282  19.786 0.0000000000
102770  36.154  11.198  22.726 0.0000000000
102061  35.054  11.071  23.679 0.0000000000
128287  45.254  19.161  25.874 0.0000000000
105529  45.631  17.384  25.494 0.0000000000
106235  44.446  18.500  26.016 0.0000000000
131372  42.645  19.574  24.786 0.0000000000
107730  42.881  19.842  22.607 0.0000000000
107715  44.025  19.513  24.300 0.0000000000
107699  46.130  19.441  24.877 0.0000000000
99928  45.823  9.259  36.925 0.0000000000
99167  45.303  8.368  36.022 0.0000000000
99166  46.525  8.575  36.879 0.0000000000
97685  51.179  6.668  34.849 0.0000000000
98454  48.697  6.748  35.245 0.0000000000
97706  50.978  6.029  32.563 0.0000000000
102776  45.439  11.974  22.181 0.0000000000
145436  44.534  12.467  23.555 0.0000000000
102762  46.348  11.895  22.792 0.0000000000
131235  48.651  11.444  27.121 0.0000000000
102022  47.665  11.440  26.493 0.0000000000
101991  48.550  11.433  28.671 0.0000000000
101980  47.260  11.267  29.760 0.0000000000
101979  48.524  11.495  30.075 0.0000000000
103439  45.867  13.901  26.688 0.0000000000
103427  47.144  13.463  27.304 0.0000000000
103419  46.005  13.661  28.519 0.0000000000
139910  45.403  13.280  33.184 0.0000000000
130337  46.702  13.609  31.477 0.0000000000
103384  46.480  13.245  33.109 0.0000000000
102696  47.857  12.251  33.252 0.0000000000
102681  46.782  12.229  34.273 0.0000000000
101273  46.081  11.931  35.548 0.0000000000
102655  46.102  12.047  35.453 0.0000000000
101248  43.027  10.576  37.696 0.0000000000
101902  44.140  10.840  37.627 0.0000000000
111947  47.360  26.373  12.455 0.0000000000
111308  47.828  24.955  11.505 0.0000000000
110026  46.461  22.811  13.574 0.0000000000
109976  43.313  22.377  18.391 0.0000000000
109996  42.910  23.020  16.577 0.0000000000
109284  44.956  22.218  18.779 0.0000000000
107752  48.477  19.105  19.741 0.0000000000
109281  48.149  21.939  18.700 0.0000000000
108564  49.230  20.655  18.225 0.0000000000
108584  49.088  20.645  16.943 0.0000000000
132541  50.276  18.695  17.647 0.0000000000
106281  50.263  16.584  17.319 0.0000000000
106273  49.540  16.630  18.359 0.0000000000
102787  48.049  11.800  21.214 0.0000000000
102807  47.450  12.387  18.587 0.0000000000
102103  46.803  11.277  19.868 0.0000000000
102091  45.001  11.333  20.120 0.0000000000
151741  42.842  12.127  26.405 0.0000000000
102732  40.673  12.165  26.226 0.0000000000
132207  41.739  11.601  27.391 0.0000000000
100652  40.051  9.749  30.966 0.0000000000
127778  40.058  10.231  30.267 0.0000000000
100646  38.660  8.884  31.395 0.0000000000
99972  37.019  8.657  31.018 0.0000000000
99205  38.392  7.228  31.907 0.0000000000
98458  43.114  6.973  34.130 0.0000000000
99197  42.291  7.725  33.883 0.0000000000
151948  42.891  6.236  33.639 0.0000000000
101360  36.435  9.840  21.912 0.0000000000
144051  35.523  9.637  22.855 0.0000000000
101345  36.334  9.751  23.392 0.0000000000
101336  37.170  10.511  24.755 0.0000000000
102032  37.847  11.191  26.639 0.0000000000
103496  43.564  13.016  19.073 0.0000000000
102084  36.989  10.067  21.460 0.0000000000
99147  48.257  9.126  38.972 0.0000000000
99165  49.183  8.273  37.898 0.0000000000
98425  49.542  7.519  37.704 0.0000000000
97687  50.495  6.489  36.095 0.0000000000
102775  48.552  11.772  22.079 0.0000000000
102067  48.291  11.595  22.962 0.0000000000
102066  49.504  11.865  23.264 0.0000000000
102038  49.943  12.251  25.192 0.0000000000
102729  49.762  12.186  27.029 0.0000000000
104081  43.762  14.521  29.644 0.0000000000
131022  44.781  14.296  29.577 0.0000000000
104076  43.816  14.439  30.599 0.0000000000
103400  43.815  13.954  31.946 0.0000000000
103369  44.385  13.099  33.399 0.0000000000
102666  44.206  12.371  34.891 0.0000000000
102667  42.941  12.404  34.272 0.0000000000
101925  42.393  11.352  36.011 0.0000000000
101261  41.297  10.943  36.188 0.0000000000
111920  45.550  26.250  14.914 0.0000000000
108537  45.696  20.827  20.707 0.0000000000
109254  46.406  21.569  20.078 0.0000000000
107754  47.224  20.070  21.004 0.0000000000
130857  47.640  18.193  21.033 0.0000000000
106266  47.886  17.522  20.299 0.0000000000
104869  47.709  15.365  20.020 0.0000000000
104863  47.531  15.292  21.095 0.0000000000
103472  48.112  13.412  21.751 0.0000000000
152212  43.844  10.978  28.502 0.0000000000
101311  42.561  10.896  28.709 0.0000000000
101292  42.385  10.450  30.147 0.0000000000
101285  41.458  10.098  31.081 0.0000000000
100641  40.800  9.220  32.081 0.0000000000
96936  45.199  4.954  32.045 0.0000000000
97721  43.355  4.959  32.744 0.0000000000
100686  33.166  9.077  25.538 0.0000000000
100699  34.731  9.482  24.113 0.0000000000
100685  34.055  9.424  26.239 0.0000000000
100679  33.561  9.001  26.930 0.0000000000
99986  33.826  8.086  28.431 0.0000000000
99222  34.635  7.616  29.258 0.0000000000
98485  35.185  7.121  29.540 0.0000000000
107818  47.503  18.838  16.431 0.0000000000
107802  45.806  19.173  17.765 0.0000000000
106936  48.808  18.326  25.161 0.0000000000
137118  49.235  16.377  25.571 0.0000000000
105528  46.940  16.442  25.414 0.0000000000
137211  45.401  15.168  25.664 0.0000000000
104112  44.344  14.696  26.392 0.0000000000
104103  42.664  14.716  27.860 0.0000000000
104083  42.153  14.877  29.766 0.0000000000
111256  41.154  24.535  17.332 0.0000000000
109978  41.796  22.898  18.746 0.0000000000
109951  43.121  22.438  20.047 0.0000000000
150758  44.183  20.782  21.135 0.0000000000
107727  45.416  19.603  22.828 0.0000000000
138939  47.300  19.152  24.435 0.0000000000
136196  44.701  10.711  34.536 0.0000000000
100635  43.251  9.978  33.785 0.0000000000
99941  43.902  8.957  35.299 0.0000000000
99192  44.651  7.322  34.886 0.0000000000
98456  45.095  6.667  34.523 0.0000000000
98438  48.633  7.367  36.165 0.0000000000
97703  46.360  6.155  34.155 0.0000000000
97710  45.637  5.747  33.568 0.0000000000
102791  41.643  11.469  21.195 0.0000000000
102766  41.468  12.395  23.515 0.0000000000
102764  43.135  12.493  23.192 0.0000000000
102752  43.507  12.543  24.621 0.0000000000
147464  43.891  12.106  26.074 0.0000000000
102057  46.219  11.851  24.986 0.0000000000
102024  45.760  11.600  26.603 0.0000000000
128704  44.955  11.319  27.818 0.0000000000
101982  44.978  10.878  29.299 0.0000000000
128409  45.450  10.920  30.164 0.0000000000
145027  45.744  11.314  32.644 0.0000000000
103448  48.820  13.746  25.994 0.0000000000
103426  48.447  13.010  27.634 0.0000000000
102718  49.146  12.383  29.313 0.0000000000
103412  45.889  13.885  29.639 0.0000000000
133033  48.234  13.142  30.542 0.0000000000
101966  49.412  12.002  30.647 0.0000000000
101960  48.681  11.909  31.855 0.0000000000
101957  47.184  11.887  33.674 0.0000000000
101958  46.009  11.546  33.781 0.0000000000
101274  45.741  11.419  35.518 0.0000000000
100628  46.016  11.025  36.675 0.0000000000
128439  46.295  10.276  38.160 0.0000000000
101923  45.016  11.819  36.265 0.0000000000
101232  45.791  10.694  37.921 0.0000000000
100590  46.426  9.798  38.922 0.0000000000
99149  46.306  8.478  38.652 0.0000000000
111332  47.569  24.812  11.161 0.0000000000
110038  47.804  23.158  11.541 0.0000000000
109333  48.006  21.269  13.229 0.0000000000
128742  46.219  21.953  18.413 0.0000000000
110013  45.651  22.339  14.471 0.0000000000
109314  47.466  21.464  15.012 0.0000000000
109313  48.403  21.156  15.161 0.0000000000
107832  49.263  19.045  14.891 0.0000000000
148283  50.066  16.739  16.624 0.0000000000
106283  49.419  15.889  17.496 0.0000000000
104885  47.972  14.129  17.710 0.0000000000
104877  48.362  14.403  18.366 0.0000000000
103500  47.475  12.936  17.800 0.0000000000
103502  45.935  12.588  17.843 0.0000000000
102115  44.291  11.222  18.608 0.0000000000
102093  42.701  11.054  19.911 0.0000000000
102755  39.865  12.056  24.642 0.0000000000
102030  39.375  11.659  26.799 0.0000000000
101999  38.613  11.205  28.097 0.0000000000
101313  40.253  10.993  28.899 0.0000000000
153562  39.006  11.071  28.596 0.0000000000
145614  37.563  10.549  29.140 0.0000000000
100656  36.383  8.935  30.534 0.0000000000
99214  36.387  7.681  30.757 0.0000000000
100636  42.500  9.302  33.658 0.0000000000
99956  41.336  8.623  33.053 0.0000000000
99201  40.343  7.458  32.787 0.0000000000
96939  41.815  4.815  32.297 0.0000000000
98469  39.180  6.734  32.315 0.0000000000
151055  48.713  3.486  35.612 0.0000000000
96170  49.995  3.816  35.256 0.0000000000
102070  39.389  10.928  22.541 0.0000000000
102081  40.632  11.145  21.163 0.0000000000
102095  40.278  10.731  20.105 0.0000000000
130478  39.651  10.676  20.584 0.0000000000
102082  39.067  10.383  21.077 0.0000000000
97675  46.924  5.817  36.545 0.0000000000
104841  50.478  15.458  24.937 0.0000000000
104828  50.372  15.677  25.165 0.0000000000
106247  49.326  17.649  24.805 0.0000000000
106248  48.274  17.795  24.001 0.0000000000
105546  49.650  16.989  24.643 0.0000000000
141805  49.250  16.224  24.043 0.0000000000
101280  43.399  10.468  32.381 0.0000000000
101277  43.877  10.579  33.327 0.0000000000
102073  34.726  9.988  23.058 0.0000000000
100706  34.462  9.693  23.456 0.0000000000
101322  36.372  10.514  27.267 0.0000000000
101316  36.326  10.393  28.289 0.0000000000
149315  35.627  10.019  28.345 0.0000000000
104878  47.109  15.297  18.486 0.0000000000
105576  46.092  16.371  19.301 0.0000000000
104879  45.893  15.499  19.253 0.0000000000
102072  35.418  10.262  22.721 0.0000000000
107687  44.589  19.385  25.982 0.0000000000
149733  45.361  18.701  25.884 0.0000000000
106940  44.569  19.251  26.166 0.0000000000
107702  43.509  19.560  24.967 0.0000000000
107701  44.213  19.543  25.319 0.0000000000
149689  45.212  19.359  25.589 0.0000000000
134396  46.987  9.316  37.726 0.0000000000
98461  50.481  6.429  33.918 0.0000000000
102006  49.500  11.759  27.672 0.0000000000
133737  48.647  11.419  27.946 0.0000000000
130233  47.875  11.337  29.145 0.0000000000
143248  48.956  11.587  29.431 0.0000000000
129536  44.838  14.195  26.868 0.0000000000
104100  45.337  13.856  27.660 0.0000000000
104091  45.076  14.042  28.692 0.0000000000
103368  46.484  12.878  33.807 0.0000000000
102665  46.132  12.297  34.867 0.0000000000
147374  45.491  12.383  35.122 0.0000000000
127317  42.100  10.196  38.175 0.0000000000
111935  46.206  26.126  14.128 0.0000000000
112581  47.056  26.850  13.325 0.0000000000
111934  46.803  25.841  13.312 0.0000000000
111310  46.594  24.898  13.326 0.0000000000
110669  46.325  23.828  13.561 0.0000000000
109963  44.155  22.339  19.070 0.0000000000
109975  44.157  22.127  18.082 0.0000000000
109271  44.982  22.193  19.575 0.0000000000
108552  48.892  20.602  18.969 0.0000000000
107766  49.111  19.595  19.051 0.0000000000
107781  49.925  19.696  17.905 0.0000000000
106272  50.114  17.295  18.121 0.0000000000
102088  47.899  11.536  21.445 0.0000000000
102102  47.376  11.569  20.244 0.0000000000
102089  47.193  11.359  20.742 0.0000000000
102090  46.009  11.472  20.802 0.0000000000
102026  43.557  11.808  26.768 0.0000000000
102027  42.028  12.061  26.632 0.0000000000
102012  42.727  11.628  27.284 0.0000000000
100645  40.287  9.361  31.583 0.0000000000
133237  39.609  9.176  31.486 0.0000000000
99962  38.636  8.077  31.841 0.0000000000
136639  43.621  6.148  33.780 0.0000000000
97712  43.089  5.538  33.304 0.0000000000
101352  36.086  9.687  22.374 0.0000000000
101351  36.889  9.762  22.362 0.0000000000
102059  38.552  11.078  24.204 0.0000000000
102060  37.904  10.759  24.549 0.0000000000
101327  37.167  10.745  25.926 0.0000000000
102046  37.879  11.072  25.649 0.0000000000
150476  43.350  12.013  18.643 0.0000000000
103497  42.803  12.329  19.032 0.0000000000
102799  42.112  11.451  18.953 0.0000000000
102792  39.897  11.560  20.227 0.0000000000
102801  40.489  11.800  19.893 0.0000000000
101364  37.793  10.046  21.071 0.0000000000
102098  37.673  10.383  21.190 0.0000000000
99156  48.138  8.402  38.691 0.0000000000
98416  48.988  7.891  38.309 0.0000000000
97688  48.952  5.491  36.045 0.0000000000
97673  50.091  6.931  37.127 0.0000000000
96913  49.939  5.064  35.303 0.0000000000
110684  46.173  23.395  11.385 0.0000000000
110039  45.399  22.553  11.675 0.0000000000
102774  49.245  12.004  22.731 0.0000000000
102077  49.001  11.689  22.669 0.0000000000
102761  49.676  12.801  23.423 0.0000000000
103455  50.617  13.388  25.136 0.0000000000
102748  50.390  12.676  24.866 0.0000000000
102737  50.300  12.852  25.520 0.0000000000
149233  49.864  12.213  26.312 0.0000000000
104082  42.996  14.667  30.223 0.0000000000
136385  43.044  14.418  31.224 0.0000000000
150985  42.852  13.401  32.763 0.0000000000
103386  43.420  13.537  32.564 0.0000000000
103385  44.368  13.498  32.582 0.0000000000
102683  43.728  12.744  33.932 0.0000000000
102684  42.827  12.768  33.588 0.0000000000
152921  42.118  12.044  34.453 0.0000000000
101939  41.548  11.541  35.119 0.0000000000
107740  46.947  19.719  21.946 0.0000000000
108519  46.396  20.240  21.251 0.0000000000
106259  47.565  18.198  21.929 0.0000000000
106975  47.973  18.649  20.456 0.0000000000
127690  47.563  17.326  21.062 0.0000000000
133849  47.519  16.303  21.071 0.0000000000
104148  48.620  14.098  22.846 0.0000000000
102786  48.572  12.194  21.911 0.0000000000
101983  44.110  10.773  29.094 0.0000000000
148921  43.608  10.629  29.507 0.0000000000
101291  43.334  10.493  30.259 0.0000000000
100643  42.194  10.148  31.535 0.0000000000
100644  41.463  9.710  31.831 0.0000000000
100640  41.413  9.276  32.521 0.0000000000
100698  35.490  9.627  23.850 0.0000000000
101338  35.539  9.874  25.182 0.0000000000
100684  34.905  9.792  26.894 0.0000000000
99992  33.980  8.796  27.997 0.0000000000
150591  35.262  8.829  29.614 0.0000000000
99981  34.822  8.333  29.378 0.0000000000
99221  35.152  7.774  29.664 0.0000000000
107009  49.306  17.544  16.500 0.0000000000
107010  48.023  18.115  17.347 0.0000000000
106982  45.614  17.906  19.264 0.0000000000
107011  46.773  18.738  17.748 0.0000000000
106996  46.008  18.508  18.509 0.0000000000
106983  44.835  18.022  19.550 0.0000000000
106937  48.082  18.726  25.240 0.0000000000
106232  48.394  18.059  25.432 0.0000000000
142796  47.473  17.423  25.496 0.0000000000
145238  45.836  16.318  25.413 0.0000000000
104833  44.522  15.337  25.781 0.0000000000
104114  42.870  14.862  26.972 0.0000000000
104094  42.417  14.754  28.774 0.0000000000
145355  41.196  26.119  17.463 0.0000000000
111904  40.590  25.045  17.553 0.0000000000
110607  41.022  23.199  19.055 0.0000000000
109966  41.721  22.875  19.712 0.0000000000
109965  42.558  22.623  19.421 0.0000000000
107729  43.564  19.734  22.638 0.0000000000
108503  43.229  20.257  22.011 0.0000000000
108521  43.516  20.793  21.361 0.0000000000
108502  44.095  20.182  21.832 0.0000000000
107741  45.051  19.975  21.986 0.0000000000
107685  46.586  19.214  25.238 0.0000000000
107698  46.760  19.334  24.616 0.0000000000
107697  47.578  19.138  25.058 0.0000000000
152320  48.363  18.768  25.069 0.0000000000
101275  44.877  10.508  35.345 0.0000000000
100632  43.810  9.787  34.817 0.0000000000
99179  45.131  7.701  35.465 0.0000000000
99180  44.342  8.127  35.343 0.0000000000
99177  49.674  7.764  37.447 0.0000000000
150038  48.485  7.826  36.863 0.0000000000
98462  48.958  6.331  34.086 0.0000000000
98463  47.495  6.229  34.139 0.0000000000
97709  46.678  5.738  33.343 0.0000000000
97719  46.025  5.412  32.543 0.0000000000
97718  47.258  5.503  32.137 0.0000000000
102790  42.591  11.625  21.189 0.0000000000
102779  42.463  12.234  22.390 0.0000000000
102778  43.367  12.280  22.290 0.0000000000
102750  45.192  12.372  24.007 0.0000000000
130392  43.737  12.545  23.807 0.0000000000
102751  44.378  12.477  24.365 0.0000000000
128667  44.145  12.378  25.243 0.0000000000
102055  47.947  11.718  24.073 0.0000000000
145719  46.670  11.847  24.222 0.0000000000
102056  47.236  11.691  24.938 0.0000000000
102008  46.452  11.425  27.323 0.0000000000
102023  46.683  11.490  26.617 0.0000000000
148019  45.608  11.477  27.331 0.0000000000
127741  44.936  11.627  26.946 0.0000000000
101994  44.554  11.027  28.546 0.0000000000
101993  45.527  11.122  28.641 0.0000000000
128966  46.658  11.210  30.429 0.0000000000
101969  46.062  11.156  31.150 0.0000000000
145218  45.577  11.132  31.711 0.0000000000
104831  47.722  15.546  25.436 0.0000000000
130606  48.839  15.196  25.508 0.0000000000
104123  48.150  14.493  25.617 0.0000000000
103437  48.249  13.454  26.701 0.0000000000
102717  49.241  12.433  28.315 0.0000000000
104074  45.288  14.163  30.381 0.0000000000
103397  47.674  13.259  32.206 0.0000000000
103404  47.588  13.416  31.224 0.0000000000
151917  48.519  13.038  31.368 0.0000000000
102700  49.050  12.479  31.316 0.0000000000
101959  49.182  12.043  31.371 0.0000000000
102698  48.711  12.260  31.991 0.0000000000
101951  47.366  12.110  33.736 0.0000000000
101956  47.872  12.004  33.277 0.0000000000
101953  46.114  11.782  34.891 0.0000000000
101922  45.906  11.799  35.921 0.0000000000
101259  45.873  11.587  36.001 0.0000000000
101247  45.930  10.868  37.308 0.0000000000
101924  44.057  11.910  35.733 0.0000000000
102656  45.315  12.173  35.627 0.0000000000
101227  44.046  10.287  38.347 0.0000000000
101901  45.177  11.070  37.579 0.0000000000
101226  45.368  10.220  38.568 0.0000000000
131430  46.259  10.146  38.510 0.0000000000
99903  46.597  9.257  39.072 0.0000000000
113266  47.003  27.569  12.210 0.0000000000
113256  46.501  28.222  12.803 0.0000000000
112591  46.329  27.336  12.454 0.0000000000
111952  46.788  25.997  11.656 0.0000000000
110668  47.517  23.429  12.456 0.0000000000
110683  47.933  24.043  11.402 0.0000000000
110037  47.732  22.163  12.098 0.0000000000
109334  47.641  21.796  13.261 0.0000000000
108554  47.367  21.371  19.871 0.0000000000
131313  46.780  22.315  19.095 0.0000000000
148286  47.050  22.050  19.489 0.0000000000
109292  48.149  21.673  17.879 0.0000000000
109293  47.000  21.665  17.682 0.0000000000
145650  46.582  21.504  16.772 0.0000000000
109302  46.856  21.457  15.891 0.0000000000
109315  46.226  21.761  14.958 0.0000000000
108573  49.562  20.001  17.251 0.0000000000
135544  48.790  20.973  16.056 0.0000000000
143662  49.188  19.945  15.964 0.0000000000
108591  48.800  20.421  15.259 0.0000000000
107831  49.682  18.811  15.764 0.0000000000
107033  49.779  18.252  16.120 0.0000000000
107022  50.187  17.780  16.548 0.0000000000
106282  49.809  15.963  17.178 0.0000000000
134963  50.016  16.099  16.862 0.0000000000
105581  49.226  15.222  17.728 0.0000000000
105582  48.520  14.645  17.638 0.0000000000
105574  48.495  15.298  18.722 0.0000000000
102808  47.004  11.827  18.202 0.0000000000
103493  47.745  13.119  17.925 0.0000000000
102816  46.759  12.224  17.659 0.0000000000
103501  46.908  12.872  17.654 0.0000000000
102817  45.892  11.905  17.722 0.0000000000
102818  45.095  11.994  17.875 0.0000000000
102122  45.236  11.637  18.051 0.0000000000
102788  44.709  11.681  21.159 0.0000000000
102092  43.876  11.231  19.906 0.0000000000
146690  41.284  12.463  24.241 0.0000000000
102754  40.644  12.344  24.488 0.0000000000
136065  41.432  12.474  25.021 0.0000000000
102029  40.330  11.830  26.845 0.0000000000
102742  39.964  12.024  26.114 0.0000000000
102015  38.552  11.392  27.188 0.0000000000
139966  39.187  11.436  27.607 0.0000000000
101302  41.883  10.696  29.324 0.0000000000
138599  41.835  11.033  28.580 0.0000000000
101303  40.922  10.664  29.472 0.0000000000
101295  38.714  9.976  30.377 0.0000000000
101305  39.201  10.425  29.784 0.0000000000
130126  38.153  10.342  29.791 0.0000000000
101315  38.524  10.798  28.971 0.0000000000
100661  37.222  10.103  29.883 0.0000000000
100655  37.041  9.439  30.526 0.0000000000
99964  36.950  7.883  31.241 0.0000000000
99973  36.527  8.307  30.833 0.0000000000
98478  36.359  6.904  30.519 0.0000000000
97744  36.583  6.127  30.098 0.0000000000
100633  43.020  9.372  34.194 0.0000000000
99194  42.609  8.675  34.115 0.0000000000
99198  41.590  7.204  33.477 0.0000000000
99952  41.591  8.005  33.518 0.0000000000
99953  41.013  7.764  33.197 0.0000000000
99199  40.862  6.799  33.134 0.0000000000
96938  42.756  4.630  32.178 0.0000000000
97722  42.480  5.127  32.819 0.0000000000
96952  42.096  4.480  31.563 0.0000000000
147086  37.915  9.941  21.118 0.0000000000
101350  37.780  9.919  21.901 0.0000000000
102071  38.574  10.558  22.877 0.0000000000
102107  41.939  10.798  19.219 0.0000000000
102800  41.573  10.929  19.190 0.0000000000
102109  40.546  10.794  19.809 0.0000000000
149244  40.309  10.952  19.782 0.0000000000
141249  38.572  11.048  20.710 0.0000000000
102096  38.912  10.464  20.674 0.0000000000
101358  38.463  10.229  20.904 0.0000000000
98426  48.136  6.842  37.611 0.0000000000
97689  47.362  5.244  35.978 0.0000000000
96914  47.644  4.643  35.639 0.0000000000
103464  49.344  13.600  23.305 0.0000000000
103463  50.111  13.755  24.029 0.0000000000
104133  50.631  14.188  24.897 0.0000000000
149552  50.313  14.612  25.430 0.0000000000
139351  41.963  14.594  31.263 0.0000000000
104070  42.456  14.228  31.784 0.0000000000
103371  42.357  13.183  33.032 0.0000000000
106962  47.434  18.776  22.821 0.0000000000
105552  47.821  16.956  23.015 0.0000000000
127739  47.607  16.108  22.069 0.0000000000
104849  48.155  16.041  23.114 0.0000000000
104856  48.781  15.213  23.346 0.0000000000
101283  44.051  10.637  30.921 0.0000000000
154320  43.348  10.478  31.064 0.0000000000
142970  43.782  10.621  31.721 0.0000000000
129675  42.689  10.207  32.155 0.0000000000
100677  35.052  9.766  27.943 0.0000000000
100671  34.631  9.244  28.389 0.0000000000
100670  35.272  9.589  28.733 0.0000000000
100663  35.532  9.382  29.444 0.0000000000
106284  47.937  16.754  18.012 0.0000000000
106995  47.254  18.015  18.143 0.0000000000
106276  46.140  17.122  19.244 0.0000000000
102771  35.675  11.772  23.473 0.0000000000
106939  46.073  19.015  25.671 0.0000000000
106234  46.334  18.324  25.567 0.0000000000
105530  44.776  17.351  25.544 0.0000000000
107717  41.973  19.599  23.833 0.0000000000
108505  41.734  20.604  22.399 0.0000000000
107716  43.039  19.527  23.598 0.0000000000
152204  43.929  19.520  23.346 0.0000000000
107714  44.831  19.531  23.812 0.0000000000
107686  45.797  19.288  25.445 0.0000000000
100629  45.342  9.861  36.611 0.0000000000
99940  44.700  8.974  36.028 0.0000000000
131681  46.056  7.810  35.963 0.0000000000
98436  50.964  6.972  35.663 0.0000000000
98453  50.447  6.928  35.243 0.0000000000
97707  49.462  5.865  32.796 0.0000000000
102777  44.298  12.221  22.208 0.0000000000
154051  44.688  12.372  22.877 0.0000000000
136067  45.325  12.289  23.208 0.0000000000
131851  48.655  11.498  26.409 0.0000000000
102040  47.924  11.520  25.696 0.0000000000
102007  47.537  11.383  27.279 0.0000000000
101992  47.358  11.333  28.159 0.0000000000
128125  46.642  11.226  28.834 0.0000000000
101968  48.058  11.459  30.814 0.0000000000
104111  46.034  14.457  25.901 0.0000000000
103438  46.904  13.938  26.285 0.0000000000
103428  46.166  13.617  27.635 0.0000000000
103418  46.833  13.424  28.230 0.0000000000
103399  45.096  13.721  32.037 0.0000000000
103406  45.713  13.855  31.242 0.0000000000
103398  46.516  13.507  32.186 0.0000000000
103383  47.564  12.980  33.029 0.0000000000
102680  47.246  12.545  33.668 0.0000000000
133276  46.295  12.042  34.958 0.0000000000
101911  43.572  11.327  36.672 0.0000000000
150792  43.504  10.455  38.069 0.0000000000
113246  47.120  27.827  13.198 0.0000000000
112590  47.241  27.184  12.445 0.0000000000
112589  47.468  26.570  12.025 0.0000000000
111961  47.655  25.537  11.667 0.0000000000
132172  47.461  25.457  12.393 0.0000000000
111309  47.519  24.456  12.392 0.0000000000
109988  42.760  22.687  17.397 0.0000000000
110627  42.224  23.442  16.892 0.0000000000
109987  43.525  22.312  17.477 0.0000000000
107767  48.388  20.157  19.700 0.0000000000
109269  47.894  21.902  19.261 0.0000000000
109268  48.549  21.399  18.768 0.0000000000
109291  48.709  21.329  18.159 0.0000000000
109300  48.487  21.259  16.931 0.0000000000
108574  49.179  20.736  17.685 0.0000000000
108563  49.647  20.122  17.689 0.0000000000
107799  50.165  19.094  17.190 0.0000000000
107008  50.476  17.796  17.146 0.0000000000
106993  50.370  17.646  17.618 0.0000000000
153795  50.079  16.466  17.639 0.0000000000
105573  49.259  15.436  17.778 0.0000000000
128660  47.692  13.396  20.497 0.0000000000
103487  47.681  13.167  19.161 0.0000000000
128347  47.611  12.228  19.966 0.0000000000
102798  47.267  11.802  19.207 0.0000000000
102113  46.413  11.425  18.827 0.0000000000
102114  45.381  11.325  18.528 0.0000000000
102104  45.749  11.242  19.488 0.0000000000
102730  42.235  12.377  25.850 0.0000000000
102731  41.411  12.339  25.928 0.0000000000
102028  41.188  11.963  26.768 0.0000000000
102013  40.851  11.568  27.482 0.0000000000
134782  40.767  10.134  30.683 0.0000000000
129668  40.676  10.399  30.056 0.0000000000
101294  39.458  10.010  30.470 0.0000000000
100654  38.439  9.478  30.823 0.0000000000
100647  37.766  9.101  31.008 0.0000000000
99963  37.781  8.163  31.510 0.0000000000
99206  37.536  7.290  31.494 0.0000000000
99193  43.059  7.982  34.433 0.0000000000
98465  42.297  6.688  33.635 0.0000000000
97713  42.320  5.796  33.307 0.0000000000
101361  35.803  9.792  22.400 0.0000000000
152739  37.240  10.198  23.682 0.0000000000
101321  37.127  10.862  26.947 0.0000000000
103494  45.261  13.646  18.638 0.0000000000
104175  44.652  14.422  19.411 0.0000000000
103488  43.055  13.595  19.738 0.0000000000
148478  41.306  11.986  19.522 0.0000000000
102781  38.069  11.529  21.415 0.0000000000
102782  37.264  11.178  21.771 0.0000000000
102783  36.672  10.825  22.088 0.0000000000
102085  36.169  10.028  22.022 0.0000000000
107718  41.121  19.787  24.056 0.0000000000
107703  41.839  19.646  24.915 0.0000000000
152146  42.595  19.786  25.870 0.0000000000
99914  48.255  9.089  38.917 0.0000000000
99927  48.192  8.922  38.206 0.0000000000
99926  48.554  8.569  38.293 0.0000000000
98415  49.576  7.990  37.957 0.0000000000
98424  49.750  7.610  37.265 0.0000000000
97672  50.434  7.134  36.397 0.0000000000
97686  51.030  6.721  35.592 0.0000000000
97702  51.300  6.248  34.696 0.0000000000
102079  47.570  11.579  22.379 0.0000000000
102078  48.407  11.626  22.202 0.0000000000
137985  49.203  11.677  23.474 0.0000000000
102054  49.179  11.720  24.578 0.0000000000
102053  50.035  12.012  24.090 0.0000000000
102039  49.216  11.693  25.759 0.0000000000
102021  49.477  11.727  26.826 0.0000000000
102005  49.777  11.938  27.171 0.0000000000
101989  49.614  11.939  28.152 0.0000000000
104092  44.211  14.365  28.777 0.0000000000
137726  44.442  14.390  30.228 0.0000000000
102682  45.023  12.709  34.442 0.0000000000
101938  42.910  11.886  35.150 0.0000000000
101912  42.058  10.672  37.157 0.0000000000
101235  41.232  10.166  38.062 0.0000000000
111936  45.438  25.364  14.579 0.0000000000
109255  45.396  21.726  20.168 0.0000000000
108536  46.769  20.719  20.505 0.0000000000
147243  47.377  19.267  22.129 0.0000000000
106968  47.638  19.001  21.427 0.0000000000
107753  47.825  19.612  20.581 0.0000000000
106265  48.541  17.844  19.583 0.0000000000
106274  48.560  16.464  19.195 0.0000000000
105565  47.782  16.405  20.167 0.0000000000
104157  47.612  14.355  21.111 0.0000000000
103478  48.034  12.387  21.061 0.0000000000
146656  44.035  11.243  27.967 0.0000000000
127567  43.184  11.163  28.117 0.0000000000
101301  43.363  10.799  28.867 0.0000000000
133989  42.861  10.609  29.441 0.0000000000
145989  42.706  10.378  30.887 0.0000000000
147220  42.042  10.301  30.779 0.0000000000
101286  40.818  9.717  31.364 0.0000000000
99960  40.092  8.807  32.006 0.0000000000
138006  44.916  5.361  33.043 0.0000000000
97720  44.240  4.945  32.587 0.0000000000
99998  32.648  8.558  26.225 0.0000000000
100705  34.852  9.611  23.307 0.0000000000
129154  34.186  9.378  24.181 0.0000000000
100690  34.670  9.591  25.411 0.0000000000
100691  33.798  9.320  24.771 0.0000000000
99993  33.273  8.233  27.503 0.0000000000
99985  34.411  8.594  28.743 0.0000000000
148271  34.293  8.037  28.973 0.0000000000
98486  34.563  6.935  29.007 0.0000000000
107800  47.320  18.766  17.121 0.0000000000
107801  46.478  19.191  17.069 0.0000000000
104880  44.883  15.374  19.669 0.0000000000
104870  44.278  16.024  20.227 0.0000000000
106241  49.358  17.667  25.147 0.0000000000
105526  49.902  16.527  25.422 0.0000000000
106231  49.301  17.421  25.378 0.0000000000
105527  48.301  17.003  25.538 0.0000000000
137117  46.536  17.309  25.469 0.0000000000
104832  46.284  15.389  25.494 0.0000000000
104125  45.152  14.579  26.163 0.0000000000
151429  43.832  14.423  28.198 0.0000000000
104093  43.310  14.555  28.615 0.0000000000
142199  42.917  14.681  29.424 0.0000000000
110629  40.925  23.993  17.823 0.0000000000
110616  41.272  23.443  18.216 0.0000000000
110615  41.953  23.061  17.807 0.0000000000
109977  42.513  22.637  18.432 0.0000000000
109964  43.371  22.443  19.367 0.0000000000
109272  43.963  22.271  19.838 0.0000000000
108522  42.190  21.204  21.666 0.0000000000
109256  43.524  21.995  20.433 0.0000000000
150597  43.869  21.345  20.772 0.0000000000
108538  44.712  21.179  20.679 0.0000000000
108520  44.867  20.521  21.265 0.0000000000
128931  45.986  19.863  22.028 0.0000000000
107726  46.429  19.543  22.870 0.0000000000
107713  45.979  19.473  23.933 0.0000000000
107712  46.839  19.310  23.764 0.0000000000
107711  47.323  19.016  23.762 0.0000000000
106948  47.963  18.951  24.716 0.0000000000
106242  48.756  18.473  24.939 0.0000000000
147727  44.996  11.121  33.883 0.0000000000
99181  43.628  8.271  34.864 0.0000000000
130635  43.799  7.554  34.655 0.0000000000
98457  44.123  6.752  34.338 0.0000000000
98464  44.658  6.000  33.864 0.0000000000
99178  47.474  8.108  36.856 0.0000000000
98439  46.974  7.345  35.752 0.0000000000
98455  47.257  6.670  35.001 0.0000000000
141844  46.080  6.665  34.760 0.0000000000
145430  45.535  6.205  34.174 0.0000000000
102780  40.767  11.866  22.657 0.0000000000
130163  41.584  12.092  22.487 0.0000000000
102765  42.287  12.476  23.368 0.0000000000
150125  42.066  12.530  24.317 0.0000000000
102763  43.964  12.485  23.017 0.0000000000
128093  42.920  12.553  24.024 0.0000000000
102753  42.765  12.560  24.730 0.0000000000
102739  43.115  12.422  25.529 0.0000000000
152413  43.357  12.148  26.213 0.0000000000
102068  47.101  11.779  23.369 0.0000000000
154151  45.819  12.109  24.350 0.0000000000
102041  46.770  11.593  25.785 0.0000000000
102042  45.804  11.758  25.768 0.0000000000
102043  44.849  11.927  26.022 0.0000000000
102010  44.205  11.531  27.287 0.0000000000
101981  46.049  11.090  29.479 0.0000000000
101970  44.973  10.860  30.897 0.0000000000
104830  49.903  15.621  25.600 0.0000000000
104122  49.435  14.484  25.632 0.0000000000
103447  49.946  13.600  25.798 0.0000000000
103449  47.731  14.016  25.998 0.0000000000
103436  49.536  12.960  26.498 0.0000000000
103425  49.318  12.612  27.362 0.0000000000
102724  49.680  12.037  27.951 0.0000000000
101977  49.515  11.992  28.874 0.0000000000
103411  47.160  13.419  29.325 0.0000000000
103405  46.294  13.797  30.671 0.0000000000
133932  46.975  13.592  30.257 0.0000000000
136656  48.409  12.900  29.636 0.0000000000
102708  49.117  12.403  30.316 0.0000000000
101978  49.347  11.948  29.682 0.0000000000
101967  49.138  11.815  30.945 0.0000000000
101955  48.267  12.113  32.697 0.0000000000
101961  48.103  11.864  32.597 0.0000000000
101962  46.884  11.526  32.435 0.0000000000
101260  45.736  10.883  36.083 0.0000000000
100616  46.057  10.279  37.492 0.0000000000
99916  46.730  9.902  38.059 0.0000000000
142634  45.592  11.549  36.521 0.0000000000
101910  44.943  11.441  37.014 0.0000000000
101900  45.705  11.244  37.139 0.0000000000
100601  47.012  9.709  38.764 0.0000000000
99902  47.652  9.250  39.096 0.0000000000
99148  47.449  8.770  39.048 0.0000000000
99157  46.846  7.895  38.488 0.0000000000
98418  45.967  7.079  37.546 0.0000000000
133729  47.427  23.548  10.930 0.0000000000
111331  47.823  24.787  11.305 0.0000000000
110697  47.769  23.701  11.166 0.0000000000
142212  47.644  22.498  11.211 0.0000000000
109348  47.698  21.507  11.877 0.0000000000
108607  48.008  20.562  12.725 0.0000000000
108606  48.326  20.213  13.755 0.0000000000
111279  44.802  24.455  14.795 0.0000000000
149410  45.343  23.875  14.347 0.0000000000
109283  45.777  22.265  19.072 0.0000000000
153961  45.505  22.102  18.621 0.0000000000
109282  47.454  22.120  18.647 0.0000000000
110014  44.792  22.682  14.903 0.0000000000
110656  45.443  23.101  14.268 0.0000000000
110012  46.728  22.183  13.915 0.0000000000
146998  47.224  21.760  14.249 0.0000000000
109301  48.089  21.339  15.961 0.0000000000
109326  48.059  21.389  14.192 0.0000000000
109325  48.414  20.906  14.453 0.0000000000
108599  48.639  19.955  14.560 0.0000000000
107034  49.230  18.342  15.408 0.0000000000
106294  49.409  16.787  16.963 0.0000000000
106306  50.285  16.865  16.825 0.0000000000
139589  48.678  15.341  17.651 0.0000000000
104173  46.741  14.508  18.404 0.0000000000
104172  48.203  13.734  18.086 0.0000000000
104884  48.243  14.209  17.853 0.0000000000
104181  47.417  13.549  17.798 0.0000000000
104182  46.322  13.667  18.225 0.0000000000
103503  44.933  12.763  18.298 0.0000000000
102819  44.165  12.260  18.412 0.0000000000
102116  43.239  10.982  18.823 0.0000000000
102105  44.624  11.024  19.090 0.0000000000
147440  43.687  10.907  18.875 0.0000000000
102106  42.860  10.826  19.001 0.0000000000
128019  41.741  10.814  19.988 0.0000000000
102768  40.009  11.924  23.744 0.0000000000
102044  39.179  11.652  24.919 0.0000000000
102741  40.528  12.285  25.426 0.0000000000
151506  39.730  12.010  25.388 0.0000000000
130629  39.208  11.725  25.829 0.0000000000
102031  38.551  11.458  26.275 0.0000000000
102016  37.828  11.117  27.535 0.0000000000
101995  42.236  11.259  28.028 0.0000000000
101996  41.380  11.287  28.075 0.0000000000
101997  40.501  11.299  28.193 0.0000000000
101304  40.097  10.591  29.580 0.0000000000
101314  39.424  10.882  29.022 0.0000000000
101998  39.538  11.257  28.299 0.0000000000
102000  37.786  10.873  28.360 0.0000000000
147140  37.088  10.612  28.570 0.0000000000
101306  36.700  10.284  29.171 0.0000000000
100662  36.310  9.651  29.871 0.0000000000
100657  35.715  8.975  30.094 0.0000000000
99974  35.970  8.313  30.463 0.0000000000
98479  35.703  7.515  30.179 0.0000000000
132145  42.510  9.689  33.173 0.0000000000
100637  41.911  9.266  33.108 0.0000000000
99951  41.986  8.632  33.594 0.0000000000
154053  41.038  8.885  32.566 0.0000000000
99957  40.624  8.426  32.616 0.0000000000
99958  39.837  8.033  32.409 0.0000000000
142649  41.650  5.427  32.838 0.0000000000
96953  41.155  4.613  31.741 0.0000000000
96940  40.954  5.097  32.357 0.0000000000
146048  40.832  5.833  32.834 0.0000000000
98468  40.037  6.439  32.643 0.0000000000
99202  39.693  7.244  32.504 0.0000000000
99203  39.143  7.622  32.216 0.0000000000
97733  37.997  6.535  31.589 0.0000000000
141385  47.360  3.691  35.568 0.0000000000
98452  51.126  6.759  34.864 0.0000000000
98460  51.252  6.350  33.933 0.0000000000
99901  47.932  9.231  39.036 0.0000000000
100653  39.171  9.567  30.927 0.0000000000
101233  44.930  10.669  38.068 0.0000000000
101312  41.123  11.007  28.762 0.0000000000
102025  44.289  11.783  26.614 0.0000000000
102108  41.174  10.841  19.566 0.0000000000
102110  39.831  10.778  20.291 0.0000000000
102123  44.504  11.657  18.305 0.0000000000
102124  43.692  11.457  18.570 0.0000000000
102707  49.390  12.018  29.855 0.0000000000
102723  49.714  11.961  27.645 0.0000000000
102749  46.014  12.082  23.667 0.0000000000
102767  40.737  12.250  23.670 0.0000000000
102810  42.873  11.323  18.745 0.0000000000
102815  47.307  12.511  17.840 0.0000000000
103396  48.526  12.878  31.931 0.0000000000
103445  50.538  14.150  25.238 0.0000000000
103446  50.382  13.561  25.481 0.0000000000
103495  44.372  13.431  18.961 0.0000000000
104069  44.085  14.177  31.347 0.0000000000
104140  50.234  14.685  24.437 0.0000000000
104141  49.524  14.491  23.681 0.0000000000
104180  47.991  13.623  17.808 0.0000000000
104829  50.248  15.701  25.338 0.0000000000
105525  50.190  16.354  25.168 0.0000000000
105545  50.105  16.405  24.777 0.0000000000
106230  49.782  17.029  25.232 0.0000000000
106233  47.355  18.222  25.482 0.0000000000
106292  50.422  16.901  17.127 0.0000000000
106293  50.120  16.284  16.815 0.0000000000
106928  43.802  19.450  26.386 0.0000000000
106997  44.845  18.604  18.965 0.0000000000
107700  44.777  19.542  25.052 0.0000000000
107731  42.202  19.860  22.880 0.0000000000
107739  47.427  19.551  21.434 0.0000000000
107765  49.944  18.833  18.298 0.0000000000
107782  49.465  19.980  18.476 0.0000000000
107817  50.037  18.796  16.426 0.0000000000
108492  41.390  20.116  23.164 0.0000000000
108504  42.510  20.412  22.177 0.0000000000
108553  48.185  21.077  19.505 0.0000000000
108583  49.564  19.644  16.569 0.0000000000
109270  46.080  22.095  19.579 0.0000000000
110628  41.499  23.745  17.432 0.0000000000
110698  47.823  24.307  11.034 0.0000000000
111257  40.477  24.515  17.875 0.0000000000
111320  47.904  24.406  11.157 0.0000000000
111333  46.805  25.133  11.407 0.0000000000
111946  47.646  25.900  11.854 0.0000000000
111962  47.517  25.407  11.464 0.0000000000
112598  47.564  26.261  11.921 0.0000000000
112599  47.374  26.241  11.750 0.0000000000
113254  47.250  27.027  12.018 0.0000000000
128081  45.464  19.511  24.834 0.0000000000
131525  47.263  9.460  39.036 0.0000000000
136503  48.178  18.413  16.686 0.0000000000
137041  46.051  25.343  13.944 0.0000000000
142437  41.175  25.352  17.292 0.0000000000
144065  46.932  28.359  13.187 0.0000000000
145821  46.216  11.598  26.204 0.0000000000
146643  45.599  20.277  21.435 0.0000000000
146649  49.807  12.142  23.599 0.0000000000
146840  48.770  21.178  17.580 0.0000000000
147417  47.044  11.527  19.257 0.0000000000
148078  45.847  27.651  12.800 0.0000000000
148553  49.195  11.837  30.206 0.0000000000
150718  44.442  4.745  32.064 0.0000000000
150770  41.824  12.449  25.480 0.0000000000
150830  45.614  15.653  25.502 0.0000000000
152081  47.528  18.886  22.116 0.0000000000
152197  42.951  22.526  18.963 0.0000000000
152832  40.188  11.673  22.948 0.0000000000
153694  47.540  22.218  19.082 0.0000000000
